r=1, wt=8, c=4
444972
124351
94691
101825
121616
132781
107791
93092
116733
82792
82978
94343
102765
106519
98089
101556
114388
101917
103964
108897
100824
106777
104758
105178
95705
92002
93379
108681
91252
83316
109527
117912
86628
82090
114040
102051
118512
106614
119315
87003
98001
86345
87455
103265
78225
103883
119640
92041
120708
113144
119573
107366
140099
120739
100703
102161
103397
106278
119268
113576
118323
156925
106562
111905
110644
141200
112910
105980
126326
99300
96216
95214
107625
91757
97483
111704
112198
90519
86402
109426
AVG: 105548.657143

r=2, wt=8, c=4
407641
86199
80415
83579
93039
98103
96275
113308
102708
116528
88725
124414
90065
85169
111281
91398
96946
83733
98598
110360
85477
91621
90466
107079
122681
104076
92910
89310
87302
100197
83251
84232
100193
97463
149416
102878
84785
94467
105187
96331
102330
106955
98506
95612
112268
95801
90369
79022
94277
109833
86322
86757
95831
93100
89286
96305
101186
90490
84484
94301
84475
86719
91274
94338
92454
100403
89345
93144
115618
105563
91805
120703
77194
84608
107724
102708
110609
90503
99225
102982
AVG: 97361.9285714

r=3, wt=8, c=4
302565
76309
97277
85906
109905
101380
101331
108527
108310
112422
89503
88334
93693
118706
99773
91956
97989
90697
93469
121630
95225
94068
121631
108989
96872
100336
93752
89003
93929
111051
95285
123157
97431
99454
118830
111405
99711
116855
126531
103627
112865
101786
105485
88109
107207
94229
100024
98780
105289
105216
102909
101061
113283
107478
100953
90047
91293
84467
96792
99479
108882
103863
97580
89157
113055
93218
91216
111336
116260
91857
112953
82230
85442
84077
84722
99274
109847
100488
96652
98215
AVG: 101249.457143

