r=1, wt=8, c=28
444681
199269
193717
206156
214640
192430
209329
210456
209515
225833
196881
207140
187133
175827
176281
191203
189530
178834
196541
196729
170852
185490
192972
194124
190128
199591
210617
200738
189839
199084
174810
186916
187384
192788
196446
165721
163912
194772
186053
180771
170902
202690
181283
196927
176500
173575
178966
177977
194282
193246
166741
180612
185380
189358
182298
179257
207841
192083
181219
175937
178458
174978
170386
183079
172708
179586
187749
189476
181631
182295
187777
177084
188767
166409
185991
170613
175945
188648
170404
202539
AVG: 187144.542857

r=2, wt=8, c=28
440985
186004
271365
199489
198746
201562
186092
200593
200629
186566
190894
176754
175169
195724
212564
171541
173417
180471
195145
181176
205080
179617
179436
174561
199765
201977
189200
202773
184793
184734
196164
166061
197194
173796
175400
159493
183016
185035
170716
167034
159050
183018
174768
174934
210097
186881
184033
167990
174515
189995
183721
185259
232120
222366
176228
167199
174032
204205
181957
168712
183741
191991
184621
186317
199619
174770
195496
232514
164259
184641
175933
182929
182835
164333
187197
192736
170708
187443
181951
194790
AVG: 185663.114286

r=3, wt=8, c=28
531847
205533
204288
187490
213077
208906
216105
217621
231481
208883
194821
187747
195317
190320
197547
201474
214680
201158
177962
196978
200312
183667
180813
187884
175830
151942
170517
161309
173567
184954
161202
170195
189257
164098
180070
206140
165286
188151
178797
175836
157389
158964
168949
172678
167531
157580
157310
179458
158744
173576
182482
191168
183211
180940
170124
170561
179974
161758
159667
173475
172645
158550
169353
169000
172711
169852
172727
170753
186568
168052
172701
171380
157962
159863
161345
177480
206902
162542
162579
165173
AVG: 178997.542857

