r=1, wt=64, c=12
635443
147278
224474
254907
350880
305995
288845
254275
205276
237501
237107
252640
268922
333177
231338
220962
310078
239337
315318
257375
272225
309508
215078
220496
259676
248071
316470
217723
269621
301709
253632
241191
270809
270512
248363
285933
371329
261820
257594
232110
245013
259465
243199
333657
311516
228311
267896
273580
255527
270802
287136
308835
270400
242679
296533
201454
279622
234434
313037
256963
248003
278868
363499
257269
312330
280611
302751
264649
240300
251254
265820
272451
253142
311019
279237
278326
314560
312979
278685
330905
AVG: 269189.685714

r=2, wt=64, c=12
567795
143500
209211
265151
284811
298161
374676
231087
253112
191307
217841
259121
215347
271907
259961
193620
219778
322806
299391
294570
288377
336901
233933
227878
215051
239207
282673
236210
303517
331322
236897
246620
303842
279384
233396
281255
324220
242046
215943
238827
243125
226521
285066
296186
333575
282092
239373
350260
285623
316935
247328
362912
254818
242717
243384
234066
255098
232155
342255
275086
231905
282965
276569
309304
274383
269269
368182
233816
281179
228855
236549
265978
247478
321005
322823
249514
220893
326248
271035
280495
AVG: 269985.985714

r=3, wt=64, c=12
495496
146143
226402
470335
276240
262377
277224
301757
253123
238743
304440
219166
237485
251789
273705
317279
245639
251337
324687
263925
242997
410716
392010
252310
214456
254113
293734
345810
276707
251688
330017
265148
251471
390187
286893
330707
347870
392841
318995
335095
249085
264902
285791
308449
287908
295546
232153
289881
288585
337859
391414
323464
316633
267738
255555
269269
295639
246426
256826
291608
369441
251764
236405
319874
263531
240979
292928
322441
274515
215805
222719
241557
266377
230509
264165
324543
226178
226705
292337
255134
AVG: 285345.457143

