r=1, wt=32, c=32
631087
357597
461216
422769
487660
453223
534539
532575
489976
488484
419155
638829
584888
487317
641712
508931
619760
769759
479855
510363
533086
545759
474713
433517
399097
457436
465807
498043
538508
630529
559015
444581
428840
403390
575687
394324
455374
516405
466160
456043
554946
505671
529696
471702
493164
432963
336681
481132
451363
471613
404267
439865
458436
498401
468212
459248
415151
500601
585273
546580
429694
416570
427566
444902
419209
444262
428377
484570
434550
484695
582446
503679
466324
676610
485156
358415
378040
336856
465042
354688
AVG: 492417.928571

r=2, wt=32, c=32
623224
214209
455808
619876
472629
379443
472558
477111
417991
403564
419339
535704
429642
371415
470313
483406
473292
473741
502043
484806
439455
469105
433162
436894
427191
468657
449309
465445
431629
470584
503999
439163
467668
532826
454361
408302
396573
433992
327002
414168
434304
525300
488462
394797
476008
419228
478851
494889
545979
429486
447560
391898
367006
416102
497725
399146
487925
472113
558961
465271
387907
443473
423882
525303
509428
444942
421006
392206
371898
499328
710149
471777
485912
441959
465825
431921
481163
590459
514181
406512
AVG: 454997.985714

r=3, wt=32, c=32
489469
322004
452008
429405
372399
596193
429830
417400
473053
574556
463638
479841
508738
425305
416691
477928
532790
397392
402626
443269
578304
406614
482842
441799
492208
431605
473520
373003
402563
372389
405188
439616
498172
376053
420258
542515
414479
412618
457243
454634
396819
329891
404809
336440
360442
473650
415680
439874
353054
382202
384654
460937
461735
476322
555751
393389
467877
372659
335703
361481
383580
454981
528232
412207
405849
461194
621001
485902
437820
548673
402243
362728
439317
353095
391857
341021
434685
537037
505428
460179
AVG: 439527.442857

