1096399
610591
496137
558566
558601
516428
495598
491506
663546
550187
492360
483125
469433
486644
580322
534639
531242
461936
453618
654801
528979
592651
494533
733922
446145
478381
419224
507537
509114
554865
635176
590133
479115
486679
599564
505572
518562
555004
671505
483280
433217
484537
571355
661238
517310
522713
512056
430473
497205
490038
465013
578925
580314
665505
464098
499205
452608
475194
480577
457541
529819
675518
451643
492293
597142
596156
504352
629701
626123
539943
477442
484513
483601
482081
496875
524838
586768
495911
471497
558965
AVG: 528023.571429
