703038
437843
369322
364326
335334
383321
375294
375784
317670
400017
348173
322625
280930
314341
312517
269887
338999
336261
297944
307955
364226
344382
323046
361401
344298
319569
309330
313775
282675
342563
285008
324917
364251
311164
304871
332168
326455
369424
291010
328012
312576
325963
285443
292234
319892
298150
303771
336665
303427
339410
320956
326047
312539
363904
375394
312883
363378
330081
335099
282662
312679
341260
336842
328063
301473
334338
373025
406894
323879
339454
294355
271341
279406
288986
309191
290165
335362
347550
316307
319785
AVG: 325798.9
