915678
553510
384364
397051
419598
367713
348793
330067
415281
358994
393183
406162
449728
375631
384064
375638
347756
339464
388325
370344
382163
367955
351438
400516
399939
408486
402716
449684
350857
360111
357402
359230
373640
356434
386940
410048
394315
352810
354427
348335
394504
377210
427334
457855
371450
352358
315044
375587
377818
352342
391292
386414
351542
378512
369815
435815
406985
393684
407298
336721
370939
336978
372788
349498
362769
476680
364074
346423
331408
357229
393840
400424
407122
358838
361394
354273
359593
338665
405643
360400
AVG: 378122.471429
