1003897
662017
893128
860792
775981
694096
743887
768108
711505
941588
809149
680337
580249
830766
730237
740649
687818
739833
852302
978990
794186
1196806
640129
790658
740861
680225
721341
784451
889682
1110155
695648
743160
1713827
1360646
875266
812035
891556
859240
992946
777551
623539
697102
924390
908892
1053455
648238
663259
1275630
1000827
773095
1139379
833694
736215
809984
695240
997680
898163
765378
930609
750880
745750
890083
918776
944147
814477
805087
834425
857073
709545
646184
680709
767634
591718
887727
767757
689849
698092
845559
769112
810957
2838754
AVG: 834316.521127
