29750703
192720591
136604404
151706524
161054426
167124491
161586777
195857439
192129661
191033636
180426326
191111534
179890218
178199355
188644296
190563208
195741359
209220771
172101203
186031255
176539337
186078074
166929853
209757123
186347648
195359100
183433391
202315858
165394734
155680430
177842908
179086272
193992560
198980718
177152609
158790097
167932870
169482225
152800940
155496719
191409537
202982351
194528475
175498155
145468180
169071270
226501802
138075393
140269645
177860488
157730613
159602620
217999293
167238045
151417816
166518151
216464912
139089438
160653826
169603123
158378700
187161975
205664726
232721486
169056800
158228497
164227569
172513167
178336805
162666065
196700008
196213466
195004258
162365637
166558804
183290875
191386480
181593233
183520007
189685050
159348742
AVG: 178818689.662
