r=1, wt=32, c=24
735069
506412
397081
432384
441716
364442
407466
390055
379224
463817
353715
332446
415581
396835
439145
409005
469668
352601
345548
350801
296016
279637
326292
383728
403203
346706
338851
408667
449154
386149
384626
421754
335007
344501
330067
316325
288135
324948
403919
435461
397339
351942
420841
371864
417362
321981
409724
343174
344053
323035
353679
318578
359350
440432
412872
309775
351412
440128
403930
392173
409554
442239
344370
299046
319794
318781
365584
343476
412989
380362
288614
286222
406734
364417
395812
350003
384681
321832
332888
340861
AVG: 370501.9

r=2, wt=32, c=24
889324
470010
401625
476070
464826
354404
384992
372328
423565
376977
359413
414250
446352
408114
414662
476965
444331
345470
351284
415293
347934
370968
355231
425320
424408
319781
377583
365660
360882
430560
406062
380711
328427
353099
364529
341303
376871
432139
430159
377427
332441
390440
396150
376770
406773
436159
428308
332702
329056
376215
318948
310334
309037
471301
459291
327423
350447
454629
422998
387692
379662
450121
326431
337835
313517
400759
366086
339293
404233
389941
372714
361356
374125
437910
396562
402417
418552
327489
333734
313862
AVG: 383215.9

r=3, wt=32, c=24
595178
501526
427285
369177
378729
375919
293206
311400
418833
378976
387274
387327
413393
413045
355519
402741
447884
362873
355455
334987
344403
337869
331194
449579
407058
348669
380539
396251
358381
391370
405726
467290
329480
334754
393946
343379
405092
401418
374271
380482
374063
377896
507910
431746
336378
351594
458845
295128
309888
329259
316051
368564
402819
385514
384606
328221
343299
405452
406094
382269
351130
470595
348256
323763
319420
359122
307873
354645
387063
357965
317566
373982
387301
429431
409962
378798
499515
408546
354736
338288
AVG: 374480.757143

