357241
182425
201342
145524
159921
139238
107854
103709
138090
91742
93647
121941
102842
123928
96829
119173
98156
106109
105248
94029
97190
101430
99838
118007
127568
92604
88122
92223
88885
90587
98046
105117
89591
107259
105452
108113
99782
123375
104221
85308
105106
94572
84728
119361
98810
109239
89842
93017
107019
96354
108580
94005
102021
112447
83741
100919
93253
94772
90118
120411
117752
97016
92355
93507
110479
98953
108118
116235
110533
103699
97819
82993
100016
114054
94846
141242
103786
91023
101660
95280
AVG: 102884.9
