632704
430825
565428
413573
353885
282942
309772
295029
286128
309416
318320
327893
301918
309427
352169
372388
287786
331484
376844
309198
329609
313110
328964
295337
316760
379926
349743
297175
292728
368258
349086
314388
324681
432655
329549
312931
293477
298186
325825
285440
362508
326148
312490
331979
310982
304346
305600
328427
335642
312286
278717
333972
333688
303222
289503
312730
303069
337669
314308
370641
339900
360253
393037
358238
313077
308557
317770
334221
287381
286422
326169
328978
321032
375773
376726
331755
321945
339135
379113
312915
AVG: 324914.328571
