172596
138295
122562
110352
101470
97179
101090
123295
96620
90542
95989
114023
80471
85985
121494
89645
83973
72872
64511
52200
54880
95561
49236
50788
72349
51438
51951
58022
53377
51119
71567
52454
50693
51937
59018
54577
57882
52516
52580
54031
53233
51667
59133
56890
52639
68236
54028
52461
62205
50683
55001
51338
53614
57462
50712
58915
53185
52786
61283
50971
54658
51893
57817
55962
51159
57580
52622
60815
58404
50869
53728
51905
51081
54235
52542
52651
53509
54796
85289
50203
AVG: 63393.9571429
