735236
418655
502948
544878
401759
452174
392367
380475
486600
494002
369232
381566
403686
387626
402389
388143
472796
325585
307611
338353
359374
350880
427776
442413
422891
366230
416694
388996
434854
441211
405712
480613
417822
352630
366789
382564
370375
353101
535304
420609
538648
363019
525733
467435
382000
378340
480832
365301
372105
336115
336744
393610
393503
518632
413896
355641
426587
458361
368757
427078
441722
412777
340150
382183
341747
379453
367195
359459
502957
442081
449761
364310
423578
423213
467949
404894
466312
372177
331937
303496
554633
AVG: 407397.309859
