r=1, wt=8, c=8
600952
263956
277830
217073
252816
162889
176611
188646
200116
181530
190614
155422
158058
211018
209281
178517
185596
136276
134664
179251
178070
172267
193779
198047
151493
149362
142059
161763
156632
132296
179003
168524
149321
142893
180575
175952
174957
161916
217351
181290
146916
162692
186382
153506
155067
209546
189215
157344
166325
180456
203266
179871
173260
258770
158555
136455
142436
153741
173168
153216
220632
167338
152753
159402
207572
177991
164401
180090
221101
169322
177976
169961
137821
157463
149950
180918
168796
172047
160015
184522
AVG: 172428.557143

r=2, wt=8, c=8
641761
199964
270369
212096
181305
172462
164512
166792
180936
190549
163944
148849
186647
169826
145212
129479
186229
253978
151673
152733
128224
158360
161286
160325
150829
156940
149557
151559
133072
143060
143502
144738
150653
159880
144963
156521
185416
141368
151389
159155
148044
133989
168121
140616
133870
135122
156355
168124
149838
157695
136433
157618
145575
156644
147845
177863
141011
144853
157732
171827
130391
144024
165699
149100
146727
159119
152877
156244
169829
166142
218919
134117
145149
172121
139012
128748
152788
187998
172046
165145
AVG: 156760.9

r=3, wt=8, c=8
714770
196955
248725
217441
204981
162408
157677
155874
177226
169396
163266
155004
168331
176043
173599
182676
178576
163692
167247
168242
134265
160170
151574
181517
138672
163816
155967
161655
154491
175249
178417
136850
154061
160021
155914
142960
142243
148098
165095
151824
140889
164915
176049
176601
169542
175035
144102
150140
165679
149150
140234
161249
160503
162900
149146
150166
200241
165420
158239
191038
227383
142767
144045
159558
170511
166067
163443
179337
196213
176728
196181
156236
154100
155369
159090
179263
147333
142546
153017
139191
AVG: 163291.171429

