462944
195979
280026
224811
207291
171008
189936
207035
160273
160892
162967
200640
162046
179328
254090
185387
188132
171029
144748
168038
160355
160524
183542
137406
146458
181309
156522
161828
177819
186150
154316
160042
195931
183888
150730
160549
163410
175298
140678
172173
195790
176577
206128
158603
184066
185488
167358
160206
155627
165407
159470
167275
188511
165559
156832
151748
159187
158426
189852
217456
150044
141794
163733
149872
152482
153365
173380
167724
173652
160395
200811
210441
187776
149279
209342
180846
155577
166381
150555
161256
AVG: 171830.471429
