656364
326236
310239
337232
294474
334289
275050
322747
286212
326457
289333
268343
331888
323903
298409
282024
246477
262692
245825
234789
280351
313738
272303
305566
278266
347796
314998
307982
372414
253238
267306
285541
255310
303152
277952
284332
367648
269572
237328
304902
284106
283798
278286
347057
254014
254983
253688
270185
246233
245675
256199
254274
262082
258678
259410
270000
278343
265119
304622
255703
278981
238553
248027
273159
283303
301314
305551
257403
241738
273945
281153
257426
268087
356702
253618
258739
242062
273438
271783
250217
AVG: 281850.685714
