794345
308836
557879
592834
504743
429960
365635
312797
404610
396115
540154
474771
429197
390831
385104
434852
453261
337365
420849
451150
357515
355402
388674
383512
421719
413119
433211
480037
344837
439576
463276
442592
438759
456494
476543
384208
373362
427532
374161
378066
408679
457624
466822
341706
397221
435372
441073
408668
408032
489600
370713
405179
384148
431764
369134
450762
457403
366558
335348
364340
455230
523115
480928
462069
423464
399170
362982
373565
384350
379163
368284
413511
386942
360803
376808
374938
375565
372850
435525
410321
AVG: 411425.371429
