1034340
258304
123620
123588
150223
164798
137046
136605
123982
153844
141817
130336
114731
130155
150932
124531
117003
112870
127949
105256
104918
130424
135385
124078
117166
103968
137549
110368
111492
137208
128075
101857
113211
102089
91580
108581
107160
104046
108577
117919
96944
111220
113449
87217
100840
108810
106421
107547
98631
128250
121077
138117
109598
112516
112462
120165
130033
101339
91598
133492
117990
124452
112896
109994
140332
106144
116571
119650
115277
102035
116361
125835
117242
98768
136633
113164
115995
114201
101653
105571
82311
AVG: 117895.43662
