r=1, wt=16, c=16
1086
1714
1769
2772
2827
3336
3481
3738
3739
3578
4119
3830
3770
3033
4280
4004
3726
3387
4158
2607
3872
4186
4139
3435
3799
4018
3567
2886
3761
4528
3692
2736
3827
4173
3663
3796
4377
4156
3727
3862
3241
3628
4119
3917
3896
3648
3474
3523
3889
3501
4175
3496
3468
3732
4033
4108
3542
3035
3664
3867
3355
3741
3770
3040
4360
4069
4051
3469
3920
3971
4141
3556
3789
3263
3032
4271
3824
3696
4430
3256
162365
285262
AVG: 3720.98571429

r=2, wt=16, c=16
1545
2109
2278
2585
2698
3144
3366
3094
3326
3424
3813
3730
3494
3171
3312
3470
3224
3078
3746
3852
3475
3293
3339
3197
3468
3296
3675
3410
3490
3537
3469
3449
3249
3446
3267
3036
3704
3526
3696
3163
3164
3088
3489
3765
3771
3168
3659
3782
3771
3565
3156
3298
3183
3832
3616
3264
3433
3425
3293
3405
3262
3349
3225
3506
3257
3409
3309
2897
3776
3897
3429
3737
3308
3515
3495
3393
3530
3418
3400
3332
154965
274714
268715
AVG: 3427.52857143

r=3, wt=16, c=16
1472
1885
3562
2949
3648
4283
4470
4680
4422
4308
4609
4206
3728
3535
4005
3592
3525
4063
3549
4032
4395
4540
3742
3945
4040
2046
3886
3771
3144
4008
4342
4005
4606
3658
3167
4020
4309
3948
3697
3613
3343
3932
4107
3522
3789
4991
4172
4666
3523
3180
4744
4665
4125
3973
4140
3095
4451
4385
4448
4646
3792
3381
3625
3476
4553
3866
4527
4774
4240
3180
4997
3569
4029
4139
4391
3601
2699
4320
4613
4656
155217
277038
AVG: 4004.64285714

