r=1, wt=8, c=24
1442
2189
2518
2648
2771
3025
2921
2959
2349
2735
3171
2813
2941
2560
3027
2898
3236
2952
2868
2836
2847
3246
2989
3575
2933
2908
2980
2899
2842
2881
2799
3543
3185
3126
3163
3144
2805
3052
2629
3209
2585
3348
3227
2943
2961
2831
3367
3107
3282
3551
3144
2871
2903
2896
3112
2758
3478
3272
2930
3645
3678
2993
3148
3603
2762
2879
3065
3557
3690
3637
3683
3776
3838
3351
3455
3442
3408
3477
3608
3694
167994
282209
AVG: 3105.31428571

r=2, wt=8, c=24
1040
2008
2252
2405
2853
3034
2827
3061
2847
3008
3122
3018
2887
3514
3549
3099
2784
3515
3092
3389
3160
3125
2851
3059
3329
2888
3104
3303
3183
2642
3044
2922
2578
2819
2316
3122
3091
3232
2937
3098
2677
3108
3123
3260
3070
2935
2938
3114
3183
2536
2904
2963
2762
3059
3249
2957
2996
3207
3169
2851
3041
2940
3079
3224
2952
2945
2935
3153
3169
3010
2904
2747
3227
3100
3068
3079
2994
3235
3039
3127
163355
277549
276048
AVG: 3030.05714286

r=3, wt=8, c=24
1380
2168
2452
2805
2902
3368
3210
3001
2894
2779
3317
3283
3384
3334
3226
2602
3147
3450
2723
3162
3567
3064
2940
2965
2957
2856
2963
3134
3542
2876
3082
3144
3023
3261
3032
3207
3284
2526
2784
3287
3041
2977
3352
3297
3247
3278
3152
2952
3108
3075
3022
3075
3288
2878
3024
3062
2921
3166
3262
3182
2971
2973
2922
2747
3260
2768
3015
3320
3084
2893
3209
3351
3399
2993
2662
3317
2733
2836
2823
3110
175014
281403
AVG: 3090.0

