316681
662715
548914
277191
201254
355445
231636
160401
277152
270373
202020
174749
148085
145654
159986
103745
155904
163221
168563
96802
113199
190338
192320
157155
199466
193919
149254
125020
146632
116097
214726
166654
155739
143845
118491
137797
250378
248012
202477
120070
914736
243002
251395
156538
174966
147432
134245
653102
309040
178921
84436
204692
127352
128689
177731
150767
245217
193336
174803
168611
149921
202917
187471
79036
120012
172107
183482
272992
188570
187701
99927
194329
162299
237982
174227
206561
927827
133602
190340
115487
97872
AVG: 194104.41428
