S1 Load	S2 Load	S3 Load
2856	2856	2856
2855	2855	2855
2845	2845	2845
2842	2842	2842
2835	2835	2835
2863	2863	2863
2842	2842	2842
2855	2855	2855
2845	2845	2845
2820	2820	2820
2828	2828	2828
2852	2852	2852
2848	2848	2848
2844	2844	2844
2844	2844	2844
2856	2856	2856
2842	2842	2842
2827	2827	2827
2846	2846	2846
2849	2849	2849
2848	2848	2848
2854	2854	2854
2857	2857	2857
2834	2834	2834
2843	2843	2843
2847	2847	2847
2829	2829	2829
2858	2858	2858
2838	2838	2838
2841	2841	2841
2850	2850	2850
2840	2840	2840
