S1 Load	S2 Load	S3 Load
5313	5313	5313
5284	5284	5284
5291	5291	5291
5314	5314	5314
5347	5347	5347
5197	5197	5197
5325	5325	5325
5216	5216	5216
5275	5275	5275
5305	5305	5305
5245	5245	5245
5339	5339	5339
5284	5284	5284
5217	5217	5217
5159	5159	5159
5251	5251	5251
5219	5219	5219
5239	5239	5239
5246	5246	5246
5330	5330	5330
5314	5314	5314
5256	5256	5256
5156	5156	5156
5220	5220	5220
5228	5228	5228
5311	5311	5311
5240	5240	5240
5314	5314	5314
5339	5339	5339
5318	5318	5318
5241	5241	5241
5309	5309	5309
5307	5307	5307
5229	5229	5229
5309	5309	5309
5236	5236	5236
5250	5250	5250
5319	5319	5319
5197	5197	5197
5284	5284	5284
5311	5311	5311
5254	5254	5254
5243	5243	5243
5262	5262	5262
5189	5189	5189
5266	5266	5266
5222	5222	5222
5289	5289	5289
5250	5250	5250
5308	5308	5308
5284	5284	5284
5235	5235	5235
5246	5246	5246
5318	5318	5318
5158	5158	5158
5245	5245	5245
5374	5374	5374
5217	5217	5217
5203	5203	5203
5177	5177	5177
5344	5344	5344
5246	5246	5246
5178	5178	5178
5295	5295	5295
