1525737
1849370
1411157
1265725
1454410
1290623
1315908
1333823
1459839
1131864
1339772
1110531
1355010
1206730
1283850
1173487
1109852
1122315
1127805
1152545
1126794
1147660
1162283
1194249
1227700
1171202
1175142
1255633
1245860
1159575
1147006
1318372
1187557
1129836
1174877
1098157
1134723
1076055
1165950
1199720
1129491
1090668
1102669
1114777
1091299
1234705
1116404
1316033
1186962
1236375
1176698
1262714
1122115
1188533
1274980
1240089
1193518
1171793
1132697
1127356
1288053
1092856
1130047
1108009
1218085
1101701
1071592
1168169
1240395
1198430
1114848
1075654
1190811
1191816
1210192
1239502
1181190
1072074
1155136
1156024
830113
AVG: 1185385.08451
