12407404
1806305
1708078
1514335
1584118
1777666
1318192
1428430
1264211
2400537
1412543
1178716
1216216
1340501
1089224
1097306
1086223
1634350
1290218
1171436
1191475
1119013
1140835
1549185
1408018
1201730
1459945
1849649
1655357
1204667
1245825
1286328
1358445
1365704
1466683
1281024
1114465
1181651
1182409
1035747
1117988
1077158
1145790
1094689
1132148
1125385
1571339
1201124
1137591
1269964
1146486
1283601
1082582
1029310
1520135
1358582
1173437
1027225
1102704
1185477
1090621
1470740
1107630
1152179
1348938
1304218
1405406
1597792
1107978
1211547
2024661
1311314
1229416
1238469
1445769
1062011
1228271
1057769
1208997
1259351
AVG: 1297618.81429
