r=1, k6
1887278
1880413
1701753
1564977
2050112
1724082
1846087
1614162
1527158
1612231
1517191
1693759
1634631
1573833
1449333
1379489
1320620
1512659
1380466
1415953
1233012
1515442
1370293
1564122
1268393
1403735
1305918
1358254
1515446
1484649
1432152
1316858
1425505
1324339
1323006
1516902
1351761
1503766
1407160
2944685
22093293
1316364
1330353
1387402
1361024
1458494
1289680
2932018
5944821
1321920
1225944
1468405
1413629
1372913
1361886
1353731
1404694
2322408
1309117
1330957
1232436
1397653
1345740
1537686
1755375
1467841
1501640
1536546
1323486
1923155
1747017
1547215
1458872
1314153
1327354
2132667
1416927
1198355
1331844
1488696
862019
AVG: 1863590.71831

r=2, k6
2102313
2316367
2080044
1848852
1615866
1716537
1782500
2212851
1550494
1391433
1655619
1404661
1413165
8979183
1705182
1379918
1498687
1698843
1325600
2389817
1293615
1270850
1388105
1228355
1169242
1339970
1661831
2265759
1642722
1478317
1247449
1623628
1384795
1884931
1461420
1287286
1495752
1226882
1284141
1290362
1244035
1262949
1298410
1334612
1546679
1357826
1157023
1334712
1411672
1315462
1357122
1609201
1285796
1152782
1427557
1876511
1385723
1540055
1249143
1485514
1730063
2080706
1545088
1715092
1255411
1157284
1157556
1206398
1617312
1895808
1274238
1277162
1292085
1345224
1264115
1180983
1377848
1213764
1244892
1435015
830066
AVG: 1572636.77465

r=3, k6
1952632
1967265
1618178
1742879
1404454
1219157
1533294
1295550
1185276
1296577
1201817
1320672
1169961
1324667
1471832
1160534
1384846
1426114
1231848
1181240
1427457
1311581
1814770
1176512
1274801
1165941
1355716
1534173
1241994
1159061
1207726
1366113
1167379
1296922
1872805
1125091
1999295
1168789
1271444
1305183
1208439
1212191
1253691
1511142
1461559
1259412
1182223
1085207
1265382
1245935
1178245
1159646
1163631
1352804
1491956
1164998
1241554
1355422
1151818
1324789
1342126
1068238
1382969
1159488
1165683
1409314
1524885
1334880
1969141
1322856
1862308
1274878
1244746
1515701
2455173
1555929
1247081
1316515
1119305
1377944
880650
AVG: 1345133.76056

