345313
391776
512636
326241
257343
151988
238365
194092
180324
105889
149759
244848
132235
105184
185565
93277
109614
102045
119093
135753
153054
98218
99902
121970
217356
120639
159528
168493
124247
251527
125414
114388
105550
135095
157967
144683
164027
87210
202919
106570
115542
138432
108624
123552
163192
144822
86050
173538
151262
124136
100440
121141
115599
125169
110353
153615
180842
126792
111237
94080
126568
137584
110991
115831
205587
84444
321969
157001
168606
215728
143733
197516
130171
146330
111873
163133
110189
239548
120704
164805
69328
AVG: 143834.802817
