r=1, wt=8, c=20
1529924
1023290
511209
431888
453296
383898
309398
248559
235643
329163
296596
249659
229478
228790
241134
261349
239113
226213
246746
276082
285021
226809
214402
256363
247370
203005
275968
220650
303207
239740
223600
312043
251335
223686
246156
209561
249297
250777
246418
206961
215896
257954
216734
216392
253998
270609
228380
238837
247706
242056
254266
205782
247313
269402
195641
249473
245224
166870
220290
229420
243149
232450
260411
271274
232187
207498
280308
257946
260804
223714
222810
282796
305699
258725
243237
237702
269367
415092
188000
220260
AVG: 247849.157143

r=2, wt=8, c=20
1623313
493199
652921
439802
386275
393889
281263
315283
280361
290053
290291
246321
263204
235903
363735
283955
263240
227654
269426
221245
308143
244279
309249
231102
284628
252935
282505
268432
294356
233578
308749
238874
233987
294316
216922
236610
222503
292001
325264
245339
282434
268578
326466
223747
292001
283771
266463
255212
332314
196559
279734
218762
341032
280463
272529
263474
1327958
940794
262835
261654
317809
299029
291990
287688
252132
261446
231726
295331
237297
254176
257192
311466
232662
228678
255044
190014
318757
228729
233981
233624
AVG: 296286.3

r=3, wt=8, c=20
1624519
756321
612174
416508
467651
631449
243245
216564
381452
247457
350159
280540
218382
246965
249723
236062
230962
251750
241990
237791
286869
300853
357203
293956
226702
241950
234706
222144
203597
207835
267009
223549
254744
294640
272652
292164
266595
220364
245718
263300
259072
250248
254293
270632
228777
215046
236670
277365
246084
251976
230256
249877
240345
269687
247110
263639
233196
311539
270633
250329
276671
224668
267432
239744
239858
233026
298137
236147
276759
249708
254426
251607
244465
210693
225107
289184
235531
230806
261513
256410
AVG: 260375.185714

