r=1, wt=16, c=20
2355136
1133118
1044167
756227
541056
671789
487228
464120
456749
559771
593545
498172
556633
537702
642205
547631
581174
609734
506658
437528
516286
625988
643178
775838
530195
750365
628899
588459
520482
446947
464553
508531
673631
743693
627845
521256
524124
574298
536686
491064
461129
647279
601258
594589
503914
629545
589561
564310
582683
806617
651056
644861
696761
503516
694605
505217
603242
756167
570884
587869
600803
618813
733430
546750
538048
546533
696261
573096
543975
535011
534240
594451
496454
781605
624175
565677
561532
727800
635963
532382
AVG: 585738.071429

r=2, wt=16, c=20
2695322
1079379
789885
822554
769246
810998
635027
614445
626721
471580
469696
602605
571504
505425
539050
596173
625447
519221
672167
554293
643989
622374
642968
524846
603620
616985
598216
695366
551143
549673
604326
463256
574290
590135
510312
575793
550857
609216
821846
684625
469629
413994
521292
607322
611331
536079
554954
570759
540399
623062
619933
735954
527558
538694
528234
521040
561543
512850
668266
659329
597797
499978
558182
575331
496918
558845
572678
640000
503090
602325
500917
571236
479172
567866
696814
486009
617596
515019
520606
598612
AVG: 579879.414286

r=3, wt=16, c=20
2844204
878727
993640
763844
459421
549949
495096
429385
527915
431749
649448
499226
560275
643794
615970
695789
465033
491611
588068
537392
650142
737027
511949
503148
614304
463966
463607
543954
508353
449872
491696
447140
442366
647043
503591
678206
695741
605475
560660
505791
507722
565335
573984
760784
680325
726300
649769
554996
523743
708726
624450
803426
659354
590219
657511
654598
572509
515530
492743
643133
531426
513496
523861
708542
476823
573039
614839
618812
532789
587579
644014
520668
647979
560785
671875
564674
660368
573210
736381
462756
AVG: 577091.642857

