2361019
1478734
1105965
958799
888076
817809
624440
502553
559967
730189
635990
630432
563559
479659
509425
932789
613302
658958
548986
647021
596390
589197
721539
668556
649337
686486
582980
564940
594336
605209
830508
565137
703490
624077
661326
669783
764558
572090
948408
690058
589433
617888
565793
634245
613086
649023
669038
730477
579515
624536
761552
756705
695582
803287
634448
590774
633618
607285
681819
656963
653589
674582
556662
663947
738731
709951
617192
677674
631874
620679
645088
664145
925934
730471
730102
734803
708300
712943
808355
636586
AVG: 658273.885714
