r=1, wt=16, c=16
1659329
613305
584912
440599
570875
562040
503004
354658
351584
518187
468006
522929
360115
526003
441154
509281
447685
368889
426145
542447
401283
427002
593896
429666
429976
437174
475895
436908
542890
416449
407237
465796
451338
508281
398198
411650
500836
423895
436187
433369
436783
563264
360976
525296
550666
403460
477429
378104
588234
419794
453279
438733
374954
457080
711348
514160
581241
438996
426179
399980
440847
500769
437696
453133
514396
460310
602907
532507
511963
458305
451335
436082
445078
350040
517304
426880
427014
349225
422487
453696
AVG: 464895.442857

r=2, wt=16, c=16
1665630
611891
734714
547877
520019
418812
395527
369535
468634
429022
386907
351649
345475
486217
371898
390860
457799
483025
415190
447817
424374
822600
460879
335677
478225
421058
302348
471479
425262
433388
424149
494017
450826
448155
432690
376418
346171
458121
354669
332812
442229
425828
420955
384157
459732
369652
394419
600130
477359
416139
423718
410742
551292
539966
392261
407242
404731
645947
477035
497074
373387
505125
447489
362146
722700
455162
474749
503742
385644
502997
392740
446232
415415
575107
592955
467752
348631
413566
435978
482491
AVG: 445826.9

r=3, wt=16, c=16
1744000
678699
738613
514359
497967
362938
325801
459709
552903
582611
499603
398658
364668
399900
321880
392915
568617
700024
356407
377159
342270
385720
353111
329448
359182
380473
459472
369632
406613
367382
534231
600048
422137
461845
457713
367987
542734
387151
444243
366618
386416
579050
399357
492084
490404
450060
429456
469864
434343
504338
617444
515593
428775
403680
473654
620483
482485
556684
394619
391382
680423
460817
414157
461648
432491
696704
461151
422345
422441
538346
330901
445758
647178
458560
386478
425806
390004
368540
397761
527273
AVG: 454019.6

