1777992
706288
616344
555595
782005
544973
570006
639874
647514
524646
883838
685081
709474
544990
589394
707786
454935
456442
450164
470635
488970
519742
588074
524738
779860
624488
791425
757394
596245
699547
824140
528809
613493
656602
511102
573652
587441
662675
567975
631276
868296
587262
669520
719925
588566
705297
664717
796361
511787
655134
700139
591469
751278
762187
712710
580668
507208
882852
622089
558497
638924
663797
609933
586207
686089
730277
787450
665060
1027190
601341
603041
667380
972422
1126031
627781
870250
790028
528477
772655
633162
AVG: 654804.071429
