2829228
833039
873269
526329
769096
677019
669692
505810
591693
531823
661283
514003
542100
668849
513132
532385
577112
822212
742472
1349369
830735
819146
539066
626731
778503
532384
519843
568452
611537
589342
717437
671461
785845
707014
686901
861661
801454
992320
667596
780189
1246030
844415
608862
604408
604418
739680
572754
503230
573428
688608
632373
575235
499470
761453
730557
1032853
665415
696871
626933
554446
619981
562397
908126
700287
937428
734062
714484
912574
819862
1025086
592680
551417
677548
675502
964029
897581
914875
894754
538021
561066
AVG: 702049.614286
