r=1, wt=64, c=28
1949503
820369
585347
1389301
639468
898192
515025
688980
470535
698267
551279
647684
619109
597929
483082
411365
603655
497532
579166
606858
532061
459462
796675
578296
611760
791045
565366
644181
641538
616929
556127
563003
708570
773988
490059
649703
545315
637326
1094318
541740
596070
450017
595257
573783
486580
516438
620303
560384
579876
616759
581566
630581
635946
610380
545320
490503
449341
686533
480423
519512
569140
508728
582210
707255
761841
685683
468703
495737
770653
574056
559806
499138
541227
621518
662767
856436
748846
561550
517428
640311
AVG: 598573.628571

r=2, wt=64, c=28
2200110
850109
861622
624668
781341
485116
790471
519810
509339
716133
495728
570094
556077
809492
569449
920192
691062
460590
583372
577947
688837
563756
1007938
550607
769033
682171
567364
837995
478249
527912
538221
541765
592830
598073
749171
689526
754631
608291
648046
779269
581473
1910368
702093
573151
740694
677410
796168
650143
525798
649462
608709
709874
534445
725764
648858
536324
1388010
822948
613311
545049
751937
1006453
913649
608692
756542
738984
663606
592481
3969587
512168
539507
557580
629880
684734
644897
659004
582870
659738
776921
769554
AVG: 727704.371429

r=3, wt=64, c=28
1766787
769548
917074
707492
742877
528670
556362
535149
639733
419256
610420
556653
624246
507944
527583
603295
523363
513127
550857
525400
535152
508465
476444
679939
570052
459464
466430
489224
540673
619160
588645
470520
462963
725671
542027
539182
494288
712174
612917
455696
601273
515009
958664
567327
640438
578768
664914
596506
578531
508339
796691
620079
862133
586179
483484
605207
843250
753111
828958
801147
569787
664570
738368
747607
716211
712486
663647
566278
649546
790260
623685
504338
795233
736239
651489
820958
581859
623997
768636
623754
AVG: 609869.942857

