r=1, wt=32, c=12
1044875
537554
324131
360216
318611
371858
202926
474022
420411
551700
207426
303068
279791
257716
423879
376259
280867
267630
360215
309417
324653
208537
314813
440370
420873
304045
269565
339839
254792
290737
379537
312237
268082
272974
363733
404239
320348
296001
246993
284514
257382
268563
383574
383722
381608
287891
333001
331113
352517
344723
666341
290272
372333
318508
252005
218815
249076
271220
277546
355857
341406
358873
343757
365639
209674
220912
242759
387634
338709
277605
332614
206324
233961
277866
268493
208711
289620
355766
297930
210386
AVG: 320090.857143

r=2, wt=32, c=12
1143196
402427
310369
322616
535101
325493
281084
200178
285175
248439
402021
449896
308608
285280
224078
421683
201685
227454
229578
411043
303495
321449
290111
411562
307106
310413
350579
277688
432657
304880
363585
294189
265246
387739
304458
266382
268144
360882
313075
231987
296832
283486
317206
206611
463048
437714
407425
242190
276410
384760
227779
274136
292539
233507
312890
306785
270679
212825
228240
298218
246707
283603
249097
249916
266239
284257
220686
218665
223945
326247
360434
350516
255420
176440
198225
202482
234096
257929
243434
400650
AVG: 296442.842857

r=3, wt=32, c=12
1365054
542162
508562
352734
349342
273263
276194
278466
306936
252089
291253
314545
213956
219828
205534
248073
215896
243806
293304
182492
268707
288530
245212
243410
305471
262665
207607
200609
213825
325078
199248
239496
331829
351489
288641
233308
239156
481372
277074
241804
258632
219719
273114
168551
214078
254597
235122
379030
239577
286665
228895
274944
394468
291040
260308
197733
228601
330074
544990
250213
194939
302521
190028
177973
407996
193015
286341
220831
256858
264592
167699
321797
308327
257697
277442
326251
247218
327940
245316
272146
AVG: 265979.614286

