1493569
944462
604555
533862
372746
406522
289525
271500
283667
242987
264651
233280
217696
222109
217670
240575
203645
251660
232361
205685
291264
249396
246470
239032
221011
276351
266092
242853
237760
190699
233474
150855
320886
303204
292566
220536
250962
240391
323339
279684
292580
198363
212035
247773
231785
203136
196695
310868
187448
251125
262027
239221
220115
236722
260845
251034
233570
225048
249366
241377
251976
201534
245339
232717
284167
208285
196383
232639
232249
276875
341027
248506
271935
244326
239568
231039
277141
262545
247151
259188
AVG: 247414.528571
