r=1, wt=32, c=16
1611417
540008
526395
547981
376607
546961
437108
482021
541153
421194
388957
458734
651020
294710
500458
390894
388317
387233
419350
461528
503278
390907
492638
410189
452987
426418
359298
342849
447150
350956
264701
620386
532117
319498
360495
356437
372867
381927
432346
364965
394251
569666
350584
376158
397317
298637
450600
390439
436738
368419
426356
471227
488650
404965
443974
460318
569982
472287
428579
493550
495391
503473
388298
500787
425463
601890
601955
633430
420652
551047
428327
483112
588188
495856
474695
440068
344910
369689
466860
354872
AVG: 446247.257143

r=2, wt=32, c=16
1469086
387926
486619
421132
449139
313384
377201
373092
343803
390091
424249
311668
359692
354434
367097
375656
371214
361308
354812
371711
360170
466830
360436
398410
376935
405422
324095
377053
356378
624920
412712
316719
381820
370522
351211
353537
358740
295527
435359
420229
354280
378317
376956
520278
392962
404738
625595
295448
348567
406458
451507
358003
575413
320001
452886
462551
438066
370407
433466
337341
486316
436305
530616
385615
397203
437871
446793
513577
390549
422495
429669
395142
477878
470039
427360
434160
427158
402423
455184
412449
AVG: 402101.5

r=3, wt=32, c=16
1562447
801378
462359
456933
499291
442870
351277
389732
383133
591060
456264
387449
426893
387400
392187
514187
544002
413578
472863
498515
468437
506398
767474
483601
342510
522129
500168
777962
651246
465122
600601
510036
449576
504013
391724
382787
465820
405356
459459
413694
401592
449186
486808
449190
410803
406424
431202
332987
408990
408262
538906
410502
496892
529761
422302
432831
660854
500672
761140
308679
379709
443499
349739
438245
459782
332075
335306
529112
539989
494325
452033
466721
468283
350984
456909
408281
488616
574696
364848
350891
AVG: 463774.528571

