r=1, wt=8, c=4
190766
119100
131350
144434
88372
86517
104165
93623
107561
98132
131518
137606
134347
109058
119507
112743
143779
113238
161866
94736
102401
103100
100578
109832
102532
129451
120615
115779
100974
137519
133323
111114
125731
124960
86437
78809
96280
90770
103371
89032
99597
156263
95420
98479
161413
127629
110330
132971
134891
100654
126946
109608
119545
108542
113653
128003
153190
107085
100290
120211
107147
110885
132742
126984
92685
94054
108015
93942
93733
102779
118140
142764
104080
99876
117262
107149
120663
116606
117770
116013
AVG: 113725.885714

r=2, wt=8, c=4
157708
139040
118115
122800
139090
117042
139801
159805
115881
99450
99144
100458
103814
111711
133483
109896
97723
98402
111294
121408
113754
126080
130491
93893
104292
98316
99899
99197
109822
119169
133203
99301
92147
129966
143809
118402
116801
133462
133224
99023
101070
105684
115885
128778
128220
147745
116078
157614
157434
160404
145428
110000
142856
180969
115916
102288
112217
104186
101948
141004
151820
94200
106484
109620
147070
121770
111340
133765
107640
111343
102324
99104
110400
116696
132464
152263
97695
99521
127114
134441
AVG: 119218.957143

r=3, wt=8, c=4
130469
176277
131479
116126
124672
92971
105081
121993
113039
98416
122675
128540
128630
104527
124247
115030
118251
129798
115997
133802
99811
104387
99116
107136
115021
118039
130180
131690
102202
118175
118618
124009
113055
127671
133488
116505
98328
101300
103233
96076
106326
138524
141389
98781
101704
105170
134264
115078
150488
133941
108942
104182
84402
91287
94325
114121
125783
132260
96901
129804
118465
119717
111586
111790
148033
103975
97297
99164
111381
104762
122542
133648
123224
102173
96940
121177
111635
110477
106186
117084
AVG: 114620.085714

