462478
461745
458193
338768
368221
467428
309465
395617
427152
224471
260600
316443
308023
286058
341654
408980
350552
272550
376375
297144
411243
401243
389085
375326
315843
419327
387683
338283
326554
315858
414223
467893
290059
360506
309856
373144
340176
519998
371684
367732
332177
346672
409405
320877
370905
486860
401024
365414
366318
291583
309896
449011
578325
387088
315364
315303
317425
357021
336782
410237
479310
387611
409451
382777
333758
421127
427438
447267
469754
307362
357928
321994
323041
281812
415066
492483
579752
502405
474359
344881
AVG: 368165.871429
