248974
306324
260643
234040
220188
235248
338500
249900
160073
181075
191840
212271
421653
386544
226676
241581
185120
188404
308990
193089
292318
318022
290706
169398
269036
190967
279116
228810
238540
217437
185464
194007
158985
197565
178633
244282
265650
219185
169006
184605
255856
194440
218262
262639
179241
182450
205143
167496
180575
160793
198163
205351
188660
189678
213202
190216
243661
267570
264175
181364
179503
167106
182052
201985
230536
236765
308234
234171
180432
229052
216213
206757
230205
270172
220313
210296
191797
163719
192822
169255
AVG: 223644.671429
