r=1, wt=8, c=32
4042487
4330658
5027406
3998442
3632513
5100337
3308267
3956567
3290926
2966642
3552765
3340402
3717039
3487230
3597611
3326133
3985530
4020421
3418473
3611863
3795113
3698979
4224476
3732221
2990997
3444162
3417012
3506407
3724928
3292327
3170078
3626004
3820649
4401263
3448500
3823446
3547697
3314810
3623716
2966478
3490865
3041993
3430131
3293272
3237990
3667600
3503606
3980684
3730423
3317341
3577561
3858558
3581563
3383348
3562179
4070089
3323037
3190113
3991595
3603616
3312328
3581355
3542988
4120918
3372416
3789762
3233302
3708035
3398363
3598289
3716913
3263990
4037689
4276141
3793403
3406591
4007210
3651002
3396743
3348638
AVG: 3597584.64286

r=2, wt=8, c=32
7666523
4805785
4232839
4438317
3658960
3702976
3524581
3710981
3470548
3279327
3692673
3609675
3673167
3299425
3451287
3095419
3266097
4353628
3596239
3656218
3918108
3371329
3765760
3410139
3758891
3501219
3483310
3375680
4333209
3560037
4049311
3624625
3660632
3216251
4246163
4154525
3419028
3357975
3486476
3173581
3501861
3134441
2978136
3396965
3609010
5217769
4232837
3310638
4199328
3972602
3587106
5545665
3923525
3724310
3326617
3413539
3349340
3708335
3317952
3269415
4230105
3449263
4129919
3564671
3803116
3308021
3922085
4270298
3979901
3471298
3505561
3556352
3369535
3916204
3374922
3561572
3558886
4123053
3761255
3380281
AVG: 3668844.74286

r=3, wt=8, c=32
5077425
5718650
4445469
3867782
4608214
3140768
2854511
3237415
3619839
3138791
3063523
3533577
3901838
3460893
4277920
3532669
3509549
3448779
3693977
3301506
3281151
3297689
3568106
3746933
3412187
3353355
5376604
3923807
4671432
6158941
5558978
4415904
5053225
3662288
3963313
4236337
3234264
4149646
4409224
3647825
3855490
3117324
3405985
3581807
3730887
3889068
3599857
3445709
3796581
4251590
3211519
3535595
3348625
4087156
3853252
3665335
3418683
3510419
3578100
3519950
3935886
4389742
3232091
3857372
3525000
3165979
4254140
3177286
3554161
3223072
3399664
3622490
3731384
3638915
3438961
3024573
3999344
4889934
3500262
3163244
AVG: 3734083.41429

