r=1, wt=8, c=1
160936
162479
139149
126767
89880
107416
102929
95860
113494
83636
67555
59060
70811
96169
68604
61928
88968
67935
81779
69863
65384
60709
84103
75182
78251
57235
62875
64773
83654
69222
83725
84348
58214
67698
62141
70862
69119
55200
61062
55492
65162
57978
62369
79935
77693
64565
68687
92425
71881
64480
71193
59473
82288
61861
60654
57455
52618
69002
63127
69227
57627
78842
82001
80030
66743
79151
60886
59551
55860
56994
61350
63498
73280
84722
56179
64336
73943
81026
63721
58973
AVG: 71057.7571429

r=2, wt=8, c=1
139339
125233
118296
123965
120434
93616
108034
97804
101850
100579
96797
77573
65079
67513
64914
64784
77747
71898
71877
69367
70415
61430
69684
67900
90078
64170
60104
68561
53797
64212
75959
67026
87612
82638
80621
63596
64570
71465
77759
78581
105641
71945
63229
63760
66563
63133
58213
62232
65457
77328
68569
70432
87634
79035
74693
80247
58856
72926
61767
53326
55805
90491
58869
63636
77031
75176
63552
75520
66654
74639
84051
62265
57810
56711
58186
57661
68971
66603
63041
59416
AVG: 72499.8857143

r=3, wt=8, c=1
135496
116744
123309
136920
131613
93358
116372
82856
106887
84286
70875
61876
64927
83144
92428
77804
65074
69351
70203
73844
59755
73370
60518
60529
57711
61609
59456
60230
87614
67385
58854
55181
63698
65530
67940
79854
88863
59604
74833
68155
53951
58861
61748
72500
78306
65484
57305
84192
85406
61198
58601
89151
64516
66550
72939
74832
55232
54318
65213
85823
61733
62935
78238
73555
65388
76309
84155
59440
61602
60591
54859
53365
62063
63271
98468
56911
68404
69549
67332
64274
AVG: 70372.4571429

