r=1, wt=8, c=24
3710609
3144958
2769037
2596989
2422748
2284809
2167343
2181832
2136557
2115410
2073739
1999003
2091008
1920133
1982846
1878438
2089045
2162474
2056742
2368284
2330962
2071399
2177748
2726817
2013332
2132975
1924470
2521800
1872016
2493359
1869024
2050257
1555358
1781135
2427719
2255899
2001680
2281789
2338570
2098929
1984385
1817957
2020792
1790928
2196851
1978222
2716099
2055509
1906698
2010960
1988984
2099952
2148315
2280039
1920520
2124778
1905569
1891617
2143202
2057226
2026829
2124395
2118741
1689729
2528666
2035044
1816445
1892196
2140331
1863887
2057775
2035135
1712886
1848210
2441298
2108635
2220800
1907013
1952868
2258081
AVG: 2082901.01429

r=2, wt=8, c=24
3098868
2608884
2306734
2252639
2365854
2337993
2079736
2144172
2084699
2131932
2417931
2281702
2395337
2126732
1988830
2456386
2080360
1629828
1881025
2244678
2138341
2426882
2228176
2186346
2108201
1927806
2673405
2343567
1990210
1824540
1992721
1834282
1897819
1961885
1849503
1904662
2074618
1867027
2113752
2273206
1986243
2118779
2388871
2187065
2004827
2041584
1970323
1987643
1891777
2007091
2219849
1977342
2178965
2035530
1925935
2320686
2370414
2392333
1881568
1864371
2154529
2059577
1776709
1613415
1863399
2265831
1922984
1872381
1951715
1982885
2106555
2181646
2386435
2103525
2110270
1938770
1947102
2370341
1792805
1907992
AVG: 2085733.45714

r=3, wt=8, c=24
2776696
2339965
2789939
2658106
2378050
1979024
2352859
1749484
2063857
1938736
1896105
1792054
2544277
1816883
2191991
1782440
2013884
2110505
2302948
2047159
2074927
2222098
2110689
2027555
1907115
1848148
1789300
2000460
2038824
2180899
2003970
1941636
2188471
2019381
2181662
1990628
2097051
2138666
1973031
1938816
3151190
1884217
1809880
1858550
2111231
2032612
1971385
2166494
2339716
2110193
2080078
2070587
2846747
1969311
2057026
2106222
2097803
2030230
2104812
2192382
1984811
1932999
2231635
2195157
2056066
1891127
2111766
2119911
1929922
1948112
1826637
1877554
1885847
2026084
2292042
1912184
2037079
2237329
2385589
2174638
AVG: 2065083.84286

