181027
191169
161976
161732
137980
203982
203920
217437
193762
141310
163513
171966
154906
150203
377205
141421
102015
158324
144473
130067
147308
166593
166574
127237
126404
143145
171644
116920
126342
199215
130436
119730
136330
136054
138928
132077
179577
177492
140599
129076
151910
177070
142613
157709
215357
134140
132378
126269
127052
120589
129367
177950
184426
126807
122045
160176
160143
148857
156333
235452
157953
159247
125196
141851
145265
135824
183601
172757
132481
128816
166476
161663
156644
150536
168000
116779
122777
141169
119002
116946
AVG: 156273.4
