665318
621350
858517
659450
558764
603369
607145
471911
490472
562065
604401
737065
638146
603205
586535
522782
450984
415545
411372
330380
545964
755054
511159
579584
638322
686301
603817
631865
659069
421434
566854
532640
449349
617438
578771
615733
619786
500398
483807
597464
603673
474461
704026
640283
456322
500614
489641
562905
596834
560620
720610
635033
576452
546775
427942
549498
586608
588814
637644
488468
482466
473341
620132
463539
396642
670300
605763
526428
702826
613369
671882
561441
528868
715241
515947
490322
622285
443064
456928
506637
AVG: 564651.342857
