r=1, wt=16, c=16
233318
463058
357082
296999
303208
237543
322927
281406
354234
382568
428064
292602
296093
287664
321113
246290
238121
395110
405404
256397
253694
319504
281739
313036
526501
393519
295267
292835
277319
318939
254402
310440
334442
373815
369757
247212
293410
377863
334456
335082
390935
307800
318417
276140
232484
251046
315467
272212
359197
230429
239067
324656
279999
318618
353782
395114
262687
314706
295449
308785
310698
283100
288987
384396
285903
251783
304027
339638
297399
317322
321609
265017
297070
287877
298004
276475
271465
331183
357364
279391
AVG: 311836.971429

r=2, wt=16, c=16
469362
376595
310609
449522
383223
432833
368431
356111
299255
371793
349182
331969
336197
334120
319630
296640
258994
337546
278327
429809
419702
380317
332563
352790
336764
290183
398466
359564
362613
280989
360538
391016
351529
255039
263502
371318
390913
282100
300721
352069
299195
292750
376536
380250
296923
275512
272892
263730
258469
264404
299739
368915
344467
236997
307630
280968
302464
275466
367980
323680
327926
308612
263102
299309
279744
321552
410035
287920
250705
339986
291150
332153
426370
394734
279309
321178
331684
316386
278098
312179
AVG: 326215.814286

r=3, wt=16, c=16
465361
455671
395843
349657
433223
240083
295480
286787
329640
315371
281423
254641
335282
350125
315593
413735
300084
296261
250292
264865
265338
360761
327274
342454
314954
273141
298052
255026
369412
270912
367392
277993
293490
254845
254992
249844
249429
310385
304032
246731
317289
337353
299017
348633
251611
361260
240347
310104
382929
336630
251833
253091
337211
343899
320279
295995
345102
367673
348534
293318
388195
264145
270164
279626
263770
269764
272065
344789
375046
311167
284250
328198
567608
420931
316957
396369
345655
310446
270412
286109
AVG: 310212.885714

