r=1, k1
2808258
6664931
3390684
2141682
2438531
2714617
2022205
2043034
1558772
1868828
2028866
1734932
1567999
2082912
1554806
1570457
1973890
1702474
1969511
2735451
1904914
1486060
1519424
1558734
1525206
1684317
1637449
1758062
1660505
1845462
1527004
1867629
2339347
1547087
1616555
1654345
1629375
1638997
1491115
1617879
1539887
1585268
1535170
1564280
1662465
1506009
1563671
1670701
1822941
1875245
1842927
2516187
1980071
1801045
1375792
1802460
1488873
1614605
1719903
1829568
1564050
1405698
1809090
1742604
1616539
1768652
1549513
1791728
1692349
1670907
1522261
2116529
1519078
1871400
1604873
1666071
1568895
1613417
1659999
1420372
AVG: 1745436.55714

r=2, k1
2855315
2181208
1941983
2040303
2037376
2216006
1973909
1856999
1482933
1626049
1536636
1732454
1634847
1745623
1840770
1525216
1867437
1965502
2228975
1653884
2000003
1805475
1731345
1907732
1805110
1612791
1718018
1714468
1709489
1750949
1641828
1723064
1705465
1578755
1537180
1717576
1736428
1908357
1664636
1480537
3634199
1667035
1447492
1553893
1599013
1622113
1672404
1290127
1602773
1481415
2091897
1651501
1640037
1643742
1474893
1517914
1326266
1451345
2067740
1443555
1283284
1518251
1625142
1492119
1756248
1871867
1692352
1753720
2957414
1595260
1537514
1632152
1411398
1687530
1557862
1686341
1581702
1558424
1465930
1576601
2650625
AVG: 1722172.59155

r=3, k1
3507451
2276792
2344221
2381348
2265636
2274824
2105344
2791103
1667481
1756402
2115771
1477939
1627277
1688099
1733981
1865331
1415955
1449732
1727630
2167564
1821257
1678840
1544538
1540271
1532356
1641834
1386779
1946322
2368504
1604879
1564737
1616957
1840997
1668481
1747803
1822188
1701533
1655857
1573097
1854777
2068441
1999641
1604335
1683453
2724024
49897100
60817390
1652682
1680420
1976682
1913486
1698211
1781281
1741032
1795330
1430972
2767611
1953884
1623717
1655787
1994991
1599128
1785148
1714857
1773874
2286907
1533551
1696181
1614392
1814957
1493695
1557955
1710375
1991485
1908872
1735833
1629122
1741792
1660876
1472454
AVG: 3327404.1

