1273470
169017
149515
114601
131211
147149
123266
129033
101990
95087
110209
107116
102847
106742
105883
118736
92151
96503
110915
111239
109984
97784
100210
99596
110675
105510
94350
111405
99673
105234
101250
103920
111183
93199
106912
91968
98802
116538
100549
92817
102006
103595
84577
120844
113781
112275
98835
122616
101389
112226
102445
96733
105502
108796
102206
111139
120298
103769
117041
114236
96664
100868
101892
88467
96934
92819
97413
118821
104247
92036
101422
98887
101888
106375
92372
121565
98627
117930
103292
110005
57957
AVG: 105315.549296
