994643
201714
136011
106325
128012
130448
111376
136876
136067
109240
101738
107977
94219
120862
98894
92931
117274
95027
96038
104978
97327
95078
101440
102650
101283
90330
142258
96040
92521
87999
92024
132368
100782
85329
99980
106448
89143
92734
93057
112577
88459
85343
104865
134643
104611
97231
95636
108656
108042
102373
90740
104898
102715
91544
90119
110066
125677
102552
102326
95199
98127
126256
98706
95552
93164
99050
93243
110652
100550
103466
89509
93829
111285
103968
107560
104760
106092
115595
104003
99169
69037
AVG: 103389.929577
