r=1, wt=32, c=28
352451
571524
1202348
2313788
1054050
1722164
1166825
1001620
738654
717735
918770
973512
1109615
820353
853434
691746
2156342
926434
690620
975026
734641
1327727
1332989
782843
969245
783187
1273993
1042967
1508930
854621
683693
720776
1048618
708883
843793
513074
701162
805470
638655
1958923
748819
880691
1163059
1066819
859812
853117
952858
761349
776772
930868
1247081
1199937
1060984
728682
864918
976806
894872
1010388
869796
1184226
763999
1102978
1505518
700326
1073676
809240
983346
1072152
906294
1050414
1140541
900281
1117542
818027
988092
535873
989906
1134918
853634
1066267
AVG: 980876.0

r=2, wt=32, c=28
310481
798531
1147574
1492694
718127
557623
903033
1039098
850967
970146
973004
878195
1185154
825595
874641
1196583
804269
1262733
742387
894979
811815
808720
908375
998124
973507
913441
1266398
689842
674027
1077766
1114092
963737
942608
998496
857231
904691
931236
715718
832497
833447
824387
1906506
847593
1397366
1057508
907980
1143639
1504079
1044699
921914
743268
794692
1932874
816418
947302
995135
709376
901567
2409428
1146481
1063517
774376
1757438
652474
1006523
922137
854365
660806
932177
926322
1051533
810592
797196
913416
807800
820662
1152014
1428504
634664
705602
571677
AVG: 984193.253521

r=3, wt=32, c=28
299938
598752
1009653
1027577
813346
1084311
1347788
1044475
636922
814352
1088494
983139
1051827
1053765
877098
954233
989349
865728
967437
591688
931005
922056
1159548
616768
1052018
1083761
916543
717224
751368
645343
764656
817228
936087
806732
757265
769730
1015560
782368
1237693
1334683
831970
932603
599088
599253
902223
1023984
702296
894362
795040
693508
1280182
1024454
928259
1108914
1036288
618850
784687
785162
948309
900271
672268
1123052
1161865
1301668
781716
1043047
972392
1706921
1204045
1067429
921314
1038898
1216831
860023
835616
675614
998364
1652391
1091289
1448659
AVG: 938071.857143

