r=1, wt=8, c=20
2524662
2102995
3421905
4860348
5143002
3920221
4347080
4382408
3836816
3045326
3250092
4822361
4559931
3075120
3903960
4079174
3018133
4055065
4012976
3807350
3746342
3433240
3585779
4206523
3658849
3646374
3556095
3000211
2847638
3600262
4379224
3778501
3302722
3980257
3476465
4426831
3338779
4221519
4593052
3554015
3250543
3360288
3552205
2955410
3745730
3566963
3634218
2972742
3779551
3567046
2543186
3426208
3098973
2302199
2635469
2900737
2353670
3193706
2627189
3376386
3879389
3516757
2634282
5165871
4116144
4305140
3798140
4195355
3284478
3628400
3567956
3548810
3705511
3123447
4331352
4099872
3914925
3568559
3354047
3564148
100984596
AVG: 3608338.22535

r=2, wt=8, c=20
2100701
2392522
4488229
4267669
4706695
4174462
5147884
4638604
4033988
3749089
5077893
3876527
4666617
3472139
3782148
4847198
3689783
3865694
4622305
4543641
4460274
4222586
4008800
4803155
4689778
5179021
3639334
3172639
4232851
5039888
3893713
3495826
3591091
2939628
3971265
3746002
4564697
3539610
4049179
4552788
4347444
3470565
3393393
3594721
3381878
3679798
3621332
4060467
3645357
3389913
3656275
4198885
4709093
3663857
4076337
4627267
3633418
3206071
4995820
4043215
3675644
3030003
3932538
3544869
4036415
3972945
4548344
4963621
4209994
3792434
4706742
3727097
3870471
4049247
4057848
4554622
3265589
4547756
3887525
4266300
AVG: 4049905.92857

r=3, wt=8, c=20
4651733
3788576
5880961
4243816
4285498
4578332
4745533
4505918
4304963
4552611
4899525
3934200
3232553
4469394
2952528
4607421
3991186
4904914
3874489
3846089
3869324
4006074
4842188
4194712
5385066
3902137
3845806
3526456
3593157
3262949
3894463
3550537
4405939
4301420
4075056
4022826
3715531
3903528
4695412
4615929
3753698
3734627
3023304
3486874
3962079
2909157
2468753
3870508
3106859
2858389
3068031
3389702
3206411
3735562
2624365
3017473
3097961
2874084
2779104
2052682
2075003
2108571
3096804
2392344
3215758
2497149
2699432
2423857
3318068
3604309
3710051
3615551
3664905
4852935
3575343
3668112
3749675
4017879
3846851
4149418
AVG: 3641112.41429

