SEC 1
1.55263333333
0.769833333333
1.84373333333
0.992366666667
1.2562
1.1535
2.96736666667
1.30223333333
3.50543333333
1.92253333333
1.6477
1.52606666667
1.41646666667
1.59093333333
1.71763333333
1.1308
0.7582
1.0421
1.05103333333
2.9488
1.71333333333
1.0909
1.04273333333
1.3007
1.05503333333
0.9612
2.04776666667
0.992633333333
2.6918
2.07486666667
0.851333333333
1.4715
SEC 2
4.6441
1.95133333333
4.62333333333
3.888
1.2562
3.5827
2.0864
4.02273333333
3.24666666667
4.9257
1.34123333333
1.08053333333
1.65133333333
3.25493333333
2.6583
2.4401
4.482
1.57056666667
3.32436666667
0.9567
2.10813333333
2.0584
2.5622
5.05253333333
3.03116666667
4.79406666667
2.6262
8.1749
3.83803333333
1.05793333333
3.63623333333
2.40433333333
SEC 3
2.27033333333
2.98876666667
2.27706666667
1.8709
1.79716666667
4.065
2.46836666667
1.75286666667
1.20416666667
1.72383333333
1.55116666667
4.50256666667
2.2638
2.18553333333
3.8635
1.824
1.8712
1.35056666667
0.897666666667
0.679266666667
1.9455
1.5288
0.5949
1.24203333333
3.08666666667
1.36313333333
0.848133333333
2.45503333333
1.28966666667
3.53756666667
2.08173333333
1.3005
SEC 4
4.65676666667
1.9223
5.0565
2.25703333333
3.08556666667
3.28436666667
2.44233333333
1.46993333333
2.52333333333
1.42986666667
0.6145
7.52513333333
2.32623333333
3.58743333333
2.89093333333
1.58783333333
1.48883333333
3.91893333333
1.96103333333
5.23243333333
0.889133333333
2.96853333333
1.10573333333
4.84593333333
5.06143333333
2.56226666667
1.60766666667
2.2528
2.81473333333
4.53263333333
0.872
2.56553333333
SEC 5
0.8671
1.15556666667
1.9001
2.11763333333
1.0188
3.717
2.4643
1.7244
1.65333333333
2.04846666667
1.50953333333
1.85406666667
0.710766666667
1.0615
1.30306666667
2.31113333333
1.63666666667
1.76226666667
1.51156666667
0.8597
0.981333333333
1.2943
3.60053333333
1.2829
1.77576666667
2.2595
2.87526666667
2.9761
1.3752
1.4791
1.6554
1.0349
SEC 6
2.51743333333
0.483766666667
1.99656666667
1.10546666667
0.7805
2.77996666667
2.59996666667
1.48596666667
0.693733333333
1.54413333333
2.68376666667
0.713933333333
0.7942
1.4335
1.17256666667
1.6665
1.25586666667
2.04773333333
2.09773333333
5.0306
1.3829
0.891233333333
1.5789
1.12156666667
0.940933333333
0.6385
0.657133333333
1.55926666667
2.4356
1.9141
3.39813333333
0.821066666667
SEC 7
0.983633333333
1.1038
2.52
0.9865
2.53866666667
1.11376666667
2.86833333333
1.6707
1.03803333333
2.4329
1.14476666667
2.10526666667
3.4692
2.43516666667
2.7558
3.3531
2.64246666667
1.4904
2.69813333333
1.60783333333
1.49906666667
1.63353333333
1.38866666667
1.3493
2.26973333333
1.73193333333
1.57713333333
1.28756666667
1.68983333333
2.7063
0.730166666667
2.8488
SEC 8
5.34733333333
1.99433333333
0.911333333333
3.29746666667
1.56486666667
3.85656666667
2.52376666667
0.869366666667
0.996266666667
1.673
0.833766666667
3.33766666667
0.962133333333
1.2655
1.23423333333
0.7271
1.48003333333
1.96653333333
1.76196666667
2.07946666667
7.05863333333
3.09633333333
1.28796666667
4.43996666667
1.90526666667
2.90486666667
4.72156666667
3.75356666667
3.41693333333
4.44526666667
0.735533333333
1.643
SEC 9
1.9944
1.69843333333
1.04416666667
2.69393333333
2.9983
2.9556
2.7124
4.32556666667
2.69096666667
2.36223333333
4.5952
3.08003333333
2.66783333333
0.960033333333
0.972433333333
2.95636666667
0.766966666667
2.58366666667
3.89886666667
1.43576666667
1.4303
2.21353333333
2.3592
1.03213333333
3.37916666667
2.81853333333
0.9814
1.59553333333
1.7651
1.29146666667
2.96756666667
2.77313333333
SEC 10
2.19563333333
2.651
5.39783333333
1.72543333333
5.42306666667
2.0626
3.12623333333
4.37793333333
3.54313333333
1.1237
1.32273333333
1.3083
1.094
1.46226666667
0.5233
2.87466666667
1.5505
1.58823333333
0.9011
1.81566666667
1.60996666667
0.955533333333
4.2404
4.1941
1.2381
3.42066666667
1.27996666667
1.1409
5.92323333333
1.24983333333
1.18573333333
0.696766666667
SEC 11
2.21166666667
0.848433333333
0.874833333333
1.00443333333
1.62886666667
1.3677
1.58296666667
1.1126
1.40966666667
4.24656666667
1.547
1.2908
2.08066666667
2.17633333333
2.7202
0.5916
1.6943
2.12046666667
1.75933333333
0.786433333333
1.48133333333
2.26396666667
2.3502
0.991933333333
0.883333333333
4.4073
0.627833333333
0.989133333333
1.44106666667
1.747
1.4623
1.5329
SEC 12
2.368
1.60643333333
2.63166666667
0.952333333333
1.33983333333
2.75463333333
1.01143333333
2.4177
2.2471
2.1831
2.2939
2.06983333333
1.23716666667
1.25263333333
1.22303333333
1.5333
1.23603333333
1.71056666667
1.69216666667
2.5016
2.1793
1.50696666667
1.09543333333
0.979733333333
2.3183
1.7824
1.0427
1.84823333333
1.83083333333
1.30833333333
2.77703333333
1.83726666667
SEC 13
2.18113333333
3.72433333333
3.1835
2.645
1.47716666667
3.85543333333
0.594933333333
0.7915
0.637166666667
1.8476
0.6652
0.7347
2.63136666667
1.0888
2.96533333333
1.30056666667
1.93093333333
2.32776666667
2.263
2.11413333333
3.9396
3.80883333333
1.25086666667
0.774566666667
0.598066666667
1.20913333333
2.81306666667
3.15406666667
1.87703333333
1.07266666667
2.33153333333
1.56276666667
SEC 14
0.895666666667
2.3023
2.5695
2.7474
2.2602
1.70563333333
2.08123333333
2.04493333333
2.3412
3.14113333333
2.30736666667
2.99466666667
2.22856666667
1.43256666667
2.1249
2.90723333333
2.98116666667
1.6573
1.42703333333
2.03523333333
1.02026666667
2.73373333333
0.978866666667
2.52103333333
0.8399
2.77956666667
4.18426666667
1.15406666667
1.9305
1.58376666667
1.46116666667
2.98853333333
SEC 15
0.5817
0.918066666667
1.67866666667
1.49946666667
2.11426666667
1.94326666667
1.65106666667
0.962
1.49263333333
1.30663333333
1.8087
0.580533333333
0.9945
2.19443333333
1.34006666667
1.90856666667
2.3857
0.915166666667
1.05546666667
1.1957
1.82553333333
1.16083333333
1.1857
0.843266666667
1.7967
0.9548
0.836066666667
1.60316666667
1.39356666667
1.3808
0.7223
1.38146666667
SEC 16
4.6802
3.48713333333
1.9011
3.2193
3.8509
4.02596666667
1.44286666667
4.07386666667
2.2514
1.18036666667
3.1637
4.17513333333
2.22
0.897633333333
1.1948
2.59086666667
1.55933333333
5.9784
3.36636666667
2.14343333333
1.58446666667
3.83116666667
0.8101
2.96443333333
2.3873
1.06353333333
1.26213333333
2.77553333333
1.4247
0.991633333333
4.72536666667
3.92176666667
SEC 17
0.950966666667
1.50286666667
2.82056666667
3.6576
1.10083333333
1.7956
3.3084
2.54366666667
1.34203333333
1.11083333333
2.59436666667
3.64863333333
0.9293
1.9966
2.75786666667
1.36213333333
0.9536
1.10843333333
3.51866666667
1.7094
1.23103333333
0.7353
2.17573333333
2.03163333333
1.0447
1.67123333333
1.57593333333
1.9369
3.29393333333
1.31096666667
1.15056666667
1.3943
SEC 18
2.47256666667
3.51576666667
1.4027
1.29003333333
1.44466666667
1.17806666667
3.4952
2.90096666667
2.32503333333
3.70956666667
2.82823333333
2.73416666667
2.52273333333
2.92346666667
1.57753333333
2.19666666667
1.3245
1.77006666667
0.9555
2.16826666667
2.55716666667
2.82696666667
4.12766666667
2.26283333333
2.9401
1.0135
4.00113333333
2.61836666667
1.7837
1.41363333333
0.9757
2.15596666667
SEC 19
2.1559
0.944066666667
0.9481
3.31463333333
2.05146666667
2.99973333333
2.65626666667
2.55943333333
3.71116666667
0.747366666667
0.7761
3.8437
2.01226666667
1.24986666667
2.79363333333
1.0021
3.32843333333
2.6694
1.5603
2.12896666667
2.9555
3.422
3.38066666667
2.00006666667
3.645
1.4394
2.19973333333
1.48763333333
1.374
3.99773333333
0.914633333333
5.40016666667
SEC 20
3.51263333333
1.38576666667
2.64146666667
0.878966666667
2.55876666667
2.54546666667
3.7678
1.14826666667
3.5161
3.9125
0.445266666667
1.3852
1.44316666667
1.8026
0.918366666667
2.51856666667
3.41776666667
1.0624
2.51896666667
1.54116666667
2.1071
2.5835
2.35846666667
1.32856666667
3.71756666667
0.7305
1.8899
3.57186666667
2.5563
0.708766666667
0.712566666667
2.7984
SEC 21
2.30126666667
2.63363333333
0.844166666667
1.76166666667
4.36706666667
2.5426
1.15966666667
0.838366666667
2.2357
2.00043333333
1.59606666667
1.06726666667
1.20386666667
1.16006666667
1.2011
1.56416666667
2.63723333333
2.7875
2.38283333333
3.5522
1.8978
2.3737
1.7793
3.29243333333
1.57183333333
1.67086666667
1.627
1.78083333333
3.9016
2.1028
1.25766666667
2.7371
SEC 22
1.81906666667
0.7778
1.02456666667
2.99463333333
1.4568
2.5791
3.9949
1.74033333333
1.04346666667
2.68046666667
2.30383333333
1.434
1.09016666667
1.97453333333
0.788833333333
2.1164
1.2472
1.2631
1.66993333333
1.03033333333
1.19493333333
2.0995
1.6766
1.93206666667
1.86603333333
2.21033333333
2.36673333333
1.48376666667
0.831866666667
1.803
1.2608
3.42316666667
SEC 23
2.6983
2.5923
3.85243333333
1.37813333333
2.18256666667
2.49686666667
2.84036666667
4.91213333333
2.0661
1.48966666667
2.34386666667
2.05296666667
2.62783333333
1.8899
1.68576666667
2.21023333333
2.1733
1.53223333333
1.96416666667
1.7063
1.5042
2.9901
0.573433333333
2.47673333333
1.2794
2.40983333333
1.637
3.1186
1.80563333333
1.19286666667
1.34633333333
1.96113333333
SEC 24
1.34706666667
1.13606666667
0.991
2.79
3.462
1.87903333333
1.65496666667
1.56066666667
1.3309
0.926266666667
0.8222
1.3884
1.28596666667
1.41246666667
2.01273333333
1.09146666667
0.8008
0.839433333333
0.983666666667
0.949266666667
2.40386666667
1.45783333333
1.5286
2.417
2.60253333333
2.9284
1.35333333333
1.84233333333
2.7731
0.624766666667
1.488
1.20193333333
SEC 25
1.7984
1.20396666667
3.07873333333
2.2032
1.70526666667
1.15236666667
2.6011
3.6273
2.02623333333
1.43803333333
1.29876666667
2.43156666667
1.7805
1.79153333333
4.16723333333
2.55366666667
1.2365
2.6394
1.41016666667
1.6385
1.55716666667
1.94276666667
0.6644
4.52623333333
0.770933333333
1.71963333333
0.4661
0.985866666667
2.4367
2.8694
2.6002
1.3026
SEC 26
2.4914
2.64023333333
2.9668
1.88503333333
1.0467
2.97826666667
2.72766666667
1.65293333333
1.61353333333
1.68003333333
3.07276666667
1.25583333333
1.01653333333
1.60396666667
2.97736666667
3.08616666667
2.77996666667
2.0292
2.30173333333
1.6426
2.58343333333
1.6236
2.68593333333
2.3932
2.5378
0.857966666667
3.454
2.39176666667
2.0867
5.06836666667
4.01136666667
2.5298
SEC 27
2.00503333333
2.3017
1.52046666667
3.68216666667
3.56793333333
1.6391
0.915233333333
2.43096666667
2.67966666667
1.3982
1.87026666667
3.1728
2.15493333333
2.2107
1.20276666667
1.37303333333
3.6643
3.1138
1.68926666667
0.644866666667
2.2621
3.2611
2.0578
1.4978
2.8324
3.40126666667
0.900166666667
2.70013333333
3.54966666667
3.0846
1.51666666667
0.670966666667
SEC 28
2.38326666667
10.4267
9.0121
9.04576666667
1.19003333333
1.8659
2.27066666667
8.06376666667
1.94286666667
1.1022
9.3453
1.8494
3.61963333333
3.72373333333
1.98493333333
9.16093333333
7.65566666667
8.95693333333
3.42513333333
1.59133333333
1.5843
9.9643
1.31246666667
0.891166666667
1.46796666667
2.98983333333
8.5593
9.1739
3.01446666667
2.15996666667
2.1486
2.05003333333
SEC 29
1.44
1.205
2.2659
2.3779
1.60013333333
1.03683333333
1.93473333333
1.54816666667
1.256
0.738333333333
1.1301
2.2082
1.39073333333
1.36846666667
1.24263333333
1.2449
2.74613333333
1.48693333333
1.69423333333
1.05956666667
3.1071
3.3423
1.9662
2.84096666667
2.45093333333
2.49553333333
1.8063
1.87116666667
2.5834
1.59176666667
0.985433333333
2.26076666667
SEC 30
3.25523333333
1.6573
1.66083333333
3.19976666667
4.62576666667
4.22703333333
0.758666666667
2.9509
0.953566666667
4.01173333333
0.7688
1.3163
0.8149
1.5899
0.654666666667
1.9898
3.67323333333
6.00856666667
4.05286666667
1.76496666667
0.575233333333
3.41056666667
0.699866666667
1.89663333333
1.2175
3.86723333333
2.16186666667
1.5188
1.26936666667
3.0482
1.5378
3.92923333333
SEC 31
1.35406666667
0.644266666667
1.35863333333
1.6048
2.09233333333
0.864266666667
3.26503333333
2.6028
2.1173
2.38446666667
1.6263
2.24843333333
0.704266666667
1.04446666667
3.32386666667
0.972033333333
1.19013333333
1.30723333333
1.55116666667
1.36983333333
1.7164
1.8195
0.7643
1.2661
1.74896666667
2.2202
1.24526666667
2.15116666667
0.8574
0.900166666667
1.20756666667
0.552466666667
SEC 32
0.916533333333
1.6331
0.681966666667
1.16096666667
4.39726666667
2.59326666667
1.15696666667
1.60186666667
5.0472
3.2676
2.26863333333
3.0581
0.946366666667
1.48076666667
1.88203333333
1.25633333333
3.195
0.5925
1.56146666667
2.82026666667
1.36253333333
4.33686666667
1.42256666667
3.47416666667
3.42153333333
0.622733333333
1.5457
3.96683333333
1.58016666667
3.49083333333
2.70653333333
3.02396666667
SEC 33
3.0433
1.57466666667
3.86426666667
1.624
1.7811
4.83706666667
4.07003333333
1.1411
1.97796666667
3.1359
4.63166666667
3.71343333333
4.25746666667
2.5553
3.57343333333
4.2954
5.77073333333
3.41536666667
5.75066666667
3.70416666667
3.15386666667
2.3025
1.3588
3.4272
2.84976666667
2.68426666667
3.2018
0.908133333333
3.12673333333
1.51763333333
3.05466666667
2.142
SEC 34
2.79156666667
0.7592
2.60146666667
2.57506666667
1.28556666667
2.13586666667
2.3596
1.8092
0.6203
1.61116666667
1.327
0.6823
1.33533333333
1.55
1.96493333333
1.48196666667
0.668433333333
1.42783333333
2.1971
1.6483
1.50893333333
2.12696666667
1.3303
1.32683333333
1.2372
2.90476666667
0.879766666667
1.1255
1.82983333333
1.7264
2.9553
1.90073333333
SEC 35
0.6849
2.0579
1.1401
1.59753333333
2.25196666667
2.61113333333
2.35286666667
0.912433333333
2.9414
0.682566666667
2.42693333333
2.48236666667
0.8287
1.56043333333
0.954666666667
1.58626666667
1.12553333333
1.4632
3.67366666667
0.512333333333
1.1302
2.34386666667
0.741966666667
1.1222
2.16813333333
1.6629
2.65983333333
2.82126666667
1.0633
2.33793333333
2.9764
1.3091
SEC 36
1.8776
2.59243333333
2.1863
3.3519
1.77263333333
2.14333333333
2.00996666667
1.29316666667
2.5468
1.59723333333
1.38533333333
1.43846666667
1.31203333333
1.92783333333
2.45036666667
1.39226666667
2.2635
0.8308
0.621733333333
2.64943333333
2.09073333333
2.4722
1.33513333333
1.92003333333
2.67393333333
0.741566666667
2.83953333333
2.94413333333
2.22466666667
1.4919
4.8207
4.199
SEC 37
2.2059
1.49716666667
0.554366666667
1.86436666667
1.9953
0.684266666667
2.97536666667
1.8515
2.2415
2.0244
2.8015
1.07536666667
2.63003333333
0.835366666667
2.66463333333
2.80996666667
0.854666666667
1.8179
2.0314
2.3525
2.12843333333
1.42863333333
1.10993333333
1.7655
2.0627
2.1158
1.3084
2.4772
1.81033333333
0.955333333333
1.2461
2.16673333333
SEC 38
2.15313333333
1.31466666667
3.46163333333
2.88203333333
1.4527
1.33793333333
0.796933333333
2.68373333333
4.07396666667
1.86763333333
5.1377
2.3093
1.75786666667
1.04543333333
2.8165
3.37326666667
1.71126666667
1.56133333333
3.05556666667
3.66616666667
1.34383333333
1.08946666667
3.09153333333
1.28946666667
2.01473333333
1.2251
0.772266666667
3.40696666667
1.57363333333
1.29556666667
3.6443
1.83456666667
SEC 39
2.68566666667
3.4595
4.651
2.98023333333
3.58996666667
4.08203333333
4.11986666667
1.48033333333
2.5077
5.99296666667
5.03776666667
4.1392
3.10533333333
3.44756666667
3.37326666667
4.14256666667
2.71026666667
4.34493333333
2.7936
2.78623333333
4.23256666667
3.38033333333
3.9835
4.5951
4.12003333333
2.10796666667
4.65086666667
3.63383333333
4.44313333333
4.3728
3.54263333333
4.01316666667
SEC 40
1.195
1.57456666667
2.64366666667
1.9555
1.7291
1.99526666667
2.58826666667
1.0332
3.45933333333
1.87396666667
1.2541
2.3431
1.89806666667
2.0901
1.1029
1.04536666667
1.52436666667
0.607833333333
1.4537
2.1211
2.4499
1.48203333333
1.24073333333
2.58453333333
1.50446666667
1.68466666667
2.68753333333
2.48886666667
1.9149
1.42626666667
1.76846666667
1.42906666667
SEC 41
1.62163333333
3.13536666667
1.79586666667
1.32216666667
1.9924
2.3232
0.7291
1.31156666667
1.75663333333
2.01503333333
2.3087
2.02936666667
2.30373333333
2.0729
1.9612
1.40186666667
2.03653333333
0.634133333333
2.9656
1.0866
0.768533333333
1.785
1.4895
0.8199
0.985633333333
1.29283333333
1.3232
1.72323333333
1.80646666667
1.77586666667
1.15293333333
1.7082
SEC 42
1.30866666667
0.8608
1.54726666667
0.757633333333
0.596666666667
1.1169
1.83706666667
3.3023
1.03496666667
2.94873333333
2.38006666667
1.48436666667
1.8618
2.18593333333
1.77093333333
1.01356666667
1.43836666667
1.50016666667
0.8831
1.3965
1.042
3.20503333333
2.22746666667
1.1765
1.8327
1.36673333333
0.5422
2.19686666667
2.09393333333
0.865166666667
1.14996666667
2.57776666667
SEC 43
0.581066666667
1.04256666667
1.12103333333
1.67346666667
1.64283333333
2.1786
1.4152
1.3294
1.94903333333
0.534833333333
1.57033333333
0.968733333333
1.18016666667
1.75506666667
2.3342
1.18606666667
2.68856666667
1.7538
2.02196666667
1.3607
1.08363333333
0.866266666667
1.53006666667
1.58376666667
0.996666666667
1.823
1.65616666667
1.3538
1.6112
1.4138
2.83786666667
1.53373333333
SEC 44
1.32366666667
1.80826666667
1.0949
1.92096666667
3.4737
3.15516666667
4.64116666667
3.58156666667
0.8267
1.28796666667
1.91386666667
1.38296666667
2.84513333333
1.4352
1.69926666667
3.0901
1.13163333333
1.3342
2.34973333333
1.97466666667
6.19323333333
1.36756666667
0.506433333333
4.10783333333
2.81746666667
0.9619
1.34296666667
2.808
3.22176666667
1.71753333333
1.7541
0.7889
SEC 45
1.3982
2.42186666667
4.19403333333
2.61283333333
2.50773333333
1.53756666667
2.51333333333
0.862466666667
2.44463333333
3.28916666667
1.89833333333
3.37636666667
2.5933
3.19176666667
2.44
1.70286666667
2.29243333333
1.68253333333
2.44416666667
2.25166666667
3.81226666667
1.58296666667
2.48433333333
4.06523333333
1.93146666667
4.3644
5.0882
3.35596666667
1.93033333333
5.58033333333
2.70723333333
3.45656666667
SEC 46
1.68626666667
1.52463333333
1.24903333333
1.513
1.1128
5.0869
2.1178
1.20743333333
4.8441
0.968133333333
2.04806666667
2.59063333333
1.3505
2.20756666667
1.9841
2.4941
4.7162
1.8202
2.8384
2.93176666667
2.21503333333
2.14843333333
1.2327
0.959366666667
3.16323333333
1.88743333333
1.4826
1.5844
3.96643333333
1.068
3.23726666667
2.27573333333
SEC 47
2.1554
6.82186666667
2.28673333333
1.4024
1.89086666667
1.9982
1.5675
1.02426666667
1.61623333333
1.8511
0.747133333333
3.10376666667
1.13213333333
0.509633333333
1.22063333333
0.9473
2.264
3.02576666667
4.13106666667
1.6522
1.1146
2.1083
2.39843333333
1.08276666667
0.558766666667
2.5214
1.06916666667
2.90693333333
1.7338
1.93313333333
3.39496666667
0.877833333333
SEC 48
2.36166666667
1.919
3.44186666667
2.7079
0.872733333333
1.44753333333
3.49146666667
4.5418
2.26526666667
2.15276666667
0.977966666667
1.86663333333
4.0524
0.9926
1.69506666667
1.17543333333
3.93786666667
1.27166666667
2.80483333333
1.33973333333
0.6407
1.29173333333
0.9354
2.58933333333
2.19333333333
1.13236666667
1.35713333333
3.58986666667
1.27096666667
1.36623333333
3.16586666667
0.749933333333
SEC 49
3.3321
1.62853333333
3.00146666667
3.91573333333
3.01766666667
1.6526
2.38236666667
2.65363333333
2.8522
2.6719
2.22533333333
2.4214
1.2341
2.54193333333
2.1038
1.558
2.3189
1.34896666667
2.07773333333
2.12166666667
1.38586666667
1.47156666667
1.81473333333
2.602
2.1894
3.11093333333
2.66916666667
1.66736666667
0.640133333333
2.02646666667
1.4674
1.70016666667
SEC 50
2.1741
1.5385
3.31193333333
3.24953333333
1.35816666667
3.01953333333
1.14076666667
1.8078
3.74193333333
1.48056666667
3.75126666667
1.00433333333
1.1357
1.16046666667
1.6415
1.04276666667
1.0454
1.70583333333
1.58486666667
2.27473333333
1.11286666667
2.04936666667
3.18856666667
2.37943333333
1.52926666667
1.0546
0.962566666667
1.4953
3.00383333333
2.305
0.624333333333
0.780033333333
SEC 51
1.97496666667
3.58543333333
1.8578
0.904933333333
1.22203333333
1.53543333333
2.0108
1.55293333333
2.07333333333
1.32826666667
1.27316666667
1.5065
1.65816666667
1.9469
1.2821
2.2367
1.8711
1.069
2.3135
2.05606666667
1.71196666667
1.5583
1.55793333333
2.63833333333
1.4143
3.15626666667
2.42666666667
2.3219
1.88313333333
1.79736666667
2.3253
3.28813333333
SEC 52
5.2215
3.67583333333
4.02293333333
0.831866666667
0.786766666667
2.84506666667
2.96286666667
1.13506666667
2.4575
3.01773333333
1.911
3.5228
3.34733333333
4.13463333333
0.9968
5.66586666667
3.1012
1.0163
1.1081
0.8338
1.17416666667
3.1168
1.5398
1.801
4.31133333333
3.5825
1.72383333333
2.3218
1.94296666667
2.97573333333
3.098
1.31213333333
SEC 53
4.58586666667
4.85726666667
3.02183333333
3.83883333333
3.2307
2.59386666667
3.6168
1.3913
4.6289
3.23303333333
1.85586666667
2.52693333333
1.82713333333
4.00893333333
2.27163333333
1.54533333333
3.3827
6.84546666667
3.91686666667
8.0026
4.94646666667
3.01346666667
0.560033333333
4.50573333333
4.51013333333
7.76343333333
11.7368666667
4.92663333333
3.22376666667
1.2702
3.0127
9.54656666667
SEC 54
9.50353333333
2.1901
9.67813333333
3.3104
4.10203333333
6.37063333333
9.78533333333
7.11213333333
8.71666666667
9.3159
8.74016666667
3.11036666667
10.6185
1.4606
8.20256666667
9.83396666667
9.6713
7.8453
1.7203
9.9426
9.8955
8.18653333333
11.5906
8.63786666667
9.9555
2.22406666667
7.34963333333
8.26933333333
8.80216666667
8.677
8.54763333333
2.09633333333
SEC 55
0.7759
2.65663333333
1.587
1.89433333333
3.15453333333
2.36383333333
1.12263333333
2.17803333333
2.37643333333
1.60226666667
1.6177
1.7103
1.68266666667
1.5358
1.96366666667
1.75333333333
2.21243333333
2.0418
1.74763333333
1.1789
2.17626666667
4.71253333333
1.91313333333
5.25046666667
1.30566666667
2.34643333333
1.77823333333
2.06056666667
2.5007
1.02383333333
2.12033333333
3.18296666667
SEC 56
0.7287
0.898166666667
3.7479
0.8917
1.05003333333
1.58243333333
3.0506
0.8673
1.49053333333
1.84
1.64136666667
0.8321
0.795333333333
0.852066666667
2.40153333333
1.15573333333
2.48546666667
1.675
3.09233333333
1.12763333333
1.60823333333
1.01926666667
0.892166666667
1.79413333333
1.64013333333
0.6189
1.6731
0.960466666667
2.01436666667
0.658133333333
0.577566666667
1.27876666667
SEC 57
1.3758
0.8964
2.11716666667
2.77313333333
2.82726666667
2.25153333333
0.906733333333
2.77576666667
2.11126666667
1.676
1.21966666667
2.1511
1.2223
2.58633333333
2.1162
1.0902
1.39543333333
2.1271
3.91793333333
2.4213
3.2024
2.5604
2.4646
1.01666666667
1.3373
1.19296666667
1.0135
1.85543333333
2.09043333333
1.4014
1.5151
0.775266666667
SEC 58
1.67926666667
3.7298
1.52636666667
2.14076666667
1.31556666667
1.8268
1.84963333333
2.28553333333
1.01366666667
1.09766666667
5.2571
0.8805
2.3672
1.2035
0.850566666667
1.53726666667
0.920633333333
3.7652
2.95486666667
0.854033333333
0.736266666667
0.699633333333
1.84376666667
0.580666666667
0.986266666667
1.87206666667
0.916866666667
2.14486666667
1.99023333333
2.3724
1.85803333333
2.98016666667
SEC 59
0.683733333333
1.7779
1.17523333333
0.6606
2.26796666667
3.22616666667
2.72676666667
2.05486666667
2.08256666667
1.4684
2.5953
2.66946666667
2.46433333333
2.30403333333
5.77176666667
0.904566666667
2.4463
0.936266666667
2.38463333333
1.06506666667
2.71473333333
5.73666666667
1.1102
4.3161
2.38433333333
1.5946
1.79826666667
1.06356666667
2.11546666667
1.3745
1.6582
1.19443333333
SEC 60
1.01663333333
2.7333
2.93103333333
2.67196666667
2.1993
1.7978
2.0119
1.35113333333
2.43926666667
2.0925
1.52453333333
1.2463
3.71763333333
1.6042
1.38926666667
1.07246666667
3.4129
2.93433333333
4.6873
1.12163333333
1.65176666667
2.55986666667
2.1758
2.98403333333
2.82896666667
3.65403333333
4.69696666667
2.08416666667
3.81126666667
2.573
0.9353
2.6917
SEC 61
0.947533333333
3.1739
1.0075
2.45016666667
1.06326666667
0.9044
2.07283333333
0.926066666667
1.39876666667
2.00213333333
3.26073333333
1.3065
6.1544
2.4793
1.13676666667
1.03616666667
1.20676666667
1.46073333333
2.7395
2.33543333333
0.799666666667
0.693033333333
1.09536666667
0.657166666667
0.887466666667
0.648766666667
1.91223333333
2.79486666667
2.5167
1.1751
3.9763
2.66646666667
SEC 62
2.6289
0.8933
3.618
2.51216666667
2.4958
1.0358
1.59383333333
2.96453333333
1.476
1.07143333333
1.37453333333
1.7759
0.881533333333
3.85966666667
2.84786666667
0.964133333333
0.832766666667
3.49966666667
1.26826666667
3.47913333333
1.42893333333
3.04983333333
4.5413
3.4786
1.04586666667
4.125
1.52466666667
1.49916666667
1.98516666667
1.591
1.2521
0.7673
SEC 63
2.8082
1.79886666667
1.46413333333
0.676033333333
1.9
0.875033333333
1.23566666667
3.32993333333
1.082
0.598933333333
2.0285
1.716
2.142
2.97933333333
1.8431
0.557966666667
2.88493333333
1.85323333333
2.0274
1.2295
2.75326666667
2.07446666667
0.748166666667
1.0008
1.285
1.40273333333
2.19506666667
1.68626666667
1.2519
1.08683333333
0.9311
3.329
SEC 64
1.4666
2.54356666667
1.55536666667
0.898766666667
1.7317
1.76763333333
0.742166666667
0.923933333333
1.9697
1.67233333333
0.725033333333
1.46426666667
0.9324
1.15513333333
1.04206666667
2.1561
1.63676666667
1.29486666667
1.77946666667
0.719266666667
1.63826666667
3.05056666667
2.07703333333
1.1382
2.10146666667
1.25366666667
1.3908
2.65123333333
1.87116666667
2.01063333333
0.818466666667
1.06746666667
SEC 65
1.50196666667
0.650466666667
0.901666666667
3.7231
2.28086666667
1.8284
0.945066666667
1.97426666667
1.35413333333
0.8391
1.1302
2.86613333333
1.8936
3.57866666667
0.6004
2.14186666667
1.54236666667
1.1523
0.922966666667
1.25756666667
1.2749
0.839566666667
2.89493333333
1.34033333333
0.863566666667
1.08743333333
1.25586666667
0.788866666667
1.213
1.72963333333
1.7347
1.00783333333
SEC 66
0.8838
0.779433333333
1.95176666667
1.52976666667
1.04153333333
1.8808
1.99536666667
1.47993333333
2.0126
0.9154
0.992133333333
1.9043
1.72166666667
0.708566666667
1.92276666667
2.4903
0.7539
1.6068
1.16236666667
2.44713333333
1.25383333333
1.21743333333
1.1466
2.73546666667
1.487
1.7517
2.00273333333
3.68773333333
0.6394
1.68663333333
1.35266666667
0.551166666667
SEC 67
2.35166666667
2.19696666667
0.785
0.660833333333
1.98556666667
1.63453333333
1.69846666667
1.05316666667
1.5218
2.22223333333
2.26853333333
3.1463
2.07043333333
0.759133333333
2.18643333333
1.46456666667
1.9815
1.04033333333
1.09153333333
0.907333333333
2.18756666667
3.62093333333
1.45406666667
3.18223333333
1.12386666667
1.88623333333
2.16726666667
1.93793333333
0.9488
2.30503333333
3.14906666667
0.978966666667
SEC 68
2.3015
0.923133333333
1.32253333333
3.2223
5.803
0.850866666667
2.19186666667
0.8318
1.0561
1.21943333333
2.94466666667
0.895166666667
1.93106666667
1.04893333333
2.84533333333
1.27993333333
3.85723333333
2.40113333333
1.51163333333
2.82236666667
1.76673333333
3.2213
2.97013333333
0.775666666667
1.28186666667
3.5906
2.4089
0.8309
1.5212
2.56826666667
2.4707
1.064
SEC 69
1.4122
1.45393333333
1.28526666667
3.0116
1.06146666667
1.352
1.68036666667
2.8938
2.83676666667
2.2487
1.61983333333
1.9644
3.31746666667
1.5184
2.7821
0.632066666667
1.96386666667
1.1802
2.1054
1.3701
1.38773333333
1.03416666667
0.8008
2.79873333333
1.73433333333
1.64496666667
0.887233333333
0.9363
1.16243333333
0.669433333333
1.8042
2.06633333333
SEC 70
0.699433333333
1.09636666667
0.935766666667
1.03623333333
0.697033333333
1.301
2.08376666667
2.36783333333
1.8305
0.727866666667
0.922233333333
1.39496666667
1.79903333333
2.09073333333
1.41926666667
2.16536666667
5.2141
1.3607
0.9282
3.44556666667
2.01673333333
1.09143333333
2.2607
1.8384
1.96693333333
1.19723333333
1.82313333333
1.20806666667
2.53273333333
1.61323333333
1.3736
2.3143
SEC 71
3.40913333333
1.70523333333
3.87983333333
1.9597
2.2152
3.07266666667
2.0669
1.36006666667
1.04736666667
1.27233333333
1.8473
2.9325
2.05046666667
1.83026666667
2.05073333333
2.40886666667
2.45013333333
1.97143333333
2.1666
3.38513333333
2.8742
1.4169
1.96076666667
1.94526666667
1.89516666667
2.54153333333
2.62803333333
2.79066666667
1.2291
2.4611
2.3775
3.89356666667
SEC 72
1.26536666667
1.5662
0.928666666667
3.6272
2.89773333333
2.60366666667
2.30513333333
1.72246666667
1.21406666667
1.92036666667
1.99906666667
3.2141
1.03603333333
2.13643333333
0.734966666667
1.56693333333
1.97336666667
0.9359
1.26316666667
1.404
1.84533333333
1.36543333333
0.819633333333
1.54276666667
2.08733333333
1.34746666667
1.32473333333
1.15083333333
1.29076666667
0.937166666667
1.24093333333
1.85236666667
SEC 73
1.43276666667
0.5805
3.04366666667
1.49803333333
1.30273333333
3.30373333333
3.1662
4.3081
0.662633333333
2.12013333333
0.831266666667
2.17383333333
1.04306666667
2.2528
1.3729
0.7439
1.66166666667
2.1084
2.32833333333
1.40696666667
4.0885
1.09106666667
2.61843333333
2.24313333333
2.55446666667
2.6247
0.9075
2.0708
1.75656666667
2.83996666667
2.23883333333
2.6873
SEC 74
4.141
3.11956666667
1.00783333333
1.05836666667
1.64713333333
3.67556666667
4.0228
1.1305
3.06413333333
1.3512
2.75993333333
1.472
2.9535
2.7346
2.59976666667
5.10683333333
2.45453333333
1.29346666667
1.77753333333
1.80956666667
4.14756666667
2.73253333333
1.7686
1.14026666667
2.29376666667
2.94893333333
2.053
1.84896666667
3.91026666667
2.1614
4.57513333333
3.16543333333
SEC 75
0.8879
2.07893333333
2.07113333333
1.96476666667
2.1372
2.99543333333
6.0161
0.839266666667
0.9415
2.60256666667
1.8563
3.33046666667
1.4328
2.62896666667
2.00133333333
1.2643
3.01623333333
4.54943333333
0.5701
0.861566666667
1.7238
2.035
1.94286666667
2.78093333333
2.90616666667
1.94903333333
0.9448
0.529766666667
2.31403333333
2.90013333333
1.18726666667
1.27936666667
SEC 76
2.83576666667
1.6772
1.16886666667
3.18603333333
3.32516666667
2.66406666667
1.35366666667
1.40003333333
2.43833333333
2.42733333333
1.88986666667
4.81396666667
3.5331
3.1164
1.114
6.25723333333
1.11533333333
0.688466666667
0.882566666667
1.40546666667
2.7099
3.34936666667
1.56283333333
1.5536
0.791633333333
1.10953333333
1.76313333333
3.102
1.04613333333
3.12116666667
0.891766666667
3.10983333333
SEC 77
3.7541
3.4852
0.999
4.0385
2.67483333333
3.6299
3.53433333333
5.09296666667
4.30103333333
1.67276666667
3.72033333333
5.05113333333
3.1943
2.73503333333
0.812966666667
0.722466666667
1.08063333333
1.71646666667
1.9249
2.68246666667
1.5011
4.97063333333
2.531
2.70183333333
3.69843333333
0.881733333333
3.1897
2.03476666667
2.31856666667
1.94166666667
1.96846666667
2.69473333333
SEC 78
3.31766666667
2.57686666667
4.07166666667
4.70513333333
3.1994
2.5856
3.8466
2.8188
2.2381
1.08966666667
6.0901
5.5492
5.43196666667
5.74703333333
4.40803333333
4.99316666667
4.65393333333
3.389
4.2601
5.3892
2.78276666667
4.28496666667
4.74756666667
4.40643333333
2.12956666667
1.36976666667
4.8324
2.8812
4.708
6.5651
5.47253333333
6.40076666667
SEC 79
2.4842
3.17516666667
5.295
3.18816666667
1.65783333333
2.22966666667
2.98546666667
1.9079
3.97206666667
2.21313333333
1.91066666667
1.55756666667
2.6925
1.11543333333
2.09463333333
0.8708
1.74163333333
2.6207
1.07376666667
3.21926666667
3.68316666667
4.03073333333
2.77333333333
3.8129
2.315
2.7093
0.740466666667
0.977733333333
2.0705
3.54506666667
4.0792
3.10936666667
SEC 80
1.0267
0.971666666667
1.60246666667
2.02376666667
2.2621
1.24596666667
1.94433333333
0.996666666667
1.78943333333
0.682233333333
2.80796666667
0.629033333333
2.01243333333
1.59283333333
1.07416666667
2.1226
1.7555
0.8904
2.72206666667
1.93523333333
1.30906666667
1.9334
2.58713333333
2.51703333333
0.900933333333
1.10456666667
2.25093333333
2.00413333333
0.947366666667
1.8503
2.2639
2.39023333333
