r=1, wt=64, c=24
1401
2036
2233
2948
2645
3602
3438
3574
3737
3068
3280
3705
3458
3769
3418
3696
3591
3523
3135
3218
3492
3464
2109
3193
2439
3874
3856
3832
3629
3643
3441
3361
3530
3578
3074
3781
2985
3397
3547
2726
2961
3444
3567
3613
3485
3347
3214
3393
3226
3164
3477
3400
3335
3151
2773
2866
3454
3062
3384
3276
3043
3429
2083
2768
3256
3179
3739
3565
3297
2625
2589
3344
3234
3084
3467
3719
3073
3564
3207
3422
132588
AVG: 3306.52857143

r=2, wt=64, c=24
1280
2322
2439
2970
2946
2925
3817
3720
3416
3827
3440
3422
3561
3571
3708
3562
3737
3482
3557
3587
3593
3426
2967
3728
3327
3640
3155
1608
2097
3717
3248
3871
3872
3640
3652
3699
3463
3717
3802
3562
3333
3902
4134
3733
3602
3476
3096
3736
3829
3593
3356
3855
3799
3046
3821
3818
2912
3570
3455
3437
3751
3091
3639
3739
3669
3534
3599
3428
3453
3155
3351
3181
3132
3590
3652
3380
3477
3047
3463
3088
149538
AVG: 3494.04285714

r=3, wt=64, c=24
1361
942
2075
2762
2702
3471
3143
3314
3536
3367
3962
3802
3811
3297
3336
2966
2918
3461
3750
3671
3736
3153
2928
3582
3460
3189
3134
3738
3377
3516
3694
3499
4022
3406
3750
3845
3258
2905
3508
3637
3670
3378
3532
3506
3545
3490
3768
3068
3397
3578
3525
3774
3545
3317
3532
3709
3404
3590
3384
3472
3800
3680
3636
3962
3660
3552
3754
3361
3434
3521
3399
3580
3793
3522
3449
3748
3865
3735
3654
3561
113973
AVG: 3506.12857143

