r=1, wt=64, c=32
1293
2271
2614
3389
3227
3517
3509
3639
4100
3848
3657
3872
2573
2582
3474
4091
3590
3798
3776
3710
3582
3667
3624
4070
3732
3419
3515
3728
3898
3765
3646
3624
3769
3847
3774
3908
3792
3342
3827
3046
3390
2265
4042
3779
1335
3424
3375
3453
2923
3756
3779
3773
3190
2187
3489
3279
3411
3249
3591
3435
3913
3562
3170
3104
3177
3399
3688
3472
3541
3307
3295
3356
3562
3311
2511
3228
3195
3711
3441
3091
93861
AVG: 3468.62857143

r=2, wt=64, c=32
1065
2075
2273
2938
2700
3426
3621
3494
3781
3192
2079
3220
3566
3461
3358
3483
3219
3602
3831
3570
3420
3589
2376
3424
3256
3832
3567
3558
3465
3420
3576
3663
3813
3487
3544
3423
3437
3506
3631
3721
3017
3628
3564
3573
3928
3587
3348
3143
3583
3172
3337
2932
3475
3068
3688
2503
3543
3785
2681
3501
3570
3634
2509
3422
3368
3530
3620
3590
2772
1844
3692
3859
3537
3278
3414
3544
3807
3366
3721
3691
103995
AVG: 3390.08571429

r=3, wt=64, c=32
1468
2291
2213
3107
3333
2074
3245
3822
3668
3663
930
3585
3772
3874
3876
3619
3869
3453
3546
3678
3618
2404
2722
4158
3966
3949
4210
3677
3935
3595
3856
3533
3055
3555
3552
3813
3852
3806
3764
3694
3731
3079
3629
3320
3120
2062
3727
3822
3457
3693
3555
3564
2380
3376
3468
3307
3766
3694
3535
3626
3171
3626
3659
3705
3493
3451
3794
3453
3515
2099
3396
3537
3407
3535
3590
3571
3369
3803
3862
3445
99659
AVG: 3467.57142857

