r=1, wt=8, c=12
770
1418
1667
1610
1924
1773
1429
2484
2266
2479
2594
2447
2525
2353
2371
2376
2693
2567
2455
2485
2496
2270
2424
2338
2546
2523
2443
2278
2548
2464
2270
2409
2548
2475
2492
2504
1429
1923
2453
2399
2094
2431
2503
2600
2476
2235
2459
2281
2532
1897
2223
2558
2458
2542
2418
2670
2379
2505
2472
2499
2439
2504
2423
2599
2527
2260
2406
2534
2604
1754
2622
2633
2515
2516
2313
2463
2648
2090
2323
2173
121947
AVG: 2391.57142857

r=2, wt=8, c=12
986
1268
1443
1511
1972
1861
1754
2005
2088
2052
2313
2100
2377
1795
2437
2256
2464
2293
2451
2485
2157
2479
2304
2352
2215
2013
1867
2188
2381
2289
1539
2542
2445
2271
2496
2460
1826
2173
2302
2379
2329
2054
2191
2303
2329
2177
2500
2473
2473
2425
1761
2429
2449
2360
2383
2392
1706
2369
2455
2473
2357
2408
2663
2360
2364
2477
2520
2334
2243
2068
2253
2501
2257
2196
2515
2475
2453
2103
2451
2258
106566
AVG: 2270.8

r=3, wt=8, c=12
845
1552
1583
1580
1832
1742
2070
2434
2430
2549
2105
2361
2529
2477
2253
2104
2306
2504
2135
2105
2469
2365
2595
2442
2362
2245
2237
2622
2362
2108
2581
2071
2674
2267
2430
2743
2439
2670
2659
2399
2361
2519
2756
2952
2916
2397
2504
2813
2395
2461
2733
2900
2906
2777
2339
2341
2575
1983
2191
2774
2637
3007
2816
2938
2763
2901
2725
3238
2766
2642
2650
2473
2404
2700
2730
2692
2695
2701
2296
2702
130066
AVG: 2511.81428571

