79961950
78806672
84314433
84633695
73765801
88046585
70840930
76735847
74381309
78585122
74012196
75860312
63214913
71803360
89227055
75447013
76791212
73648593
73529814
80467061
59257544
72162997
66961579
82750352
68507337
80876722
78804000
66997354
81369042
76719122
76232049
78410240
75937412
74329244
77145525
90524469
89499296
82870028
86100813
78784754
77235572
76873525
73389201
83134193
79701028
73342309
73395796
83308785
80200492
75055968
90653619
90678240
72725679
88241100
79136620
77444706
74346593
77529672
80870231
83546352
72738602
85765322
59421656
74294216
79879081
75359165
95378445
83705101
86971085
75966446
88743526
78755177
68855935
77135083
84266305
86256943
76134536
71783372
72324203
76568803
66784008
AVG: 78184971.4085
