r=1, wt=32, c=8
1348
1974
2752
3117
3047
3793
3430
3433
3657
3739
3515
3371
3316
3591
3658
3290
3457
4314
3637
3375
3026
3612
3509
3659
3215
3987
4057
3745
3739
3486
3833
3003
3481
3380
3442
3631
3662
2149
4119
3479
3601
3690
3630
3899
3378
4051
4041
2331
3186
3415
3411
2552
2939
3715
3714
3528
3729
3802
3564
3597
3520
3381
3482
3266
3682
3876
3630
3901
4146
3770
3566
3716
3265
3979
4290
3527
4365
3642
3560
3474
126
AVG: 3557.18309859

r=2, wt=32, c=8
1377
1832
2522
3320
2734
3554
3648
3580
3648
3118
3035
3374
3347
3220
3957
3463
3543
3662
3736
3784
3650
3689
3830
3741
3742
3897
3635
3745
3876
3711
3420
3558
3761
3626
3182
3436
3646
3591
3527
3675
3124
3642
3986
3907
3275
3181
3105
3263
3096
3768
3786
3133
3693
3368
3353
3139
3130
3314
2646
3732
3098
3570
3631
3468
3819
3760
3420
3418
3316
3365
3485
3300
3144
3142
3235
3648
3814
3514
3525
3533
AVG: 3491.7

r=3, wt=32, c=8
651
2081
2797
3474
4069
3696
4246
3671
3389
3320
3062
4365
3099
3725
3600
3933
3435
3706
3600
4281
4473
3290
3800
2161
3509
3632
3530
3435
3227
3572
3172
2817
3063
3334
2846
3601
3843
3997
3938
3706
3867
3404
3726
3455
3793
3335
3956
3316
3113
3159
3666
3883
3668
3460
3668
3396
3548
3429
3215
3824
3307
3251
3078
3916
3930
3676
3844
3816
3587
3141
3498
3150
3149
3716
4150
3640
3722
3757
3379
3516
AVG: 3545.2

