r=1, wt=32, c=1
452
637
710
790
736
721
729
911
721
968
889
859
822
1001
1082
1016
984
891
973
1040
986
1005
997
1035
981
998
997
942
982
776
1007
1046
975
1028
909
1035
1020
985
1015
972
891
912
974
981
854
940
982
974
849
929
968
927
916
986
935
901
983
1050
923
995
1021
919
927
970
936
879
1058
843
983
1025
988
953
1005
962
935
978
999
1034
959
897
101
AVG: 951.408450704

r=2, wt=32, c=1
591
725
676
737
818
749
739
844
917
958
886
940
963
972
925
1061
949
880
1088
1056
998
971
956
845
1029
1043
953
1032
993
990
1019
935
1032
1105
989
898
1116
972
919
988
941
977
1019
925
1007
1029
970
975
998
930
1042
982
989
1054
870
989
1035
1046
1040
980
1043
1029
1009
881
988
966
1038
804
907
858
981
873
1146
1038
950
1000
1014
1043
994
945
7
AVG: 972.098591549

r=3, wt=32, c=1
562
702
887
876
887
954
1091
936
1135
1097
968
1018
991
1072
1052
1103
1085
1062
963
1034
1072
907
1042
1030
1126
1088
1040
1084
1086
977
1083
1056
1062
1074
1108
1136
1026
989
1193
1037
1045
1004
987
1049
1129
905
1140
1169
1048
963
1029
1091
1101
1074
1111
1203
1067
1108
1126
1095
1127
1012
992
1161
1134
1137
1120
1042
898
1077
1010
1150
1029
1081
999
1082
1033
899
1004
1002
43
AVG: 1060.16901408

