r=1, wt=16, c=16
1033
1730
1765
2754
2840
3343
3475
3739
3740
3539
4116
3835
3766
3031
4280
4025
3729
3384
4129
2624
3862
4201
4106
3450
3796
4033
3542
2872
3775
4526
3677
2741
3863
4162
3646
3814
4365
4158
3726
3861
3205
3656
4106
3917
3914
3630
3493
3493
3918
3495
4173
3469
3491
3732
4052
4103
3532
3046
3653
3853
3377
3720
3777
3071
4344
4096
4050
3476
3904
3984
4104
3572
3820
3257
3039
4255
3824
3715
4415
3288
200
AVG: 3728.28169014

r=2, wt=16, c=16
1519
2137
2282
2544
2714
3158
3337
3134
3327
3417
3791
3744
3517
3146
3337
3432
3233
3101
3742
3862
3476
3288
3309
3202
3467
3314
3659
3433
3483
3536
3502
3449
3230
3463
3251
3032
3719
3504
3693
3189
3161
3067
3476
3776
3760
3206
3661
3756
3807
3541
3146
3294
3214
3827
3617
3282
3413
3391
3328
3417
3227
3346
3245
3498
3254
3405
3299
2872
3815
3881
3415
3757
3306
3529
3482
3380
3551
3389
3416
3354
AVG: 3427.82857143

r=3, wt=16, c=16
1450
1878
3564
2916
3685
4281
4446
4702
4446
4306
4580
4205
3751
3496
4004
3587
3555
4064
3565
4019
4416
4551
3742
3937
4025
2036
3874
3812
3145
4007
4342
4000
4601
3629
3192
4031
4264
3990
3670
3636
3335
3914
4134
3540
3765
5007
4145
4670
3530
3177
4765
4653
4129
3968
4117
3125
4453
4351
4484
4625
3805
3357
3638
3474
4571
3872
4526
4765
4209
3182
4993
3589
4008
4130
4386
3618
2718
4281
4652
4658
942
AVG: 3998.83098592

