r=1, k3
800790
389488
353809
296115
270685
298175
246639
211621
195986
187206
236447
167335
204791
199523
182541
164233
162986
147488
160103
171005
148245
142498
171816
176616
161018
164976
162784
141130
175877
179470
180018
139742
151338
157962
165965
161202
139008
172301
175622
164540
159752
146820
151296
161152
177478
186976
173749
229072
183586
179507
155723
163707
165353
182944
173785
145203
134273
148934
144738
150474
161638
171003
164540
162772
146058
152344
165698
170409
184577
170907
166823
159368
171674
155572
150876
167300
146123
211640
149348
161674
109020
AVG: 170482.929577
r=2, k3
766082
350509
389254
379379
303185
269552
190398
228680
153495
233637
185886
157755
198649
165018
175087
176762
154508
148195
150642
164608
171274
164010
186276
146916
148191
189807
148606
194696
173041
160608
179067
166625
170896
141287
149148
179491
181591
169461
154750
166348
156065
166012
168777
181969
163284
146767
157881
190022
186386
182707
164474
161036
190989
189385
187571
147489
152243
174781
150874
145624
156365
146548
163706
162939
165485
163632
183139
159328
154936
206445
163636
160062
216389
185315
175961
162467
163542
155702
193044
151793
102824
AVG: 171628.873239
r=3, k3
1024828
376834
299392
403489
314851
314255
193918
163323
173766
191677
180594
192002
172721
193383
152443
169097
173487
167464
178993
174327
166754
148817
173455
146293
152681
167009
156623
168268
179423
165461
158146
151575
152093
180765
158518
159307
172702
163576
169806
147498
166249
158458
143882
148994
207949
186835
153796
146896
152067
163640
155401
145355
156706
146720
160003
165111
162015
172827
153805
149979
172762
157244
164575
185811
156161
142479
151792
173902
244058
163559
141053
174154
157696
173486
159307
155607
152482
166362
164391
178639
104332
AVG: 167613.43662
