r=1, k6
1184346
645667
410642
356488
399286
348222
361550
349901
237361
312428
224262
271015
271554
226405
229492
238264
230480
226840
259830
213527
246505
309671
238182
218539
246782
215196
247199
223983
213465
244153
217089
204544
228561
201334
235778
210403
211545
256705
204096
250798
263629
220338
214353
187391
207447
243200
247965
240997
212792
207908
228917
213116
254661
222374
246529
216492
193866
213563
197171
217350
234124
221973
231701
230953
212164
227758
207821
221765
246375
221997
209892
215338
222449
233819
226042
278672
253138
219625
223713
226571
139052
AVG: 235472.690141
r=2, k6
1003787
573656
362564
379580
335554
371745
385979
301688
213363
250879
245607
242538
217459
216295
277605
266069
305088
246852
203458
229095
258312
237737
223487
233724
244682
250269
250034
202759
275638
245229
236001
218060
241545
242179
226637
224483
255547
236355
236534
267718
211983
278991
225406
233383
239104
217652
212423
237111
278373
242493
247534
255510
227382
232057
268013
231792
223542
237172
223991
228305
234898
246147
236534
230230
209025
208675
223587
217115
219332
222754
248178
240153
280717
244690
241348
321926
230198
242905
241130
259185
136078
AVG: 244481.352113
r=3, k6
1176540
561922
525543
579435
334837
381031
318634
340866
280400
309196
211009
238474
227359
235651
263502
253701
248404
231785
231320
234146
204716
213326
202884
193421
206296
211130
234385
204343
215759
208562
195402
218482
210337
200222
203316
214215
216401
254827
214815
213654
216113
215293
199022
242209
231807
222137
225837
234512
210433
264976
215414
223234
192186
211110
210714
208667
241595
237544
282979
272680
239475
228510
209014
211647
212029
208721
216730
219120
230047
235499
220338
242418
211106
270449
251202
219522
273177
238396
206750
260539
AVG: 231524.828571
