120802833
111955012
134185104
179906385
179314184
169706823
146085350
154468913
144557112
154354401
134506601
129542025
136658719
177557641
124365858
181125024
156899859
96002614
170007455
158344744
138911572
100386349
117434417
127389554
141500003
132267968
130964737
162845548
141373764
151282892
148073065
154553021
129793290
143896761
144502815
161249720
82984728
133032979
155069049
144154232
117460879
131796954
123741388
162961898
146199479
139009115
150346206
129324878
138758036
82776364
145902714
102609412
132939628
146927856
139961284
88647192
122497038
134975987
143291970
87604922
128910415
128448935
143681153
145146556
167502263
174097158
152013805
134713913
138229840
146147941
124277507
123299371
131069315
133857550
148401529
166575048
121459438
134100801
157164569
150327669
162260880
AVG: 138450071.859
