r=1, wt=8
282
285
289
296
379
369
326
275
299
300
347
273
296
300
289
305
330
296
295
295
272
316
281
289
225
257
233
276
277
263
299
349
293
246
318
284
278
336
284
268
261
268
270
315
315
333
339
297
270
291
325
373
405
298
262
395
307
320
308
264
265
337
358
277
291
283
290
282
294
418
388
344
350
348
296
329
302
285
265
318
70
AVG: 304.295774648

r=2, wt=8
229
374
337
314
312
269
248
243
305
318
307
274
301
261
267
263
249
270
277
365
345
321
293
246
233
200
259
147
122
154
182
295
91
167
289
226
244
94
181
88
368
266
392
315
295
271
249
326
321
284
287
272
248
314
323
319
238
340
370
351
377
451
373
335
374
318
280
276
282
326
306
406
311
355
351
324
274
299
303
330
40
AVG: 281.521126761

r=3, wt=8
233
287
290
296
196
290
277
289
308
282
286
263
249
374
332
292
311
254
333
389
359
343
358
303
319
301
336
297
319
323
298
257
291
293
279
286
288
303
286
342
304
271
320
301
286
291
261
280
321
304
311
317
308
298
282
291
392
331
303
300
331
400
316
306
295
300
310
319
372
294
287
269
380
308
340
293
265
251
335
313
32
AVG: 308.478873239

