145614
43207
85691
26742
182882
29505
54933
112846
27825
37356
32501
58538
31198
60905
43318
65668
62180
67132
39506
51073
46396
68144
34055
54819
61003
56255
40150
65484
37847
57944
68400
24787
69459
64005
41421
46270
52608
53777
50284
71561
48063
42851
62324
70991
32128
49920
62696
64262
56783
49879
44715
37380
82199
65398
45999
50319
42778
48156
39087
53482
49483
46410
64751
45684
77854
54227
69670
43078
51834
39192
42965
52824
61382
68759
45349
66886
45479
71825
55630
40447
22240
AVG: 53083.2535211
