r=1, wt=64, c=32
1175479
571340
988675
959575
523507
441260
461858
740849
570855
379013
668710
563024
807090
471217
458165
603948
466006
491423
424663
555326
611942
584542
852498
540506
787389
687931
942624
600321
649419
699201
438159
583780
713951
683974
654279
827744
650466
779805
1032909
664179
954069
608432
864543
692673
1142964
516570
1023776
941524
743344
727481
853637
631840
572251
651855
704191
529275
714634
781158
1063934
623052
696265
662196
538431
700307
884923
462454
493067
613613
672335
789881
643807
742281
700753
761215
1689894
1218174
603080
888845
653987
689699
AVG: 692595.014286

r=2, wt=64, c=32
583154
1238310
550699
1057541
1328745
622362
678436
562849
858134
618559
500691
742941
605565
689840
600770
510352
763612
868946
402835
490280
547978
655835
667993
628846
930359
745066
732238
552731
474738
1078824
761953
771155
831829
644896
529913
851997
895363
484891
745163
698273
568740
701646
777544
598106
696948
786211
993539
616296
679912
727281
629924
AVG: 679888.0

r=3, wt=64, c=32
465713
541458
410755
947353
565782
845866
538888
615114
640888
662324
553704
592754
535509
572464
540812
445994
620007
992053
630736
605363
832584
652638
735081
515654
1065421
528208
743870
788007
592327
3845451
674909
435406
622631
569819
814443
892696
920579
490105
666013
739934
514888
606688
AVG: 769443.75

