r=1, wt=32, c=20
808293
618273
235706
464910
437902
349994
294784
225373
307286
258720
309067
357088
555183
433096
469076
571319
502275
383189
354126
634379
507367
499028
335841
444771
469831
603374
1081339
350744
326383
304613
556984
810668
464902
535467
427770
363098
489192
505742
585120
568491
474678
865811
537279
384973
422619
315242
331634
359447
357777
482529
596506
437704
425692
536515
529119
482404
268437
696384
440752
331699
1064644
423634
405794
467192
393207
456799
421188
380827
533582
568091
399185
674557
533929
526477
415493
348958
729821
386200
438981
444244
74833
AVG: 472203.352113

r=2, wt=32, c=20
736881
373153
393066
651398
608158
529361
392820
1547358
375984
314097
474750
479261
380054
411968
275392
420014
356496
634614
480346
433660
500514
308458
327854
201484
426885
359680
290794
373780
267144
454226
452153
566054
447921
391749
417739
475283
338430
473715
383080
373830
488007
355296
283614
574148
864964
369640
366354
427312
350235
265205
312986
354527
374121
266768
266478
467606
514273
413340
406162
357375
421888
534345
323533
374180
395960
480124
292387
307035
445410
290834
257040
532748
379842
317556
363507
328311
818242
255938
327336
622944
AVG: 416167.828571

r=3, wt=32, c=20
798708
401343
539680
521519
549620
661901
582876
1206926
600106
386440
565063
468606
356104
428250
389509
386620
388173
313584
428478
361873
400864
412142
385055
407617
373082
459007
352703
505807
394841
460845
486462
538524
512051
538865
364542
430039
335256
554250
830416
573408
661881
488312
365185
377569
592813
502727
630436
506996
486598
366560
395886
349145
521023
471506
416079
541930
547596
365889
539538
477942
530288
373932
358374
377906
369803
373286
479189
324787
409638
406354
344543
340540
340690
828817
328043
369527
467925
545891
325580
358279
AVG: 466172.657143

