420803
192755
219608
159145
106647
90316
120845
101101
112066
86870
123187
84275
155061
115831
80854
117382
84909
132388
79720
61928
114160
96160
97772
90198
97062
89403
90627
63941
81887
61085
98179
83772
125254
82472
99144
109966
89450
78839
78423
68142
90194
74390
80750
122109
89444
80692
95603
109424
75471
90013
101108
144313
112703
87926
120347
105106
163002
168314
101189
95053
130409
75238
84256
104824
79269
98977
108864
116577
69241
102980
98381
64565
61479
110467
72519
96001
88084
112910
66200
89278
AVG: 97540.9428571
