692692
443176
347244
228919
416380
323886
271488
200628
248475
326424
245192
244619
248866
277260
211059
237976
207321
257699
315273
244273
264583
238691
241870
230502
204153
235952
233882
414668
207884
201772
259296
295006
235367
244382
218492
313991
222793
188345
189573
245622
217215
196347
244501
458300
218767
219501
223963
224681
190362
145909
176345
161515
229525
221899
174565
208704
187201
179185
267257
192268
261060
142744
203498
186275
188826
155440
168592
239791
197782
198930
252614
232005
191823
186207
201328
213081
205148
217867
230129
216828
193416
AVG: 229651.676056
