953125
1214199
732962
1006292
1063365
550592
836430
808072
3138047
716953
683938
781728
703886
813480
435814
729874
829137
842813
645468
1075505
476316
744282
554970
430197
565452
848115
666385
547714
820455
432393
1073771
658647
979351
1362824
604885
699058
420080
582078
671598
616825
578348
1256083
459933
1069487
492985
442704
457237
711478
364847
647689
352208
469078
451248
479927
571061
331159
316210
601333
501113
533667
410265
526851
306291
293154
397915
504893
563174
340957
767806
643620
476741
569997
510751
346170
505664
411145
591168
385987
624001
484713
89299
AVG: 648032.704225
