r=1, wt=8, c=8
645228
248917
160109
123814
167755
140183
136483
101028
105614
116292
123836
102972
94023
116542
133647
195938
134433
117342
143268
105147
96799
92975
166376
104886
109282
126957
109006
140568
71980
223837
96087
106752
119392
100814
93491
129635
84825
109697
81196
107300
162032
126293
113921
153268
118596
105676
119038
130507
181995
76522
100210
113475
107301
87427
109135
117508
96368
87701
154173
141725
135773
83921
130727
104075
86733
77395
101654
106978
73760
85665
126618
121084
93592
116761
88378
114823
107756
104227
117320
99187
118276
AVG: 115343.816901

r=2, wt=8, c=8
496194
311180
97536
151187
97931
123367
89907
97959
116715
88002
66187
97205
85416
136815
93752
107122
99990
108907
90219
86552
87690
169341
86352
101368
81575
93584
69067
94903
95419
87828
99949
118944
122948
107488
93013
111588
124033
82892
87893
65503
75675
110410
102945
131726
92946
66408
71727
64775
77822
53108
102579
92030
84208
63388
93185
89928
101152
114143
99463
107544
99746
75249
93649
90238
97234
114492
126579
67683
92669
107250
109692
97786
104193
85471
100187
77019
84464
105048
133522
120345
39339
AVG: 95828.056338

r=3, wt=8, c=8
704365
209536
143742
131333
107784
154321
121758
119069
113712
94301
154027
157174
129929
127594
111968
87216
160122
98608
78528
100580
103106
72520
94976
109799
130055
89985
84981
514518
90565
130841
129843
88715
109017
100938
123376
96163
82914
123502
149545
123170
151513
120387
127654
103673
152139
98394
92685
69387
178682
154854
116280
93142
124475
81543
116240
115204
108375
82779
62719
63734
74948
106165
81497
100697
136736
103228
123120
88448
123562
151004
87704
68938
93575
113093
131622
77269
112792
100043
128693
91076
41311
AVG: 115956.352113

