r=1, wt=8, c=1
96090
101507
77638
184912
116335
29679
64548
25422
37489
21037
59906
44927
28891
38221
29663
26918
25922
14149
32852
24016
21063
23230
19143
47020
57952
41489
32346
29168
21879
39069
40132
26348
29462
23351
28943
29577
21755
29315
25264
13643
56448
33690
29173
30989
69501
37255
32583
31566
25777
44032
65746
33901
19907
54742
19873
46352
28115
44474
43295
27876
30529
30407
25560
39795
37696
54826
44737
30286
29836
39168
35978
36099
32636
36307
30828
68041
29976
26438
41700
70047
AVG: 34482.4571429

r=2, wt=8, c=1
148978
44306
107285
40943
26054
28447
78772
46114
85510
34151
24791
21684
42565
62086
39129
24432
25070
27793
56669
41039
36064
29850
17920
21343
25641
36982
37905
64595
24335
26301
32627
24711
20867
21138
22593
38414
59245
43327
28591
22571
32714
18405
28730
23989
45037
50932
46192
15358
15248
26720
14039
24995
54629
33256
27287
59200
24847
22278
16588
67552
55603
67050
19608
83102
39841
22827
40782
42965
25995
27196
24600
72269
16105
48208
35842
73376
37534
27595
27187
48725
AVG: 36332.3

r=3, wt=8, c=1
111213
35996
29091
71892
21425
30367
46386
34771
74971
26641
24963
20743
40428
40922
49161
23328
22370
37648
41681
88256
58418
61716
31075
14300
34954
58201
45596
46432
39660
51570
48048
52154
76944
51227
57387
70652
35334
78366
40549
21598
25712
61561
47613
41861
57912
52584
40133
44228
52913
20791
40506
47561
33963
60232
42092
47993
47557
45403
21313
40053
12065
23439
39395
45991
48302
50606
19201
25490
72589
58634
13745
26364
57225
19057
44871
50091
24522
15448
46920
27583
AVG: 42939.6

