r=1, wt=8, c=8
1226
2491
2600
2741
3089
3351
3196
3005
3612
3446
3533
3580
3474
2889
3327
3296
3606
3645
3071
2857
3641
3365
3089
3622
3352
3702
3330
3599
3335
3277
3089
3705
3674
3491
3399
3341
3582
3252
3583
3642
3607
3764
3768
3559
3512
3502
3692
2935
3322
3510
3680
3624
3177
3545
3514
3246
3364
3608
2911
3147
3322
3787
3506
3565
3159
3481
3550
3081
3756
3680
3437
3881
3740
3395
3436
3395
3708
3651
3381
3340
AVG: 3438.87142857

r=2, wt=8, c=8
1135
2132
2496
2581
2602
3013
3090
2967
3285
3400
3408
3490
3279
3547
3063
3363
3541
3572
3440
3609
3347
3485
3326
3409
3510
3481
3561
3378
3515
3363
3317
3295
3650
3442
3479
3336
3246
3303
3528
3720
3552
3628
3536
3497
3439
3177
3421
3564
3396
3390
3260
3292
3326
3321
2947
3671
3512
3512
3651
2948
3105
3380
3453
3310
3520
3430
3294
3296
3458
3483
3670
3611
3423
3443
3146
3071
3240
3637
3531
3435
AVG: 3397.42857143

r=3, wt=8, c=8
1361
2194
2579
2855
3263
3190
3066
3108
3574
3162
3553
3474
3781
3586
3607
3102
3292
3528
3727
3691
3251
3408
3515
3427
3351
3665
3269
3723
3643
3434
3535
3251
3247
3603
3669
3468
3498
3438
3572
3439
3580
3728
3671
3593
3412
3570
3551
3396
3727
3427
3387
3548
3410
3093
3372
3639
3520
3507
3178
3697
3216
3330
3478
3496
3685
3637
3191
3043
3542
3331
3699
3691
3811
3683
3652
3733
3376
3377
3635
3412
AVG: 3476.25714286

