r=1, wt=8, c=4
1154
1634
2262
2428
2493
2662
2625
2888
2845
2974
3219
3177
2719
2859
2926
3174
3044
3052
3038
2888
2934
2803
3240
3106
3188
2984
3197
2908
2896
3043
3073
3102
2920
2994
2937
2906
2944
3128
3286
3169
3193
3061
2979
3000
2972
3091
3201
2997
3149
2950
2944
3010
3282
3047
3163
3076
3179
3172
2732
2706
3172
2762
3079
2826
2733
2893
2969
3134
3150
3182
3191
3042
2936
2811
2930
3161
2820
3068
3171
2996
AVG: 3008.02857143

r=2, wt=8, c=4
1196
2155
2004
2515
2592
2730
2595
3259
2755
3253
2969
3107
3164
2989
2875
3136
3209
3044
3039
2574
3110
2844
3431
3227
3092
2882
3278
3028
2926
2950
3154
3190
2992
2955
3213
2998
2805
3269
3319
3253
3223
3065
3225
2966
2669
3076
2947
2974
2874
3016
3217
2900
3196
3242
3316
3278
3227
3172
2912
2974
3205
3302
2977
3031
2898
2889
2788
3290
3206
3338
3159
3075
3325
2599
2983
3204
2539
3150
3121
3211
AVG: 3059.25714286

r=3, wt=8, c=4
907
1816
2317
2383
2665
2911
2875
2734
3004
3263
3057
3142
3312
3189
3203
3045
3285
3322
3115
3247
3183
3030
2940
3290
3319
3235
3466
3263
3488
3222
2938
3169
3215
3163
3030
3247
2949
3034
3443
3233
3221
3139
3198
2658
2953
3005
3218
3289
3104
2798
2822
2867
2901
3069
2898
3304
3103
2959
3189
2896
3016
3218
3201
2977
3231
3256
3004
2873
3142
3172
3378
3252
3379
3480
3123
2908
3157
3315
3102
3250
AVG: 3126.48571429

