r=1, wt=32, c=24
1248
2782
2784
3045
3464
3418
3500
4091
3776
4140
4048
3918
4007
3400
3202
3630
3885
3365
3582
3583
3573
3131
3669
3390
3768
3908
3729
3939
3527
3649
3812
3825
3803
3612
3413
3746
3197
3928
3839
3737
3737
4002
3601
3813
3545
3879
3498
3000
3571
3760
3548
3304
3847
3895
3717
3661
3675
3643
3589
3605
4082
3916
3546
3633
3751
3823
2988
4002
4056
3829
3968
3889
3988
3472
3567
4161
3980
3441
3649
3900
AVG: 3687.71428571

r=2, wt=32, c=24
1330
2463
2433
3219
3451
3648
3606
3599
3702
3485
3853
4042
4086
3622
3894
3878
3636
3336
3684
2820
3611
3304
3553
3659
3377
3752
3759
3871
3828
3764
3241
3529
3514
4079
3439
3081
3424
3303
3262
3415
3512
3712
3762
3363
3584
3317
3508
3693
3908
3759
3546
3581
3378
3106
3475
3620
3696
3859
3702
3357
3620
3191
3483
3854
3499
3036
3387
3347
3183
3440
2956
3749
3842
3962
3482
3848
3098
3566
3812
3976
22
AVG: 3563.0

r=3, wt=32, c=24
1144
2030
2787
2713
3156
3339
3442
3572
3501
3889
3805
3867
3315
3842
3467
3534
3784
3485
4033
3513
3589
3403
3426
3205
3878
3749
3763
3569
3815
3380
3357
3461
3595
3684
3623
3388
3577
3262
3352
3695
3056
3922
3679
3768
3639
3446
3465
3656
3675
3228
3339
3494
3438
3497
3735
3691
4030
3536
3559
3927
3327
3522
3637
3514
3279
3466
3411
3587
3365
3620
3768
3739
3581
3799
3448
3442
3460
3627
3393
3313
AVG: 3571.45714286

