r=1, wt=64, c=8
1330
2401
2889
2823
2823
3125
3397
3300
3212
3322
3449
3439
3100
3488
3682
3633
3647
3647
3737
3367
3388
3514
3678
3219
3257
3354
3309
2798
3529
3303
3545
3475
3521
3508
3334
2977
3381
3500
3324
3405
3434
3251
2911
3507
3564
3418
3421
3631
3325
3366
3263
3613
3611
2916
3192
3351
3119
3067
3347
3541
3516
3408
3439
3566
3176
3257
3508
3597
3427
3427
3486
3341
3104
3319
3549
3434
3497
3554
3646
3318
AVG: 3383.31428571

r=2, wt=64, c=8
1269
2482
2948
2854
2944
3624
3261
3147
3557
2914
3551
3518
3551
3297
3253
3533
3784
3640
3872
3671
3295
3292
3034
3328
3686
3268
3258
3655
3143
3175
3381
3706
3645
3685
3241
3487
3115
3221
3031
2842
2810
2656
3275
2308
2465
3377
3419
3591
3418
3621
3731
3167
3341
3427
2792
3184
3538
3265
3360
3261
3339
3468
3410
3748
3559
3582
3324
3352
3187
3639
3129
2776
3351
3284
3047
3455
3546
2980
3516
3554
AVG: 3326.6

r=3, wt=64, c=8
1033
2043
2701
2625
2975
3475
3322
3229
3302
3384
3478
3448
3420
3390
3404
3103
3540
3627
3695
3457
3480
3460
3361
3384
3742
3514
2757
3325
3109
3418
3231
3723
3485
3559
3483
3544
3684
2993
3216
3769
3576
3471
3341
3400
3628
3075
3604
3422
3474
3456
3521
3653
3154
3450
3664
3632
3721
3613
3397
3650
3070
3455
3336
3385
3766
3469
3479
3298
3181
3754
3505
3533
3302
3343
3566
3292
3547
3667
3646
3621
AVG: 3440.78571429

