r=1, wt=8, c=24
1332
2277
2965
3069
3399
3686
3825
3857
3569
3639
3689
3614
3326
3710
3742
3850
3950
3918
3660
3856
3838
3870
3800
3681
3625
3537
3606
3322
3793
4037
3822
3946
3736
3950
3783
3727
3757
3863
3832
4043
3700
3674
3536
3378
3772
3825
4119
3922
3874
3906
3895
3737
4004
3757
3765
3554
3653
3585
3703
3901
3725
4078
3806
3743
3818
3163
3795
3971
3666
3887
3778
3615
3656
3924
3901
3987
3886
4024
3617
3937
AVG: 3760.64285714

r=2, wt=8, c=24
1311
2085
2781
2996
3064
3498
3542
3694
3650
3513
3603
3595
3637
3425
3805
3873
3776
3771
4037
3603
3289
3669
3932
3751
3702
3643
3640
3132
3494
3842
3714
3834
3892
3942
3850
3655
3485
3780
3884
3727
3655
3793
3948
3515
3127
3977
3850
3964
3932
3927
3364
3535
3830
3931
3488
3698
3656
3763
3628
3923
3860
3579
3905
3795
3775
3856
3451
3716
3763
3404
3192
3631
3337
3471
3878
3908
3669
3789
3776
3986
AVG: 3685.65714286

r=3, wt=8, c=24
1479
2628
2771
2946
2123
3298
3393
3238
3626
3484
3540
3532
3578
3602
3390
3749
3868
3810
3430
3719
4004
3560
3244
3959
3736
3607
3654
3584
3482
3379
3830
3493
3533
3514
3803
3894
3565
3634
3793
3521
3423
3499
3580
3681
3363
3859
3766
3924
3708
3970
3731
3499
3462
3962
3639
3427
3476
3417
3697
3409
3767
3804
3917
3684
3807
3772
3608
3573
3808
3480
3636
3629
3632
3721
3476
3875
3658
3599
3839
3807
43
AVG: 3629.95774648

