5005895
3145139
2619101
2759123
2776805
2247846
2282630
2498155
2277687
3002287
2239192
2231514
2299926
2510851
2518226
2314212
2123029
2080151
2023727
2241048
2527916
2756027
2650942
2403085
2150760
2556239
2452165
2248976
2741285
2606274
2565432
2266112
2252697
2283149
2665414
2327914
2585943
2465995
2826374
3151069
3274954
3240950
2472692
3582066
3476135
2448074
2435220
2394965
2355813
2266178
2275470
2580493
2418137
2459864
2971802
2622344
2373221
2527284
2535593
2706015
2531364
2519143
2460342
2233375
2340134
2284545
2398841
2449932
2462411
2389402
2618288
3164949
2450402
2467874
2837725
2337709
2288938
3165755
2333015
2256982
AVG: 2520003.51429
