8311362
5943234
5910491
4898179
5425637
4706665
5327790
4331500
4634692
4360596
4443225
4271840
5958652
3950271
4584025
4896222
3985761
4352648
3735417
4279683
4137107
4701429
4724081
5080793
4129544
4366840
4086922
4741388
4359951
4336009
5210053
4850871
4663667
4166938
4278603
4596343
4497071
5177669
5243581
3838175
6317528
4164298
4221637
3880457
4495144
4595689
4883896
4483570
4276841
4741630
4462191
4408462
5012146
4778715
4100462
4095006
4033366
4422710
4086379
3951820
4658727
4191288
4620311
4560973
4631835
4490927
4622472
5011564
4674287
4694863
3776125
4056534
4323867
4254876
4587264
4911093
4902719
4257485
4234065
4362044
AVG: 4508198.31429
