10107996
8462954
6742041
6502658
6152198
5576340
5669984
6106587
5516972
7202816
5951450
5251567
5455814
5598737
6111101
5880246
5582574
6102106
5849879
5212758
5837622
7575036
5749052
5314261
5345253
6025890
6885265
5081884
5317304
5378715
5274500
5170553
5929500
5681226
5422755
5651803
4957527
5844341
5481175
5451154
6005921
5407183
5693221
5415121
5428868
5162369
4770564
5472102
5792759
7277804
5622194
5511989
5967930
5445743
5388627
6285279
5523256
5721670
5674369
4834474
5553042
5284036
5568867
5305026
5320066
5671871
6102159
5557691
5401318
5383751
6299400
5783861
5338023
5318007
5948086
5064405
5020762
6321759
6399118
5061854
AVG: 5666862.77143
