5623144
4052769
4227149
4234404
3718467
3230848
3200121
3189850
3368855
3330294
3663201
3424954
3161231
3249991
3684620
3777780
3583567
3674239
3735007
3605320
3441821
3245670
3340103
3227621
3041096
3100195
3703230
3219323
3587767
3813902
3459161
3467544
3460110
4508995
3300272
3114594
3022276
3295531
3363828
3669150
3473594
3470558
3363244
3524356
6260572
3763592
3799109
3911611
4074981
3365196
3115896
3074221
3556014
3280342
3390389
4027117
3809614
3334764
3499955
3715613
3178022
4820220
3510761
4044799
3469024
3106601
3209504
3747858
3399877
3544006
3665702
3875798
3394253
3620352
3447873
3755835
3608780
3586847
4130339
3588416
AVG: 3544392.21429
