5715630
5013402
6023404
6227375
4492543
5206296
4683404
5079854
5067302
6930392
4097955
3914112
3896864
4132153
3836131
3845775
4089899
4647990
4925302
4426127
7506459
4047118
4177907
4960828
5368970
4592422
5621404
4420378
4094864
4020550
4313721
5113555
4461276
4231126
4058708
4909479
4054694
4019730
4431044
4919630
4328752
4380699
5039329
4241298
4169817
4528621
4151848
4739754
6305931
4102863
4526522
4287061
3871894
4372099
5623667
4476612
4120108
3438907
3706089
4092906
4416236
4219221
4522067
3827882
4215924
4984636
4678162
4483138
4283967
6156900
4445702
4667978
3647682
4159796
4031855
3820523
4427858
5149496
3988726
4173355
AVG: 4533562.02857
