r=1, wt=32, c=28
1387
2235
2261
2873
2354
3230
3486
2848
3311
3502
3433
3207
3563
3525
2973
3541
3760
3660
3273
2932
3154
3278
3497
3399
2817
3377
3337
3305
3735
3269
3575
3343
3444
3220
3455
3482
3417
3203
3500
3221
3330
3405
3084
3251
3257
3395
3690
3469
3474
3019
3604
1931
3434
3724
3282
3258
3399
3659
3458
3499
3448
3558
3650
3095
3573
3258
2710
3309
3743
3298
3209
3072
3053
3285
3244
3450
3164
2960
3313
3697
AVG: 3334.27142857

r=2, wt=32, c=28
1403
2034
2472
3031
3272
3654
3744
3614
3387
3592
3668
3298
3630
3478
3471
2591
3003
2971
2917
3445
3119
4017
3376
3670
3442
3478
3743
3485
3906
3559
3003
3497
3559
3749
3614
3448
3294
3527
3615
3365
3494
3258
2295
3255
2917
3163
3014
3171
3475
3560
3329
2932
3591
3474
2763
3457
3697
3348
3276
3222
3078
3539
3292
3361
3332
3456
3674
3597
3514
2772
2982
3267
3324
3538
3427
2973
2889
3606
2552
3499
AVG: 3368.18571429

r=3, wt=32, c=28
1289
2108
2362
2557
2873
3144
3369
2938
2640
3312
3376
3547
3652
3524
3432
3311
3441
2614
3561
3126
2836
3091
2906
2871
3067
3024
3317
3066
3248
3312
3380
3176
3515
3397
3771
3482
3660
2380
3543
3260
3406
3533
3497
3647
3484
3583
3736
3331
3707
3410
3577
3637
2456
3418
3121
3355
3454
3037
2995
3461
3257
3125
3159
3389
2914
2263
3323
3265
2922
3092
3716
3311
3309
3540
3335
2781
3309
3037
2388
3154
AVG: 3272.2

