r=1, wt=64, c=1
186
284
315
385
397
365
432
450
385
466
409
400
381
463
512
505
459
489
511
455
420
490
482
523
517
594
564
531
562
613
609
573
593
607
592
421
624
585
589
557
581
606
539
605
618
600
620
588
598
590
591
604
592
591
584
537
595
546
578
615
596
590
596
598
559
610
610
562
605
648
571
616
554
592
621
590
563
438
594
574
AVG: 549.057142857

r=2, wt=64, c=1
179
307
384
351
399
444
421
436
390
394
442
414
388
477
438
518
515
517
504
471
505
491
462
527
564
555
569
559
531
586
593
557
600
579
541
587
588
580
570
570
563
519
618
570
576
602
616
591
588
575
595
522
610
584
581
608
590
583
552
590
624
552
633
627
571
594
598
577
605
601
626
598
532
527
613
555
528
593
548
571
AVG: 548.485714286

r=3, wt=64, c=1
208
358
436
413
408
431
363
504
408
446
469
441
443
508
468
510
523
528
511
462
539
530
520
586
583
581
533
503
607
562
574
556
562
592
586
616
596
553
615
603
583
568
560
611
606
622
629
608
587
593
593
637
627
569
567
609
568
556
599
547
615
590
607
577
551
528
593
600
577
579
587
570
601
599
586
580
623
537
584
541
AVG: 557.3

