r=1, wt=32, c=32
1368
2056
2143
2905
2719
3193
3862
2082
3331
3411
3756
3411
3630
3391
3303
3201
2094
3364
3378
3546
3438
3264
3034
3765
3663
3109
3447
2608
2728
3470
3572
3822
3435
3469
3714
3355
3492
3472
2868
3416
3542
3731
3717
3388
3726
3652
3611
3654
3234
2516
3277
3657
3636
3771
3651
2570
3468
3883
3328
3283
3647
3742
2794
4025
3177
3590
3661
3104
3377
3648
3652
3323
3849
3697
3833
3642
3450
3144
3466
3611
AVG: 3407.25714286

r=2, wt=32, c=32
1238
2073
2303
3075
3073
3715
3671
3692
3666
4192
3832
3717
3637
3748
3540
3936
3559
3668
3229
3484
3737
3765
4240
3822
3550
3693
3778
3702
3700
3847
3893
3500
3495
3947
3587
3359
3633
3509
3945
3999
4056
3660
3621
3984
3488
3699
3635
3280
3699
3578
3481
3582
3649
4146
3487
3578
3794
3401
3757
3518
3403
3424
3078
3750
3063
3785
3662
3455
3800
4048
3715
3449
3738
3835
3388
2595
2612
3324
3351
3686
AVG: 3666.75714286

r=3, wt=32, c=32
1135
1830
2408
2796
2679
3370
3371
3484
3548
3719
3466
3526
3369
3002
3291
3433
3174
3820
3311
3768
3193
3509
3276
3404
3391
3245
2542
3790
3712
3415
2527
3646
3422
3436
3698
3393
3415
3448
3040
3666
3498
3339
3336
3679
3674
3242
3370
3234
3679
2680
3594
3628
3577
3252
3482
3336
3484
3382
3484
3358
3723
3709
3798
3310
3506
3560
2738
2959
3612
2625
3458
3531
3904
3776
3512
3532
3737
3562
3526
3356
AVG: 3412.12857143

