1223697
1084205
1035424
958918
972529
871461
948459
951041
858414
890201
856120
827386
816703
964512
920979
835282
853086
836595
734815
787939
840299
848870
731228
737108
822979
929386
779440
771117
791563
725613
679353
721519
778192
819864
792059
720930
866801
748945
750479
737083
816038
758243
766899
766521
773484
718439
755200
804734
847733
767616
750906
831574
703900
771548
789546
714336
758797
713790
738342
766241
695697
736534
744710
826529
808341
732541
867189
747688
762888
766434
804512
725074
753094
837307
774695
743455
728499
764046
771890
813442
AVG: 792042.014286
