r=1, wt=8, c=12
3240112
1970278
2229282
2145054
1985803
1848909
1974459
2098447
1836279
1948587
2298595
1562948
1741242
1789773
1775249
1644796
1624448
1781779
1723430
1730036
1813100
1961329
1854921
1814107
1784209
1819169
1599902
1707342
1790923
1564563
1764246
1741095
1829328
2029565
1764546
1916051
1763362
1740898
1902964
1693008
1942530
1570245
1569834
1695998
2037194
1642202
1610921
1849394
1749403
1629129
1651821
1791501
1853197
1752580
1881733
1936059
1719331
1639417
1699508
1593867
1640834
1734430
1820585
1753559
1718306
1729243
1661840
2057583
1701801
1797537
1911465
1576202
1808901
1728396
1660981
1678948
1572599
1688651
1827521
1760417
AVG: 1776444.74286

r=2, wt=8, c=12
3007006
1967328
1979560
1755671
1994451
1827605
1860927
1883616
1804348
1831438
1732862
1913458
1823481
1662127
1650902
1590922
1594869
1906126
1768686
1740922
1903193
1736986
1846602
1627004
1767572
1770978
1911134
1752239
1649561
1654794
1696631
1678590
1566658
1765850
1903648
1764137
1751570
1836708
1768080
1889230
1891249
1713134
1924711
1736292
1717549
1735587
1669079
1739559
1565318
2119136
1680529
1619581
1706101
1878838
1979931
1803616
1726508
1830942
1721301
1717527
1645588
1696482
1809795
1664915
2049341
1721143
1614110
1722518
1749656
1886245
1838691
1843886
1779325
1677223
1725471
1795460
1748147
1725729
1642600
1884882
AVG: 1767633.3

r=3, wt=8, c=12
3231337
2198309
2435524
1833284
1880500
1740811
1661212
1639526
1668842
1701389
1715627
1626001
1668644
1847702
1712582
1716667
2040585
1749093
1638175
1575990
1629524
1791121
1519782
1556131
1669401
1802265
1644351
1833753
1795089
1687008
1700014
1718021
1884023
2094096
1636837
1612300
1626495
1584894
1551934
1859881
1630346
1653902
1553151
1696860
2223325
1640011
1624586
2025212
1696364
1647520
1676661
1583588
1852100
1719028
1774771
1760070
1637892
1658137
1916932
1790694
1693594
2060988
1916844
1690445
1618598
1664103
1684828
1770650
1518138
1721466
1831928
1614896
1566415
1665399
1694517
1582030
1670438
1972725
2100815
1732079
AVG: 1719624.64286

