3215354
2234243
2172305
2207257
1984174
2142097
2030267
2371235
2107342
2251852
2093805
2280774
1985208
2067713
2092957
1863656
1863335
1758398
1816010
3103854
2040548
1845118
1779724
2127505
2218304
1997625
2043205
2079805
2176664
1833330
1919749
1829420
1774276
1702051
1898210
1914825
1898844
1908910
1815058
2096839
1898782
2421237
2334433
1763719
1977766
1753591
1778682
1923547
1748979
1940124
2023324
1872372
1873787
2224341
1927348
1828549
2020534
2095298
2081591
1821729
1834156
1801544
1821302
1762772
1881202
2101030
1995769
1760775
1937113
1979381
2090697
1860338
1979733
1950535
1754105
1908459
1801417
1719526
1807201
1907386
AVG: 1979267.11429
