3189919
2474326
2441377
2587832
3245376
2162972
2424903
2323426
2132945
2233350
2761690
2215583
2305473
2146974
2890497
1987013
2169687
2096561
2075754
2369481
2088281
2560000
2302384
2074078
2333460
2198904
2192941
2285320
2159373
2531008
2390332
2561464
2814639
2510522
2083508
1970242
2145011
2362439
2331913
2221382
2632683
2229335
2173155
2105628
2488445
2175905
2042856
2157445
2212595
2125096
2433323
2413284
2264202
2038594
2163641
2258006
3428998
2421204
2449702
2689981
1977361
1979585
1993086
1963398
2157693
2046385
2476360
2423196
2190041
2036126
2530017
2331973
2226301
2460725
2619923
2184287
2070945
2060171
2146572
3666065
AVG: 2296139.4
