1395477
1128908
1060543
961640
920382
973901
949729
917198
873716
827047
829821
884464
856386
880342
879432
817007
820578
836761
794373
823448
898022
799465
813670
766753
752370
732369
743515
745094
697130
836281
790444
865321
780502
799274
746052
793891
779538
770946
748129
745706
753606
809862
746698
768866
799998
820003
727568
795264
720162
797534
844672
817655
810161
740225
742424
774882
811339
773584
810748
786673
763636
757391
823734
813639
871350
794432
818755
707253
686653
708356
725394
719489
690445
785858
803452
730080
757104
866477
753726
785745
AVG: 795577.657143
