r=1, wt=64, c=12
3166047
1811173
1960844
2010943
2235040
1657552
1684344
1859848
1712172
1654226
1701384
1562754
1519660
2118151
1564998
1555120
1628176
1541433
1697841
1550026
1529783
1627850
1639364
1718808
1786070
2016363
1700421
1633372
1431654
1579544
1512599
1586100
1681802
1747643
1667473
1564502
1722868
1683857
1877569
1877029
1743400
1901120
1569293
1691429
1653167
1569980
1644575
1617102
1786028
1753836
1574360
1718663
1590070
1848385
1776371
1760248
1712716
1738494
1708446
1638092
1633067
1643932
1720791
1693888
1723970
1752284
2031174
1678134
1874644
1919628
2166493
2065640
1875759
1663394
1615328
1605126
1521714
1582823
1731275
1742416
AVG: 1709232.24286

r=2, wt=64, c=12
2527203
1725766
1962268
1762024
1764196
1808693
1680159
1734491
1674853
1835553
1784248
1528981
1679669
1468629
1530076
1581597
1530149
1535195
1584219
1711237
1955870
1520781
1630341
1714155
1883307
1744630
1661693
1776537
1634619
1588354
1574248
1501496
1506514
1541261
1835913
1689820
1572525
1593970
1729018
1777823
1641245
1880262
1787437
1911895
1556111
1510820
1626344
1707395
1565911
1766196
1665668
1518948
1821791
1684147
1764293
1712696
1820637
1788977
1547049
1617729
1508791
1516436
1518065
1557428
1714459
1718796
1513857
1533745
1812520
1784052
1657860
1697441
1858580
1420243
1529122
1609124
1651946
1567827
1517064
1671744
AVG: 1661965.28571

r=3, wt=64, c=12
3377771
2051792
2181209
1780683
1754911
1603763
1609746
1397331
1603320
1748581
1577686
1504617
1732782
1587890
1593643
1676138
1788665
1638198
1674988
1649075
1589636
1614309
1729465
1653334
1811779
1926488
1729716
1702365
1589443
1904934
1875840
1735809
1812234
1515822
1719697
1607871
1661586
1566559
1531777
1960375
1627844
1438344
1448230
1626213
1754169
1600951
1672252
1705006
1557334
1553261
1483785
1450463
1588632
1522159
1788957
1594137
1487488
1528583
1533291
1612645
1651221
1641350
1658426
1543911
1487154
1541343
1494626
1663774
1426161
1769493
1623267
1470098
1669343
1537258
1684228
1728164
1590287
1702143
1515747
1582659
AVG: 1629440.84286

