3285288
1859080
2218979
2274133
1857972
1790019
1786235
1729549
1811583
1939063
1740014
1618785
1791739
1634549
1680041
1923098
1760077
1864124
1728742
1653129
1880687
1600985
1737780
1754194
1698643
1721139
1640253
1492499
1575821
1579683
1477946
1631242
1648609
1616372
1554167
1788176
1672585
1762239
1733984
1848991
1716288
1622527
1696531
1685236
1605570
1710299
1659198
1783099
1936334
1688715
1626687
1674886
1710946
1714455
1774598
1841190
1532270
1619273
1533361
1653231
1643410
1559966
1852111
1687017
1573266
1681539
1658159
1727029
1749235
1815993
2259416
1735424
1523137
1629393
1583659
1708792
1678355
1693357
1745210
1681122
AVG: 1704717.0
