r=1, wt=64, c=1
1252362
1200890
1030909
1026285
996182
965377
923445
967227
956478
877151
855959
816910
897719
896797
812301
823393
916796
784278
767357
835121
803204
897721
771443
766053
739109
805356
734169
761948
802060
778099
745399
797292
746742
815394
812878
832770
755268
732191
718764
725994
739858
739362
773897
810766
751005
739313
781694
758229
782321
793726
824332
779805
747065
769880
739275
805783
761234
743426
810968
771332
756798
849502
778693
838787
769659
766550
690328
729050
760301
759984
761818
701221
802383
698495
762549
736950
766864
759453
747639
849124
AVG: 792679.314286

r=2, wt=64, c=1
1233974
1106530
1037698
932830
1033003
951620
951158
1008950
903671
867554
918538
831537
855512
895943
947236
884472
887438
1079812
795153
750446
914913
816487
836482
780205
675243
748301
799114
795675
780867
873808
760443
769732
779952
801509
797166
841645
796187
764744
824025
751220
870305
781030
782367
852567
875970
732983
774710
768476
753694
764696
748456
809213
740617
716500
751158
735330
742036
779131
763268
839070
718431
767059
712081
761477
790723
781979
850702
759392
753850
737949
743059
737865
691557
764537
782398
747307
755182
757799
794909
793864
AVG: 805305.628571

r=3, wt=64, c=1
1322243
1145810
1002040
1057767
1050492
907787
890829
961656
981174
910974
836617
872194
951873
970866
865060
967725
817149
881160
824120
848248
772875
753391
703361
763757
750717
745766
765399
788028
745212
747210
855332
750292
757185
810021
812108
766074
752899
815885
780020
762267
762557
769426
858949
792384
740213
793198
781232
699960
785883
851663
715710
710770
767299
761734
787627
746410
774468
744586
727723
774764
799961
752942
737738
872674
848912
777295
726098
728988
710801
785085
748593
741678
782073
700151
786081
764555
750720
741082
780046
895821
AVG: 796155.1

