r=1, wt=32
53237915
126411569
136195097
90188167
122030830
106956171
112255819
91667813
99130313
112309412
117143367
61381352
101299903
96261302
94939792
104503330
117122428
109423855
78419104
107870045
119211879
113858680
110609934
83519895
113336516
115156638
109926655
103774068
96630552
97983777
102575604
77897530
127638846
108259207
119927958
100005301
106699808
105822686
90063122
131255929
91023031
121084147
103406822
105103761
124330441
110640033
114078620
123477301
86197604
101955469
122131368
115485490
123148963
99760456
83660655
114562167
110669182
112067779
107969040
109274387
117037209
119307777
136028479
77467486
71855309
113023143
116793252
63832847
100197605
134286214
110028060
82395152
113293561
112149235
109155037
109582123
131923010
125253473
124132851
103986908
116045398
AVG: 105792926.704

r=2, wt=32
128925833
91827531
109648514
100327407
107520824
91512182
85172112
84778489
102356653
113787087
98392138
100734393
91328959
111584319
101428951
125747143
93426171
113777784
97137584
101813436
97535081
100148463
93820657
104901701
93538372
100727210
82028869
97325902
101005226
103042689
119552248
76463722
93169874
117689526
106490947
104164833
88500053
89802537
104848093
105719104
103004184
97977699
91295195
107237550
54749823
113401343
60077097
111029451
101121867
106598900
113698152
101321036
114658782
112587758
98349953
102801152
93229915
97034245
130603765
126703249
87266327
85680179
96190049
115426552
115130769
108093874
86909890
98694305
107933138
118269973
106858208
91754257
99761864
117852955
80765118
116506752
100490930
103295054
107304224
118375563
124343414
AVG: 100901800.479

r=3, wt=32
67075458
118723702
128349769
109613220
101465195
101648343
98487280
99376438
124179333
105224141
112881844
91966053
107864444
109770274
100294358
94657128
115681265
128226342
99382307
115510061
96921805
99617611
99360264
91832259
111908223
108848902
101770881
85690511
64102155
75164648
106418013
111354217
107990524
94716338
90775981
116734176
115741584
93134287
109565947
104592746
115749297
122468289
79121226
91433228
109871608
86721597
94419924
99819387
94767693
95020839
92562288
84922731
106451426
93797923
91648620
94477508
104565806
113010755
111550888
116852942
101438806
111794536
94189183
102428303
103910234
101936500
119369017
134489864
122358612
131937609
104135100
98241098
123975604
115168281
112173723
96441468
109073612
107669555
115053650
96418338
79793900
AVG: 103726937.972

