r=1, wt=32
769
690
647
875
784
778
820
922
870
757
691
1293
794
853
878
738
729
743
987
697
700
761
795
968
794
719
767
733
828
800
810
1046
743
844
750
897
781
794
872
673
992
722
818
793
719
768
709
635
912
833
694
744
729
874
846
711
756
798
843
844
771
703
690
1053
1249
793
818
1319
908
734
850
1098
878
875
850
848
712
717
744
907
147
AVG: 828.197183099

r=2, wt=32
606
823
728
733
710
910
1001
918
785
777
850
909
824
693
766
694
934
787
768
755
831
904
939
800
856
813
1009
933
811
880
730
1210
975
834
817
844
967
868
745
769
783
834
885
792
1458
711
1196
735
796
776
767
894
824
817
898
791
853
816
660
658
939
1015
1014
877
831
895
1005
935
795
819
892
972
819
711
990
693
838
831
774
679
103
AVG: 859.887323944

r=3, wt=32
803
914
895
943
944
895
911
880
737
810
840
944
786
697
801
916
819
753
874
781
916
879
977
888
772
804
835
1066
1480
1206
855
821
804
912
1001
771
748
930
850
894
769
717
1118
910
816
973
927
889
919
885
787
890
823
891
957
898
787
768
807
728
865
748
822
818
801
822
889
796
844
795
869
862
701
728
755
850
812
746
789
914
76
AVG: 860.23943662

