11288607
63221304
139089926
126196775
110922450
130627088
179767815
135909452
128823946
110204701
117590855
105917804
110878313
108491259
108363862
112047482
100219691
119687947
124527845
120184637
127791533
123799072
92396745
97844282
111536281
158531650
125195546
121699536
90824799
110616308
120826845
132352153
94780260
114976646
118805950
108317359
139263088
107318836
104545400
108160061
134909190
119706804
102812336
118747929
109175912
126296565
87646059
77176795
91819938
95742556
103711977
127720302
117110447
98478526
109903815
119561600
113549372
121869929
117152527
106639090
115528373
99028554
92824707
102734662
108223073
113785547
103118266
93820844
94631314
121058261
135529305
129141944
120517514
112051378
104964633
130149590
128659565
140184302
130291586
124566324
141906580
AVG: 114079784.239
