111871251
165709103
142076549
158382705
146478381
156030879
175503285
165547811
165654965
125741337
142421925
148259002
146730749
150060525
146995470
160075352
159593218
145164641
159753329
166862176
143354318
152360419
129343731
153866054
154728491
169162304
166746864
173618906
151921315
159373612
160635554
167653250
173883338
143436762
144435274
142950117
153548863
189116819
159485957
139639770
145474684
153128056
150654098
156652351
162904475
143520752
145612230
140404239
155761129
153775431
165515155
170863466
151571020
133933477
149222301
136325403
153752089
164644650
156843173
147832251
166447320
167082971
139287238
176492963
155044625
151468477
147927746
162681742
184376837
166088380
180063488
150343602
146855826
148757414
154851778
166300067
166106517
162595710
150180835
163548815
103607040
AVG: 155579116.704
