13886092
67893423
128724430
130120244
132209169
120242217
107984751
117176674
131845980
109358714
129498970
106356692
109442214
135076289
122416435
116415445
113422412
101424681
118190383
133460521
138337627
121818947
108936060
113881683
108776582
113973921
100771491
119179009
119124949
121973152
111602658
102114515
108788422
112774479
130384601
115847685
93421021
107127783
135680149
134432867
122218455
132574955
123364386
118779787
115906500
111073707
105783105
124176866
116180692
121606637
123378318
108026743
110181848
109609529
78688200
104382794
97829167
123005964
112508090
109858740
101276667
113412563
127996950
145993810
121741487
121175684
118029126
116791748
114873942
83776568
132196351
136165054
105555931
121956952
123066642
119566575
102960741
95223544
113137867
115019478
34996907
61373438
AVG: 116207378.514
