112564677
167072034
144160217
163334311
150032518
160903616
179974570
170718534
171492797
129385490
147632125
153303969
150418173
154146866
151286920
163086162
163282147
148448296
164254129
171016574
146504615
157120516
132082436
159512080
157959441
174354336
172435621
177817310
156027858
163131348
164920193
173782566
181539530
148952602
148298124
147088252
154639948
193288967
165899180
143922640
149848924
157871705
156298770
161445439
167442086
148017919
148565150
146693341
160100486
160604357
169078737
178548431
156634098
135643092
152876842
142672066
160955490
170529732
161966607
151184133
173221088
172746059
145425403
183215556
158744625
156267968
154235870
167297933
190893656
172348832
184679223
155067344
151133326
153504466
160462477
172469939
170828473
169652225
153330966
170996479
108710192
AVG: 160384776.07
