r=1, k6
2372800
2312911
1680880
1479968
1403599
1467352
1470217
1346992
2114257
1478888
1354897
1307618
3465858
1237377
1201505
1195930
1298509
1947072
6807502
35333918
2234281
1124481
1263853
1645480
1207307
1147433
1139614
1216418
1217357
1158875
1095985
1138654
1193538
2505088
1144339
1362512
1274515
1136350
1205048
1266681
1426176
1191143
1283253
1764969
1319027
1886261
1186163
1103705
1174161
1241351
1264460
1311834
1501549
1532455
1430652
1302880
1322230
1458300
1304166
1242442
1248196
1460734
1149336
1594838
1418325
1117385
1219491
1219402
1194956
1127070
1380062
1414450
1129546
1163529
1774148
1326301
1325248
1357000
1588548
1578343
1214783
AVG: 1942121.78873

r=2, k6
2407061
2239050
1981238
1715178
1523187
2578594
1381921
1397763
1338819
1337764
1393431
1300360
1502782
1357437
2775877
1266032
1443355
1556542
2495544
1667495
2252166
1068519
1229340
1223408
1190957
1227673
1299846
1157551
1286143
1137084
1175118
1307734
1152100
1267057
1522722
1315803
1175530
1193686
1103887
1414785
1431564
1441267
1096675
1419173
3159285
3538875
5171900
2195043
1190859
1579753
1537427
1620869
1385549
1304559
1482406
1572212
1262325
1137032
1077897
1258549
1230816
1463277
1284001
1415976
1180667
1417829
1251220
1329695
1377121
1451648
1765246
1245055
1295462
1864055
1173179
1259082
1229865
1162617
1115916
1298693
774155
AVG: 1530047.01428

r=3, k6
2698358
2136597
1578063
1418916
1377741
1377442
1379695
1840043
2431150
1241610
1533231
1195216
1347353
1539378
1430018
1174760
1275680
1130740
1171414
1348240
1286673
1313634
1548417
1288565
1293292
1343383
1292922
1277834
1159551
1241099
1366782
1275227
1607999
1492826
1587119
1273888
1313436
1138045
1265283
1403853
1560604
1285914
1411750
1433569
1320734
1327146
1598961
1243162
1222263
1604131
2252803
1186561
1149006
1382679
1360572
1186294
1881866
1550987
1339100
1667314
1361558
1414490
1319215
1153051
1345509
1169287
1204548
1205055
1313037
1223754
1308733
1493238
1551629
1379215
1493393
1433762
1570473
1375992
1547561
1446324
AVG: 1386956.08571

