r=1, wt=8, c=32
19082964
18463050
18283578
18193404
14703759
12925188
12704902
13265883
13421553
12568963
15409749
14528193
15079686
16837403
15689901
12315121
13328965
12546833
12498228
12348715
13062403
13259441
13387044
12347311
12253353
13251330
14454874
16466603
13932465
13265863
15172537
12745712
13313688
14477020
12948655
12311606
13969265
14703208
14315968
12601190
13253113
13519857
14332433
13435900
13372491
13122268
12657489
12332843
12772078
12910579
13398064
12429679
12241103
14132460
12860502
13268448
12774899
12372660
12665762
13312758
14510360
13729268
12047047
12615026
12739432
11502898
11688242
14811460
13770281
13909737
13461001
14260023
12709708
14019573
12966951
14963877
11645316
11804844
13291115
12744507
AVG: 13394503.0286

r=2, wt=8, c=32
23345753
26148246
19957554
17685624
14429540
14847910
12833315
13309643
12319733
12809456
12774008
14771975
13547189
14031754
12200652
13691913
15242781
15022742
13115311
15024460
12570591
12403823
14408379
13369052
13481166
13328168
12632847
13877878
15674082
13490687
12684293
13911906
12787824
12404119
15178303
13294527
14147616
11644483
13687307
14099057
15492926
13367883
12978779
13596989
13079927
16697795
15271319
12913793
13419379
12712838
13292102
14740387
13214062
14240415
14379010
12763361
13839783
13277570
13840532
13028287
13535895
15205032
14915150
12543290
13542501
12646255
11985175
12953921
14857690
13080830
11770701
11732181
13396307
12793253
12966532
12890658
15192171
12472984
12329783
12392680
15608740
AVG: 13543400.8169

r=3, wt=8, c=32
14730853
22621972
18223827
15993424
15336060
12808513
18013189
13928830
13542836
11751210
12845851
13233743
14006578
12370447
11669273
12511693
13911172
17802715
13414358
13311242
13562947
12180026
13018932
12753975
15375741
12452892
12976079
14340646
15843877
13600666
12558206
13968405
12929820
12388835
13230064
13270341
12202199
13858341
11775470
12318042
11971547
13185935
13332422
12186431
12568295
14372599
14166170
12057392
11939541
12977307
12603619
13187214
12186128
12875710
13468232
12393002
11922507
14009549
11729962
12530870
13379015
13680293
12637783
12695016
12568956
12641450
12903241
12093139
17664068
13027988
12036317
12564989
12882101
12530502
15092797
14227323
14086700
12318485
12965656
13116464
AVG: 13196989.1571

