r=1, wt=16, c=32
7233319
8474578
6437260
7461420
7749934
6931676
6332544
7229924
8163771
7220426
6388952
7994896
6649109
6459404
6442916
6172751
6588576
5898387
6016178
7697093
6793649
7170264
6852187
7079476
6573271
11143597
7297564
6241646
6935653
6280466
6198894
7567917
7061238
6655098
6883035
6308767
9972303
6348497
7605494
7058744
6593147
7761424
6519661
6112466
5573098
6761074
6201660
6417616
6543559
7321268
6130317
6533985
7324676
8824663
7775323
7215058
6901814
6549821
7225427
9681637
6296936
6244853
6178882
6631573
10450323
7552814
6907825
5686750
5750776
6090750
8552042
8114775
6355505
6271325
5918880
6556090
6130372
6479349
5949777
7845763
AVG: 6988372.37143

r=2, wt=16, c=32
4852313
9252391
7629698
8924700
7462050
6914148
7320444
7546593
5701983
6678699
7700175
6054899
6481931
6293919
7730888
6526845
6817119
7001026
5871832
6302760
5138704
8258309
7299017
5933689
6293257
6668057
8528137
7183764
6914480
7944130
6499413
6585251
5385463
7401096
5903690
6763318
6599964
7266728
7145041
6500161
7165504
7928683
6939076
6137378
7708539
5905128
6617744
6190201
6452833
6347531
7523660
6905357
6930442
6624174
7278978
6394808
7638490
7694058
6418940
7938489
7648544
8563253
5934044
8092279
6295490
6319080
7780461
7956385
5655803
7628205
7287307
6647756
7679356
6100074
7832937
7527445
8149066
6680879
5501189
6577279
AVG: 6904513.1

r=3, wt=16, c=32
7528239
6546824
8284339
6403032
7048323
6320583
6506851
7739584
6245371
6385627
7269315
6454386
6475987
7143444
6115616
8240142
7131675
6364512
7149736
5133767
7063967
9550050
6976745
7225263
7971289
6538236
11387121
6722856
7785969
6312647
6761850
5329814
6137148
7047752
6303590
7300929
5688997
5638540
9801677
7473697
7304275
7138086
7060925
7825344
6585318
7429112
6652388
6506909
6165778
6751958
6617607
6779183
6849640
6891498
7961185
7632224
5758922
8023145
8330248
6213946
6317725
5603013
5442463
5915856
6398176
6163338
8316845
6505840
7461046
7677104
6599719
6518212
10099532
7523471
6168878
6643941
5999923
8584708
7536702
6987935
AVG: 6984052.02857

