r=1, wt=16, c=16
6589846
5038687
4843222
4339371
3880442
3797349
3861084
4500052
3687798
3149248
3442421
3509987
3730065
3562028
3869314
3458447
3402291
3442502
3658481
3873856
3922256
3398292
4083213
3862483
3520774
3420179
3456117
3833865
3784658
4176038
4375447
3516500
3387391
4085159
4017182
3878880
4080689
4317161
3855419
3432899
3294742
4161208
3805869
3850029
3818475
3831286
3440445
3985991
3998140
3748932
3432070
3550754
4089820
3524533
3863896
3594852
3850930
3554546
4833083
3615387
4470266
3513526
3636141
3900101
3766916
3768129
3269515
4159447
3534427
3481425
3606578
4011668
4201394
3322584
4083997
4201933
4561204
3556977
3941931
3726894
AVG: 3770294.67143

r=2, wt=16, c=16
7108629
4666197
4194863
4033652
3961037
3639806
3210725
3601857
3994077
3838288
3513989
3321624
3597129
3579540
3905348
4306319
3470496
3053963
3442452
4603670
3546467
4027552
3398834
4776655
3075451
3612168
3192777
3439200
3655974
3718950
4179907
4905206
3224640
3526347
3723188
3437102
3708472
4077224
4005852
3403449
3116058
3448637
3782206
4312196
3475245
3555159
3430064
3015030
3555628
3472889
3437117
3773517
3778252
4884580
3417165
3557240
3246845
3346562
3376200
3449360
3769879
4439784
3138117
3161605
3844199
3967471
3599756
3984736
3986628
3563572
3476937
3889012
3343496
4063476
3712280
3695934
3928627
3437603
3339971
3957249
AVG: 3672651.37143

r=3, wt=16, c=16
6751843
4991471
4297051
4714728
5551002
4598581
3900959
4315170
3780753
3649589
3567178
3949858
3956436
3465723
4327424
3776920
3726993
3659467
4719171
3718228
3691880
4030624
4448336
4050299
3827248
3411724
3301368
3610047
3119031
3578794
3865607
3789500
3524450
3991870
3145544
3625428
4085625
4326048
3663482
3466132
3626366
3870435
3490051
3648880
3781547
3895179
3943451
3689426
4116921
3517923
3504227
3669889
4117847
3661374
3400401
3330586
3791774
3258462
3712501
3710277
3695472
3474535
3333101
3858138
5003463
4422130
4444617
4219936
3649311
3596809
3706560
3425114
3757503
3324722
3530534
4909224
3608371
3484042
3670511
3656458
AVG: 3783499.27143

