r=1, wt=32, c=28
5833560
6064715
6417344
6360222
6464957
5622589
8781186
5687577
4433717
4961844
5090761
4018826
4158872
5059019
5527743
5122798
5744854
5476208
5310701
5724101
5415138
4937153
6108032
4946757
5383029
4443876
5026580
4340854
8629377
6095357
5185038
4735415
4405240
5523178
5784167
5254375
6215851
6189136
4834287
4271925
5386882
4354312
4814605
5413276
5558253
6489477
4547687
3848854
5869714
4637026
5218407
4665647
6366754
4627139
4767788
4723846
4677465
4448549
7345332
5635055
5402265
4185704
5144503
5720133
4581570
5882992
5382172
5487314
4769583
4593454
4850161
4288228
4299565
5395576
5236954
5257970
4624169
4449198
5081867
5796321
AVG: 5243740.04286

r=2, wt=32, c=28
7125559
5892560
5754474
5457196
5036875
4784900
4592407
4870454
4667641
4531478
5651605
4253567
4345847
4223167
3891226
4251547
4704959
4065127
4529385
4140036
4494009
4697634
4462426
5243834
4593431
6008115
4221613
4416807
4379553
3753762
4535842
4791666
5176525
4993310
4541209
4248207
5180833
5183065
4344012
4538077
6210349
5008657
8353919
4906269
4497623
4751529
4849281
5290401
4918743
4919717
4216575
4755515
5045706
4105486
5240585
6051228
4466451
3815853
4432377
5223028
3992699
4491784
4683635
5074141
4334388
4318117
4606211
5277115
5040330
5025242
7802927
4124866
4441422
4342867
4920728
4727823
5094409
4793929
5889064
4614319
AVG: 4783472.0

r=3, wt=32, c=28
6745724
7161634
6348456
4948972
5090929
4812937
5242945
5632470
4998281
6055579
4789386
4448735
4539867
4909181
3874840
3970657
5032871
4844036
4943495
5501282
6538736
4668181
4468825
5013233
7016204
4987609
4721394
4805081
4468352
5682352
4725735
4974954
4578826
4759332
4176451
9772144
5717055
5142411
4579585
6113565
4816742
5147048
4559639
3765054
4480950
3849415
6312512
4725142
4178891
4048641
5134957
6597317
8427768
4818328
6127968
4269867
4687288
4767443
7118126
4570730
4889992
5140802
5072134
4591260
4095603
5491272
4980510
4508896
4436286
6302142
5118979
4388601
5056809
4158882
5041836
5348032
4682955
5672966
4482705
4133994
1493100
AVG: 5092006.32394

