519242
107347
151237
222129
192591
146977
139205
171919
143187
130767
128678
119428
158082
209457
178386
165681
196567
173103
100576
134446
226940
189084
164707
131979
136731
148858
150234
120998
110244
141617
161539
241096
133229
143820
226990
131574
115492
116836
124644
160467
149458
188850
217114
150164
206865
184329
172360
213598
212594
222363
219100
146683
168176
382131
143510
185758
159615
213348
318657
211160
280135
166346
177096
199952
187432
212939
143003
160071
170401
163886
160673
279328
208314
263356
164548
175624
189154
165374
179762
161887
AVG: 176812.157143
