487058
289556
198692
316075
146462
126346
179533
111259
117319
82110
95651
125949
104696
121679
158039
148363
131877
156371
120621
141642
135614
114973
228960
293646
110470
144923
164157
120173
128718
172072
116633
137032
158548
106133
143047
123530
119204
111717
122304
160833
130027
115057
117517
115431
129999
124262
121081
130346
145851
106188
122901
129240
120025
137047
139774
93335
169635
139872
123226
121601
133342
166782
135102
141641
128735
147361
138977
154178
101492
115992
120211
148652
91499
93070
113575
110522
112046
115006
99825
121181
AVG: 132816.657143
