766296
297868
310262
293625
267722
264618
256348
271221
255784
260427
254444
281230
237818
262487
288057
431738
307098
265004
238453
247736
250664
412598
263587
273332
248182
270186
326712
282826
228891
617288
422842
468060
223319
313839
334510
283705
286094
256989
336903
307398
288487
246100
278489
269712
303099
186724
262310
234469
276089
277799
347570
298525
261368
228964
219972
192670
409628
259346
297068
303515
269448
372981
294622
276249
270578
267347
297519
511670
215839
252104
232318
283189
275029
589573
252886
297347
293606
261616
236957
311310
123039
AVG: 294802.690141
