1007866
215991
268379
377411
317152
308953
272978
179968
223629
291979
261151
257567
254801
225118
212099
308843
229298
282601
199856
248039
237557
260842
428839
206751
264032
268697
252001
251665
278732
259537
218365
235359
288109
358982
172003
281294
265339
186905
294969
187621
243373
518063
349555
200334
207663
205225
172639
261189
191146
303762
211574
265466
285849
222491
283320
286418
285277
253431
236947
237219
270043
217788
438412
237092
243324
194330
192116
196662
152232
213970
209143
245686
312177
257850
280862
252555
183571
276924
194358
380740
AVG: 254815.814286
