r=1, wt=16, c=24
655122
301168
304542
292862
359403
233044
188648
183933
196511
206048
297264
201230
216964
215544
256225
231620
281162
232654
325504
315641
271647
322784
276700
270574
250741
257965
286404
269069
270632
280979
259178
266377
264644
312889
257769
249368
271032
282674
353919
243010
309268
329321
259251
306111
308940
333139
295868
317777
275984
276232
243395
280286
324264
243439
358974
371547
244523
235318
224166
297037
291810
272595
302420
312620
278920
264562
225462
260743
235910
422748
248504
239849
282976
368693
311295
231088
231790
212316
252412
163913
100417
AVG: 274442.0

r=2, wt=16, c=24
601694
306637
228298
261230
297659
324200
254277
250802
236652
225025
247593
216504
269607
273288
217612
196124
223897
227516
167862
321059
247508
222595
240492
268859
206172
164500
308225
170866
366761
200764
242719
226084
238995
299591
248735
268006
270585
213184
230224
261898
195822
222058
215176
213211
194373
172696
268509
273437
262641
188376
252946
228813
248730
297768
370699
309461
240588
240498
380959
347858
228284
246606
251638
264578
267125
377373
239404
255473
293096
330302
236070
271898
303638
293654
404099
267212
269257
340799
244622
279838
AVG: 256237.685714

r=3, wt=16, c=24
678178
321612
300425
243893
394045
363947
265387
273484
263648
251472
253543
222233
172971
155981
183639
235825
196145
271248
245457
364535
577590
274087
287449
235068
197866
272485
267052
231062
245862
247728
260184
185923
203403
295710
255038
270004
219517
214107
174387
236345
217258
270608
298198
236170
286222
273558
255797
221007
271448
304133
294495
268399
219143
223361
288506
303933
242412
263505
238013
479277
345015
235316
264883
261547
269847
310588
249986
237510
257430
257567
270815
310125
338564
330794
321673
235072
285555
248334
240906
434853
AVG: 265535.5

