814675
381540
319119
429060
453855
303619
294444
344143
269168
391689
243809
259907
257436
346876
208176
354089
309491
291512
307749
265121
228611
294747
212594
462616
272920
285154
258109
312841
316533
248926
264040
279704
364460
515521
215246
328555
210194
249591
436449
254530
242343
277258
249938
716604
304770
190174
201462
233361
180775
247450
189858
240918
211414
221572
274065
163941
170449
324941
215054
276261
234109
225485
252994
198321
192324
200318
245359
234470
331378
456460
263527
242897
289105
228357
362875
175032
275898
211177
265071
264551
68524
AVG: 277805.478873
