596477
214742
351548
476289
292970
333303
307783
310573
376626
323778
278896
295435
349255
350658
290647
318301
317516
348527
346149
344683
301028
349921
386919
458946
306900
298095
402166
262930
350085
339464
281506
381534
419745
324809
360835
294872
364261
308467
280754
339521
315247
368597
308190
625241
376704
292278
341035
282394
393211
417973
342261
311583
328655
338335
280133
308522
277154
305406
307959
357733
327955
304436
304841
310294
305445
333758
376965
428433
428856
303308
408976
363239
320360
364191
386828
336039
382277
368280
293215
290211
148480
AVG: 340667.929577
