r=1, wt=16, c=32
728132
325500
259344
322272
351988
201592
289035
318885
247468
262501
278507
341945
239090
280632
228348
322625
310552
395039
270724
295002
283233
279802
268522
229967
294410
305469
311191
308079
280689
290734
277671
253653
251500
337469
265408
317402
353463
289077
294905
452409
365127
285418
287180
244220
289279
256614
347796
305916
321730
314865
367904
305428
640538
317730
393486
294656
288309
270088
292434
858660
326012
371149
296511
289159
287255
268622
261566
296891
266067
341125
262726
394154
319750
257180
283371
290213
269543
306473
1124181
277111
110713
AVG: 311072.211268

r=2, wt=16, c=32
680574
307821
263477
357231
273889
232780
190391
248789
283411
194275
285724
232173
232003
220751
234214
317294
249176
257371
279122
346239
271610
250251
249764
245868
228549
417124
249977
260858
296597
246696
261403
212419
242465
301934
265465
288137
269225
298624
257527
226581
259763
293928
263881
214471
228881
209994
234354
230899
305152
220748
217635
242865
273291
304414
257555
282084
260804
282542
632285
274473
268083
264069
263449
233347
253504
221132
309945
308878
252075
293053
279676
272779
305941
298781
310363
324926
252550
280920
274363
406514
206571
AVG: 268940.943662

r=3, wt=16, c=32
654459
550794
303353
254801
368894
303587
382119
255304
319793
311564
379945
285492
231010
234661
306034
300323
347425
381727
272765
249193
242646
314153
275369
264927
310480
359029
354696
265854
286308
278409
294823
321904
285985
283355
283123
256254
254321
253523
275914
248396
307640
297927
289906
260433
247041
280724
275180
266918
242685
253032
293614
282432
275171
339424
287974
285629
249223
282482
308928
235493
276714
248162
289067
318455
348266
314399
280047
324491
316203
207737
303262
272080
346059
321195
355096
255644
275070
308217
256788
346097
129685
AVG: 290269.633803

