r=1, wt=32, c=1
601034
98689
109392
116181
132799
73352
77573
96344
90229
107270
82651
76506
85229
107363
82290
89319
105149
102626
119436
88598
144559
98416
95817
93755
119214
89079
72744
88121
125242
86871
122266
67179
117211
101791
76004
110320
87856
101496
78861
77103
96726
92645
107423
112864
105982
97497
95463
107702
86274
97495
105494
147679
108198
101535
87854
101028
101960
82174
135758
107126
96235
108564
123455
100286
106062
95092
92590
89812
106821
99899
125988
127242
89229
86370
106120
78597
86253
128968
99006
100234
141660
AVG: 99282.8028169

r=2, wt=32, c=1
441658
137233
82401
96056
203205
109782
75830
113885
101431
141594
89658
93627
93037
99291
112213
95319
86059
104881
97842
116020
131259
145168
135333
81474
144070
109319
99068
123271
117532
120280
92780
152719
91154
103533
76432
128445
103804
119763
115185
92463
85176
92088
106868
94600
116915
139512
124571
94104
87194
109018
99200
113105
88436
116434
93004
102407
107852
96984
103136
103894
87112
91942
118433
105992
92218
91872
89097
102889
126697
131382
89901
111077
108908
100454
106282
121451
135934
105732
101097
74046
125687
AVG: 106531.352113

r=3, wt=32, c=1
604478
129151
131317
115755
93609
118924
95510
101895
86323
103458
101916
86757
109618
118405
98405
104073
94383
105031
81611
97087
75914
119358
99124
108947
92363
131285
79328
82197
121051
103139
106392
104233
187768
125613
106455
107209
125734
100797
72142
91263
84407
128481
99285
115467
107603
118354
88724
105545
91631
105163
150115
188654
88253
120844
221818
123224
122124
90273
94746
120192
156188
99518
94468
135409
107553
104581
80680
114805
102862
100942
95819
92041
153384
152324
98244
97076
103578
98651
96702
109180
106862
AVG: 109781.760563

