517265
200710
373427
252703
242190
195090
181788
222398
178729
149298
204848
200241
226320
220633
250781
223882
282422
161400
340070
185581
151901
208555
185136
177331
320078
188939
190245
192553
214104
166136
165847
193560
178650
331595
220151
198577
338597
221161
214237
212482
245942
223869
222256
209695
317966
213852
271994
249650
240039
247374
213289
282223
291796
230162
214100
257240
207781
270695
316631
286984
252387
284827
258461
286681
325170
281390
363879
277880
223821
220551
271381
310376
320963
253564
1620764
242697
260764
277035
215355
222980
159817
AVG: 257769.661972
