601694
306637
228298
261230
297659
324200
254277
250802
236652
225025
247593
216504
269607
273288
217612
196124
223897
227516
167862
321059
247508
222595
240492
268859
206172
164500
308225
170866
366761
200764
242719
226084
238995
299591
248735
268006
270585
213184
230224
261898
195822
222058
215176
213211
194373
172696
268509
273437
262641
188376
252946
228813
248730
297768
370699
309461
240588
240498
380959
347858
228284
246606
251638
264578
267125
377373
239404
255473
293096
330302
236070
271898
303638
293654
404099
267212
269257
340799
244622
279838
AVG: 256237.685714
