5019345
2943813
2563326
2415019
2264525
1966020
2278824
1941607
1958420
1981899
2145752
1985956
2126033
2126175
2262150
2056208
1949355
2104595
1999212
2059801
2050575
1927374
2085625
1978663
2003028
2028494
2486606
1782537
1990718
2079531
1888599
1916370
1808152
1888843
1741373
1885642
1808169
1964824
1954802
1834956
1985514
1898654
1945507
2101933
2204973
1891923
1990392
2000654
1807644
1871468
1833845
1910420
2035934
2048944
2165711
2002359
1961897
1921621
2015637
2065717
1951039
1949931
1834957
1870822
1843579
1789996
1891406
2025804
1894514
1949839
2011433
2195588
1918081
2156404
2095746
2104171
2117645
2071530
1893795
1961323
AVG: 1986953.91429
