r=1, wt=16, c=32
4876333
4226909
5408121
3690770
4644696
5233119
3834600
3299550
3242895
3033476
3440902
4403463
3510401
3571817
4051883
3390471
5219655
3755322
4117412
3937366
3417095
3386664
3880705
3564501
4068252
3173449
3500284
4205693
3390706
3606566
3344888
3427926
3415935
4039272
3739838
3216808
3386321
3662318
3151725
3639785
3420808
3562038
3778787
3592177
3320000
3458222
4429642
4238823
3845027
4404112
3475982
3404280
3400526
3443985
3153760
3849231
4100929
3661828
3717389
3498675
3769189
4176220
3945163
3716166
3696356
3550933
3536275
4128969
3719146
3567146
3421773
3862750
4088778
3399472
3520334
4018065
3697760
3343692
4693273
4483833
AVG: 3701656.48571

r=2, wt=16, c=32
6734796
4556175
4911746
4102749
3545006
3913974
3904782
3727005
3304804
3968152
3463148
3722148
3673290
3969642
3750089
3781087
3616383
4039637
3686111
3055370
3336963
3877804
3623471
3711166
3855899
3404214
3558066
3922206
3935332
3894119
3239728
3465792
3661091
3826259
3617702
3607286
4251303
3501824
3424067
3421901
5559318
3992444
4004178
3862911
3855514
4133235
4046233
3498192
3343460
3607155
3899130
4124244
4377855
3736922
3565875
3774512
3933999
3774640
3945663
3840263
3905720
3992884
3512754
4936658
3591014
3827707
3744964
3641795
3925258
3790324
3471699
4216582
3709072
3717961
3850899
3565629
3488142
3188217
3501420
3390592
AVG: 3791754.98571

r=3, wt=16, c=32
6541253
4420570
4268772
4776348
4103743
3717159
3458556
4173740
4095248
4013645
4570699
4036312
3182568
3523125
4087566
3444835
3915962
3686850
3852471
4531570
4879242
3722901
3369722
3311600
3315510
4307637
3953386
3828021
3455035
3919744
3753672
5219596
3707505
4505980
3371452
4018982
3774120
5525013
3683976
3623202
3686879
3656752
3677297
4682721
3701087
3594025
4020155
3791915
4130788
3977860
3490804
3427198
3677086
3462217
3402298
3964492
3677041
2986843
3734826
3665925
3720405
3788039
3638009
3949989
3219257
3526358
4154792
3120270
3604714
3765869
4079455
4003452
4361041
3496976
3766605
3437630
3469286
3529814
4027676
3131526
AVG: 3830572.02857

