1621303
1312767
1176991
1217885
1117408
1029083
1057458
1027463
999717
903978
1240626
1033952
893732
912402
1007362
1000178
1154169
994934
965361
877526
860164
877128
923407
822236
790835
905437
861635
815976
802501
770656
795154
792548
803229
869873
799326
751271
754459
789055
833557
917810
876067
860343
812259
768348
847477
937745
764983
798028
870858
795492
820334
788446
803879
786947
778670
894938
869943
762649
766361
827501
808905
809625
779653
884352
787830
774261
824362
840039
847688
798480
868570
846112
841894
793848
863008
847789
839406
865528
872658
790719
AVG: 863344.185714
