r=1, wt=64, c=12
4526300
2835393
2683735
2371154
2378812
2116682
2115737
2404108
2120019
2117852
2082379
1854252
1937560
1983187
1873723
1976157
1908550
2276340
2121708
2055607
2113759
2121882
2230842
2162238
2092822
2131150
1883486
2035653
2101018
2052802
1841044
2021077
2211856
2029782
2050716
2139465
2029086
2229301
2102657
2063835
2074797
2053991
1975924
1873014
1892240
2050665
1847290
2334834
2153612
1977312
2113557
1975388
2297331
1992888
2209869
2049191
2029245
2161604
2002283
1881426
1808912
1944239
2009603
2080064
1911615
2044486
2014420
2197289
1965056
2119008
2149310
1918250
1847154
1908719
1911197
1807096
1941415
2072093
1979548
1911934
AVG: 2048058.78571

r=2, wt=64, c=12
4977315
2500728
2465502
2442241
3002099
1954876
1863483
2218589
1821285
1849948
1817232
1812647
1860716
1754426
1928943
2142141
1908709
1956130
2564786
2023473
1959695
2057132
2180897
1988734
1980499
2039451
1948270
1820873
1734855
2046133
2130968
1961005
1987282
2041771
1991653
2062045
2126889
2138731
1895258
1914444
1997984
2483879
1936025
2022754
1949409
2167828
2056710
2012646
1993710
2144216
2064915
2013770
2874515
1941141
1978391
1917963
1971526
1819277
2461812
1939974
2137312
1897860
1978813
2119414
1946391
2011547
2020035
2314868
1923383
2126204
1919138
1947336
1878167
2011731
1996065
2182488
1903087
1908401
1980091
2022555
AVG: 2020866.82857

r=3, wt=64, c=12
5069455
2659689
2670509
2196534
2434193
2132789
2183539
2122684
1850264
1942268
2007455
2172869
2868773
2937417
2171848
2236735
3057127
2049249
2279511
1969112
2382390
2393948
2258701
2022600
2241891
2031529
2167194
2082056
2168814
2307011
1969384
1966148
1873818
1922478
1899724
2755131
2198716
2200694
1903113
2062207
2142034
2147888
2160306
2270233
2067736
1992885
2594912
1959098
1907109
1945412
2038468
2076635
2214413
2154613
2197721
2089626
2199773
2255954
2302095
2095098
2052764
1954834
1999702
1987755
2088804
2102531
2235514
2222470
1954234
2120253
2235105
2139748
2147715
2340602
2912269
2051978
2002244
2120408
1905701
1907052
AVG: 2172792.8

