r=1, wt=64, c=16
6558783
4223761
3406436
2939807
3072096
3165639
3506724
2449353
2461092
2267194
2369792
2305133
2311996
2169967
2155360
2572636
2457336
2301812
2441931
2582413
2734944
2684008
2524064
2633899
2416950
2309532
2327132
2454659
3105481
2648920
2582688
2577958
2408341
2244053
2560266
2503181
2617405
2513974
2731694
2248560
2407633
2305943
2322254
2381143
2362471
2462972
2574723
2384617
2374759
2755682
2567733
2525690
2606005
2813808
2316797
2486541
2398223
2470240
2413870
2466193
2499573
2510905
2393102
2433551
2524876
2734914
2582483
2617253
2628104
2399319
2329089
2332724
2365596
2283728
2570046
2684855
2440630
2219815
2328696
2637294
AVG: 2499266.38571

r=2, wt=64, c=16
4589154
2912646
2740484
2756370
2935238
2221305
2211667
2105575
2115212
2148522
2103236
2069656
2109972
2492867
2232846
2127977
2233347
3388710
2740113
2256872
2376277
2151617
2098032
2902607
2477176
2558069
2834979
2410527
2913192
2600727
2286267
2448383
2466318
2703527
2623157
3610598
2456374
2460243
2494373
2587746
2417994
2715573
2481994
2508348
2388431
2263262
2472830
2827719
2500599
2538811
2720121
2250841
2326010
2371416
2512755
2097068
2293001
2404737
2668049
2379755
2424784
2446866
2490972
2381959
2392517
2383433
2555979
2212739
2499130
2548690
2360994
2261612
2363506
2282174
2418189
2941256
2394043
2241952
2392529
2445438
AVG: 2445441.77143

r=3, wt=64, c=16
4211135
2903687
3015303
2920429
2619071
2121994
2423490
2121666
2214815
2253408
2407594
2107641
2068320
2053973
2054935
2129796
2812988
2234968
2408310
2245719
2324913
2645019
2361220
2248490
2260424
2502741
2316060
2434023
2215836
2365419
2201242
2812398
2308227
2566520
2237533
2303359
2415105
2402763
2466311
2599356
2622073
2484900
2223616
2352641
2351718
2216144
2211315
2477901
2509421
2506422
2297121
2422474
2480731
2443252
2376642
2730749
2380303
2534693
2370157
2233507
2268276
3311056
2598202
2545294
2479064
2121985
2458909
2371594
2381836
2413496
2560011
2367388
2390259
2304314
2267984
2055918
2239319
2453903
3328408
2350751
AVG: 2381600.34286

