6351772
3900274
3985991
3091969
3217461
2869948
3053668
2846890
2573261
3014106
2833697
3254099
2563585
2725965
2922552
2827743
2888492
3287974
2615752
2746573
2968850
2821067
2754264
2704513
2814139
3197742
2881110
2909017
3696933
3188844
3099485
3017493
3147993
2897698
2858479
2826099
2803522
2663718
2773573
2941710
3101491
3103660
3031055
3177890
2975684
3215378
3248502
3242228
3133855
3328483
3144007
3575800
3174278
2944937
2929281
3883756
3226221
3922958
3693319
3215700
3200310
3477660
3501268
3232520
3137205
2928868
2881036
2768404
2872630
3226793
2974604
2903476
3030784
3010290
4470283
3124858
3314656
3139478
2985005
2946187
AVG: 3069645.25714
