12685805
7470504
6612061
6643281
5651483
5586832
5451767
5630475
5233979
5069466
5496575
5516830
5467294
5022842
5256630
4917844
4977960
6514400
5344729
5501571
5775010
5223773
5632462
5170973
5552639
5261860
5256634
5140705
6430960
5562450
6033668
5419439
5484148
5056609
6393602
6070322
5231791
5185591
5223542
4859543
5471094
4881839
4670158
5193562
5497504
7525708
6185196
5124590
6094718
5966864
5394149
8220399
5861382
5534563
5106531
5176899
5104736
5559373
5054050
5115600
6211871
5240904
6075191
5372078
5588098
5167909
5835049
6311478
5985617
5244153
5268933
5302738
5131125
5779295
5251007
5421974
5285309
6026863
5603177
5180599
AVG: 5535132.51429
