r=1, wt=64, c=1
1894689
1293938
1131640
1031489
1048276
1023554
963454
1012211
1025988
973339
932380
927703
863389
939357
923718
995278
904864
870763
784577
785220
812496
828247
824135
879804
803879
794372
818642
827192
829662
818647
784313
818731
834045
784508
768979
763828
815688
844388
906536
824227
851107
840228
821254
808451
856273
867969
847014
806050
818910
836096
775757
772337
824336
907081
833377
842685
879385
771882
779521
746363
890602
848667
775429
846387
786235
816682
892386
820182
879356
857393
801234
833692
828503
839029
829472
863100
832978
799331
785859
1026847
AVG: 847706.271429

r=2, wt=64, c=1
1789812
1237444
1168402
1127825
1052116
1108131
1099930
1003678
1021808
1008127
994418
942892
905689
992529
917295
886110
894726
891414
830453
791833
840853
874030
813294
805994
820513
821243
881108
819808
897845
852512
841957
797385
812495
786289
810213
858746
869662
811626
804369
857405
824114
848637
813455
897822
771429
826661
781832
777094
826966
844527
893594
907665
778043
799897
845265
830213
816866
831975
882524
831220
777135
796643
784169
803291
826171
875029
848806
823843
801221
826867
879917
803387
896283
869365
799126
811747
816117
800250
818625
922064
AVG: 857249.028571

r=3, wt=64, c=1
1936927
1148760
1225009
1108030
1056104
1175695
1135978
997309
975708
941087
905653
977704
907490
980300
976792
937264
908910
910520
876600
834874
884693
880892
792823
800842
797662
804635
788070
844925
798527
851817
852547
826372
820659
795132
825799
822609
905657
855895
778134
852416
793276
815721
786270
797830
834541
1093435
877733
904922
837732
829704
831979
1144494
790669
791299
807341
789704
827981
778484
828766
910932
861485
860763
878372
814083
873896
798402
835853
780153
812172
754235
718650
783548
795737
854602
847152
794308
764209
755078
769655
786309
AVG: 862341.514286

