3885187
2104163
2091312
1839792
1881477
1480429
1531369
1493321
1543058
1629483
1680207
1452681
1526113
1801906
1582308
1587553
1546108
1792924
1493321
1439495
1444703
2020839
1566517
1470990
1657740
1566314
1507504
1891316
1637220
1584504
1539197
1445205
1682873
1544507
1470318
1576554
1456088
1441252
1452633
1616360
1563832
1530712
1473516
1591844
1603473
1549724
1535764
1619692
1520347
1539031
1528730
1398338
1392371
1617645
1502679
1595557
1469927
1412164
1515954
1550913
1615809
1571288
1703508
1422314
1425173
1338183
1421458
1465555
1385137
1560985
1597612
1427335
1442733
1586474
1607567
1487183
1519788
1603396
1795912
1429330
AVG: 1546232.2
