7028245
4528322
4200707
4153967
4580311
4756309
3239368
3264419
2862396
3013591
2960985
3093911
3226084
3626867
3418461
3330415
2928025
2831764
3864793
3192253
3437133
3210995
2780788
3075996
3172171
3088925
3056179
2928072
3179701
3421233
3029858
3281036
2875652
3615789
3337903
3237735
3311004
2601680
2783086
2765268
2830927
2782068
2720319
3217639
3307312
3170871
4468935
3109742
3289493
3122921
3493857
3293401
4628523
2955581
2809117
2764844
2903487
2952976
3868367
3317818
3075804
3424868
3532584
3675816
3540202
3730973
3368600
3131837
3005854
3694402
2873155
3688722
3349223
3636963
3288886
3510518
3205389
3036589
3105179
3381049
AVG: 3254656.17143
