2590520
1710328
1441736
1309304
1234547
1093856
1087150
1061955
1044113
1035111
1046848
974735
1042250
962329
965367
1006780
931829
1071338
1108093
953692
1003617
1134589
1138143
1033622
995233
1042329
1015247
932643
918543
938924
915438
952248
1141575
1032143
927485
995092
1091554
1098819
999688
1010628
1153806
985139
936889
1008097
934562
959049
1006563
1088742
1131640
991942
899134
1035486
1204461
1056402
1019004
1083996
1014476
1074388
1047919
952031
1047598
1113410
1291621
1183968
963869
1006210
1094728
1088793
1107500
1013348
1081886
989463
1024196
959599
959185
951915
978458
1088968
1032304
960209
AVG: 1031601.51429
