4211135
2903687
3015303
2920429
2619071
2121994
2423490
2121666
2214815
2253408
2407594
2107641
2068320
2053973
2054935
2129796
2812988
2234968
2408310
2245719
2324913
2645019
2361220
2248490
2260424
2502741
2316060
2434023
2215836
2365419
2201242
2812398
2308227
2566520
2237533
2303359
2415105
2402763
2466311
2599356
2622073
2484900
2223616
2352641
2351718
2216144
2211315
2477901
2509421
2506422
2297121
2422474
2480731
2443252
2376642
2730749
2380303
2534693
2370157
2233507
2268276
3311056
2598202
2545294
2479064
2121985
2458909
2371594
2381836
2413496
2560011
2367388
2390259
2304314
2267984
2055918
2239319
2453903
3328408
2350751
AVG: 2381600.34286
