5227971
3977755
4277281
3634452
3524902
2853534
3078455
2745819
2759809
3345318
2759169
3145777
3025395
3104959
3140521
2923935
3127534
4011030
2806538
2957356
3133212
2655853
2887036
2861017
3394976
3250232
2912922
3376327
3566499
3532516
3326181
3193726
4435202
3037033
3048159
2959019
2922710
2720554
2802215
3802886
3017764
3146048
3061479
3201829
3086111
3207631
3273413
3699515
3197447
2779437
3477923
3167147
3164400
3058099
2890841
3072480
2844407
3222131
3112950
3298142
2852131
3227672
5803828
2949952
3095158
2809427
3052004
3610945
2866855
3712449
3340751
3179430
2762858
3749753
3435196
3082477
3269977
4075218
3328301
3067326
AVG: 3186157.52857
