1462607
1484516
1647086
3056920
1527083
2615346
2930617
2123104
1903582
1731193
2630731
3199075
2323764
2809291
2466794
4061227
2341144
1716360
1734985
2168005
4010475
2831226
2731558
2618934
2612456
2555995
2230758
2922213
2133679
2805156
1909133
1982844
1977393
2362773
2834136
1677734
1853383
2066718
2512449
2237512
2104037
2117184
2111959
1782606
2340044
1851318
2415208
2224946
2822378
2082869
2163425
2376170
2238106
3913174
1708558
2221891
2583548
2767066
2234135
2416948
2395010
2476483
2347488
1868957
2589731
2076529
2501891
2018850
2196900
2177205
2787619
3133920
1819245
14397890
2866400
4547136
2377567
2615950
3439961
1688106
1196303
AVG: 2595754.46479
