1211614
1280725
1590433
1431131
2079047
1701406
1552645
2390290
2116239
1906098
1575656
1873182
1929567
1806033
1749611
1626000
1708903
1963447
2460303
2036705
1837024
2017306
2272772
2197822
2378701
2004075
2085585
2161786
3236004
1776092
1975802
2224790
1719290
1546299
2003791
1972586
2043505
1619409
2165770
1622898
1629185
1713846
1926416
1504159
1642204
2243427
2468006
1801381
1469084
1615307
1691061
1854041
1669908
1633286
2475500
1552426
1835270
1562287
1687664
1824125
1932936
1746098
1787161
1890528
1724395
2225673
2201105
2035496
1638696
1974754
2137895
2415484
2043766
1499024
1425330
1670724
2074681
1799304
1788534
1571861
635818
AVG: 1907113.23944
