r=1, wt=32, c=1
1567840
1403174
1084334
1132352
1093745
1219318
1027515
920449
1035790
912928
950247
1033891
1003018
869932
833874
871357
922252
816179
881118
885227
952036
954309
895365
867439
916886
915797
863426
962167
1024324
1202194
874100
932620
948442
931241
1147840
896190
832100
924716
970858
984733
1129344
1049560
947411
893737
984938
939987
870313
1016143
1051526
951448
950885
868796
955294
948004
926940
1031971
1015630
838151
1021226
884791
938315
919008
938406
1049702
994182
877373
917148
918641
857680
869417
999688
869814
938544
897601
871430
999820
837487
833031
769186
1017357
583758
AVG: 948066.788732

r=2, wt=32, c=1
1081851
1038736
1056988
1038759
1235127
1104900
1511772
1098070
981049
908378
846821
931123
877204
940688
938732
913787
931995
914156
799762
794285
884847
901271
816059
1060023
891175
853005
934225
852566
856041
930389
936278
945620
920621
806625
888022
937815
773607
955111
1061455
895100
1090788
850792
920463
1082676
898298
716936
811572
928023
934252
1079134
940703
843475
846367
829451
966393
785965
992561
808477
922724
891180
855826
928423
883122
971598
965288
901743
868758
1068274
1017029
952470
975923
995704
807911
950191
966501
753004
961224
930247
913511
969780
848314
AVG: 923867.211268

r=3, wt=32, c=1
1231624
1086705
855977
904477
706516
864131
800788
805362
772943
716333
820577
798287
975954
826004
893378
821351
730046
855229
864896
757687
828714
793563
925626
913211
683696
836580
865597
888260
883491
932625
816532
845680
876167
922057
682646
764758
817777
1099802
675234
886733
876982
900949
914104
796530
731604
812448
763957
738010
853942
1083870
936259
936833
809960
844146
775903
795140
780192
898089
809906
787625
829021
846340
815299
760439
830315
839845
796898
829469
792532
849566
866993
752163
960764
897350
901461
851104
892438
994658
928935
780628
520800
AVG: 838136.943662

