2175672
2038762
1549056
1561467
1875218
1792210
1484415
1526250
1651006
1630537
1757310
1582536
1554250
1680276
1646704
1575940
1530973
1760231
1652077
1737483
1665672
1645687
1606555
1661162
1792798
1759964
1877654
1433696
1705220
1696337
1596518
1671029
1664009
1611373
1928347
1930006
1768112
1747902
1670025
1735614
1478643
1545171
1550747
1565974
1680774
1662563
1553384
1655646
1589531
1951131
1573887
1633112
1737475
1580390
1449773
1475625
1623679
1429584
1518471
1496602
1699963
1424231
1518844
1544664
1409672
1638477
1592557
1373457
1490318
1395595
1493304
1608206
1531940
1556815
1701560
1517943
1479121
1493540
1266222
1268636
AVG: 1620880.61429
