r=1, wt=32, c=12
1692918
1681621
1794256
1624898
1714184
1729877
1951153
1778410
1754341
2282016
1661176
1787571
2125780
4080143
1725671
1674482
1933349
1883194
2041853
1554500
1470901
1678548
1553315
3149233
1796316
1805913
1954341
1992487
1671580
1941239
2438123
1848254
1796764
1805468
1743040
2019511
1714169
1858069
1611482
2125838
1837095
7816115
1495995
1677455
1705098
1857894
1730563
1722323
1838940
1610134
1946016
1796440
2067042
2059865
1525597
1927811
2094962
1874983
1243891
1760824
2018363
1830615
1693846
1684953
1556846
1573190
1494409
1482052
1697261
1546688
1438910
1436012
1760469
4562623
2345549
1676941
1832105
1672874
1863300
1705915
775627
AVG: 1962336.29577

r=2, wt=32, c=12
1676226
1141213
1581949
1785060
1873264
1744467
1778924
2004512
1606645
1907975
4890647
2009010
1824494
1998861
2188225
2035133
1988769
1558428
1700335
1945080
1776422
1510624
1767086
1977750
1677961
1687912
1404434
1847289
1766109
2067814
1898746
1471861
1675739
1635077
1826309
1872747
1966082
1467660
1695121
1736685
1926555
1728827
1962784
1854805
1897890
2476480
1590913
1955662
1779806
1845193
1811148
1849181
1686770
2109147
1697085
2209272
2268795
1934577
1843630
1773792
1572908
1529333
1932617
1898079
1849839
3387506
1879336
1960277
1697602
1869748
1852920
1718418
1779810
1678017
1628918
1563257
2635251
1747940
1353991
1815655
1274644
AVG: 1886082.11268

r=3, wt=32, c=12
1511911
1212399
1533469
1592049
1745159
1540916
3985305
1471459
1566616
1680108
1537668
1622468
1793311
1912382
2384680
1589833
1249721
1640219
1714302
1791692
1610455
1562330
1343414
1872373
2582493
1535682
1452741
1645825
3222238
2136461
2231569
2214766
1626603
1623306
1825365
1805279
1746733
1896433
1821122
1703874
2465928
2133021
2162591
1509051
1641770
1969637
1356606
1470614
1673147
1710262
1877053
1770045
1741792
1552611
1797553
4196263
1562219
1518047
1498721
1685070
1688629
1446834
1575315
1559725
1548297
1507689
1510610
1572980
2230659
1631432
1912364
1790495
1364472
1644658
1540481
2274367
1680078
1860721
1653205
1450928
AVG: 1810805.47143

