r=1, wt=8, c=4
2137931
1613392
1683050
1415858
1343452
1322061
1304587
1304300
1273192
1307834
1355709
1589993
1540525
1251197
1589159
1357108
1335939
1180281
1299547
1295573
1266113
1368640
1194078
1354517
1294330
1330521
1439346
1266007
1229895
1502206
1403229
1205254
1377059
1410911
1352168
1347493
1373590
1259311
1437735
1202232
1397892
1280784
1325980
1669864
1239940
1360917
1323235
1363118
1413503
1381695
1186458
1338316
1467978
1377618
1100229
1225236
1517937
1242336
1256959
1134368
1298725
1334702
1322244
1421553
1377474
1227815
1260843
1466628
1167301
1336745
1257466
1143335
1264475
1409289
1287380
1192656
1351614
1121836
1356168
1611305
471846
AVG: 1328093.43662

r=2, wt=8, c=4
2549352
1882529
1466896
1383904
1491475
1585650
1541951
1265746
1289212
1984359
1386245
1590621
1416905
1547764
1407078
1279916
1276212
1273955
1843086
1602557
1418487
2322065
1464212
1254856
1590135
1285202
1304941
1688344
1236936
3287881
1517908
1247257
1406034
1503128
1398329
1172708
1287019
1212980
1290720
1259435
1269061
1192530
1318450
1236569
1436010
1404811
1143155
1376540
1287098
1728102
1198372
1298540
1377707
1249991
1265570
1267757
1303356
1256083
1295689
1514309
1106014
1553052
1298895
1408366
1346437
1283666
1369069
1365970
1464184
1464362
1354275
1472487
1228709
1211878
1273952
1321677
1443474
1313236
1255636
1559910
AVG: 1415155.0

r=3, wt=8, c=4
2282790
1961741
1481720
2045109
1560465
1375627
1356767
2429440
1328792
1491596
1339984
1442717
2311102
1560554
1612894
1441436
1810873
1184196
1207140
1275658
1334499
1423070
1311735
1224560
1233676
1305985
1091580
1229562
1239734
1261745
1416865
1306669
1054565
1554048
1587883
1189422
1268451
1161905
1382334
1186364
1244566
1196103
1567802
1381668
1473542
1149907
1205818
1104559
1066685
1210491
1316910
1151157
1417071
1373541
1451028
1149977
1282429
1144351
1243017
979869
1192219
1220366
1345782
1176859
1340902
1295377
1136297
1323782
1146778
1177926
1337216
1230121
1210080
1223548
1346010
1281733
1306199
1182102
1123346
1117838
1147419
AVG: 1324350.91549

