r=1, wt=16, c=12
2081812
2068452
1764872
1976184
1611866
1596317
1671675
1781217
2019601
1834110
2060846
2039625
1917544
2087695
1745644
1994315
1668519
2518171
1670929
2086167
2095360
2017344
1840794
1997279
2552799
3390765
1725702
1693907
1655536
1804097
2004664
2206676
1730956
1646451
1917657
1556953
2561124
1752235
1563297
1694391
1666278
1715737
1551130
1654089
1938086
1555481
1817346
1675669
1980815
1308974
2009063
1907059
1321935
1724698
1529900
1505249
1773252
1701304
1751084
2173926
1725422
1757107
1655019
1554486
1565775
1868693
1752857
2124169
1760574
1978448
1865317
1668979
1776923
1887888
1652275
1730485
1593205
1951964
2022620
1628596
1336477
AVG: 1840645.83099

r=2, wt=16, c=12
2324920
1527987
2031926
1839654
1757077
1877087
1895014
2578333
1835560
2310638
2280350
1786389
1924247
1754940
1531066
1584387
1724261
1643999
1561751
1613612
1485753
1620564
1739041
2072442
1504284
1521358
1652469
1560445
1618926
1517028
1553589
1812583
1425019
2189865
1884377
1613739
1632389
1730987
1714258
1883303
1637281
1772565
1707271
1874025
1760395
1495676
1484272
1819628
1611001
1721579
1615676
1943905
2028435
1954530
1739469
1565582
1860962
1959879
2022061
1832646
1717709
1483378
1565729
1657873
1966448
1815433
1707623
2299222
1992562
1915586
1916634
2119714
2120013
1945472
1924158
1955079
1930922
1879780
2080404
1915662
AVG: 1788406.35714

r=3, wt=16, c=12
2190832
1811350
1472338
1559205
1707139
1351267
1712802
1628992
1833066
1442331
1432566
1569173
1654933
1598141
1571351
1660844
1574542
1659115
1440318
2199299
2456443
1461996
1772808
1514861
1572708
1503455
1342738
1719708
1722717
1924782
1664185
2116275
1433949
1476281
1671627
1635069
1816198
1796266
1886422
1740595
1574463
1593436
1698188
1995619
1687021
1662875
1718802
1666169
1742680
1617189
1720323
1758692
1697807
1599345
1754714
1752421
1475460
1469609
1770290
1536578
1436545
1876876
4287211
1478261
1704669
1610349
1440936
1624772
1790657
1695828
1791062
1925545
1765306
1881198
1927899
1755221
1619224
1673239
1796408
1701859
AVG: 1718380.25714

