1945068
1757542
2185118
1425955
1694761
1740302
1820144
1771099
1788767
1568728
1624948
1719484
2095865
1715938
2800273
2174278
3279579
1638339
1626211
1944994
1855344
1830249
1668942
1892718
2158025
1542686
4714863
1720180
2285335
2166400
1800199
1980593
2138795
1723032
1944214
1710605
2334303
1628299
1722989
1852899
1355697
1821211
1797517
1897015
2132658
1616473
1703211
1926148
1624421
1738812
1594870
1521080
1751627
1529935
1622031
1722629
2496145
1751187
2023745
1991598
1626708
1887721
2068493
1734725
1931795
1813344
1620690
2172538
1770898
1783514
2163170
1546015
1585840
1423123
2663921
2374441
2603700
1534153
2179092
2320824
1128940
AVG: 1912176.97183
