1860172
1533479
1567048
1342705
1406635
1249613
1177359
1113948
1396338
1174588
1442335
1124965
1314422
1312952
1249589
1207838
1493034
1375661
1246431
1334716
1303892
1362258
1344618
1375825
1326640
1387923
1358465
1374358
1345785
1403614
1434728
1313056
1387590
1436980
1403992
1227210
1404800
1508224
1402333
1284503
1249221
1278400
1337909
1403294
1404715
1379485
1283651
1327291
1397242
1307534
1264761
1467003
1331608
1325990
1383266
1545599
1309518
1346959
1511771
1454215
2042901
1544185
1338383
1588127
1331744
1478365
1520324
1433718
1355615
1400939
1513463
1395406
1302188
1337596
1271509
1552866
1403453
1298395
1290228
1182647
464112
AVG: 1370666.8169
