r=1, wt=16, c=24
2700658
2303653
1903481
1464284
1442159
1442934
1529050
1706070
1672082
2024153
1514235
1599370
1617139
1507493
2325039
1455121
2622845
1900084
1449184
1616959
2583276
1543313
1428687
1508221
1526079
1597989
1399883
1673872
1615300
1310675
1472549
1947869
1524259
1407326
1460712
2113980
1722678
1376900
1472060
1966913
1832525
1941309
1814879
1415651
1662408
1761616
1830393
1847532
1681799
1599130
1609841
1719545
1866841
1689585
1773065
1728454
1548315
2015878
1526000
1395341
1572339
1504891
1807461
1706175
1915210
1744832
2326196
1798581
1527790
1743067
1930146
1729532
1732751
1586048
1804711
1894429
1932428
1872689
1638436
1887845
1894522
AVG: 1707303.73239

r=2, wt=16, c=24
2249706
2435300
2052582
2212461
1958179
2025412
1738954
2087756
2008123
2137252
2064210
2103503
1975778
1722581
1988524
1736259
1966504
3603178
1617978
2322704
2047309
1559415
1810792
1717730
1831393
2074123
1582303
1703192
2057568
2342510
1924020
2481102
1690861
1674410
1890715
2039349
1991443
2355513
2139876
1721260
2149735
1958176
1991675
1945511
2533734
1988780
1572254
1995378
2378300
1879930
1749200
1744214
2239375
1873282
1991150
1937140
2573726
2284816
2001342
1907260
2335199
2105910
1905714
1932481
1931764
2133599
2425319
2061575
2051994
2135070
2327009
2302273
2307473
2180897
1943653
1900634
2165268
4660829
1829579
1814608
773363
AVG: 2033931.57746

r=3, wt=16, c=24
2283127
1814058
1729123
1639235
1783039
1894074
1819231
1530095
1454128
1502234
1508711
1574513
1671840
1565711
1952116
2121468
1711706
1540017
1718253
1635385
1487477
1769475
1609871
1746611
1884987
1423507
1894125
1870302
2002385
1665738
1958005
1785918
2546108
1688584
1469645
1730067
1802609
1989443
2165627
1694400
1708462
1513284
1755976
1668099
1862238
1681676
1587812
1782057
1862043
1522522
1563199
1967527
1749930
2023289
1846864
1853255
1623558
1749534
1525470
2018534
1587419
1611631
1549831
1994180
2246943
1770265
1680028
1735293
2148657
1797384
1649276
1718383
1675545
1608372
1912413
1608041
1715725
1598005
1418829
1582268
AVG: 1756218.78571

