r=1, wt=32, c=24
1957777
1667940
2215697
1387416
2912072
1692167
1714905
1950181
1981442
1853702
1997092
1783555
1967702
1569050
1747093
1633097
1746788
1483163
1700038
1713726
2492515
1665045
1680338
1707958
1742570
2118379
3741250
2063182
2187215
2068371
3734054
2129200
1907582
2049259
3361261
4750197
1817069
2708845
1812425
1999740
1725868
1988484
1955370
1855201
2279578
2197265
1738564
1786669
1872551
1837902
2102731
1764644
2062183
1964280
2195660
1997553
1820026
1768464
1726354
1945750
1817104
2289322
1789736
2333091
1902884
1649082
2111574
1817496
2028516
1931033
1683803
1966691
1687345
1851750
1933398
1541727
1807745
1746611
1706447
2366137
1705800
AVG: 2016757.8169

r=2, wt=32, c=24
1431979
2402511
1467717
1411918
2670833
1765352
1840319
1887102
9868535
1623824
2354426
1740558
1737979
1287956
1825482
1616009
1711465
2614432
2275147
1800549
2720886
1669866
1798319
3308665
1676196
1437808
1798417
1870521
2362186
2529005
2241504
1814160
2010642
2217958
1801654
2372354
2410163
2136646
1720552
1669131
1899340
2394370
2221242
1801948
1564560
2452276
2321917
1637027
1896294
1849158
3625495
2064422
1684701
2307832
2007423
1852904
1742660
1820115
1602063
1878717
1991226
1566697
1884036
2133757
1678238
1822671
1535852
2097238
2172248
1704838
2213978
1820217
2270554
1855715
1810789
1839806
2527956
1700235
1506765
1959209
1506243
AVG: 2092085.80282

r=3, wt=32, c=24
1963339
1382797
1431602
1366002
2706542
1787137
1852991
2163976
2556999
2601383
2190809
1988309
1810246
1553296
2431315
2256740
2150051
2009232
1309751
1881161
1713575
1973584
2029542
2165141
1691058
1764959
1969982
1490823
2052352
1875881
1705155
1825430
1880027
1607590
2180038
2173978
2523637
2821561
2160572
1899884
1855314
2862532
1731730
1507968
2032933
2007930
2399235
1689022
1700988
2048925
1906691
3676635
1890715
1891062
2237233
2484019
2020318
1997414
2128507
1994268
1666522
2112267
2141758
1888132
2034864
1942156
2198072
1950610
1854051
1773054
1675038
1710076
1900818
2655029
1556431
2358711
1569803
2172539
2115134
1974698
1171965
AVG: 2021537.92958

