1252791
1717338
1485038
1629289
1528852
2013241
2122968
1682931
2356943
2266412
2135128
2087243
2419842
2035206
1975480
1895000
2571390
2394974
2058819
1936006
1966919
2962926
2058486
2280542
2391769
2345903
2542668
2712449
2664535
1630479
2145129
2494477
1895617
1830098
2518826
1557262
2195080
2059771
2121455
2516909
2073543
2052398
2613519
2290293
2184043
2162116
3717298
2293593
2173561
2431484
3137226
2206819
2599625
2752542
2109730
1710179
2344420
1948045
2544005
2717755
2513094
1843137
2289247
2322101
2636333
2601967
2401867
2399309
2200723
2414655
1724919
2104372
2140203
2402769
1864138
1762436
2053793
1673820
1777637
1936698
1048584
AVG: 2260934.46479
