1535330
1701130
1628132
1335330
1965234
2683761
1886094
1621933
1744863
1436733
1893969
1935728
1972770
2202919
1711208
2357414
2738415
1781139
1862032
1700054
2086678
1967164
2076110
2167433
1907828
2145930
1910580
1835713
2667935
1696943
1696101
2156785
1806441
1629641
2017597
1832132
2249503
1708679
1939557
2088409
1944969
2026987
1631675
1813639
1499987
2369854
1911692
1802737
1817219
1893412
1847886
1991196
1702091
1951783
1751058
2064029
1480421
2041153
2171867
1647512
1793192
1562442
6057131
2247206
2301977
1700588
2177179
1957113
2037536
1709490
3085592
2227961
1611824
2060947
2001613
1650907
2024466
1806469
1678608
1860069
1985235
AVG: 2009296.56338
