825317
1045249
2352509
2110235
2439693
2045453
1617909
1893415
1737015
1609605
1851292
1874850
1834874
1486906
2505845
1616184
1467895
1118750
1732615
2070585
2716777
1870042
1961059
1348617
1763879
1690313
1803438
1664371
1539382
1713949
1773500
2309770
1508873
2081192
1676625
1704957
1327809
1890801
1941105
1215961
1514640
2113500
1848666
1248138
1518825
2096896
1538023
1469285
1796903
1838175
1716817
1730321
1786537
1925217
2391313
1769454
2225096
989030
1657108
2268968
2520739
1444564
1965768
1948430
1682662
1547320
1487299
2298723
1735143
1678157
2298582
2405465
2096319
1518060
2408082
1871933
1663903
1540075
2341432
2656215
AVG: 1806340.54286
