157903
122617
116143
106055
110091
99037
72480
73238
75812
77702
87858
82352
83222
85204
74341
78122
94982
87297
119737
114983
91432
78140
72103
76736
81986
79153
119070
100667
101102
92515
94843
89467
78065
90604
116164
107519
83366
86914
87177
86821
88052
84426
97509
81361
80884
103892
90129
91094
99899
112446
91167
78049
78360
82952
99912
76879
93475
101304
82473
89196
89506
85292
106400
89874
101755
94725
78225
82080
78032
74073
85140
88559
97022
85295
83096
96294
79061
95600
100912
136167
AVG: 89182.0571429
