r=1, wt=64, c=16
656190
642106
945314
654460
584618
594137
558179
727127
607660
564282
520954
480283
597263
631025
549367
707014
512337
636296
542885
429357
508203
469568
569885
480638
507936
478521
553376
618509
707450
516253
617020
473953
467076
436552
506568
395371
533426
432423
646293
456918
414456
554421
775988
694327
587729
634280
491802
461575
449131
381504
456866
647999
478988
571687
464179
614662
541489
565046
666111
492130
602254
483536
547842
680527
490117
456412
552341
528626
676375
432906
476530
569506
579382
650946
677157
673163
471606
464352
615696
611665
AVG: 548327.6

r=2, wt=64, c=16
463443
745163
657214
578612
531091
589158
498421
430680
501889
556701
508127
461988
683381
510018
633825
613250
612584
875274
383831
481886
405329
454742
639415
497706
623971
590542
597490
551062
628692
534974
515791
707191
1057345
648278
416645
497730
519287
736742
621666
655503
619458
416932
433338
557168
537156
574823
573672
894917
483513
464064
431977
517492
618711
461257
739054
571030
592413
415941
702188
667443
547486
617157
900913
453964
583082
516064
625340
441371
446091
663928
610387
467148
607104
536310
711779
583681
678448
760524
642555
548957
AVG: 574882.642857

r=3, wt=64, c=16
401381
841435
754260
764323
740814
590910
693021
449741
441614
593401
676554
770599
464556
505975
544574
648400
774524
621218
671835
506007
512720
435721
454249
378934
407887
678401
657178
407887
585773
559949
868255
642896
512421
757881
505309
427143
505983
586417
550248
689308
529413
588287
477212
432266
538416
620377
691313
600890
485269
483706
535829
576010
549796
498023
601575
663651
751855
649307
480816
485902
628482
632263
642019
537739
482955
490381
663571
438999
642282
552585
1038056
635341
685606
780803
484752
591914
703474
621969
650746
582156
AVG: 580760.514286

