1153994
1061946
1042365
1150685
932221
838249
875219
1014953
844229
767391
782866
829469
927775
1053154
800142
930760
783288
794750
906158
1168997
729971
815591
1022475
856121
951824
760988
940623
727107
930850
790413
947645
753231
728563
745314
848115
931312
688800
916789
804149
768962
758214
748440
759274
778017
795930
764212
824755
961444
936846
804508
762846
810048
963070
770054
832214
882064
978033
927784
1034659
883774
948852
777440
808670
786285
974817
814972
810603
977035
772358
833241
813750
695023
782123
790838
761244
901539
755922
765307
862354
871019
AVG: 847138.285714
