160690
133585
159726
152982
194631
150421
166165
136381
130451
173810
144639
136481
133472
183807
165069
124811
139057
140355
146771
135516
165341
174070
128105
129258
180351
163712
155867
191601
206133
162531
157685
137610
156408
176998
137207
183744
170040
123501
140463
150771
147837
134173
176146
211382
131129
171593
137333
118523
231807
136877
152753
176364
125004
123349
157392
143777
156384
153182
201757
179073
135942
151032
145835
170374
164231
210275
186717
136704
141309
154478
118694
189562
134986
185664
125232
124160
147468
141438
123873
152566
AVG: 155935.314286
