r=1, wt=64, c=8
369976
456755
304090
225338
324962
341891
244521
274329
282077
260337
239994
264475
359735
233933
271773
233867
201076
193192
218723
251614
266483
251233
214612
301674
290086
234120
301363
434312
237045
319467
289585
305977
225640
246427
262211
260161
251801
235706
255356
316080
298065
324979
367083
247831
212023
215957
244176
255042
244605
275373
359520
275738
266977
343838
328643
249292
350361
453071
322921
233917
239167
257944
303681
263982
309823
328118
258116
214724
316196
284965
254528
378898
324705
274444
198011
245395
252788
256679
225467
292083
AVG: 277822.714286

r=2, wt=64, c=8
279867
377914
297800
266848
273403
237111
252391
323187
262582
287750
246041
237324
243004
319521
324249
221449
204274
240608
196364
224185
297453
285150
334101
271584
237368
306249
305135
233815
390174
300310
276215
209679
280445
288520
384857
252121
349259
352416
359765
281356
372079
388593
340713
554218
466220
295241
280713
263080
230747
266139
244073
407542
275884
305889
260162
351687
301694
273452
296542
316943
297352
286230
288727
255998
207562
253916
265591
314882
253986
257695
272091
277528
265025
327736
467005
258362
243652
239288
240084
265943
AVG: 294270.671429

r=3, wt=64, c=8
361994
439179
445485
351990
418569
432606
247087
286065
327076
273118
243187
257511
294019
309845
293620
343418
282336
237317
204315
236542
276840
251328
254489
283323
265248
293705
349611
257237
280375
311154
287588
218254
276412
296834
257352
244881
237350
333948
298315
209197
239527
284226
287983
311186
291823
344645
215069
231407
234335
243567
242070
247516
335119
368105
247862
233539
289374
258456
301383
269683
279875
309979
282232
247225
227874
196638
275019
271188
325068
236302
303720
286002
312166
321322
279533
292435
233090
255380
253804
287905
AVG: 276893.157143

