515217
487722
651621
724401
606570
451368
500533
328013
386959
395285
455652
469307
363169
301158
520428
500161
550515
456221
493658
426035
499171
388457
451739
397135
468883
501242
496575
503228
385712
514902
581823
519250
479133
601160
440453
461119
369465
473373
405067
446499
608494
489823
526254
493504
492601
462142
472653
579495
637665
513739
455428
469191
410491
469340
484572
509061
858380
467780
477137
454021
491401
508138
574467
747815
446639
517483
534742
517635
460225
557106
498478
513487
435707
552260
620084
585119
538318
521502
765011
461677
AVG: 489861.228571
