448064
1387585
2018951
2312222
2117422
1976942
2453647
2289702
2806071
2084925
2259598
1765691
1897786
1455200
1627856
2251559
1858852
1596122
1847113
1909979
1837412
1647507
2030170
3943527
1880311
2147437
2003039
1750413
2527354
2547121
1186163
1807317
1860417
1795104
1710886
1329687
2022487
2348820
2139856
1614435
2726244
1510195
1200210
1559444
1900652
1691432
2143363
1764996
1478879
1191731
1254294
3360954
1652450
1567943
1282353
1958501
1337393
1133052
1865148
1632291
1837269
1696727
1251261
1355941
1629203
1418175
1668110
1655419
1511782
1518762
1953698
1460205
1039942
1095620
1883014
1719625
1907565
1239361
1500516
1823361
AVG: 1819959.41429
