r=1, wt=32, c=20
1148327
1173592
1009984
1065565
1052027
1066526
753121
652761
621709
755691
795403
844093
1134019
783961
611963
662044
813921
823633
1091145
697120
981777
677275
688793
773991
592490
733880
625866
966343
976331
594428
866095
1258066
1024233
1365711
1046340
1199622
867648
798651
716207
723099
772517
926932
899160
896948
840634
688749
925991
707034
836942
851371
1238473
792559
755894
952388
736256
664801
992687
855829
893965
831761
840966
870975
1026194
903706
946799
1265898
846288
1090104
919144
814409
837915
630098
822094
1314547
579782
709918
1002364
978596
823326
831760
AVG: 862196.657143

r=2, wt=32, c=20
750667
923619
900413
834534
987554
975789
941354
1336148
724123
809030
876103
858839
1009946
708863
733982
856870
738395
676645
889083
591920
828292
957136
1060871
852004
769658
855203
529491
681860
935243
939473
903101
947741
963920
959171
1027502
806557
1271214
1074997
785739
875318
833765
951865
823960
681220
990289
1009939
613266
798717
979325
872463
810953
755503
1094215
744246
771698
807843
771062
884995
823440
948342
979452
763389
872625
927556
783225
676707
856836
1115248
807775
952198
811272
964398
735684
638129
827052
976939
1131113
968630
838246
801025
AVG: 863289.042857

r=3, wt=32, c=20
463107
735733
918768
890453
1102769
972791
1219976
789645
690448
757251
661862
725649
785564
1016531
771021
845114
843658
825341
1175455
887195
707059
1047079
753185
887904
607263
838195
725782
627903
779149
1121131
737217
648144
764077
784359
831654
1094843
865847
910182
595339
644152
690749
706968
600697
599955
822665
968753
843640
987748
685633
876343
959497
1108574
961625
644899
850024
740132
787641
563158
871876
701083
726359
680052
904572
711046
992052
741936
843244
780689
499270
592702
548013
822145
704831
751382
962592
931311
1072586
908133
619124
1092233
AVG: 802435.857143

