1148327
1173592
1009984
1065565
1052027
1066526
753121
652761
621709
755691
795403
844093
1134019
783961
611963
662044
813921
823633
1091145
697120
981777
677275
688793
773991
592490
733880
625866
966343
976331
594428
866095
1258066
1024233
1365711
1046340
1199622
867648
798651
716207
723099
772517
926932
899160
896948
840634
688749
925991
707034
836942
851371
1238473
792559
755894
952388
736256
664801
992687
855829
893965
831761
840966
870975
1026194
903706
946799
1265898
846288
1090104
919144
814409
837915
630098
822094
1314547
579782
709918
1002364
978596
823326
831760
AVG: 862196.657143
