r=1, wt=16, c=16
3375822
3438391
3696533
3937942
2432836
2470080
2327551
2878825
1930580
2713804
2564360
1903937
2241747
3210172
2364487
4576441
3118278
3505594
3190671
4144874
4520379
3553001
3788205
3154030
2580449
3270381
5460160
2598912
3038284
3385464
2840773
3298781
3278704
3319950
2734901
3072542
3185408
3887480
3484057
4232572
2946070
2970581
3011469
3120375
3923792
2921414
10118171
2830868
2689356
3383883
3716344
2254797
3814349
3148022
2478209
3155941
2775051
2684621
3665123
3070838
2691626
3639841
3049295
2878054
3194522
3013835
2714741
3551336
2901251
3908818
3240187
2250926
2514124
3378403
3342319
2981982
2818839
3202467
3886557
6102993
201550
AVG: 3236005.1831

r=2, wt=16, c=16
5550115
3164625
3673514
2962017
2620243
2193415
2418711
1939868
910858
1071930
1670754
1656464
1919935
1611739
1619667
2994134
2259874
3087881
2130465
1487733
2302295
3209401
1645611
1088152
1882649
1876773
1772793
2301292
1394106
1821570
1871981
1292841
1470116
2183348
1858413
1586731
3122594
1824641
1982031
2994742
3047744
2063200
3369773
2906003
3403243
1798125
2934032
2724860
2912274
2106354
1409594
3805097
2726586
4935638
2734870
2381701
1655661
2669750
2577870
1464332
1466038
2619875
2457585
1906815
1771639
1657868
1428682
2224668
2150682
5232928
3542148
2252013
2658684
2568642
2162021
4817465
2372370
2091957
2122861
1752749
AVG: 2259750.04286

r=3, wt=16, c=16
4972660
4788796
4515638
4402829
4588766
3985761
3975303
3531529
3620338
3217028
3136722
3513211
2685205
2810729
2693876
2902458
3054628
3324904
3029861
2338144
3302240
2870716
2441327
5306522
2541313
3063900
4103090
3200885
3595165
3139252
3457742
3236921
3359899
3191758
3207902
3329631
3142954
3422033
4074898
3626729
3347837
2900174
3683282
2598375
2874704
2782735
3842759
3395727
2848614
3163634
3608778
3411953
2803088
5055345
3423884
3065157
3175922
2713480
3107130
3205323
3632497
3258766
3071037
3128438
3154693
3609357
3026333
3059995
3600902
3565628
4341239
3642972
3525000
3489684
3673716
3107171
4257023
3848495
4936623
3302969
4915804
AVG: 3314505.67606

