150257
95925
99584
80751
127031
94768
105895
55667
64686
58067
113914
86368
51773
92619
60632
45876
47348
48656
79437
41715
56483
47716
52828
68266
77881
48573
60303
46504
60139
55095
65743
48063
59067
52548
49471
74580
38195
43930
50401
65682
56820
53108
40976
33984
55225
38704
43583
52507
53974
50723
65150
47028
66636
69064
48591
40808
52770
63321
69663
58373
50466
50498
47194
77554
83948
58828
50523
58298
63734
74743
51724
66561
52510
51299
56311
74035
55937
53443
63263
78983
AVG: 58915.5428571
