r=1, wt=64, c=1
99315
140909
119700
108533
181128
178774
67834
59795
67800
137520
92285
44555
63819
56147
47997
51922
51978
64595
86020
41720
62343
63633
49522
72672
49596
54829
52084
49662
48268
46343
69705
73649
70962
56130
67542
65137
52882
70256
70150
48904
68238
63634
95237
68202
85337
52528
69925
55274
56998
84053
56429
67755
36869
78090
69648
41217
42314
79631
66861
37046
82192
39145
63612
58547
54680
60571
48306
55638
45349
42908
38782
66860
83474
65528
39182
57610
47665
65199
50289
47903
37677
AVG: 63164.7887324

r=2, wt=64, c=1
204767
196932
112085
152360
124302
65643
81410
57647
47797
46119
77907
50905
37831
52855
47521
53333
41866
32714
48823
40689
37629
52595
56634
54807
65929
34492
41411
45613
54840
41795
43234
59289
44238
42977
45203
40754
45099
87499
32212
45163
39751
43288
48187
44378
42081
37817
31408
41837
53743
44687
34609
35401
39011
38983
54715
48577
50399
49022
50750
32814
62652
44138
49402
48543
44644
42698
48640
63913
34623
38856
65742
57819
36036
51027
47370
34390
52314
32172
53752
122958
20230
AVG: 47696.1126761

r=3, wt=64, c=1
171987
77688
116156
104359
120711
79723
150878
69467
67818
47314
71016
80197
43684
45844
40438
52561
49873
40306
55369
52299
52344
49934
69217
46557
44977
69999
51389
57381
41871
55928
45079
40048
47341
51094
36159
56811
44820
32377
67294
43382
58354
47097
50858
30680
59988
37301
50897
36670
88498
43947
46426
44242
45287
42585
79711
40056
50660
49775
43104
46024
49850
45028
41175
35178
46034
34843
54978
55468
46660
50849
38927
42110
48544
56054
37321
128387
54923
37624
51791
85282
AVG: 51799.5428571

