611704
345621
314810
316689
146681
322112
156440
189235
255647
133021
298056
111509
201132
935113
246541
161312
99045
131171
116134
182588
177363
155614
147231
180353
128632
162649
106923
122545
206522
102104
135760
221929
218382
179366
160893
245125
217225
148193
147808
145240
172326
182694
110615
154626
131968
130269
182279
199475
112036
104900
152565
139175
193224
247711
147987
113907
124540
243034
138203
146568
183290
174014
140954
125214
139789
178006
153518
237194
160960
144155
267769
190141
218896
149866
210395
184587
232828
193990
132531
164073
61524
AVG: 180785.394366
