r=1, wt=64, c=16
1855213
1627934
1416955
599822
1056536
1013372
950640
965065
1024052
3166880
551433
720804
613035
463990
993415
1054989
690409
727133
737435
555464
732269
710582
921765
673380
1078703
1218099
1002126
1079029
791738
832188
697456
644264
1005894
709681
657846
1071138
864974
1339764
763122
1036208
946397
842858
826291
1071979
775737
981548
779898
746849
2177583
1483456
1217947
971552
1119791
790131
1283525
971102
984421
716337
1097842
996946
1208217
1013579
968336
740938
639026
1046904
1081471
1342391
741804
1758695
976028
1015752
961769
1041126
878292
1134124
935264
1033725
866609
1064179
220283
AVG: 977309.633803

r=2, wt=64, c=16
1264527
953895
1579984
899410
1591644
913129
809769
602219
860921
1018499
1053544
1123620
1273865
907709
760553
778907
700763
629912
1132449
843361
802794
1634189
565237
823050
712493
694872
951430
873532
610860
741037
656664
715459
1108247
842322
925746
842388
1136938
1258460
1248126
662708
1016724
1044898
1047616
911458
1390054
1148445
1056264
719484
758050
1026169
969685
954333
1298330
1056875
883527
1263272
1253105
967291
1285674
1003731
1283069
1470230
1672154
1477008
1440609
1240834
910188
1144062
977005
1069665
1360786
779271
1014414
960813
1232531
904189
1494662
1516445
1511179
1676765
200155
AVG: 1002923.73239

r=3, wt=64, c=16
1231820
2139303
3517337
1519483
1814740
730789
725911
1387156
745036
760268
1636303
1502954
983237
971502
742480
1775750
1278397
908340
1017299
1589807
1109510
841479
926037
1105838
574463
698055
867916
806805
730705
1299160
1227816
1029194
1093147
1321289
769554
892471
461116
1143105
803161
1255286
1041531
859427
829433
1137551
1005165
903482
1059886
1423185
867542
6844179
1101796
821763
1079196
1400700
1624617
1185955
829393
753813
969236
1462217
942897
1287038
1099960
1793067
753121
1107069
946884
1397708
11601157
924067
625092
2932433
799116
726333
596531
1569839
885912
800952
1039691
1052222
AVG: 1292055.37143

