671244
1177307
1195899
816373
759987
844217
803666
849323
638727
476924
583701
630858
497722
652377
699188
773106
526920
844040
619280
756048
719318
733077
646827
1069537
631581
526830
855747
1037662
812170
572913
906545
859233
1172338
792257
654499
614446
955120
815323
790093
736677
697057
664348
711825
566249
822822
614769
724157
672326
497713
771355
929213
695311
756443
550073
1283066
588457
641120
875513
649131
532788
640592
1133547
728914
676003
815737
644706
523355
664381
752531
548569
896975
1837016
792038
811168
685030
1077906
651401
629580
717258
720259
290381
AVG: 754514.0
