1901471
1861019
1116649
881776
684637
682067
392455
580853
537620
332285
337006
479607
552242
305582
356627
402297
327020
388037
407021
502568
477286
736919
436932
305269
339402
506510
480468
462900
570318
559180
555372
504700
390683
524202
427792
459307
412721
277173
458662
349679
550138
393033
378013
448367
532991
394532
575189
459717
459274
391868
570762
334239
378485
546049
397451
316614
505607
454732
451575
459390
577917
355521
525671
400083
881919
286668
356233
418774
765413
435899
263730
266713
270086
275998
394553
462241
428251
384840
488230
427419
242027
AVG: 447242.352113
