r=1, wt=16, c=24
6722541
4998861
5042142
6399777
8835137
5153424
4768917
3563485
4228978
5662587
5843854
4979624
5001517
5048829
5985749
5443725
5623139
6553384
5950918
7472677
6329921
5287716
5242761
7191864
7016982
6098516
6821193
6263032
5982823
8192824
6139969
7759245
7065007
7248329
6984887
5575962
7175916
7333348
6399494
7063317
7131189
5831359
7118421
6851595
6899535
7192786
8402853
7039612
7649342
10592085
7602034
6763963
8361437
6033761
6600851
6280411
9135918
6998655
7099705
6135523
8866499
7451132
7397573
6498315
6047884
10991552
5914410
6454205
6183989
10980773
5755018
6725360
5047578
8038865
5996616
6190324
6235290
4937943
5775980
3042401
437891
AVG: 6686127.33803

r=2, wt=16, c=24
6263946
5379190
5209599
4829660
5276217
13915746
10163149
5356389
6132361
4717571
5480251
5862915
5842975
7432705
5229686
3538583
4562181
4442802
3538280
7689803
5966493
4400760
4620060
18128583
4299064
4391049
6422348
2576194
6515499
5707201
5394777
5422503
8049927
6117647
7628355
7560210
5074238
5530584
5495468
7010649
5431223
5337751
5163073
3593741
4176025
3399309
4792736
4576069
8863135
3243021
7885082
5003275
5387528
6624912
5552316
5166659
5336702
6086919
11621000
7434108
6591557
7094603
5307879
4855048
5450967
5718345
6619253
5828178
7627083
10399627
5778934
5972425
8557257
6281894
8824679
5624175
7009861
8229144
4849783
7077320
AVG: 6225704.55714

r=3, wt=16, c=24
5216033
5099580
5416905
5451400
10609701
6795118
7257603
5590866
6652926
6716004
6317012
6525382
6650635
4224434
6239781
7177137
5902714
6053997
6465772
8184754
10273077
5862279
4486436
5624010
5591969
5249023
5095957
5217970
5161309
5708678
5696865
5262217
6822945
6084742
5725338
5052395
6190873
3978425
5391646
5305820
3991976
4802561
4515810
4760159
6071622
4779573
6802098
6967295
5286340
5578077
4301670
5060799
5744134
5711843
5482867
6606321
6401835
4904704
6832310
7167323
6245526
4769342
4719421
6767262
5933951
5753252
4985725
5494999
6957271
6877301
6470952
6037231
5217441
6237577
6500798
5143352
6185772
5096294
5700498
5688635
AVG: 5875335.35714

