r=1, wt=32, c=32
2396523
2565432
2955471
4550608
5416955
5516548
3983782
4425129
5870796
5305301
3515726
2827033
4710928
6187669
4366067
4881519
6267130
4319355
4521231
5125785
5332198
5311558
6130883
6235561
9158583
4084569
5187109
4205363
8104353
8570234
2803193
4272776
6059298
5157497
5040084
4355289
5128941
5823630
5234220
26860015
2304304
9441997
6368420
3219748
5226201
4256646
4799321
3269678
3403548
4795373
5375935
3781222
4849980
3921432
3600750
5030226
6520306
11043490
4319509
3998020
4352001
3854348
3690492
5543584
5233487
4809839
5427960
3103034
4617318
3522793
3943779
4212951
6131926
4661698
5489551
4089201
6606000
7103031
4088194
5442018
339743
AVG: 5311118.60563

r=2, wt=32, c=32
1578070
836369
4018209
1949168
5087162
3259073
2597565
2102463
5123188
3731998
4652733
4074628
3099135
1309951
4195159
3134581
4937485
29962564
4194673
8512564
4926566
3700977
3971154
4317340
4999366
2423364
3490225
5977841
3443382
3987088
3991887
5168680
4680745
5193376
5505892
21513025
4854208
4040890
4502558
4879855
3142736
3105946
3889285
4519094
4349404
6702418
2844043
4167411
3813046
4102863
4288904
4028107
3712564
2419455
5210993
5871472
5433945
4789036
5338941
5234342
5478953
5286905
2878061
6264381
4543287
4153178
4727962
4955752
4309724
5732326
4337394
5910709
2930115
5636113
12727861
1832326
4945495
3113425
7465149
5214340
306810
AVG: 5058101.84507

r=3, wt=32, c=32
857076
2742634
2217049
3458203
2905937
2853703
3264027
8537351
4164621
4181114
11182154
3758393
6586610
5750357
4372055
3801689
3821204
5620243
7612938
6148204
4054882
4423167
6164721
4683886
3681143
6390021
4167038
3899232
4158151
5769950
11157074
5337615
3984605
3594384
4894342
3728487
4820428
3483460
3342494
5860450
3686846
4289793
7755045
6661295
3780328
3718796
4516067
4773248
3945421
3555940
4310230
3226717
3351541
5132597
3843465
7102785
3949822
8076165
4660005
4016969
9887833
4481041
5769024
3899631
4319669
4807302
5015747
3826353
2274969
4452456
3577076
3801011
4476999
3912265
5847928
5078244
3367879
4390374
4183896
4888318
288583
AVG: 4915926.98592

