5812659
6164951
5294102
3071386
5552192
3244267
4793870
5880837
6208618
5019701
4458550
4425958
3691632
4958440
6151132
4618645
3802505
4690922
5296225
6923695
5225247
3656916
5828334
3232027
4102272
4908530
3352090
4240320
4503986
4878122
4689831
4832612
5659933
3137148
3040979
4402286
5496099
4156380
6927996
3802038
4682660
4499104
3113611
3607189
3834045
5095105
4163961
5363577
3836603
4144535
4012233
4099702
6268332
4759080
6530559
4695257
14095509
7169779
4388291
5016566
4537706
4332816
5676675
4852323
4285566
4527390
4162118
4218628
6024573
5225983
4196530
4054927
4514771
3334620
4342887
4844477
3702186
4386216
5646586
5746209
188140
AVG: 4799237.05634
