r=1, wt=8, c=32
24411394
30793442
27937009
28884967
29393829
23999969
23596989
20747994
22843028
23602712
23775394
24234955
35235731
25307860
23529258
25571892
24058635
25090944
22099114
24599852
24635030
23334650
23043166
21562281
23678405
23715878
36524167
24227971
26226184
24759315
24339589
25447565
25171739
24944899
23148121
22626772
24566351
22736530
26203591
24544216
25186096
35724077
24079188
22260522
24216804
24205092
25588254
25484724
23259927
22351518
25050597
26780472
24051872
20661345
22474162
25012702
24002080
28163397
27729299
24506315
23656422
25934782
36399163
20513732
21387834
20155574
20430051
22778444
22720593
20549273
22782329
23135085
23862642
21400276
25371580
40068004
19045621
24420151
23112298
20259832
6096184
AVG: 24727675.6901

r=2, wt=8, c=32
25003763
31896106
31036759
27690738
30863777
22419709
24150667
25496231
24487612
24885677
23638804
22973400
20996726
25612617
23274334
23881805
24788826
26377898
27104387
23651561
26333117
27261675
25633959
28317638
27379897
26711642
25790604
27299739
24457142
23686453
29523111
23837900
23404213
21860035
22648608
23217688
22724311
24473577
26864855
24843411
26195663
22764550
23527259
25695431
30073141
29243830
23765393
20939076
24240643
29139101
22980797
44093249
21312124
21915445
27137702
21879124
25171940
26960002
21283363
20249262
22076628
21805231
27126397
21521650
26092574
25557619
23224226
23368730
20336055
23774523
22419142
23036151
20382699
23527718
26145998
24736277
22862024
39901852
22889215
24613133
AVG: 24699603.7857

r=3, wt=8, c=32
16907285
31642476
27022320
25733522
32494721
29933898
26671630
22145972
24521993
24928659
24692446
21676591
23591550
24397027
22069302
25152831
24665031
22795053
22843379
22136749
23092403
23322916
23184002
26670813
28407300
26107217
27044856
21775844
22373468
25501751
29316918
23244313
23066934
25419844
21567594
23132795
24088548
24535026
23366910
23991256
21377301
24769179
22862812
23115475
17988127
22040278
23520518
25287527
25081254
25316457
23074410
22017402
21550694
22659982
21486679
23246102
23529723
30166853
22453491
19894981
23711407
23100715
23185195
23343266
23304254
24341896
23346447
34907520
21283427
25201829
23217814
23564668
26708795
26851582
23223623
23851015
23687787
21256073
26796604
22226930
6890943
AVG: 24028387.5634

