399524
355117
147306
96383
139407
129563
184852
250936
249678
126693
144278
190305
116393
144442
114387
217308
165260
158115
170434
176531
130293
117405
112918
130362
123658
108769
104849
153547
129603
222349
171476
114751
237935
220972
178089
102032
161747
182795
114348
102712
131371
201050
126028
144040
122387
110736
179496
162621
133747
106070
100761
106099
147126
194327
208356
235032
171115
136766
124950
390218
177037
260138
76815
84152
120279
240247
186001
123100
258161
133580
150883
124144
224827
128227
164492
168111
259085
158513
130211
113832
80860
AVG: 159327.816901
