98889
115862
112480
89473
122564
89605
68211
40632
39953
81829
64124
58277
41509
58272
46174
52868
46258
63340
38381
41764
61824
57300
36903
57901
79265
47216
40744
48678
81833
52715
76831
39684
58090
54688
41975
39380
48595
55985
74873
46717
57531
32070
39621
42833
51801
60330
55086
58492
44800
36309
30875
49344
52166
38105
53802
50385
40130
44222
59406
38298
58799
48183
92950
73038
42955
41044
48086
43961
39134
50545
44083
59380
33556
54504
60524
45415
45560
49297
41436
53354
24066
AVG: 52171.2253521
