189593
179701
136334
111757
201895
67038
47265
51316
92522
56964
54127
46820
80691
46035
66609
62080
59370
56661
67316
104741
65021
80855
37951
54209
51692
65831
64115
51331
51033
70943
65284
62235
85635
60267
70618
78496
80714
56082
52437
39701
51373
71656
56625
59896
56940
50521
51520
50824
67980
37016
41315
49992
77764
78949
39086
38129
58783
58770
29265
51240
28047
66319
43491
56926
59558
38146
31712
31088
101677
34762
41747
35408
50389
43102
41046
45457
32072
36913
46380
71098
AVG: 56929.5285714
