r=1, wt=16, c=4
822787
423104
304975
290447
218184
330303
387907
209855
200205
131003
133870
138889
221377
193352
174489
126048
174422
135237
161823
204222
133076
156804
141952
114639
124710
173918
240237
136221
130362
158150
225523
142741
196703
214445
169711
201961
162557
128255
178518
223449
201603
228801
191141
204080
200389
178960
169638
104039
165546
152010
104221
169480
193014
151232
128047
236940
165362
287548
266062
315440
118870
139792
129022
151382
144973
169855
140702
178848
140189
178258
229567
164796
141033
203694
169912
130744
138777
182692
248277
199096
AVG: 178448.285714

r=2, wt=16, c=4
1163199
446972
374096
372958
290817
156703
123579
274760
192979
180592
115883
92199
190709
123664
125418
113445
137564
118617
94677
149642
147150
118615
221463
162148
251436
99648
107975
145590
114199
111170
138041
97326
123031
147489
237260
300836
204730
147633
157969
243782
193466
152512
163099
110040
115884
201336
352932
144666
128836
186155
86492
123772
197126
157550
225743
186328
183718
156879
170975
125297
123246
157976
162360
142950
225085
173148
273328
327816
168345
250881
172153
167624
169513
219873
152168
205083
201944
302912
191899
235274
AVG: 167388.485714

r=3, wt=16, c=4
1270745
768110
566752
294990
366375
146977
158773
116190
129047
171008
163219
127199
105097
200024
162631
132256
151748
97988
127272
153521
112643
143498
161034
199167
342158
148158
197320
165835
142500
194133
146713
202010
176842
141153
292229
170552
201467
160652
172324
196011
240544
304950
114138
136988
212772
259485
141036
125063
127774
207990
168199
106133
164724
165007
132957
155683
123269
154063
121093
190040
249775
153376
206656
260732
461231
379919
191643
200045
157779
170802
164548
169876
202450
151230
197862
146946
151149
105435
203705
194447
40942
AVG: 177832.774648

