1288280
1340034
2054994
1565977
2925480
3116098
1685433
1254704
2210838
1945315
1363036
1459924
1443384
1733956
2030312
2717386
3678423
1274911
1829799
1892857
1842773
3597364
2431351
1320022
1570649
1588421
2268313
1618651
1512326
1999112
1766150
1721425
2425484
1655803
1541012
1977152
1957240
2278902
2192483
3308538
2012742
2101561
2532366
1871348
1535308
1913535
1554631
1979925
2373419
1631925
2424024
1729866
2082792
2546260
2084319
1843927
2296276
2302004
2617439
2100645
2432676
2261322
1941195
2410899
2128901
1665829
1988728
2448998
3081773
2972206
3517083
2793560
7688234
2016566
1942619
1470762
1521386
2126882
1733985
3062638
426650290
AVG: 2176129.71831
