1657891
588346
651707
690216
1204424
411140
508751
488060
476791
410205
258293
322393
646735
562628
863469
462311
1168798
519026
130445
654642
687660
606962
417591
354643
462342
505070
596903
411907
393347
476613
715449
548430
358840
485315
499749
394161
265734
226887
328318
410568
507967
1150859
496136
373725
817616
1004671
714633
701360
1180095
1027300
631994
760067
659876
1460748
658149
694565
662781
849837
1147157
873085
1203429
845910
622919
943750
955845
953036
652874
898657
714719
683398
724301
1037562
971956
878830
845017
2551416
975590
756617
841217
533699
AVG: 661928.571429
