33.582278481
33.6708860759
33.2784810127
33.6075949367
33.5189873418
33.3037974684
33.3670886076
33.4936708861
33.3797468354
33.3797468354
33.5569620253
33.7341772152
34.0759493671
33.8481012658
33.9620253165
33.1898734177
33.4556962025
33.582278481
33.3417721519
33.7594936709
33.746835443
33.6962025316
33.9493670886
33.3924050633
33.5443037975
33.5443037975
33.2658227848
33.4303797468
33.6582278481
33.4683544304
33.9873417722
34.3291139241
33.4430379747
33.2278481013
33.5316455696
33.4936708861
33.417721519
33.1772151899
33.8481012658
34.0126582278
33.4936708861
33.5443037975
33.4556962025
33.5063291139
33.7341772152
33.3417721519
33.3924050633
33.6455696203
33.5569620253
33.6075949367
33.4303797468
33.4050632911
33.582278481
33.746835443
33.3037974684
33.2911392405
33.5316455696
33.2405063291
33.6329113924
33.2911392405
33.6329113924
33.3797468354
33.5316455696
33.6202531646
