69696330
188919287
139888985
169502155
197698538
194826549
174774939
163122923
157727827
180203455
176706052
173226895
112452479
142684104
192093911
179413563
159388533
194844619
169979723
188269694
186071006
190647674
187489747
144137487
161398746
186753668
194960611
191770053
189999895
199085798
173845353
174259631
173855310
182570965
140224711
202135995
180178117
173942585
180967277
145995524
180705316
189514729
205288812
186189723
183563731
184225487
173031904
160355376
149290038
166193485
176140990
163060186
166228343
173826144
171360506
177900932
168014298
218325609
193931971
180675877
187383448
208047564
178147574
194039889
182393985
177743400
184160067
186813888
178871227
185203401
167409074
132263463
142388973
148192813
148089508
159844673
186897145
191587580
178434905
182297196
97935219
56558670
AVG: 175496096.778
