38440448
119397646
143524892
148018544
167744574
168346818
139316572
144979909
153889093
161276122
187832385
126542653
105453501
153305771
184037958
136505257
153192453
175812055
168178588
144090903
104532632
126152736
142091328
146692664
168044147
145509459
157381127
115887524
156107787
146200960
160611459
122186434
134603040
158650639
152975020
172761197
94713997
159257644
147803552
168071700
158742416
166065078
152019592
173719442
172249233
160699719
156584778
156285909
146905713
141467130
157830965
173646368
168032155
145318376
141352860
154024899
149484198
119680149
152232953
162735438
155318708
152334220
159613787
162930150
166824139
156829493
170346089
164061914
160527180
154447617
129453105
152311171
162552074
160553751
163084230
146695226
157646327
153933121
187255667
153079443
48575923
39620038
AVG: 152327800.5
