1075495
1050545
934989
920381
835994
755221
824586
846758
795999
741356
752689
790415
731764
774014
792774
754109
820966
775514
755079
685621
692483
673764
680512
884120
695490
716904
705525
910733
713780
741467
760141
716547
706784
776681
702459
763167
778697
676527
700066
644557
780489
788361
782346
713328
742649
739917
983496
773880
761183
728945
746407
737756
675371
787059
665996
750202
736168
859350
706168
738539
864063
748959
681968
793122
725930
740903
763065
702792
751365
682656
748708
783129
718548
713484
672296
720003
713671
653145
781932
685310
AVG: 750369.528571
