914790
962872
1226607
993446
846876
831611
857609
822057
808317
810754
888953
779927
784284
849445
827975
869862
788120
808008
831928
812789
828679
870287
871640
852452
1028139
847987
864164
774872
840471
790046
858976
798082
804569
853284
947436
817045
898147
880515
839029
862192
836099
732041
778244
809884
762570
788708
794237
866990
875315
807133
807914
802156
881063
1336718
952033
815377
784702
815167
832232
755216
862060
769542
883609
811413
891787
775289
863794
838112
880672
814109
892153
848043
829871
771098
760794
837266
855273
833746
786936
809860
AVG: 840368.514286
