952382
1112814
1054087
999114
929757
945888
1034027
860896
886678
1117401
937485
931412
881610
823497
1008186
887760
962249
819783
948769
912778
903373
932601
823109
934289
945699
847874
911009
910480
848907
941958
900005
851359
874341
938653
848260
835959
1006063
873452
920359
921036
929503
894632
885034
844001
851832
841791
905704
792679
923627
929216
956388
860369
882043
963755
1387626
876442
916146
755411
847424
778303
870922
872416
854428
825549
870987
943355
991750
832482
954574
843144
878197
890881
793551
844513
964904
879271
984286
941914
995047
924148
AVG: 902582.628571
