963780
1065939
1109023
1084530
951686
783195
814521
958536
1018123
905873
1316179
922569
1000561
1168371
967866
966144
1152459
1042024
998684
912860
946765
930580
979851
1046505
909739
930791
1028964
948239
1119016
889687
1022271
920049
988528
891432
1163159
1041277
1098778
1012650
1174497
1034575
1051436
1071772
954680
963392
1177490
1017152
2492653
842895
896496
1032610
850449
957677
996420
963895
941989
1122478
906684
968348
1292055
832608
1007049
978988
950256
2860678
912195
857224
1088264
941385
948380
1067204
1451392
850533
1035660
1121301
1089127
1077970
1038501
1035744
1055826
1025307
AVG: 1049973.32857
