1102360
1165749
1122756
998454
997124
1018361
935876
904529
886897
1057284
945997
937036
893645
879325
893715
987404
858315
973872
879116
881135
947981
851520
959119
923782
1043791
951529
863157
812429
790836
880931
1009566
879845
951540
831098
866630
942623
1039827
885068
883178
886782
801204
1003987
765191
781428
802704
937865
943060
1294682
903908
859441
1022107
909849
922981
945018
768481
898442
952413
805698
813352
947945
967919
877957
788668
879674
2282857
930953
721398
780011
801662
734516
828042
715275
676294
804829
850444
785254
860285
819435
699798
731834
AVG: 912199.914286
