962221
1284205
1127547
1136379
1018727
957325
878434
1419997
950644
898058
913764
915785
1409491
914979
827231
983002
900923
930845
930855
944707
905045
870782
968574
1000447
960679
997203
882589
885504
933445
875844
884579
777862
1035693
917737
927077
948871
841940
1053719
993078
1012260
980446
1100527
875892
948866
842626
914833
923699
925463
935281
910506
867348
973387
1275317
902748
1016474
962593
883274
860969
993466
920861
792420
944819
935496
984624
888306
818310
1010890
1035823
1105709
900153
985814
1007655
962003
874705
923392
1082332
952656
927967
1013020
873195
AVG: 951909.471429
