901857
1021508
1006724
946479
796947
894142
928280
1058440
772991
952746
901198
944895
983842
1020463
1103553
925578
861008
938122
1044908
870370
913213
803361
1004196
936111
977863
914723
935510
954569
1000805
1000641
989798
878562
1142902
948002
869986
794263
959173
1049386
946909
888354
906336
838483
821492
922642
1194479
1015174
886259
895997
876234
864836
914009
1002280
956617
1236885
881710
959562
1016541
950002
994354
1204316
977739
844547
939811
915074
1287250
806548
961178
865385
962287
935292
1340150
936445
913544
842663
1043577
989346
869865
921285
793532
993914
AVG: 957408.014286
