842037
1292122
1159930
1138633
978592
1016072
1043276
1037030
928469
998358
1026810
882106
1038526
960260
1091711
1059640
1137237
971732
1114760
884810
1019288
982196
1369678
850651
1088730
1138759
1041966
949234
881575
968509
947614
928352
949363
1082902
921639
1074750
818677
1065509
1095189
987489
880570
1067763
1110166
1071869
937576
993737
1044489
970648
1092994
946424
1544874
938033
973102
968047
951378
918841
1344036
1013623
910086
955611
1005986
1176686
949223
980107
942455
882349
1015572
2183797
1170885
941922
989377
1009548
999063
984673
992599
1148461
981697
1887988
1341000
1081345
AVG: 1031585.37143
