1212735
1083826
1093938
1020293
1127588
797606
837790
2468641
948611
825685
876447
894096
889250
751975
1016768
909490
905052
1560371
1114280
831580
1035428
895272
864794
858926
866797
1019754
877891
823171
883260
986630
953179
935683
819294
806214
957187
943123
938785
1130636
924218
1054091
964405
887822
809075
833462
929701
887232
970001
2208859
863040
1145346
858914
853908
1038559
867398
736067
898533
796006
874474
1672189
1043272
942405
1046109
871215
1061783
1111483
912732
869282
1057992
1061036
997797
980054
832697
953329
894885
1189723
995629
1050649
930373
912478
908525
AVG: 987468.0
