1039881
1127374
1157619
966497
924244
853922
839348
977304
867734
977591
1059777
1017172
788911
870889
820090
787880
1079933
1146882
815992
956820
775400
747776
902356
908841
774033
722302
974293
743752
834080
675568
816539
783391
998788
820701
891922
694404
747763
885230
773647
799646
706922
755368
700098
819156
704093
724868
710804
800101
839174
825783
656458
685259
722542
656529
750788
806957
983545
727813
843877
699878
739776
665996
839434
836409
817522
731194
798192
922178
801401
662756
804913
693715
710625
778006
814428
816361
819392
1003306
939032
886876
AVG: 812389.071429
