294252
92360
68075
46829
119936
92140
72805
108841
38777
90510
52401
78456
60525
86151
282363
62723
86871
79201
68107
45325
127143
74209
55859
130352
157830
152524
62432
84029
98850
45249
58382
40996
51780
53972
76105
103814
83084
124385
60882
67361
233729
85192
33435
40446
58440
78370
99817
41753
54554
53483
122838
78707
64924
80513
43974
51338
43652
82310
45276
48048
64194
80868
65201
55620
140450
69899
66052
138875
69569
77778
56512
75495
35536
40890
33563
58228
60327
79697
61277
65738
1012957
AVG: 78647.3661972
