201282
90103
170544
70734
69528
49884
117675
119976
48923
103059
62472
75158
36400
82796
63271
35427
65280
97111
109225
64729
93021
38762
52003
43368
46533
52712
63979
165070
70305
112848
73571
88643
91148
45767
31833
49539
47728
45329
51756
85003
48500
61209
69812
73925
44139
51683
50611
78374
64406
82278
107044
288319
137572
101149
37387
235218
60342
65077
88123
68022
54871
39023
117582
56767
76247
193214
62814
60568
81696
53472
40430
98851
41698
89416
43065
84049
76786
63615
50977
36799
AVG: 77188.6857143
