r=1, wt=16, c=32
1363
1882
2139
2963
1922
3327
3291
3419
3220
3127
3083
3330
3461
2989
3284
3447
3583
3315
3376
3331
3194
3150
3173
3189
3312
3427
3306
2971
2986
3345
3488
3123
2906
3234
2919
2493
3365
3328
3354
3398
3514
3425
3302
3087
1829
3455
3386
3573
3403
2979
3008
3221
3117
3159
3137
3243
3586
3628
3328
3294
3280
3416
3381
3144
2777
3220
3207
3763
3505
3276
3637
3255
3537
3551
3463
3477
3163
3460
3455
2107
117318
AVG: 3261.85714286

r=2, wt=16, c=32
1373
2109
1944
2315
2522
3079
2719
3211
3442
3171
3425
3420
3311
3292
3339
3451
2980
2989
3047
3392
3151
2972
3502
3492
3632
3808
3262
3461
3022
3180
3354
3450
3505
3388
3324
3553
3209
3010
3062
3300
3305
2867
3325
3521
3357
3161
3276
3338
3360
3457
3456
3353
3016
3497
3585
3312
3301
3241
3535
2872
3427
3281
3698
3358
3650
3500
3791
2760
2951
3649
3441
3531
3309
3207
3411
3650
3356
3130
3341
3594
106725
AVG: 3314.34285714

r=3, wt=16, c=32
1015
1883
2144
2703
2414
2994
3205
3310
3421
3282
3363
3034
1074
3786
2850
3781
3372
3772
3561
4057
3940
3574
3391
3534
3283
3627
3914
3851
3800
3766
3632
3239
3158
3439
3566
3523
3284
3571
3250
2915
3350
3701
3522
3504
3226
3403
3333
3509
3258
3480
3504
3435
3319
3076
3678
3663
2929
2972
3741
3732
3860
2692
3425
2956
3279
3269
3022
3022
3076
3064
3141
3578
3662
2982
3305
3221
3273
3164
3540
3688
103089
AVG: 3368.38571429

