r=1, wt=8, c=20
1068
1536
1604
1959
1970
1832
2533
3031
2787
2861
2887
3209
2848
2290
2927
2967
2962
2783
2957
2942
2973
2910
3080
2945
2941
2636
2922
2683
3030
2959
3045
2888
2840
2978
2805
2768
2630
2887
3015
3028
2310
2578
2987
2904
3061
3034
3154
2906
3433
2788
3055
3265
3244
3313
3271
3195
3716
3921
3180
3578
3493
2961
3073
3294
3133
2950
3123
3434
3010
3119
2893
3602
3095
3591
3390
2856
3117
3205
2974
2642
114683
AVG: 3011.9

r=2, wt=8, c=20
1152
1478
1565
2068
2154
1918
2183
2565
2537
2371
2851
2413
2596
2743
2693
2505
2416
2849
2686
2738
3008
2899
2278
2819
2908
2707
2768
2535
2971
2697
2892
2859
2794
2937
2502
2714
2881
2832
2852
2383
2701
2845
3002
2678
2710
2657
2907
2920
2939
2896
2458
2945
2449
2527
2649
2830
2626
2578
2753
2397
2477
2564
2709
2637
2494
2966
2514
2799
2889
2780
2604
3000
2754
3100
3130
2915
2997
2802
2876
2357
94926
AVG: 2702.62857143

r=3, wt=8, c=20
1157
1827
1378
2221
2180
2326
2484
2595
2743
2793
2494
2204
2299
2678
2552
2119
2289
2897
2998
2570
2822
2661
2678
2713
2637
2151
2667
2090
2462
2922
2994
2865
2994
2895
2546
2587
3153
2787
3023
2310
3195
2974
2942
2831
3056
2858
3084
2090
2128
2797
3010
2504
2678
2996
2806
2674
2680
2570
2435
2716
2960
2856
2890
2916
2984
2947
2727
2411
2860
2888
2670
2895
3297
2977
2871
2978
2889
2879
2700
2698
119972
AVG: 2716.72857143

