r=1, wt=8, c=12
1009
1502
1613
1710
1642
1925
2052
2295
2286
2347
2568
2409
2363
2571
2380
2274
2506
2423
2491
2198
2351
2330
2401
2352
2491
2559
2538
2405
2097
2239
2305
2406
2579
2473
2531
2587
2450
2233
2519
2312
2538
2456
2607
2516
2620
2642
2585
2536
2484
2529
2567
2512
2565
2607
2628
2517
2497
2544
2544
2564
2494
2260
2400
2234
2256
2667
2729
2661
2678
2577
2108
2246
2489
2590
2087
2584
2431
2448
2613
2577
139145
AVG: 2439.71428571

r=2, wt=8, c=12
842
1266
1614
1435
1816
1797
1982
2405
2310
2000
2515
2168
2673
2565
2603
2116
2541
2310
2054
2418
2514
2428
2474
2515
2656
2238
1900
1518
2336
1832
2156
2264
2451
2327
2390
2453
1419
2524
2763
2595
2531
2526
2639
2376
2576
2428
2321
2467
2543
2446
2401
2623
2560
2423
2614
2190
2503
2546
2533
2586
2155
2360
1960
2373
2385
2512
2247
2681
2594
2455
2319
2374
2625
2654
2638
2295
1865
2557
2438
2404
103963
AVG: 2376.77142857

r=3, wt=8, c=12
1007
1349
1484
1632
1817
2090
2086
2168
2259
2302
2212
2428
2263
2384
2456
2306
2338
2457
2562
2443
2536
2459
2191
2302
2294
1723
2729
2556
2753
2385
1995
2478
2283
2515
2643
2612
2682
2429
2678
2361
2181
2402
2599
2464
2629
2382
2600
2471
2481
2399
2491
2369
2485
2401
1964
1800
2358
2507
2466
2233
2598
2534
2465
2002
2291
2621
2440
2776
2338
2471
2509
2482
2474
2707
2471
2582
2461
2513
2555
2293
84240
275781
AVG: 2403.12857143

