r=1, wt=64, c=12
1215
1708
1606
1933
1696
2250
2820
2547
3222
2054
3338
2730
2597
2201
3579
2991
3264
3056
3141
3335
1313
2376
2359
2828
1894
2194
2723
2717
2554
2689
2461
1812
2298
2759
1945
2664
2641
2673
2090
2787
2615
2623
2743
2210
2534
2727
2410
2429
2543
2658
2572
2547
2396
2232
2422
2573
2431
2694
2644
2712
2538
2654
2679
2799
2833
2878
2982
2939
2843
2851
2635
2393
2730
2712
2659
2239
2428
2796
2705
2812
102129
AVG: 2610.6

r=2, wt=64, c=12
1253
1693
1665
1933
1969
2182
2759
2540
2965
1995
3183
3115
2955
3162
2904
3343
2835
3062
2978
3098
2597
3013
2645
3123
3033
2292
2441
2692
3231
2979
2679
2584
2882
2934
2966
3057
2755
2944
2869
2711
2914
2492
3176
1652
3433
3156
2886
3159
3400
3213
3072
2969
2924
2680
2788
2274
2841
2949
2208
2827
2741
3007
2680
3203
2963
2707
2798
2661
2932
3045
2909
2736
2793
2114
2771
2405
3114
2695
2014
2797
112255
AVG: 2836.8

r=3, wt=64, c=12
1264
1645
1435
1484
2324
1881
2836
2571
1909
1840
2640
2591
3246
3257
2317
2305
3508
3027
3353
3232
3201
3216
3402
3452
3143
2807
2916
3154
3295
2881
3207
3305
3235
2869
3410
3134
2718
2943
2694
2797
2479
3162
2398
2741
3297
2848
2928
2690
2786
2641
2426
3253
2910
2882
3147
3179
2768
3053
3055
3144
2617
2701
3084
3204
3143
3328
3144
1279
2474
3066
2864
2695
2541
2544
2066
1640
2396
2722
2473
2479
126544
AVG: 2868.98571429

