r=1, wt=32, c=4
776
923
956
1160
1103
1044
1223
1259
1276
1342
1484
1341
1458
1406
1322
1238
1346
1310
1497
1524
1581
1658
1442
1379
1617
1590
1686
1389
1502
1425
1646
1615
1518
1504
1409
1292
1447
1406
1734
1469
1554
1428
1458
1570
1409
1345
1338
1448
1543
1567
1414
1566
1442
1424
1533
1479
1360
1510
1494
1309
1501
1590
1594
1451
1578
1384
1334
1524
1670
1468
1365
1215
1258
1478
1425
1670
824
1765
1481
1331
95167
AVG: 1448.64285714

r=2, wt=32, c=4
705
942
999
1037
1082
1260
1101
1135
1346
1385
1366
1401
1520
1375
1301
1272
589
1489
1413
1216
1368
1355
1610
1557
1456
1513
791
1304
1369
1454
1426
1422
1464
1462
1452
1555
1303
1554
1549
1443
1598
1556
1256
1501
1413
1542
1481
1532
1363
1447
1415
1536
1442
1595
1603
1613
1631
1528
1464
1340
1550
1502
1338
1470
1426
1426
1610
1599
1144
1727
1606
1484
1397
1482
1482
1470
1540
1344
1580
1489
86793
AVG: 1423.92857143

r=3, wt=32, c=4
711
901
898
1132
1204
1132
1302
1361
1286
1458
1346
1476
1620
1591
1490
1535
904
1496
1501
1569
1478
1552
1315
1529
1526
1526
1536
1625
902
1391
1475
1554
1294
1726
1759
1357
1438
1638
1406
1598
1565
1342
1399
1520
1583
1432
1381
1455
1398
1519
1611
1481
1383
1504
1337
1399
1364
1356
1452
1537
1610
1514
1465
1377
1370
1479
1487
1409
1582
1485
1526
1501
1587
1480
1577
1488
1392
1518
1549
1364
96269
AVG: 1459.41428571

