r=1, wt=8, c=24
1060
1675
1643
2330
2259
2499
2697
2911
3064
2737
3030
2740
2683
3037
2912
3075
2932
1133
3054
2862
2247
2594
2872
1109
2960
2986
3119
2485
2750
3077
2469
2858
3028
2957
2825
2757
2901
2341
2687
2907
3005
2881
2645
3064
2872
2709
2886
2879
2919
3123
2806
2721
3036
1504
3113
3219
3198
3089
2998
3607
3211
3668
3078
3111
3366
3672
2832
2070
3222
3243
2823
3383
3561
3498
3475
3805
2954
2969
2851
3210
101076
AVG: 2882.6

r=2, wt=8, c=24
1119
1811
2178
2400
2445
2728
3115
3098
3026
2943
3193
3171
2927
2982
3338
2780
3046
3142
2193
2852
3208
3074
3104
2053
3096
2889
3303
2890
3270
3082
3126
3139
3406
3188
3240
2935
2110
3239
3147
2904
2991
3051
3009
2796
3107
3172
3149
3339
3185
3329
3004
2873
2918
3176
2823
2791
3050
2803
3124
3134
3129
2531
3047
2958
2877
2887
3066
2854
3021
3072
2958
2826
3024
2751
2947
3041
2712
2878
3095
3086
90546
AVG: 2995.84285714

r=3, wt=8, c=24
1091
1420
1338
2067
2194
2368
2683
2767
3147
2835
2811
2812
2665
3205
2980
2786
2794
2228
2536
2700
2730
2927
2377
2963
2894
2675
2805
2824
2798
2865
2759
2928
2566
3077
2392
2857
2722
2886
2217
2833
2622
2910
3009
2661
2901
2675
2618
3064
2995
2700
3374
2981
2151
3129
2907
3003
2932
2945
2987
2941
2879
2688
1963
2605
3101
2844
2993
2964
3101
2906
2849
2774
2631
2841
2938
3032
2832
2967
2827
2933
75153
AVG: 2799.91428571

