r=1, wt=64, c=4
556
888
913
874
1023
1060
1243
1311
1255
1339
1603
1536
1618
1522
1403
1503
1591
1526
1481
1368
1462
1361
1573
1584
1574
1493
1645
1712
1668
1581
1624
1614
1523
1514
1540
1463
1417
1497
1560
1286
1501
1435
1582
1490
1495
1454
1569
1519
1434
1424
1462
1620
1659
1583
1550
1573
1698
1574
1753
1400
1651
1510
1488
1628
1782
1788
1220
1226
1530
1699
1625
1636
1544
1760
1686
1633
1681
1741
1649
1355
91367
AVG: 1522.82857143

r=2, wt=64, c=4
806
878
991
1131
1161
1248
1393
1628
1414
1646
1761
2050
1797
1706
1800
1742
1729
1732
1732
1672
1841
1700
1818
1836
1680
1668
1889
1591
1613
1809
1549
1570
1911
1718
1779
1650
1761
1832
1628
1538
1598
1939
1863
1577
1469
1581
1592
1658
1719
1733
1554
1536
1676
1843
1434
1635
1770
1924
1641
1836
1866
1656
1670
1856
1721
1832
1404
1743
1898
1866
1959
1782
1515
78
2034
1628
1788
1719
1769
1736
98063
AVG: 1684.12857143

r=3, wt=64, c=4
788
913
1020
1130
1181
1198
1196
1232
1205
1388
1331
1365
1374
1502
1676
1499
1438
1483
1383
1613
1484
1740
1535
1428
1612
1627
1477
1508
1543
1527
1530
1522
1524
1232
1608
1633
1566
1507
1426
1481
1572
1560
1584
1147
1593
1395
1345
1430
1561
1473
1744
1628
1656
1556
1515
1621
1579
1270
1204
1438
1545
1626
1483
1568
1516
1521
1438
1471
1160
1492
1658
1543
1489
1445
1353
1409
1483
1300
1485
1450
120173
AVG: 1479.6

