r=1, wt=32, c=16
1361
1933
1666
2265
2144
2409
3204
2737
3201
3288
3173
2840
3043
3089
3196
3059
3328
2876
3550
2396
3322
2083
3144
3436
2901
2716
3598
3417
1725
2695
3610
2993
2039
3716
3578
3542
3431
2850
3485
3239
3475
3104
3404
3068
3156
3358
3222
3491
2731
2857
2835
3349
3131
3134
2865
3187
3026
2949
2780
2352
2923
3269
3113
3093
3138
3153
3000
2039
3195
3360
1745
2712
2791
2949
3139
3177
3215
2997
2895
2097
116888
AVG: 3028.6

r=2, wt=32, c=16
1399
1728
2067
2529
2590
3081
2777
2991
3261
2422
3231
3093
3265
3122
3417
3143
1935
2851
2718
2458
1917
2731
2861
2845
2936
2884
2767
2983
1290
2700
2892
2731
2955
3091
3161
2897
2993
2937
2972
2924
3013
3019
3076
2774
2768
3102
3058
2695
2592
2963
2965
3143
2853
3151
3107
3180
3037
3429
3070
3233
3276
2854
2988
2964
3143
2748
2969
3195
3314
3094
2807
3030
2556
2973
3453
3147
3176
3062
3161
3129
91536
AVG: 2926.05714286

r=3, wt=32, c=16
1299
1619
2101
2514
2436
2833
2902
3097
3089
2991
3005
3035
2612
2889
3200
3168
3176
3166
3244
3160
3205
3209
3619
2679
935
2990
3202
3119
3367
3233
3170
3049
3230
3048
3514
2683
2868
2741
3246
3202
3163
3716
3700
2924
3909
3567
3226
3017
4082
3696
3295
3838
3398
3421
3323
3008
2231
3396
3504
3237
3102
3428
3230
3545
1748
2275
2988
2694
2649
2531
2674
3068
3034
3232
3062
3309
3132
3260
2930
2851
130347
AVG: 3096.95714286

