1095980
1275099
1184653
1090650
1067671
968620
976179
952784
1034298
961449
815284
1099861
917461
1163559
859687
1043677
1025020
1134696
1049300
1051469
950839
986677
1007153
1052450
1020986
1032861
872044
897283
947758
1036643
1301972
1018910
966226
957400
934460
898582
953495
996032
1026840
939067
984013
1190114
873242
957705
984125
1103862
1015780
966516
1083979
961237
967972
1017037
1002101
1084282
928422
964636
911132
963058
939065
916697
1087012
1145604
984225
972331
1245013
963244
935463
1046636
999524
1005499
1045148
930189
891345
951018
1003067
1003302
1111566
920803
1029933
1050403
626333
AVG: 998234.042254
