1386886
1499585
1238813
1172383
1259696
980690
1046333
1619538
1152722
970347
1070044
946329
1133453
1155284
1004504
1092824
1028827
1061489
1004195
1684184
1076397
1042327
892164
1101115
1229922
1210006
1471289
986338
1097846
1422248
989558
1069782
879002
1065266
955357
3308217
1533273
1092760
1021029
972918
1179716
929517
1009787
898838
897874
924088
1039927
917241
989049
972897
937625
1330393
2374245
912884
1134108
1077675
1034184
1110557
1353549
942823
1137223
1031955
1040145
1305189
1015546
1163917
1032477
947687
1047822
1134431
1196191
957597
1042166
892050
1062761
960325
857380
1262093
1021653
936902
733600
AVG: 1131014.59155
