964200
1148133
995725
975319
974358
860653
844504
928541
857759
1346663
870569
773083
877727
807140
888553
1015580
833013
910800
883512
802904
900165
1285428
888866
840344
830829
841328
1245299
781944
859337
847019
785311
815798
920729
897708
789081
838597
776629
865122
800288
819337
883930
828231
858217
825634
832986
804913
725001
799299
828432
1374764
856812
763522
852632
792417
759999
885829
793527
894059
827500
778358
898997
858471
869033
810517
792641
798433
811669
856988
833967
810078
893947
919729
815728
769779
936843
785770
748514
944461
1006567
769028
AVG: 868186.314286
