1049519
1198200
1030415
939054
1171910
995602
839781
839110
898871
953959
849222
896315
762906
880205
1055138
833349
845699
847921
814213
803811
1384559
833841
895007
831721
825680
775927
1091039
866357
821363
826777
913990
918403
851549
850548
849892
802577
875794
1117957
880505
844053
779790
797978
827727
758974
804524
833237
1007083
881039
1042903
870094
771048
883281
796732
776939
802718
850388
789934
738901
727766
822873
893128
804119
805879
811622
812849
842126
818931
823335
874476
863819
877190
853805
852865
892453
896174
795343
787118
771326
849571
822228
AVG: 863719.157143
