1307959
1151730
1280805
2715183
1041123
3590123
914122
1030412
1043065
1121047
1726451
1100449
1229814
961987
990033
845782
4172256
965021
1119019
1332548
1099148
903396
943727
1175178
823302
977144
977229
1155945
1174839
1063686
1201337
972799
1182388
1063807
997279
923827
1061522
1144642
1087476
1058300
1012743
1024835
999294
1186189
982437
1079307
886337
1015845
967328
1024210
1216624
930055
1132743
1023712
1189209
1001917
1166620
1176881
978286
1348774
1020968
1584774
1109343
1861985
1008649
1014040
1001820
1424294
957796
1105577
1389678
1059081
1080835
1270215
1327717
1205252
1004747
948576
1016383
993085
AVG: 1181274.54286
