1189912
1166302
1105024
1219771
1127492
913443
897516
931377
890529
985645
1346398
870522
948146
939729
969631
1039972
1054557
878117
895790
894385
893451
1233688
915360
1107400
941414
945871
1072440
990593
872549
950746
1007879
1085737
1501907
962709
1044063
919730
1082775
921911
1075967
1007583
963367
995320
1011788
1303715
1016738
1065541
963479
938497
928323
1021646
973428
904327
871833
992877
964841
1027939
1221680
1028434
915539
923790
2109499
934364
867324
923452
1004815
935638
927282
995179
970791
972573
1058974
909375
1012420
995076
1073185
1061737
916662
994724
1057598
964471
AVG: 1010179.7
