1125545
1245123
1032719
966886
982087
957710
858172
940975
934957
1352183
1230784
983969
915172
883077
802883
1155555
844140
782110
820719
834204
854048
1023134
911353
864263
806869
878814
992982
905847
911151
953268
879831
861794
954863
899033
858428
859575
954856
808189
870138
892204
850077
883036
924324
897077
934395
850675
903051
829842
841393
917326
903182
940663
848456
845735
823429
1286339
787884
938104
820190
893921
817425
827479
853977
824414
840539
864404
926529
875116
839478
878528
888736
1072631
862623
806992
868949
781629
828606
1315554
820640
771497
AVG: 902916.7
