1072229
1160949
1258615
1554688
1177580
1029787
948885
1075871
1211351
1502770
899574
970521
871275
971980
1041744
918595
945347
1208330
1012378
1084750
2185433
889817
1002678
1002068
1066290
1013716
1700378
1183099
1107121
1026828
1053717
1146374
1067844
945727
948488
1020155
913870
864201
1090574
1048607
982648
1078137
1443647
922565
939677
1128502
1038006
1067509
1970519
1026910
1003379
1039971
909813
1013523
1206319
1055256
1060826
897203
918023
1072467
1043983
1037023
1131418
880075
1028695
1231000
1029500
1041983
958631
1274423
1033389
1270759
905014
935283
1048018
966172
962351
1120750
945470
1023634
AVG: 1079917.67143
