988741
972737
862243
1083845
812619
702399
708425
741799
716557
753577
750373
783061
782815
789353
905652
707237
723659
698095
752097
729439
762960
773998
713036
735861
785131
796002
767398
745724
919831
763511
712010
977081
720865
771358
752811
807157
763923
1035155
724797
778961
728590
734591
813697
780342
703726
707628
786486
717482
980581
741631
782877
781052
716859
749244
816132
706925
775453
789468
814270
829756
793653
832709
759234
795664
733847
875147
808192
755124
696660
787695
772169
903529
788849
784611
691317
751616
766639
756542
721329
749024
AVG: 775532.828571
