1084891
1200584
1234557
981194
1033461
907752
976190
1373926
947811
957757
1018061
800774
963131
899002
876115
1316492
1033148
1036091
1074677
816476
924342
1631264
956276
1215135
1008280
951953
2120144
926964
959859
1000552
1000578
904180
986559
1083869
994537
976396
926791
940010
1857520
1031852
949923
1084566
989830
1007972
1016392
1074694
927961
952328
828046
956108
881893
996415
1002205
1061825
980641
1116226
917849
998335
1108867
920277
945827
966042
931816
946276
1026883
1005895
1079007
920735
1165357
979898
1009784
961767
1903823
1105294
965337
1096123
887392
1572135
1056185
910138
AVG: 1044007.97143
