395411
226004
260906
255910
211382
179325
199315
181154
192718
179528
186366
163498
185630
195463
186780
186491
188459
165561
191703
180184
189732
172439
191889
163532
190693
174563
168905
166997
175829
169293
195384
189989
171818
198235
208052
181655
185526
184172
191429
177317
183743
178730
197924
184267
200240
195304
151830
193859
198741
185394
193159
185822
188590
192107
161857
180421
168857
188849
185684
176728
182545
193451
182224
192492
199392
197403
193359
179331
197003
182555
186163
190866
185844
175180
181766
205383
205729
202489
197484
190385
76251
AVG: 184882.915493
