379305
114386
103028
131053
115719
106142
100946
99863
98023
97360
95256
107479
93592
85764
103269
88630
91988
92048
106845
103062
85980
112590
102445
92172
124646
108757
109039
87521
91237
99892
93509
88053
87328
104020
121601
103555
94404
94756
96708
121188
104812
108940
99326
101456
100527
93577
105513
95291
88555
101160
103302
103506
101123
95602
88428
89930
100515
93665
91309
94401
100817
87648
92646
94188
85271
94270
93072
95674
124764
108349
101455
110494
102252
100137
95496
99395
101619
94633
93112
104753
AVG: 99101.9857143
