401063
302053
300512
319959
239371
214542
189701
207465
185602
190176
191854
195885
189903
185211
167817
181146
184625
191442
175840
180589
182239
181724
201799
173809
207274
188579
173653
182855
188225
180575
182923
182748
188966
179354
183570
191653
197627
210598
200309
192185
198716
185946
186538
185631
182763
167661
194034
168145
155408
182439
192906
197351
173432
194467
208987
169253
180158
192623
173960
184983
169846
178871
186942
174599
185017
180787
193646
187659
188972
178524
161416
172485
166657
183366
162889
162380
189288
180936
184312
175347
AVG: 184993.428571
