383462
200233
255868
253472
224627
172505
197856
179233
200189
178237
187314
163614
182051
165147
173211
145476
170500
177223
180566
149244
170758
187928
165329
190788
168215
155740
163241
170737
144619
167734
153245
159388
166449
175268
157889
182011
174580
188670
187297
166069
179638
164380
165234
176319
167627
162554
158670
173396
160165
161751
178291
176359
163143
150817
163260
178210
168582
166378
162675
135151
176001
167199
180167
178022
173287
170520
155704
163988
173029
177942
181380
164579
176123
182156
158305
181068
159426
181362
166196
145958
AVG: 170133.185714
