363199
99965
74010
74779
71683
84615
65222
68170
62452
66626
51114
52533
48384
44425
45100
45319
52856
44919
49241
48699
44147
45318
50933
57680
49881
45455
47421
47637
53654
47807
46005
50245
46769
44889
43720
47218
46993
48426
46496
45472
44127
45387
43774
45123
44700
44986
48593
43784
44924
48424
45231
43924
47329
48920
47100
45136
46412
52103
47116
45468
44236
50378
45314
44420
45795
46314
48438
44665
48516
44116
47762
46970
47873
47288
44023
44391
49941
41089
41016
46249
AVG: 48635.8571429
