510911
255356
364911
458733
275526
234641
250642
269372
235998
266787
239465
273945
232818
194715
233055
204843
240532
268471
255834
284561
232273
234729
228140
245931
253454
224963
239654
204668
205881
214711
233115
227488
227886
228298
241138
221171
294666
256188
254788
239092
258900
288615
254429
243402
250718
237536
213516
218555
231014
235788
226473
274430
255734
253007
255800
251632
280141
203174
241676
229316
225136
274426
239989
259623
263057
228889
327206
285438
256393
339678
239117
235910
205780
199169
216130
208204
230509
243940
291943
283787
AVG: 244195.857143
