454141
180150
248999
220783
194215
150433
170851
164855
151956
158224
155356
161051
145324
153030
161170
129376
160148
154688
138466
135566
149799
184828
164086
163923
158509
160319
146855
143139
136553
148265
148685
160875
154465
161140
139061
162314
158067
157694
171757
164627
147017
151484
140074
150499
157455
142590
153703
155173
167984
178539
161312
160699
175582
182512
148308
146254
144097
148046
139478
167183
128887
168136
152660
135430
148029
154596
142066
171294
167894
152415
147707
144147
157879
154008
159864
157616
163107
140314
130691
147719
AVG: 154692.228571
