991766
542674
741935
1946990
521869
411766
417083
542597
412969
374436
449058
349493
459871
393565
485222
645027
445221
517728
468853
466236
674177
434601
868132
454478
471853
395587
361426
429359
367555
765522
618591
424626
392789
441000
708072
473879
573815
716053
362881
450397
620154
458002
411576
533521
538461
616814
389035
362037
507615
444320
496531
540188
761664
415247
306484
488794
559547
290904
426701
656811
387773
361905
394862
536074
526076
469005
471895
798029
419906
485479
485840
479330
591218
462722
646338
729123
575141
449610
471000
612318
AVG: 493782.514286
