1621487
1621112
1494334
1470983
1903091
1601097
1535655
2117985
1400007
1460747
1662150
1488636
1708951
1794001
1569191
1145954
1268552
1357395
1062602
1723141
1404914
1573614
1421483
1336190
1897376
1567733
1681733
1648832
1217924
1442147
1481233
1374999
1394499
1411346
1916551
2095875
1412120
1658717
1523954
1805899
1956088
2072866
1583362
1269520
1426942
1409274
1333998
1590601
1449690
1576975
1651611
1331661
1807176
1323375
1368271
1358832
1130236
1200279
1306437
1134316
1353176
1371037
1287889
1159884
1227632
1279643
1148822
1470020
1182412
1742510
1359249
1802322
1515738
1701244
1413254
1217526
1285359
1375821
1194827
1592685
AVG: 1492279.21429
