245417
219628
273005
328802
258293
197664
271989
338747
219468
199664
274754
309834
326667
260273
394448
216180
207415
265187
255450
293174
298175
299720
280080
213940
239962
297257
258978
316517
295250
326417
186727
231754
294623
243551
232091
252290
314167
266817
229031
262636
260916
286725
255379
316123
327901
232988
213883
193361
213326
221682
212655
292409
258789
337536
254148
260899
255756
213614
247461
379076
224513
214148
231158
238786
196432
336457
227970
281722
258294
247456
229998
257171
280751
290512
332825
213417
234596
245304
236817
277457
AVG: 263624.528571
