284229
598043
502146
1029629
415855
689883
648062
734262
511751
559107
698824
581259
648442
597494
767232
690763
568445
449745
480560
664229
422405
576539
508001
353216
443669
367963
534695
528832
524377
556697
388234
456074
553909
483923
482206
492309
565202
506454
447132
326353
585326
578751
676926
546764
564037
482528
494234
500044
437464
443055
481269
513805
570479
420867
438258
510198
539386
452727
535022
515142
471073
446964
555016
430683
577899
479035
553485
551296
391093
584048
479927
526324
687752
467319
686473
445304
618535
485195
746435
470435
AVG: 528327.385714
