655770
854393
947277
988728
983842
780233
800933
913251
1019965
831227
882021
834957
1003391
581815
1194339
735382
1039816
1167428
813312
721337
997945
875918
960499
954841
951712
1016894
1094516
955527
748772
1284516
897089
779800
813347
743737
1424274
772667
972716
965984
646609
794033
967131
976914
868727
822924
1154490
740657
816723
826906
792106
752448
805448
971277
961441
1001217
829386
935541
909495
1535343
881042
852982
683718
695195
553803
947899
627051
661173
768592
776772
654537
795573
864968
933517
977047
777140
1178584
983832
818911
688274
675788
881661
AVG: 889551.0
