r=1, k6
841444
167230
129057
158035
113401
82587
91844
98426
96210
98104
78735
121643
79708
107133
160084
124598
81581
77262
100482
72640
74111
75398
95913
84263
80357
124661
137669
109681
102514
57698
89258
68594
96606
109863
97620
89819
108496
81905
77185
56315
38773
56735
118685
115640
276876
102190
109699
1294075
2488263
83621
139922
74805
66445
179511
102905
94577
127097
83018
66287
64162
90924
73588
113117
97974
80142
79466
77284
114047
99532
89742
129614
99625
123039
76341
91041
86321
551048
78561
76989
88006
60139
AVG: 147803.464789

r=2, k6
1189160
105510
126672
140027
102748
188855
139263
102441
83436
107949
117472
64226
132300
77368
92686
78099
88877
97542
153615
81611
72371
76331
87163
62631
96157
121335
80537
109155
123298
86161
81501
84978
76544
111345
89682
82580
106752
82033
80301
90932
73259
97322
98491
85458
85396
56806
75265
85139
87567
66982
71791
78713
81644
93302
212692
566694
107546
232757
85663
459214
99670
112174
81168
71905
100277
107613
90756
66660
64796
106876
103938
113726
80253
91460
76135
75362
72539
67973
88976
758335
68378533
AVG: 107774.605634

r=3, k6
1868467
202819
92783
112778
80983
67724
82039
85504
80299
90331
103769
92263
83337
85872
152473
101463
131569
80723
68144
95157
123042
140487
91404
95869
117173
77981
98499
97541
88755
79427
87035
117849
77137
100244
128446
81512
94372
96898
82979
94663
84305
102853
138297
90067
100568
82165
132411
86590
80660
106193
88544
79173
76069
153301
101058
110302
121638
182797
101705
116271
57893
76581
103519
137358
82288
125986
93483
79761
63460
119489
106278
107976
162301
693688
165514
131666
93810
116968
114799
105359
198008
AVG: 110058.985915

