1682593
186322
104091
91337
101570
101586
142941
76739
75998
77319
88151
77392
93567
84739
92880
92952
312684
112992
65843
69694
150660
74111
83126
125021
71737
65770
51237
92889
96154
65055
85684
81690
68364
92191
81728
62083
84002
94928
94967
67438
109105
84539
98972
85648
103934
93932
89537
119011
87011
89989
84228
72776
432149
114772
81504
77213
89599
119266
89565
92400
80918
205753
103003
137795
94317
95403
79164
70666
206176
84496
73201
102251
68492
82998
72974
89792
85233
93102
92479
75798
54016
AVG: 100237.478873
