1596231
111372
131603
79484
95232
94539
138316
89257
73255
77573
113194
135541
69240
52647
89228
87954
96370
172454
79261
100249
70840
83822
64085
73076
92631
83250
89884
75155
59470
60670
57592
81865
61121
63299
78786
93900
62296
63904
61314
88517
72203
91047
73354
70527
59037
246927
168466
63680
88114
80150
76435
87510
79301
104648
74355
93736
66005
73865
74316
68981
81207
144280
81928
109002
78594
71388
96774
147814
98492
78026
80187
75052
66503
87583
68238
78534
59481
64553
117896
99144
47492
AVG: 87194.5633803
