1032829
136713
175065
132881
122722
153476
71159
99312
100527
81298
94059
129043
67748
97908
135424
71612
146396
77066
80131
137219
96921
120148
68245
82332
88282
93685
77201
98439
76423
86186
93242
83851
80898
99585
84956
86171
86565
86917
100282
104390
170332
111336
82491
122011
106221
107356
75323
101214
75415
90064
130100
141784
82304
107837
144563
86586
113661
106981
158732
72435
68663
84618
92665
91718
81038
83320
96284
104748
64976
84896
92294
94873
89190
119783
110453
96680
100119
135551
95528
86475
76377
AVG: 98310.4507042
