150362
201571
143372
114140
119675
106405
105603
154308
194382
185188
204126
85845
128187
131131
98174
127688
125616
118363
154728
133459
153591
120022
142053
115433
293951
138010
125713
91856
112887
111007
148096
135445
92419
169192
122320
146364
114317
278686
121717
118686
161521
109211
112848
118715
158553
122804
120383
97495
120786
102289
127901
151016
136982
119537
113939
170436
105864
96263
171229
108886
101108
127751
122826
185662
122290
135573
152089
97695
139624
121562
127453
149912
129417
134686
148333
105496
124190
115659
150767
138905
AVG: 134680.1
