2267943
1353029
828364
712452
1596640
718990
662373
456297
520303
682342
969155
487507
542122
512327
646232
685887
596020
636738
610568
641382
786727
794037
582126
745224
653809
527903
704274
629517
720115
907483
1074145
812675
809454
681151
808457
728936
697253
715927
794268
735426
902565
761923
816296
962743
668435
865636
846967
880949
579797
808115
853968
823845
1130190
651607
832069
852861
741975
676348
753856
850977
1193580
808020
818473
569620
728996
1639217
386669
836877
562925
1045743
624930
691519
584605
958827
798091
555968
587109
416527
603529
427284
121905
AVG: 751300.450704
