764010
442008
426905
276976
240952
209410
170722
178579
207512
161279
110630
145519
175480
180338
140297
133032
172410
220875
160090
138336
143439
171679
156160
220384
148431
250638
213250
932081
114363
286055
235007
176160
197396
142047
246354
178832
155330
209314
169214
358134
384238
236833
262227
257948
153390
178419
157292
219035
306613
178211
253299
206283
143630
174642
202209
224440
204210
184650
192310
399883
266747
262696
146318
618551
97602
151398
135319
1412151
179958
347082
188556
160102
168444
181597
186698
131875
347781
221392
188348
204956
70608
AVG: 230473.704225
