r=1, wt=64, c=1
302417
179595
150028
135182
109403
106748
107726
140042
126485
90207
79599
113964
88609
80380
94181
87209
113700
105876
98625
126755
124337
81452
89376
110440
101385
121566
88385
101714
100811
85758
96718
126720
94328
102314
102505
88365
119389
81409
103051
136650
140715
100186
101876
89659
103700
93224
107968
103613
107721
91213
132403
100554
142953
123577
146875
166823
108825
188733
96933
99986
122229
94471
111151
84801
114768
94634
94612
104529
89767
131725
84358
112193
116216
102786
82996
83438
105960
114354
126722
125047
65951
AVG: 106887.183099

r=2, wt=64, c=1
331062
184173
125267
170103
145892
152547
119451
154975
235576
182660
124585
116616
81680
125350
132793
145173
97652
96603
93637
110133
117175
148139
91109
112807
127877
102420
108407
105960
124813
90770
130524
99551
91568
120219
177259
140922
90517
144386
96455
93965
161488
121681
121104
143642
113252
105080
99434
110110
198062
94898
109895
117582
121350
111821
97456
122731
109556
177087
116855
139420
102480
104148
75427
110045
139874
139120
103737
116606
82617
183027
120493
87630
112388
98326
91096
142814
109016
151710
109551
131300
193321
AVG: 120938.112676

r=3, wt=64, c=1
251473
190406
141148
202710
147185
136992
146864
282992
158334
105630
126407
125388
121339
106997
146486
132708
123391
101631
88906
84831
98748
126682
83663
102248
111961
79869
100346
92162
118491
94982
97401
198775
89241
111411
123521
96795
84523
154040
107184
140570
110384
149337
119270
91580
106493
114177
109278
97857
128752
95635
132829
105236
107395
94902
100848
108612
138762
101290
95317
96826
114864
121478
170176
121768
84598
126840
140262
86712
83102
112204
99784
115566
131180
108835
117639
243767
132558
84866
150095
115275
AVG: 116304.242857

