r=1, wt=16, c=20
1329703
971378
874688
878303
712832
607033
635962
803930
617056
626984
497248
582277
835389
596642
622819
570476
1137076
584462
812622
495084
507170
577048
560386
507036
619226
567462
840523
745817
517721
595178
609635
700290
700557
720318
645961
577801
2592837
338627
431128
441569
432516
422591
449536
772018
663016
508248
517157
511859
372323
312328
455572
506148
352148
477660
819856
502006
573486
538383
842898
691822
460247
739579
612052
531272
610464
535921
631745
600810
432313
748915
627990
639429
575956
599125
615630
482985
806972
789063
705271
465387
477812
AVG: 619540.197183

r=2, wt=16, c=20
1255349
1143689
856323
606271
753834
609151
686422
999901
653376
900221
664037
545617
495047
448979
669442
820588
612896
762922
797424
795429
602232
500139
787500
614503
796081
604574
437091
601809
659867
1383684
585276
803555
497222
383261
460421
610036
608550
499204
867713
623032
680931
791786
477738
474867
504789
620442
582319
887850
774396
743417
486009
452742
649379
772386
1028747
930816
1149955
1150693
546478
785682
802447
616837
879670
559255
545436
566451
717444
613944
967725
810879
560970
561876
797231
631593
622723
748328
675090
584508
778325
745961
142823
AVG: 688470.887324

r=3, wt=16, c=20
2072581
1360044
738033
678382
1108404
669642
389481
628416
531889
431547
460732
634158
597320
3836428
485429
371142
564980
496580
547145
423139
570017
618070
644019
388002
380135
479683
441287
598611
575040
564456
554034
395199
744210
543118
474036
640954
601874
658244
500592
632919
669945
509999
530817
435635
718269
610566
581597
671857
497908
808365
466379
667356
765869
718734
1091863
715873
618475
695979
762643
584483
713054
626427
587937
672746
659494
818804
619082
553491
619371
684534
635420
670047
655851
636858
805646
596681
759973
750903
639840
620674
173302
AVG: 644374.408451

