r=1, wt=64, c=4
460710
283879
367364
300848
263465
389764
225164
175805
223227
362965
202346
115566
145027
161609
189202
304948
207649
229894
203860
206102
175689
193806
287053
135599
148037
177924
169238
166430
369050
328060
184584
201770
378203
182432
163735
274178
185955
287603
426491
165520
281539
192185
167122
276123
236575
164844
194769
248003
190714
285544
216099
185247
235548
218783
194639
192117
237826
245503
210514
506817
130037
158359
156691
416488
159955
576246
152554
225508
307689
145027
193354
191237
333330
218823
225889
185904
218655
140232
210854
189536
AVG: 231659.757143

r=2, wt=64, c=4
534601
291902
416305
483632
288003
372949
314133
374110
327948
345335
263004
176210
364913
326837
189250
245461
328200
143924
231995
232141
275214
194254
265822
245678
163792
236434
319152
495671
263306
228353
169386
323147
360602
196345
320387
312745
282583
121226
410590
274074
177967
191173
172140
234809
177388
152435
210356
213142
159971
261821
169973
372578
195239
216935
175802
201649
259335
220270
228350
186157
226386
179787
182410
227547
387386
350011
245594
248678
232722
265712
295834
244927
294963
270175
307239
212310
259314
248492
253779
338473
32553
AVG: 254145.661972

r=3, wt=64, c=4
437920
392912
234647
350997
423211
394058
285206
262119
273245
399611
208602
217770
241285
233877
208660
232566
236767
243032
163806
192869
306866
243286
220757
357886
446709
211582
183533
254687
165452
155327
132271
240083
178731
443684
181629
181339
164739
152717
172613
164835
228327
367339
300305
212928
184226
208828
227964
178156
201726
272930
184611
172428
320643
338192
256833
274862
138278
286292
304762
256476
217540
185525
304134
201725
351652
261842
163690
296284
136648
136745
207900
229024
278090
272797
316525
294290
306969
264992
194325
193629
95507
AVG: 241165.014085

