2018107
743555
475456
714788
437028
362548
391315
372139
528739
574749
517601
792578
554845
489407
520079
573115
483832
501037
458343
585996
643565
9932451
12817664
13492015
23979638
1555352
875535
444648
3612559
455356
526880
832872
941012
425390
520515
510930
622167
649022
526533
596900
566549
427746
360533
612697
584146
678181
387757
407981
537115
372795
536280
691803
679535
609670
491859
394635
407268
400816
480131
524457
647864
515416
639879
640553
438387
601550
729594
624115
461785
536451
358851
583825
480622
474761
632509
456894
718981
392650
842545
823327
1032454
AVG: 1417497.70423
