1248995
1026600
468257
1208135
534095
790042
392660
452345
381770
376813
430105
377501
316933
391277
409927
381350
416455
438289
303527
393796
562219
684497
344103
471338
511678
351334
517412
418944
431388
423458
328248
644600
476349
2608941
542528
533464
359739
422684
394997
544056
576523
502670
433741
393306
426900
610781
467584
729236
448194
422761
520420
324862
315181
498091
535576
413042
411019
510241
512058
2152178
517514
569372
408837
331081
471738
337288
388493
417998
435503
448477
397887
480501
390361
542410
407921
521763
388580
447896
442456
526833
144207
AVG: 508398.239437
