229781
205423
147139
128552
100021
108656
230607
111809
215134
113924
71091
63030
91472
96811
80678
70333
60964
92275
77465
83813
135194
122134
80861
48943
71855
121919
88780
106251
87599
116629
104106
104242
119284
120900
132698
113543
105878
113483
72377
137927
62187
178142
95748
78584
122802
118378
107783
66088
83165
64045
153074
99353
88948
159324
157714
113034
113661
113541
68429
89683
52784
63460
94752
99352
99845
141441
83358
75742
84832
127016
65679
75246
96925
70192
82453
140294
68831
52619
135895
133921
AVG: 101706.071429
