r=1, wt=8, c=1
207810
193508
276433
203870
467374
134960
145453
96903
199312
104045
210751
69968
76828
423674
70181
56157
60292
60538
116983
52515
106722
66687
65704
76634
107588
62795
78278
53766
67608
62805
114348
52555
80639
73372
71332
56644
79863
92558
78933
49441
84990
55932
74079
101466
42270
87578
65137
69409
56060
128834
118986
83517
59910
82935
59104
56338
90126
76943
89621
79094
80675
90268
78873
83864
122845
65673
92046
70440
48415
70331
69497
92775
88238
86841
51727
95728
79214
52475
95855
73403
AVG: 87595.2714286

r=2, wt=8, c=1
213159
157022
244910
141401
115238
126347
139327
131988
192374
141984
76853
79405
65326
113028
57495
52914
52831
58221
80554
68990
57143
60316
49668
51195
75557
69852
79133
135362
73236
82174
85918
45050
77821
48554
69885
66914
93896
85013
68680
59301
117444
48260
48039
78287
78116
98004
66815
75796
59394
52568
60860
58578
65410
108726
83053
115024
88467
77440
70487
130891
138013
144794
75351
63074
70585
60176
101404
117137
68494
82961
80973
126928
52786
97036
72621
89968
67486
74013
53644
59427
AVG: 82947.1

r=3, wt=8, c=1
229781
205423
147139
128552
100021
108656
230607
111809
215134
113924
71091
63030
91472
96811
80678
70333
60964
92275
77465
83813
135194
122134
80861
48943
71855
121919
88780
106251
87599
116629
104106
104242
119284
120900
132698
113543
105878
113483
72377
137927
62187
178142
95748
78584
122802
118378
107783
66088
83165
64045
153074
99353
88948
159324
157714
113034
113661
113541
68429
89683
52784
63460
94752
99352
99845
141441
83358
75742
84832
127016
65679
75246
96925
70192
82453
140294
68831
52619
135895
133921
AVG: 101706.071429

