1147173
1181483
1066617
1037243
1062598
997072
905483
871905
1349048
828548
861665
887694
914489
905787
962202
864508
931354
863930
919367
1137707
1061658
921376
997080
975584
967271
1094877
961058
864480
948879
1064252
933801
961318
854935
953155
937977
985173
917794
1000723
1085390
900683
870263
879840
1766194
872202
902551
980728
959520
941807
932345
954145
893089
881523
931918
921180
1003379
831415
834717
939425
879399
935928
904261
874625
942225
934246
964962
1061718
918520
912693
956940
982226
948298
979457
852984
869838
807272
966522
909553
1018518
948085
929982
AVG: 951572.228571
