r=1, wt=8, c=16
1016504
1045280
995797
928979
927824
904386
810952
1415787
818065
884137
868938
887470
944051
858176
768280
845285
1251111
788249
840772
836320
863756
841894
761186
879420
861002
1013461
863926
893777
804789
919345
919837
898630
739913
813918
724633
710069
749406
690045
808404
696408
700866
712146
887708
728462
686239
678239
775273
752180
712681
698135
720149
727858
751045
713290
706995
709848
663464
801131
775485
703740
686586
723060
712084
732460
757476
830783
813679
722660
728625
853065
851587
837098
915068
700228
733726
791659
760403
731929
687240
771738
AVG: 805413.1

r=2, wt=8, c=16
1058088
1104386
945824
1000864
828437
772944
873303
822659
885332
775726
892614
881259
865001
827739
864285
959039
815369
768365
833564
803781
820507
823068
801819
805381
796561
822237
819011
863116
852061
816751
882353
829643
798276
807543
810434
847116
768030
770025
877505
790910
785420
890469
859726
840367
910012
820203
741946
775002
871014
810577
856814
824292
812473
891507
723129
1063271
846441
861652
782437
816662
875603
759175
720116
781286
783424
827803
807789
847197
816367
823368
815446
882227
1346972
828082
839519
957003
790906
843647
1282414
855427
AVG: 836873.071429

r=3, wt=8, c=16
1026415
1104033
1004935
980284
973421
796830
834471
878106
850944
844397
880925
893203
783399
821554
725591
802910
893670
801499
797405
857877
850736
863605
838034
1023776
785957
924511
917887
787339
749686
838316
813723
776160
826381
845822
820963
799642
780295
785936
816059
824152
805672
866447
744744
1053606
834629
815469
824904
797970
772584
938197
803175
807811
839848
836357
819969
947145
894540
752621
781505
798740
839913
775212
780816
835995
872423
872808
763772
861085
821656
844640
842054
874655
803152
791414
837894
726487
785029
868943
850787
832377
AVG: 832645.471429

