r=1, wt=16, c=4
850151
832249
735222
647628
624391
608040
600962
590271
606748
674918
581534
567498
606472
612404
579855
567910
703561
644878
540254
552130
532727
597748
604692
649717
699184
571069
617370
608808
607686
603614
726998
687034
590749
557444
556430
540097
578327
549226
623475
673736
568669
565211
625569
615207
583307
615882
719018
547447
557308
571063
557137
558753
586940
656921
622523
578198
554083
638748
625521
607654
611003
674727
600182
559214
557583
566354
595456
589862
616524
699251
570564
564395
666788
628025
559873
623207
661781
624997
645984
558357
AVG: 603264.657143

r=2, wt=16, c=4
884896
778443
751563
762305
647321
642755
569668
558545
586775
576300
659507
636408
544850
551530
654794
631684
637682
631579
693942
558430
558503
574069
579138
557203
563328
633110
585251
607522
596400
592120
616403
585292
644790
710146
577901
564642
575486
593317
586313
546092
647442
653504
597273
560927
660185
641400
581575
643089
719668
593212
578852
549045
572023
571345
555462
658294
710041
565283
592111
674317
632283
663788
578800
682647
603449
539636
578418
598007
552914
599798
655349
692900
585562
572739
616155
676572
610277
582441
745453
557369
AVG: 606556.685714

r=3, wt=16, c=4
893681
839029
776743
794046
618946
660330
730557
650139
614765
642747
663896
610212
592325
575116
557443
593757
671220
662618
655704
582322
567833
567202
664434
594030
653311
621155
546835
692802
717922
495993
560723
604848
637679
984932
608401
578813
609814
612253
654815
631716
647919
559562
551666
549242
627852
575599
563025
636351
678401
579458
668403
621738
620979
655395
594998
643651
559013
556759
581774
572267
577751
543148
666617
700505
583155
591626
572866
638460
612171
602481
622920
570316
563086
547809
557701
604126
592967
667954
665214
681793
AVG: 615190.371429

