r=1, wt=64, c=4
882506
777530
773162
698476
650260
639427
802149
615769
567645
603860
589385
577574
585202
610142
612966
528480
545652
553862
557099
581543
600191
595179
647686
549563
562735
636913
610981
617630
620067
648702
557249
559605
548423
555411
580791
559978
648868
696823
593381
584827
627591
662405
605262
600148
628382
554448
556405
562087
543987
608435
569171
620944
612254
555963
601449
626143
610407
622852
576976
665614
557269
533820
534842
544877
585609
592630
680771
634057
557109
582879
630863
618225
610970
603830
620899
624488
582382
642562
590933
565334
AVG: 597790.442857

r=2, wt=64, c=4
811352
825266
687956
797270
648498
612477
614659
642079
620901
622453
598407
667552
584253
576029
562980
555574
571426
572988
739679
717696
626969
573691
593376
612880
590692
663457
642886
578655
604434
555945
554830
600172
600350
663318
671881
633561
552997
656006
642165
628129
651002
693486
625453
605199
584005
564248
558751
560015
689608
655979
588122
580536
608245
619654
647220
636532
671601
599523
573698
538571
546981
558468
546206
608280
651359
604935
618514
666022
596921
598310
651431
698824
614492
558615
566542
558928
618025
583137
746400
715865
AVG: 612041.357143

r=3, wt=64, c=4
819819
849914
783593
835209
703660
596983
677960
541101
563454
564316
588280
626967
607692
533735
573396
642591
590698
628696
667546
597885
594127
586618
529910
549449
527295
566561
599470
618516
546365
605590
579449
601095
599773
613003
586805
550840
556836
538447
550252
544013
580545
596511
680706
541300
560869
580687
608014
624894
622951
599007
539202
581538
559795
531568
576351
622420
628406
651152
545005
568635
580334
607699
585427
594232
595935
520246
591785
538287
558620
557957
576300
665439
612639
523400
573571
578849
583153
594520
584599
568646
AVG: 584673.442857

