1060335
1085638
980763
896940
908530
735562
786164
720436
743369
760914
700384
732569
826748
721628
730483
806816
770730
759625
759339
740066
672363
706997
697112
746746
716815
663020
712052
739595
838754
708559
872082
698609
754579
696247
742313
673272
748994
1249195
782699
810064
747266
699382
728307
763575
753153
819188
797592
756676
697802
772828
734789
762271
745499
780363
1017162
730981
704915
713980
725224
725933
788170
703802
687369
701673
675814
683275
717671
666240
724471
735764
662238
748226
800757
793159
721617
769958
772824
728662
768171
799912
AVG: 750171.885714
