1130900
1078339
1028053
830990
880910
793214
805059
884917
892267
862621
843684
803812
787808
844988
776739
849928
816779
849844
859306
859604
844751
877001
878032
811499
815447
807077
803324
835160
861368
848746
878571
852058
726031
795730
801349
833304
748503
935606
795228
770532
759737
759282
812888
827742
858872
1546201
842414
855790
810670
844643
807519
800451
856028
761498
815749
744986
804356
897033
829983
850818
870897
799788
953447
864499
893616
885154
823345
906987
844236
806305
773678
830082
767675
757501
819758
889116
861675
815395
871508
844648
AVG: 839050.214286
