1130107
1132908
931004
834298
836458
890012
805090
920910
770224
782722
812660
835141
904958
818214
824746
763739
811265
764612
742494
779745
809135
815477
805822
813381
852362
817339
855487
798546
741131
810443
883898
785903
807230
764870
735945
820242
816382
810784
768333
1013017
824218
815538
837434
770408
841466
989026
809195
833521
804172
762651
788228
779637
811061
824021
776278
812887
841365
803967
886622
825905
779136
852484
773362
838857
833443
868162
820536
872996
833239
745179
852921
992862
882846
947991
1101386
786420
767777
801962
807142
1400024
AVG: 828360.842857
