1069351
1058137
926235
881440
836186
708693
725571
662228
704543
724441
739862
759710
1278837
743534
741747
786154
844742
676381
770913
739358
732500
693906
747754
696731
884639
741259
725662
772256
935187
1007878
707302
739184
704161
730319
756947
753453
679270
787037
764921
763862
1098829
699354
779228
709929
695433
760874
826261
736681
715992
652803
751319
745604
702410
825340
780484
736742
720604
768203
799501
722742
756349
830399
741107
979566
762644
767850
738200
726128
759490
808196
750460
723385
758918
761466
724503
755327
808287
788046
762772
756174
AVG: 767827.657143
