r=1, wt=64, c=16
1219
2742
2736
2914
3416
4000
3864
3383
3596
4046
3765
3591
3683
3517
3731
3516
3956
3697
3787
3940
3895
3950
3287
3603
3942
3755
3632
3561
3507
3901
3289
3900
3922
3539
3774
3950
3569
3593
3291
3752
3613
3507
3531
3436
3424
3141
3663
3859
3814
3932
3766
3585
3377
3260
4074
3698
3335
3496
3280
3649
3298
3909
3937
3433
3437
3909
3407
3600
3328
3632
2729
3676
3504
3342
3530
2875
3795
3744
3642
3577
140205
AVG: 3625.64285714

r=2, wt=64, c=16
1261
2408
2472
3323
3737
3846
3840
3910
4045
3348
3393
3803
3552
3762
3741
3732
3660
3042
4013
3778
3907
3798
3663
3663
3359
3411
3674
3512
3682
3396
3592
3637
2937
3415
3786
3745
3707
3616
2814
3368
3543
3957
3613
3297
3109
3720
3532
3093
3808
3742
3786
3791
3593
3668
3364
3640
3737
3667
3357
3312
3649
3474
3060
3702
3587
3652
3584
3727
3652
3383
3426
3659
3303
3545
3314
3618
3565
3056
3559
3606
178436
AVG: 3574.18571429

r=3, wt=64, c=16
1259
2557
2362
2760
2930
3463
3256
3913
4031
3915
3374
3526
4066
4021
3657
3473
3470
3596
3731
3690
3635
3807
4022
3905
3865
3613
3702
3798
3839
2985
3115
3456
3156
3280
4069
3888
4023
3900
3392
3541
3579
3722
3858
3950
3889
3430
3611
3583
3527
3861
3831
3943
3995
4105
3762
3128
3593
3964
4031
3735
3537
2912
3645
3421
3734
3839
3275
3667
3480
3717
3006
3225
3395
3476
3684
3396
3524
3528
3510
3828
153798
AVG: 3646.9

