r=1, wt=32, c=12
1312
2419
2554
2969
3409
3321
3553
3897
3655
3371
3487
3678
3761
3493
3701
3024
3455
3279
3705
3912
3710
3056
3706
3622
3357
3409
3560
3730
3325
3484
3437
3425
3164
3498
3568
3734
3838
3660
3154
3155
3338
3775
3755
3202
2562
3378
3238
3277
3622
3384
3453
3722
3555
3706
3320
3023
3725
3725
3394
3477
3620
3465
3114
3605
3792
3744
3792
3288
3637
3494
3621
3722
3784
3579
3448
3309
3640
3219
3859
3714
106316
AVG: 3503.14285714

r=2, wt=32, c=12
1361
2599
2970
2878
2982
3596
3757
3792
3741
3876
3842
3566
2337
3569
3702
3510
3502
3634
3440
3373
3739
3796
3768
3482
3874
3720
3524
3567
3981
3755
3491
3521
3819
3734
3213
3884
3698
3801
3614
3719
3430
3459
3545
3727
3795
3560
3715
3571
3646
3248
3701
3639
3420
3536
3772
3771
3417
3192
3722
3613
3323
3490
3501
3472
3190
3747
3747
3717
3581
3693
3610
3297
3522
3493
3568
3640
3458
3561
3469
3089
118706
AVG: 3590.95714286

r=3, wt=32, c=12
1299
2488
2362
2398
3073
3009
3173
3838
3843
3749
3503
3448
3737
3941
3424
3209
3490
3499
3034
3391
3563
3914
3412
3832
3789
3254
3502
3712
3572
3394
3503
3507
3352
3043
3644
3485
3677
3615
3668
2849
3292
3138
3405
3296
2977
3183
3288
3451
3021
3609
3554
3535
3482
3612
3260
3143
3020
3389
3535
3288
3270
3295
3168
2878
3560
3536
3199
3170
3361
3457
2915
3325
3410
3355
3069
3072
3391
3312
2605
3487
174567
AVG: 3400.3

