r=1, wt=8, c=20
1509
2577
2756
2877
3238
3626
3742
3656
3555
3613
3719
3761
3728
3881
3724
3636
4008
3933
3835
3759
3052
3911
3694
3719
3674
3436
3503
3964
3645
3787
3450
3730
4060
3750
3681
3999
3930
3795
3548
3846
3856
3500
3907
3750
4104
4152
4003
3929
3550
3752
3883
3909
3802
3916
3590
3743
3606
4081
3736
3080
3839
3905
3993
3568
3770
3655
3978
3755
3778
3874
3716
3353
4056
3851
3943
3854
3660
3843
3598
3688
130274
AVG: 3760.47142857

r=2, wt=8, c=20
1239
2312
2086
2814
2921
3417
3459
3449
3423
3673
3507
3110
3656
3502
3823
3108
3306
3743
3629
3567
3714
3557
3652
3657
3649
3809
3267
3814
3768
3715
3842
3662
3616
3026
3500
3754
3517
3564
3062
3548
3631
3128
3641
3865
3687
3984
3822
3796
3662
3148
3797
3914
3579
3683
3711
3687
3435
3704
3876
3740
3777
3897
3722
3589
3584
3858
3802
3552
3670
3712
3559
3240
3883
3946
3209
3773
3471
3726
3432
3528
132001
AVG: 3607.92857143

r=3, wt=8, c=20
1481
2530
2828
3064
2947
3259
3726
3727
3773
3588
3282
3615
3655
3676
3848
3618
3588
3830
4078
3801
3501
3594
3482
3825
3770
3652
3663
3277
3532
3856
3655
3979
3797
3741
3800
3545
3769
3707
3810
3874
3517
3620
3495
3761
3692
4049
3945
3923
4019
3887
3549
3822
3669
3688
3672
3199
3351
3482
3841
3796
3662
3827
3913
3677
3812
3268
3642
3719
3772
3674
3412
3614
3333
3228
3994
3700
3619
3478
3309
3737
128386
AVG: 3677.38571429

