r=1, wt=8, c=16
1206
2333
2335
2832
3156
3635
3579
3225
3599
3078
3454
3691
3939
3835
3106
3848
3830
3624
3748
3949
3741
3690
3596
3560
3672
3386
3523
3776
3838
3649
4005
3599
3549
3823
3914
3844
3688
3718
3646
3814
3743
3737
3689
3950
3733
3959
3981
3572
3544
3830
3764
3766
3657
3656
3829
3714
3918
3771
3804
3436
3509
3698
3406
3589
3751
3153
3815
3659
3470
3593
3527
3777
3773
3846
3973
3975
3844
3860
3620
3765
149481
AVG: 3682.32857143

r=2, wt=8, c=16
1375
2203
2591
2890
3015
3551
3329
3330
3743
2834
3463
3920
3679
3826
3412
3502
3694
3284
3632
3850
3462
3095
3497
3850
3819
3418
3153
3836
3829
3918
3961
3853
3437
3656
3926
3619
3803
3453
3678
3772
3399
4024
3920
3880
3916
3917
3951
3630
3558
3247
3752
3747
3556
3703
3790
3356
3843
3783
3673
3916
3732
3544
3570
3630
3833
3768
3422
3584
3787
3724
3357
3559
3909
3831
3545
3791
3954
3312
3369
3806
160571
AVG: 3649.14285714

r=3, wt=8, c=16
1221
2146
2272
2715
2488
3458
3614
3573
3472
3588
3624
3172
3789
3563
3651
3837
3872
3818
3574
3630
3641
4023
3620
3638
3437
3695
3475
3894
3815
3834
3826
3880
3831
3602
3574
3522
3714
3651
3553
3493
3670
3281
3718
3913
3660
3852
3810
3804
3445
3646
3858
3900
3533
3571
3634
3535
3423
3746
3863
4001
3802
3782
3727
3516
3437
3641
3769
3501
3672
3801
3818
3566
3714
3514
3784
3669
3817
3818
3476
3690
130474
AVG: 3669.42857143

