r=1, wt=16, c=1
748
852
989
1055
1065
980
1087
1099
1058
1049
1130
1234
1072
1197
1101
1071
1074
1085
1237
1128
1189
1202
1183
1033
1071
1195
1166
1124
1211
1200
1224
1062
1176
1145
1193
1295
1205
1253
1091
1041
1104
1244
1244
1168
1183
1153
1141
1161
1185
1252
1252
1103
1214
1107
1095
1204
1154
1184
1159
1186
1151
1175
996
1242
1188
1242
1238
1260
1173
1061
1199
1210
1137
1154
1084
1111
1133
1060
1197
1231
133829
AVG: 1155.2

r=2, wt=16, c=1
803
884
869
888
1105
1107
1153
1076
1067
990
1099
1243
1208
1212
1229
1191
1244
1028
1168
1285
1259
1178
1069
1154
999
1049
1150
1127
1201
1217
1241
1141
1062
1241
1220
1213
1239
1251
1226
1110
1120
1240
1266
1128
1234
1182
1091
1112
1246
1289
1236
1254
1223
1172
1096
1090
1223
1203
1157
1201
1187
1167
1052
1139
1117
1215
1292
1238
1157
1064
1118
1209
1329
1104
1180
1220
1210
1083
1225
1167
80240
AVG: 1171.11428571

r=3, wt=16, c=1
703
916
1082
908
1155
1182
1143
1162
1142
1162
1112
1202
1275
1277
1250
1189
1164
1248
1197
1302
1299
1291
1198
1243
1231
1141
1103
1244
1272
1170
1249
1227
1250
1158
1236
1309
1261
1240
1231
1145
1166
1178
1275
1279
1188
1151
1170
1207
1124
1160
1301
1225
1163
1309
1170
1139
1144
1127
1191
1108
1223
1248
1209
1158
1247
1262
1254
1130
1194
1220
1132
1234
1257
1329
1224
1194
1217
1196
1148
1209
83190
AVG: 1208.58571429

