r=1, wt=8, c=12
1302
2351
2564
2998
3131
3756
3676
3450
3162
3469
3580
3652
3804
3581
3641
3696
3557
3851
3878
3125
3488
3639
3524
2997
3525
3692
3688
3608
3794
3574
3245
3352
3584
3858
3587
3681
3472
3057
3284
3605
3735
3836
3675
3793
3745
3667
3577
3726
3588
3794
3749
3856
3591
2965
3696
3703
3876
3789
3399
3466
3441
3552
3963
3873
3174
3656
3746
3539
3412
3586
2993
3873
3751
4019
3535
3782
2958
3930
3873
3220
147193
AVG: 3592.44285714

r=2, wt=8, c=12
1385
2305
2554
2960
2586
3082
3480
3417
3292
3394
3484
3623
3783
3482
3320
3533
3403
3675
3694
3837
2921
3524
3654
3603
3618
3713
3364
3873
3613
3724
3757
3355
3393
3601
3767
3677
3678
3326
3479
3726
4014
3949
3777
3966
3884
3829
3489
3698
3488
3681
3844
3632
3644
3668
3634
3866
3865
3903
4031
3681
3391
3662
3741
3832
3734
3622
3511
3716
3578
3639
3876
3371
3769
3569
3567
3667
3557
3693
3713
3734
132689
AVG: 3628.37142857

r=3, wt=8, c=12
1379
2403
2226
2856
2958
3395
3418
3672
3651
3337
3487
3815
3668
3701
3754
3981
3866
3718
3643
3627
3794
3637
3674
3715
3770
3557
3764
3699
3920
3699
3854
3816
3040
3540
3797
3682
3454
3630
3599
3594
3634
3902
3827
3651
3987
3868
3502
3537
3524
3906
3807
3473
3496
3546
3502
3620
3786
3743
3915
3947
3418
3594
3523
3587
3646
3977
3655
3594
3643
3394
3641
3965
3885
3736
3813
3820
3725
3117
3621
3632
160747
AVG: 3674.45714286

