r=1, wt=8, c=24
1375
2275
2981
3070
3383
3688
3846
3837
3580
3636
3680
3621
3332
3714
3732
3848
3930
3955
3671
3852
3839
3870
3808
3678
3612
3548
3591
3338
3788
4036
3825
3960
3735
3951
3787
3730
3748
3850
3832
4043
3704
3670
3543
3377
3768
3825
4090
3919
3881
3904
3892
3722
4020
3734
3801
3553
3659
3555
3710
3908
3748
4077
3780
3755
3827
3154
3792
3970
3667
3897
3776
3611
3660
3923
3920
3974
3896
4036
3619
3892
112822
AVG: 3761.18571429

r=2, wt=8, c=24
1349
2092
2780
2981
3065
3471
3580
3675
3669
3516
3589
3604
3621
3427
3806
3869
3787
3756
4068
3606
3290
3668
3914
3765
3676
3683
3636
3139
3493
3842
3709
3832
3858
3956
3850
3650
3486
3775
3885
3705
3673
3784
3950
3536
3117
3964
3871
3962
3922
3916
3376
3551
3795
3959
3497
3696
3643
3735
3659
3907
3842
3589
3913
3783
3770
3849
3463
3705
3758
3419
3180
3627
3336
3488
3878
3904
3669
3763
3806
3942
169727
AVG: 3685.27142857

r=3, wt=8, c=24
1519
2654
2762
2949
2086
3259
3423
3227
3601
3507
3538
3501
3582
3634
3353
3754
3867
3845
3426
3721
4004
3563
3240
3957
3731
3595
3693
3583
3475
3388
3830
3483
3551
3508
3784
3894
3587
3641
3792
3497
3410
3502
3568
3670
3358
3848
3801
3922
3711
3962
3735
3498
3458
3948
3656
3422
3470
3429
3689
3410
3756
3810
3889
3710
3808
3767
3594
3559
3842
3478
3632
3610
3656
3724
3476
3845
3650
3595
3855
3814
159291
AVG: 3625.88571429

