r=1, wt=32, c=20
1621
2881
3276
2963
3494
3937
3576
3730
4025
3629
3876
3592
3814
3737
3871
3338
3740
3847
3724
3741
4205
3844
3977
3727
3643
4268
3852
4063
4201
4219
4386
4522
4274
3874
3680
4173
3907
3929
3196
3919
3545
3598
3576
3728
3807
4112
4010
4096
3482
3796
4160
3879
3775
3627
3621
3779
3514
3973
3865
4066
4018
3170
3902
3379
3466
4138
3089
3282
3723
3011
3626
3455
4018
3996
3713
3840
3673
3834
3576
3684
158584
AVG: 3800.44285714

r=2, wt=32, c=20
1465
2665
3234
3774
4157
4129
4275
4322
3915
3813
4055
4227
3968
4047
3475
3956
3560
3878
4038
3933
4164
4173
3971
3835
3532
3993
4226
2979
3473
4139
3281
3524
4179
4113
4083
3843
4334
4046
3951
3842
4272
4228
3367
4134
4037
3817
3688
3593
4158
3975
4100
4218
4244
3995
3506
4061
4086
3952
3841
3516
3347
3407
3973
3820
3896
3219
4150
3560
3750
3472
3588
3487
3713
3472
3547
3722
3430
3734
3856
3827
144777
AVG: 3863.72857143

r=3, wt=32, c=20
1472
2456
2496
3491
3597
3778
4007
3411
3880
3656
4109
4313
4205
4193
4056
3840
3583
3217
4115
4144
3835
3825
3976
3588
3483
4137
4354
4132
4208
3921
4154
3585
3350
4107
3920
2836
3942
4028
3727
3711
3743
4145
3845
4132
4006
3914
3763
3751
3902
4006
3806
3618
3725
3828
3528
4337
4171
4180
3973
3976
3894
3234
4027
3497
4174
3505
3523
3810
3478
3321
3921
4105
4205
4008
4109
4196
3684
3584
4111
3921
113398
AVG: 3864.08571429

