r=1, wt=64, c=20
1160
2573
3160
3410
2975
3649
3578
2981
4076
4074
4328
4079
4035
4068
3692
3797
4022
3556
3477
3815
3855
4057
3667
3752
4043
3942
4302
3888
3998
3880
3869
4118
4089
3855
3858
3807
4089
3420
3954
4260
3892
4102
4081
4092
3821
3574
3305
3872
3676
3448
3662
3596
3162
4087
4185
4114
3871
3684
3943
3791
3579
4071
3854
3862
3794
3903
3659
3370
3811
3879
3930
4075
4115
4085
3625
3229
3966
3703
3541
3644
164499
366875
AVG: 3850.0

r=2, wt=64, c=20
1224
3020
3204
3285
3763
3487
3908
3562
4253
4534
3952
3770
4391
4184
4139
3930
4116
4349
3912
4240
4413
4247
3423
4070
4155
4421
4312
4182
4299
4135
3965
4421
3986
3638
4106
4120
4035
3654
4388
4294
4140
4154
4057
3900
3990
3953
4298
4251
4125
4061
4058
3531
3700
4223
4453
4593
3595
4113
4264
3867
3892
4279
3568
3889
3658
3873
4132
3485
4035
4185
4217
4316
4178
3250
3767
3658
4091
4178
3634
3689
149532
AVG: 4043.44285714

r=3, wt=64, c=20
1243
2740
3504
3666
3679
3777
3587
3817
3507
4024
4070
4314
4345
4389
4213
3662
3904
4279
4495
3910
3707
4252
4101
3285
4143
3904
4132
3982
4350
4059
3843
3947
4346
4206
2972
3417
4088
3610
3524
4001
4145
4340
4100
4291
4255
3947
4052
4092
3472
3969
3740
3973
3944
3370
4133
4110
4141
4471
4162
4299
3818
3680
4149
4372
4082
3619
3909
3784
3520
4150
4127
4017
4215
4223
4102
3792
3108
3827
4170
3669
91918
357357
AVG: 3984.78571429

