1830185
628359
290500
240720
243133
218690
257929
214270
258653
235876
202618
205669
233968
190240
185216
189981
188730
167680
153164
167652
171209
167440
162731
146840
157624
175413
215550
170612
182405
184275
148117
223202
202981
152562
161944
201583
169313
156626
179142
163555
160032
175045
193012
194865
179346
186884
208583
222963
180870
160118
165266
164120
176525
166696
168287
179187
172432
184602
174444
201213
185006
179288
191222
178354
185702
187360
176940
197206
177621
200852
177671
215020
190838
188746
178784
181542
181597
211169
200206
184872
107282
AVG: 185494.394366
