2034549
426561
258489
205731
188601
260374
225899
208622
168450
184919
183873
184305
179237
170876
180430
169052
139858
160705
168775
195405
171712
173130
169659
148311
155564
149012
169495
167674
197584
179775
160488
156356
166757
161620
156681
163902
156929
165986
149888
186401
168303
158337
166996
162110
174536
156450
161052
186175
177322
220150
167965
171289
193022
224792
219700
213757
248165
181365
186233
177364
155493
160413
165286
170408
191626
162139
162940
168366
165431
162666
160261
189728
146761
171554
214760
166711
168335
174363
182572
231813
115310
AVG: 176300.422535
