5909534
2404132
1929868
1984715
1949244
1881374
1506837
1486371
1563879
1516345
1519387
1552975
1402769
1446654
1303415
1370795
1391993
1445236
1500281
1535157
1355316
1361929
1398692
1377775
1458130
1310549
1348460
1387360
1519109
1367293
1421806
1364578
1495856
1460810
1430092
1383672
1463733
1466241
1421220
1374747
1975867
1473215
1361988
1436395
1574915
1596719
1507493
1518710
1547339
1398510
1312631
1342455
1390781
1396752
1480168
1389682
1418972
1510568
1397286
1433148
1453749
1407013
1468113
1635813
1441009
1343378
1310079
1461447
1795777
1449811
1343328
1512672
1413350
1420106
1473442
1416834
1420570
1456411
1524803
1523063
1267816
AVG: 1456342.97183
