r=1, k6
908219
511744
1202521
229601
432333
367969
395283
271002
238018
211400
240240
335227
251473
292267
503555
174790
392949
319287
168407
473734
282408
223426
334114
241778
280442
217828
228557
212410
171263
199736
297233
193366
236248
300331
297811
356351
485179
217602
199533
416401
255104
241831
318669
276140
254885
200793
191564
205860
247593
189141
294613
295830
407192
263880
300242
205278
265368
374826
262551
255935
179438
274940
233344
366278
277657
339979
271634
252969
273279
426915
463599
303510
217255
275102
264736
280159
322707
259675
518575
250709
150555
AVG: 282193.056338
r=2, k6
1798603
549592
398122
438678
354526
364444
384810
252130
650378
192053
269886
234746
220911
221145
207150
202138
295240
331481
306972
5699171
224822
193339
341271
210832
156497
215822
298035
181434
230203
155634
295259
207226
197411
275754
244073
285974
190299
203767
289937
301404
238354
215413
220731
223539
245530
642792
703018
605452
234280
531901
323768
225742
273935
316903
251813
242080
266381
287623
210709
220276
171145
342300
221507
217751
819459
302105
255290
261096
339501
472930
366440
271672
281872
216086
223376
248139
254546
335767
250521
270857
85618
AVG: 368205.97142
r=3, k6
1151822
667716
408365
490452
272437
332094
321806
301790
233841
256696
364466
287771
172174
595078
306540
267638
344340
159436
195766
240959
260079
341774
322486
244524
221332
196216
262511
225158
293760
191870
321489
247934
198130
220207
226758
355519
284826
377345
241950
273205
319566
265280
192822
285782
251741
192214
160416
227000
285200
324500
307794
144822
199195
251209
256851
176001
234102
285244
522786
402980
249537
222960
318919
180119
316610
182955
268325
215123
252748
320308
366445
345498
518257
248268
237647
303528
331774
317245
375131
372349
AVG: 274524.171429
