759559
302534
415792
286007
369732
292041
341366
333655
304062
404900
375447
290642
266410
303685
266944
330111
352060
361559
277867
281940
263316
376690
330730
332802
325493
327942
271766
320648
368501
518742
376794
313479
315211
360818
295425
332238
347553
226036
351267
394503
315981
331070
352166
566457
368256
294708
669550
264198
249320
288702
368085
300591
552309
355216
350184
445211
358816
314554
422372
318459
435167
326527
531217
341207
338566
442347
383835
558095
363237
348220
291184
314151
442615
375235
373138
350169
417951
373346
334496
361227
AVG: 355479.842857
