r=1, wt=16, c=8
834656
416876
364347
206368
236549
191257
196143
188918
286529
150315
157115
149599
147995
134913
226355
148574
153333
234774
153067
155233
190732
171442
177593
212645
153541
130460
128789
178708
194239
135957
160844
175910
207614
181788
161627
162581
144089
128602
146808
138787
182916
206576
167795
159974
182618
185764
154098
155030
206225
190676
148032
256612
172900
226625
161377
196752
286112
305476
154041
299747
133873
148931
199992
132620
191585
270878
276183
171091
204396
257742
293496
227197
255045
198483
181457
194789
198176
233957
182881
266664
AVG: 187131.3

r=2, wt=16, c=8
582816
420495
261821
337041
220347
218194
299414
201905
184011
116070
237790
138099
352106
161709
205359
170031
349863
200493
138654
191950
239414
120181
207526
217084
192227
193410
392642
165763
223974
255715
184857
159002
259542
210324
176895
145744
146858
206176
156737
196024
214010
142723
121799
144574
170262
190991
173726
224259
177084
169486
228009
156208
142268
118834
188373
175741
204330
176973
213323
179208
296542
164348
366867
179202
104007
137132
210929
166143
189057
253941
156574
202299
174314
140575
119511
179180
155456
220592
172309
204567
AVG: 194133.785714

r=3, wt=16, c=8
860404
231513
259901
249665
208005
291982
301735
218231
205446
131503
164761
173020
121683
127276
173343
203268
193117
215686
199033
158024
229381
165453
225864
175617
203304
240737
221185
265686
234272
182204
194762
188889
156704
151252
175283
177659
174100
166847
161887
232142
271408
212582
193513
139993
130662
215629
230138
213578
298294
417830
AVG: 193737.35

