1119834
1088846
665088
867753
583883
917771
904459
801037
629159
532429
610463
611010
519492
668812
477641
557747
659451
650031
581500
510485
814730
565049
517854
404696
467049
539613
740813
543560
636545
501661
769994
803350
643442
909490
730795
659376
683635
492648
441837
478430
646010
617641
386266
458755
620035
617294
420228
771410
424385
625321
509590
602346
533474
552640
550875
540463
494978
581264
672921
506318
581149
826149
618338
522784
688025
473924
874557
546996
804866
433417
755582
945719
429531
755870
549976
653552
576337
755686
629562
859449
AVG: 613073.585714
