1334914
730749
651670
542645
516320
606575
467619
453952
348560
411482
520556
502671
408794
392072
405272
600512
415839
437769
549643
382353
368246
358970
635117
559485
337887
421492
554312
509507
525086
375192
418733
367969
551633
521987
419771
553291
532479
671133
438752
582999
679600
496506
406810
416355
436864
390219
415942
504896
471422
404153
509511
412022
457814
523607
505447
370899
441054
507336
419763
494037
408529
416917
593100
397628
484609
953549
526398
468020
514709
348795
451760
400520
401741
342353
430933
579064
523916
453854
468097
407559
AVG: 471593.257143
