788421
401230
443222
263283
664770
342419
534279
620640
433566
305592
373110
467816
2118377
360907
385258
462766
482706
337424
342283
334319
546119
263836
371665
455776
352141
345592
318877
596706
326734
541261
456085
372011
323788
467890
332380
322010
329210
380873
522873
356592
308484
406654
415812
377996
401898
367776
482594
329697
315581
363639
407928
502848
649593
343835
332500
385795
327980
360726
398642
466164
394255
343630
506342
498400
317015
430863
433968
595175
419048
322742
461518
303327
604852
418495
300912
357968
311686
369533
454405
329470
AVG: 431150.928571
