r=1, wt=8, c=8
849170
381160
279242
258667
225254
177924
226065
142257
171130
147608
246432
170313
229507
259548
202803
154897
149184
220216
193007
145919
142226
149902
199794
163932
163086
227648
173965
326937
182393
146374
178987
160214
237474
176973
144852
330177
338011
169233
162304
159640
176455
265075
153336
330823
163310
191126
175730
222443
102190
148954
162007
168299
145264
106621
144663
132756
156475
214978
121682
156010
111755
133444
169984
222109
348505
200543
157700
152446
140034
132589
145627
258344
129101
225565
201564
213793
458967
408974
304638
225698
AVG: 184834.842857

r=2, wt=8, c=8
992925
374477
348173
274521
277964
262123
220703
280115
130157
232024
136672
131429
200873
217321
200663
212232
172304
162859
136626
127974
118610
150231
173522
147368
231306
178574
114154
200393
245489
261417
211915
132993
210783
187318
178535
204580
154293
289017
169379
149987
156350
162861
156613
199789
130730
129719
226888
137865
317316
144543
218351
304223
120968
183534
223014
172948
107567
127844
242021
141722
230467
164731
169457
142339
125957
262348
289884
223733
124053
154349
174837
139818
151845
147852
162888
147199
147959
220120
132362
190472
AVG: 182905.185714

r=3, wt=8, c=8
1080866
235159
223012
284105
209606
274849
398434
373463
149787
176146
314492
168060
155798
326068
189311
177706
226141
247852
163236
143587
206415
142163
178367
137325
228451
177136
154113
274537
225928
224226
166034
272043
144037
303488
275469
241327
242092
214362
169506
137539
101575
145573
140440
178254
194418
227886
168503
212955
367710
182097
203765
234631
128732
143668
155383
109908
174119
155741
173163
162676
142429
173703
164064
157736
162598
168727
150236
206945
116736
129539
204090
132086
92382
175394
158528
153125
206841
145235
158114
133890
AVG: 192798.257143

