r=1, wt=32, c=12
714680
457131
284975
293768
310565
259202
180205
469451
504451
571798
167116
228832
215260
252291
459303
371415
222687
247985
327484
327461
244887
227201
298794
459027
389822
298582
292868
256568
233380
334772
431026
260407
258882
241830
362233
427683
324606
291760
272919
365624
252590
355303
404137
334700
305020
273425
367379
325527
351435
354801
796527
274949
432199
245680
227983
285353
192923
308784
262092
317629
322224
378831
482296
343799
314076
236617
246752
411852
321245
378535
306707
286637
207917
204443
280890
173918
221099
350706
319934
307722
AVG: 320986.7

r=2, wt=32, c=12
700950
338253
225766
350171
409251
295634
223461
192904
258811
236605
441267
487463
275870
422545
199847
385058
223926
164947
268648
353659
246811
218211
293198
362845
315012
265444
349281
254184
338716
298830
332488
322320
296953
323151
190524
315584
305260
376511
294737
225933
267695
236123
306220
197576
546420
508393
434253
230525
312537
434456
203791
257026
295959
237504
318421
312956
253332
235273
229512
268099
240246
267677
249497
280407
310738
220232
232362
212408
226598
252882
320377
387974
242497
131916
216832
213085
230631
268114
266494
436947
AVG: 289076.457143

r=3, wt=32, c=12
1025285
481728
539025
294390
454427
287429
244219
668049
304517
293299
306646
296698
211487
215237
206394
202724
191506
236176
271030
227936
252311
300286
256258
281344
286041
267246
177582
182947
209217
284371
247152
294959
370752
354930
312477
242624
198989
325689
311271
231410
252694
274760
201155
167216
194550
244478
274764
408536
181892
262366
258682
215973
357731
393207
244596
229015
227390
447160
677250
220848
165600
206900
156495
194336
495933
222806
239714
241693
306291
238765
204364
308135
425066
337441
312887
282925
237691
257986
260130
308583
AVG: 276312.742857

