1107779
729123
588164
386814
319830
509288
264066
309718
294813
186251
305119
181907
215669
191374
249322
195152
302790
359742
343401
376810
259171
199198
378651
391697
332682
321316
141787
238316
172288
218135
167418
171460
211471
213055
195835
307531
336641
234390
219758
350856
277594
287729
306271
182062
269486
190798
199481
174970
290945
259492
246664
306499
203470
346842
322878
230978
304358
335314
184824
339759
267257
237382
382412
254434
241545
184913
207493
280043
163137
182631
219044
189315
207184
200532
190993
267337
322857
203810
258113
527073
AVG: 257368.671429
