r=1, wt=8, c=1
303471
311738
150372
211028
175649
227432
204402
122660
172232
134644
153097
153853
134609
112831
178028
158693
132172
140526
119235
93276
115155
126138
125380
82633
95071
90848
100091
91806
101739
93467
93509
93300
95050
97906
95075
87486
96591
97259
81394
80494
94789
90566
87792
87665
77399
100801
82071
89576
93471
90842
88415
88939
83997
79190
91334
85342
75055
85277
86781
78590
80208
90450
103862
78599
89552
89499
89943
77622
88113
84067
80260
84885
78071
92231
76251
111413
114003
100495
91226
95714
AVG: 102851.242857

r=2, wt=8, c=1
200542
226336
204243
210404
189685
154072
176820
183639
186170
141141
214228
143784
106813
154641
110640
115489
144612
132895
141926
124724
118531
118579
102151
193114
74953
94929
68831
90620
90255
93144
94957
93486
82012
102155
82928
88053
79154
90515
80977
88038
92056
81026
79992
92527
105976
83567
97288
86990
81293
94048
88006
104331
93491
83074
92387
85952
79832
98010
79648
94000
86468
97932
81442
93121
98560
78277
99020
90131
90258
82439
80597
80160
88250
88201
85840
94321
82850
80819
87875
81191
AVG: 103902.371429

r=3, wt=8, c=1
151917
158469
369349
200845
142299
133502
127552
161971
133659
209629
203516
127624
130764
117071
102678
127523
122608
105290
144932
104496
125303
132712
135205
75544
82744
106534
91322
78513
111818
78645
80184
99585
97061
77623
75311
91706
91816
86744
71626
92668
83342
59135
99531
55290
69958
61996
75998
97919
90402
79507
106954
96914
90385
84687
93807
114866
76751
82965
92199
81385
80789
85052
87045
76440
86495
69910
77905
87163
72883
96434
56803
72919
75785
77595
74229
94028
61209
80224
80996
92830
AVG: 97241.6714286

