290391
250284
272660
180503
245523
260471
200380
178990
206299
178377
168792
117946
129244
98990
147382
149981
132674
144119
169256
140194
107958
124385
104361
93321
96900
100952
117662
86699
94814
81495
101144
82913
83813
101527
66983
74399
100263
90503
96358
92681
90081
96726
86244
94891
85939
83702
87103
82235
74264
93447
100373
97379
70421
94770
94489
98692
91102
81651
80881
65970
55076
85888
36994
55666
95642
103567
83287
93942
101688
93331
103035
85779
126151
99282
111149
99672
105073
95189
105584
99456
AVG: 105758.042857
