825
1541
1589
1649
1585
1834
1969
1942
2029
2260
2223
2253
2004
2083
2329
2233
2408
2324
2357
2212
2317
2334
2176
2321
2262
2262
2378
2482
2297
2303
2094
2454
2286
2399
2275
2188
2071
2178
2302
2325
2210
2215
2188
2227
2136
2071
1964
1985
1963
2017
2325
2177
2204
2160
2222
2442
2253
2318
2406
2223
2221
2312
2269
2417
2323
2373
2310
2254
2189
2391
2295
2381
2359
2389
2433
2376
2489
2312
2307
2280
161569
347320
347994
353643
356115
354402
356282
353484
352027
350748
354607
355833
351193
353027
351857
351727
352385
AVG: 2239.8
