r=1, wt=8
329
306
363
283
305
362
345
373
265
306
313
357
361
337
302
331
391
316
320
332
312
313
301
321
332
362
317
351
356
337
368
314
332
345
322
326
297
334
291
359
394
335
344
318
395
358
490
371
323
327
317
354
322
330
356
284
321
358
287
415
323
327
345
346
333
335
364
335
325
308
359
356
363
309
309
306
268
336
323
298
41
AVG: 337.225352113

r=2, wt=8
323
373
346
339
307
387
315
385
375
327
449
313
388
381
326
322
331
326
325
353
349
376
393
359
299
351
278
360
361
302
407
352
344
352
328
349
373
441
365
355
333
319
327
367
406
311
347
383
338
343
335
355
347
322
360
406
449
418
345
324
360
380
343
322
358
434
421
346
322
440
419
384
290
319
365
364
304
382
322
312
214
AVG: 357.732394366

r=3, wt=8
392
315
336
424
352
327
356
352
276
355
358
360
321
350
344
330
358
383
277
312
313
332
336
291
360
374
357
336
288
312
353
390
441
342
298
346
353
377
375
342
339
332
349
339
328
395
401
355
355
298
297
316
339
346
381
418
370
326
312
385
374
328
343
409
364
397
314
324
349
356
344
386
343
471
358
368
340
307
254
294
50
AVG: 349.070422535

