WT 0
169.0
243.0
315.0
383.0
392.0
432.0
371.0
405.0
443.0
404.0
371.0
391.0
386.0
379.0
317.0
391.0
287.0
296.0
382.0
342.0
386.0
302.0
341.0
300.0
293.0
380.0
362.0
351.0
337.0
344.0
356.0
314.0
274.0
326.0
331.0
366.0
188.0
382.0
276.0
305.0
329.0
354.0
411.0
377.0
351.0
418.0
335.0
383.0
444.0
347.0
332.0
374.0
415.0
392.0
273.0
302.0
380.0
428.0
403.0
374.0
395.0
364.0
350.0
365.0
357.0
397.0
372.0
417.0
433.0
430.0
421.0
380.0
399.0
353.0
451.0
331.0
432.0
407.0
449.0
382.0
WT 1
174.0
269.0
286.0
341.0
366.0
400.0
359.0
375.0
359.0
359.0
391.0
387.0
352.0
361.0
297.0
394.0
353.0
317.0
398.0
360.0
382.0
336.0
362.0
302.0
275.0
362.0
274.0
312.0
328.0
340.0
361.0
310.0
301.0
366.0
401.0
362.0
204.0
373.0
289.0
338.0
424.0
396.0
434.0
415.0
395.0
369.0
374.0
369.0
408.0
348.0
383.0
401.0
386.0
360.0
318.0
305.0
349.0
397.0
364.0
386.0
372.0
342.0
362.0
348.0
376.0
351.0
376.0
445.0
388.0
448.0
416.0
375.0
416.0
372.0
408.0
385.0
374.0
380.0
465.0
397.0
WT 2
153.0
327.0
246.0
343.0
305.0
363.0
422.0
378.0
389.0
353.0
352.0
320.0
339.0
377.0
330.0
395.0
325.0
363.0
317.0
323.0
386.0
336.0
320.0
340.0
284.0
321.0
363.0
355.0
367.0
305.0
369.0
388.0
330.0
363.0
388.0
403.0
223.0
404.0
370.0
285.0
388.0
357.0
439.0
369.0
380.0
401.0
324.0
428.0
364.0
331.0
345.0
368.0
378.0
404.0
309.0
318.0
359.0
419.0
397.0
416.0
335.0
368.0
353.0
389.0
366.0
443.0
351.0
449.0
462.0
465.0
422.0
426.0
398.0
374.0
478.0
328.0
366.0
393.0
447.0
439.0
WT 3
166.0
268.0
292.0
354.0
373.0
420.0
349.0
385.0
373.0
441.0
401.0
379.0
338.0
391.0
345.0
399.0
330.0
337.0
399.0
395.0
374.0
307.0
392.0
335.0
284.0
347.0
363.0
382.0
331.0
342.0
387.0
338.0
309.0
384.0
406.0
335.0
202.0
372.0
340.0
289.0
326.0
319.0
370.0
354.0
395.0
418.0
347.0
377.0
340.0
364.0
347.0
400.0
419.0
422.0
310.0
303.0
311.0
346.0
409.0
384.0
429.0
372.0
315.0
329.0
329.0
389.0
380.0
428.0
420.0
440.0
339.0
372.0
415.0
430.0
495.0
354.0
364.0
359.0
474.0
379.0
WT 4
170.0
257.0
254.0
391.0
359.0
408.0
404.0
428.0
361.0
352.0
397.0
423.0
386.0
339.0
341.0
385.0
345.0
327.0
374.0
375.0
339.0
321.0
366.0
342.0
338.0
356.0
327.0
379.0
328.0
331.0
364.0
345.0
305.0
363.0
372.0
374.0
218.0
374.0
337.0
293.0
385.0
404.0
374.0
350.0
341.0
430.0
379.0
384.0
405.0
341.0
303.0
337.0
340.0
434.0
267.0
335.0
287.0
430.0
410.0
399.0
394.0
403.0
357.0
362.0
364.0
379.0
388.0
411.0
369.0
460.0
395.0
381.0
376.0
348.0
452.0
328.0
387.0
415.0
422.0
418.0
WT 5
152.0
253.0
249.0
328.0
418.0
458.0
403.0
365.0
348.0
409.0
405.0
320.0
307.0
371.0
328.0
399.0
331.0
332.0
419.0
346.0
401.0
334.0
381.0
330.0
298.0
349.0
289.0
348.0
379.0
356.0
380.0
376.0
327.0
394.0
365.0
371.0
231.0
332.0
293.0
319.0
348.0
394.0
361.0
373.0
394.0
464.0
343.0
377.0
362.0
319.0
369.0
399.0
398.0
396.0
368.0
322.0
324.0
461.0
423.0
390.0
407.0
350.0
378.0
406.0
358.0
430.0
401.0
434.0
410.0
437.0
413.0
389.0
434.0
334.0
468.0
348.0
341.0
433.0
463.0
358.0
WT 6
164.0
229.0
313.0
379.0
314.0
353.0
338.0
379.0
411.0
397.0
397.0
352.0
361.0
360.0
275.0
387.0
343.0
342.0
376.0
308.0
345.0
338.0
340.0
341.0
266.0
360.0
275.0
342.0
298.0
347.0
383.0
303.0
319.0
384.0
387.0
442.0
235.0
390.0
348.0
321.0
351.0
403.0
373.0
331.0
356.0
408.0
334.0
362.0
429.0
423.0
379.0
383.0
363.0
487.0
264.0
283.0
284.0
367.0
360.0
378.0
402.0
351.0
336.0
378.0
391.0
447.0
370.0
391.0
399.0
422.0
428.0
375.0
382.0
381.0
437.0
342.0
433.0
348.0
412.0
347.0
WT 7
162.0
268.0
353.0
326.0
334.0
399.0
412.0
394.0
355.0
381.0
351.0
378.0
299.0
358.0
328.0
426.0
338.0
340.0
431.0
317.0
390.0
372.0
344.0
348.0
276.0
349.0
358.0
327.0
347.0
336.0
444.0
327.0
357.0
336.0
387.0
425.0
249.0
375.0
302.0
363.0
382.0
343.0
331.0
351.0
345.0
464.0
313.0
353.0
419.0
378.0
363.0
438.0
327.0
397.0
327.0
303.0
314.0
419.0
337.0
430.0
378.0
381.0
341.0
363.0
400.0
368.0
396.0
413.0
448.0
444.0
416.0
337.0
385.0
327.0
420.0
301.0
429.0
440.0
439.0
409.0
