WT 0
43.0
85.0
94.0
119.0
166.0
88.0
180.0
93.0
169.0
84.0
124.0
125.0
108.0
163.0
88.0
124.0
253.0
108.0
134.0
176.0
163.0
140.0
33.0
118.0
275.0
26.0
141.0
72.0
191.0
90.0
359.0
136.0
142.0
105.0
198.0
304.0
143.0
142.0
124.0
93.0
126.0
359.0
72.0
316.0
147.0
29.0
163.0
118.0
142.0
0.0
65.0
339.0
78.0
209.0
94.0
157.0
125.0
239.0
140.0
237.0
99.0
127.0
292.0
220.0
19.0
19.0
141.0
151.0
173.0
293.0
140.0
135.0
111.0
197.0
104.0
171.0
112.0
37.0
363.0
50.0
WT 1
52.0
78.0
103.0
152.0
75.0
171.0
104.0
156.0
114.0
126.0
117.0
183.0
71.0
213.0
59.0
152.0
63.0
251.0
19.0
145.0
207.0
60.0
130.0
132.0
209.0
249.0
39.0
202.0
85.0
189.0
90.0
197.0
55.0
204.0
297.0
76.0
154.0
152.0
91.0
359.0
125.0
5.0
143.0
133.0
59.0
134.0
118.0
126.0
47.0
338.0
124.0
25.0
242.0
35.0
340.0
52.0
231.0
148.0
91.0
145.0
249.0
139.0
262.0
137.0
121.0
350.0
157.0
34.0
289.0
92.0
344.0
70.0
121.0
272.0
12.0
282.0
129.0
121.0
43.0
348.0
WT 2
48.0
82.0
115.0
120.0
135.0
117.0
149.0
119.0
105.0
182.0
133.0
52.0
205.0
43.0
248.0
117.0
111.0
37.0
266.0
103.0
56.0
185.0
232.0
143.0
21.0
143.0
317.0
154.0
120.0
144.0
17.0
62.0
211.0
283.0
82.0
205.0
127.0
89.0
176.0
144.0
126.0
66.0
360.0
68.0
220.0
257.0
152.0
115.0
204.0
65.0
197.0
104.0
154.0
278.0
65.0
251.0
30.0
31.0
347.0
48.0
215.0
145.0
96.0
248.0
241.0
1.0
124.0
287.0
52.0
251.0
75.0
311.0
123.0
55.0
357.0
77.0
116.0
344.0
128.0
127.0
WT 3
51.0
73.0
89.0
120.0
142.0
133.0
156.0
134.0
125.0
127.0
141.0
121.0
134.0
136.0
125.0
135.0
142.0
117.0
144.0
152.0
130.0
119.0
122.0
123.0
159.0
132.0
114.0
154.0
123.0
147.0
151.0
122.0
129.0
145.0
129.0
145.0
139.0
119.0
132.0
138.0
146.0
150.0
126.0
120.0
137.0
132.0
52.0
118.0
112.0
128.0
147.0
139.0
100.0
145.0
160.0
142.0
133.0
140.0
132.0
139.0
136.0
139.0
165.0
105.0
123.0
109.0
155.0
152.0
162.0
161.0
122.0
137.0
140.0
133.0
147.0
124.0
100.0
141.0
181.0
146.0
WT 4
51.0
90.0
81.0
125.0
115.0
131.0
146.0
133.0
126.0
127.0
152.0
114.0
138.0
134.0
117.0
124.0
151.0
140.0
139.0
154.0
137.0
136.0
133.0
120.0
172.0
129.0
141.0
150.0
138.0
142.0
158.0
124.0
133.0
137.0
117.0
136.0
133.0
129.0
140.0
129.0
135.0
144.0
151.0
121.0
142.0
134.0
50.0
122.0
123.0
128.0
151.0
149.0
92.0
152.0
143.0
156.0
127.0
126.0
144.0
120.0
121.0
134.0
155.0
101.0
129.0
99.0
129.0
162.0
174.0
160.0
118.0
144.0
135.0
135.0
144.0
131.0
110.0
133.0
180.0
129.0
WT 5
44.0
86.0
103.0
110.0
141.0
113.0
145.0
136.0
126.0
130.0
146.0
121.0
124.0
121.0
130.0
122.0
131.0
133.0
120.0
157.0
141.0
143.0
139.0
145.0
144.0
133.0
132.0
144.0
121.0
131.0
158.0
125.0
130.0
124.0
119.0
122.0
158.0
133.0
141.0
123.0
112.0
137.0
151.0
141.0
156.0
129.0
54.0
114.0
131.0
133.0
143.0
147.0
109.0
165.0
135.0
145.0
121.0
128.0
144.0
141.0
126.0
143.0
138.0
105.0
125.0
122.0
145.0
157.0
162.0
167.0
107.0
130.0
109.0
132.0
147.0
122.0
117.0
134.0
167.0
136.0
WT 6
44.0
89.0
102.0
121.0
122.0
123.0
153.0
116.0
123.0
137.0
167.0
120.0
123.0
125.0
132.0
106.0
146.0
117.0
153.0
148.0
146.0
138.0
135.0
121.0
173.0
141.0
131.0
145.0
108.0
138.0
141.0
170.0
84.0
113.0
208.0
122.0
41.0
126.0
253.0
128.0
115.0
122.0
1.0
271.0
9.0
144.0
198.0
117.0
117.0
143.0
130.0
4.0
105.0
157.0
282.0
160.0
119.0
121.0
26.0
141.0
118.0
144.0
148.0
121.0
125.0
105.0
141.0
271.0
28.0
157.0
261.0
7.0
245.0
2.0
289.0
130.0
111.0
29.0
338.0
126.0
WT 7
54.0
73.0
92.0
129.0
143.0
116.0
159.0
126.0
135.0
132.0
106.0
125.0
166.0
125.0
101.0
149.0
132.0
146.0
142.0
137.0
137.0
145.0
139.0
130.0
133.0
154.0
123.0
127.0
157.0
139.0
166.0
77.0
185.0
144.0
23.0
112.0
269.0
123.0
17.0
117.0
119.0
132.0
289.0
25.0
296.0
148.0
109.0
126.0
116.0
121.0
152.0
282.0
102.0
164.0
15.0
159.0
128.0
123.0
248.0
167.0
127.0
128.0
158.0
108.0
113.0
112.0
138.0
30.0
297.0
161.0
6.0
248.0
16.0
269.0
3.0
116.0
116.0
296.0
3.0
139.0
WT 8
48.0
87.0
90.0
124.0
128.0
129.0
144.0
109.0
146.0
124.0
134.0
125.0
137.0
119.0
133.0
149.0
148.0
116.0
148.0
149.0
128.0
125.0
124.0
121.0
158.0
141.0
130.0
155.0
141.0
131.0
135.0
139.0
131.0
143.0
117.0
120.0
162.0
117.0
117.0
135.0
129.0
124.0
116.0
129.0
142.0
130.0
49.0
121.0
139.0
140.0
141.0
158.0
114.0
151.0
149.0
147.0
124.0
136.0
151.0
137.0
132.0
143.0
160.0
94.0
127.0
124.0
156.0
139.0
168.0
150.0
138.0
127.0
121.0
115.0
144.0
137.0
116.0
124.0
173.0
115.0
WT 9
44.0
90.0
100.0
169.0
122.0
122.0
137.0
117.0
107.0
107.0
127.0
122.0
140.0
123.0
123.0
128.0
138.0
118.0
149.0
144.0
122.0
115.0
138.0
130.0
161.0
130.0
133.0
129.0
143.0
146.0
129.0
149.0
124.0
151.0
126.0
122.0
151.0
131.0
123.0
119.0
131.0
134.0
139.0
125.0
156.0
135.0
58.0
110.0
142.0
132.0
120.0
143.0
91.0
149.0
157.0
167.0
126.0
135.0
141.0
145.0
141.0
132.0
148.0
105.0
135.0
103.0
117.0
150.0
175.0
148.0
136.0
139.0
127.0
134.0
153.0
137.0
114.0
133.0
188.0
129.0
WT 10
48.0
99.0
99.0
116.0
132.0
121.0
148.0
133.0
152.0
143.0
113.0
113.0
129.0
125.0
138.0
123.0
145.0
116.0
144.0
128.0
140.0
135.0
139.0
145.0
161.0
148.0
146.0
148.0
138.0
143.0
141.0
125.0
129.0
132.0
126.0
145.0
136.0
115.0
112.0
133.0
130.0
127.0
152.0
117.0
177.0
148.0
48.0
126.0
117.0
124.0
126.0
139.0
104.0
152.0
176.0
150.0
137.0
147.0
141.0
151.0
123.0
151.0
157.0
112.0
115.0
110.0
154.0
150.0
179.0
179.0
116.0
116.0
125.0
125.0
144.0
129.0
135.0
140.0
158.0
140.0
WT 11
43.0
85.0
104.0
109.0
140.0
120.0
151.0
117.0
123.0
117.0
133.0
130.0
132.0
131.0
120.0
132.0
128.0
123.0
151.0
155.0
127.0
123.0
121.0
126.0
159.0
149.0
138.0
135.0
140.0
168.0
134.0
142.0
126.0
139.0
110.0
135.0
160.0
131.0
130.0
143.0
105.0
150.0
142.0
147.0
145.0
131.0
46.0
123.0
113.0
114.0
157.0
159.0
86.0
145.0
161.0
154.0
130.0
136.0
143.0
127.0
135.0
128.0
163.0
98.0
129.0
99.0
154.0
165.0
184.0
164.0
135.0
112.0
119.0
130.0
130.0
123.0
123.0
154.0
170.0
151.0
WT 12
47.0
97.0
80.0
129.0
165.0
91.0
180.0
81.0
167.0
154.0
46.0
200.0
55.0
138.0
175.0
102.0
136.0
127.0
165.0
140.0
152.0
132.0
131.0
148.0
119.0
148.0
128.0
121.0
189.0
161.0
136.0
80.0
193.0
123.0
116.0
143.0
106.0
122.0
132.0
184.0
115.0
74.0
211.0
40.0
223.0
46.0
50.0
127.0
143.0
206.0
134.0
60.0
108.0
149.0
222.0
71.0
136.0
122.0
216.0
140.0
44.0
143.0
241.0
25.0
131.0
182.0
86.0
147.0
170.0
211.0
84.0
193.0
72.0
118.0
212.0
47.0
209.0
63.0
228.0
94.0
WT 13
39.0
83.0
130.0
129.0
111.0
151.0
118.0
151.0
94.0
109.0
208.0
38.0
204.0
127.0
77.0
162.0
127.0
127.0
133.0
173.0
114.0
134.0
150.0
108.0
205.0
144.0
137.0
127.0
82.0
142.0
154.0
196.0
67.0
126.0
124.0
133.0
224.0
129.0
126.0
69.0
122.0
189.0
76.0
202.0
49.0
228.0
46.0
113.0
135.0
63.0
121.0
212.0
95.0
155.0
93.0
210.0
128.0
133.0
53.0
148.0
211.0
149.0
74.0
185.0
119.0
47.0
194.0
140.0
169.0
127.0
186.0
73.0
187.0
120.0
73.0
216.0
25.0
218.0
123.0
167.0
WT 14
57.0
84.0
111.0
117.0
130.0
123.0
145.0
118.0
118.0
139.0
126.0
130.0
136.0
122.0
127.0
138.0
164.0
133.0
162.0
133.0
126.0
125.0
131.0
127.0
131.0
141.0
149.0
133.0
119.0
136.0
135.0
126.0
143.0
140.0
118.0
156.0
155.0
120.0
148.0
131.0
129.0
143.0
130.0
125.0
140.0
131.0
48.0
114.0
148.0
121.0
127.0
154.0
101.0
165.0
158.0
171.0
130.0
147.0
138.0
140.0
126.0
137.0
149.0
107.0
133.0
105.0
137.0
174.0
178.0
171.0
134.0
141.0
125.0
128.0
150.0
144.0
115.0
138.0
156.0
157.0
WT 15
59.0
96.0
100.0
125.0
136.0
122.0
142.0
135.0
130.0
122.0
139.0
114.0
132.0
121.0
128.0
128.0
139.0
158.0
155.0
150.0
144.0
122.0
138.0
132.0
162.0
128.0
142.0
150.0
149.0
162.0
147.0
133.0
130.0
141.0
120.0
132.0
170.0
106.0
143.0
134.0
115.0
139.0
144.0
117.0
155.0
136.0
47.0
116.0
136.0
130.0
135.0
147.0
111.0
158.0
163.0
161.0
130.0
135.0
140.0
171.0
123.0
145.0
149.0
91.0
134.0
115.0
132.0
153.0
166.0
179.0
109.0
134.0
121.0
136.0
130.0
122.0
113.0
156.0
180.0
147.0
WT 16
53.0
73.0
106.0
121.0
123.0
118.0
156.0
125.0
124.0
121.0
122.0
146.0
122.0
141.0
134.0
140.0
131.0
124.0
137.0
149.0
156.0
139.0
144.0
131.0
162.0
138.0
127.0
130.0
126.0
149.0
137.0
126.0
154.0
129.0
106.0
147.0
145.0
120.0
114.0
124.0
124.0
132.0
148.0
109.0
139.0
131.0
39.0
125.0
125.0
144.0
119.0
144.0
98.0
144.0
155.0
146.0
132.0
148.0
148.0
132.0
119.0
134.0
140.0
106.0
121.0
97.0
142.0
140.0
160.0
161.0
126.0
133.0
122.0
140.0
150.0
123.0
118.0
153.0
155.0
140.0
WT 17
51.0
87.0
83.0
124.0
142.0
102.0
171.0
107.0
118.0
134.0
152.0
121.0
146.0
135.0
121.0
127.0
152.0
130.0
114.0
133.0
135.0
131.0
205.0
59.0
158.0
202.0
96.0
149.0
142.0
112.0
184.0
143.0
142.0
76.0
126.0
187.0
106.0
124.0
147.0
124.0
105.0
162.0
136.0
85.0
225.0
58.0
158.0
0.0
132.0
238.0
39.0
142.0
110.0
241.0
146.0
87.0
179.0
83.0
214.0
78.0
129.0
134.0
261.0
93.0
36.0
192.0
137.0
79.0
238.0
168.0
123.0
127.0
54.0
149.0
200.0
66.0
181.0
135.0
98.0
149.0
WT 18
58.0
61.0
104.0
134.0
113.0
145.0
125.0
134.0
142.0
115.0
126.0
110.0
143.0
127.0
145.0
134.0
120.0
129.0
187.0
155.0
131.0
124.0
80.0
229.0
132.0
91.0
182.0
138.0
89.0
174.0
118.0
135.0
131.0
181.0
116.0
103.0
167.0
122.0
89.0
127.0
165.0
118.0
131.0
166.0
83.0
238.0
53.0
221.0
117.0
53.0
206.0
149.0
111.0
71.0
159.0
221.0
72.0
198.0
74.0
225.0
138.0
143.0
65.0
104.0
218.0
11.0
146.0
228.0
117.0
140.0
122.0
148.0
176.0
143.0
84.0
185.0
60.0
129.0
251.0
138.0
WT 19
51.0
107.0
85.0
127.0
131.0
122.0
145.0
135.0
131.0
138.0
120.0
110.0
146.0
137.0
133.0
145.0
144.0
137.0
141.0
149.0
122.0
114.0
158.0
130.0
148.0
126.0
138.0
148.0
152.0
166.0
157.0
134.0
120.0
140.0
130.0
146.0
144.0
117.0
127.0
124.0
120.0
134.0
152.0
112.0
138.0
150.0
41.0
114.0
129.0
116.0
145.0
139.0
90.0
157.0
158.0
140.0
151.0
125.0
124.0
145.0
119.0
137.0
165.0
104.0
129.0
111.0
132.0
155.0
163.0
164.0
108.0
115.0
129.0
137.0
151.0
128.0
124.0
132.0
167.0
138.0
WT 20
55.0
59.0
78.0
109.0
132.0
131.0
142.0
112.0
140.0
129.0
143.0
141.0
129.0
118.0
127.0
133.0
125.0
115.0
160.0
151.0
128.0
137.0
133.0
131.0
143.0
132.0
120.0
130.0
130.0
145.0
136.0
141.0
123.0
112.0
119.0
149.0
154.0
130.0
133.0
143.0
125.0
135.0
160.0
141.0
146.0
131.0
48.0
111.0
128.0
136.0
126.0
143.0
117.0
155.0
162.0
155.0
119.0
139.0
135.0
142.0
123.0
145.0
136.0
113.0
122.0
108.0
136.0
165.0
155.0
177.0
136.0
131.0
128.0
114.0
139.0
128.0
125.0
158.0
176.0
148.0
WT 21
55.0
74.0
113.0
120.0
141.0
115.0
158.0
121.0
163.0
128.0
134.0
128.0
161.0
106.0
130.0
141.0
128.0
134.0
161.0
96.0
195.0
139.0
145.0
55.0
241.0
52.0
235.0
148.0
129.0
145.0
148.0
57.0
134.0
130.0
188.0
76.0
169.0
138.0
109.0
137.0
132.0
130.0
147.0
122.0
178.0
140.0
39.0
128.0
113.0
127.0
141.0
135.0
108.0
157.0
155.0
172.0
83.0
124.0
131.0
144.0
226.0
136.0
145.0
4.0
233.0
93.0
68.0
244.0
170.0
50.0
108.0
257.0
132.0
17.0
301.0
124.0
123.0
140.0
30.0
340.0
WT 22
53.0
90.0
87.0
132.0
121.0
137.0
152.0
149.0
150.0
136.0
135.0
132.0
119.0
159.0
121.0
113.0
144.0
96.0
131.0
203.0
86.0
137.0
133.0
194.0
90.0
229.0
20.0
155.0
150.0
149.0
144.0
219.0
148.0
128.0
34.0
199.0
146.0
91.0
125.0
143.0
124.0
151.0
126.0
124.0
149.0
139.0
46.0
119.0
134.0
154.0
115.0
158.0
106.0
152.0
165.0
133.0
148.0
136.0
151.0
165.0
31.0
125.0
154.0
213.0
28.0
118.0
221.0
79.0
167.0
249.0
126.0
2.0
113.0
296.0
25.0
118.0
113.0
125.0
367.0
88.0
WT 23
41.0
103.0
105.0
127.0
135.0
132.0
136.0
138.0
127.0
120.0
115.0
130.0
127.0
117.0
148.0
150.0
137.0
116.0
144.0
154.0
126.0
113.0
125.0
141.0
144.0
147.0
144.0
150.0
152.0
155.0
137.0
130.0
140.0
106.0
108.0
148.0
153.0
127.0
114.0
144.0
139.0
120.0
121.0
137.0
143.0
134.0
46.0
112.0
142.0
131.0
139.0
145.0
119.0
156.0
151.0
156.0
138.0
147.0
162.0
142.0
125.0
130.0
160.0
113.0
121.0
101.0
143.0
168.0
185.0
164.0
140.0
136.0
129.0
132.0
142.0
136.0
121.0
132.0
149.0
130.0
WT 24
53.0
88.0
89.0
125.0
139.0
109.0
139.0
114.0
135.0
141.0
126.0
132.0
133.0
134.0
118.0
142.0
143.0
147.0
140.0
133.0
135.0
136.0
117.0
132.0
172.0
156.0
145.0
127.0
125.0
175.0
154.0
134.0
119.0
128.0
125.0
140.0
150.0
124.0
141.0
132.0
131.0
133.0
134.0
120.0
144.0
135.0
37.0
121.0
132.0
146.0
139.0
144.0
102.0
150.0
160.0
150.0
130.0
133.0
125.0
151.0
122.0
146.0
163.0
99.0
124.0
94.0
160.0
155.0
179.0
147.0
132.0
124.0
123.0
138.0
148.0
128.0
122.0
139.0
171.0
143.0
WT 25
54.0
71.0
80.0
122.0
115.0
124.0
155.0
138.0
141.0
140.0
115.0
134.0
130.0
120.0
142.0
129.0
141.0
124.0
160.0
150.0
125.0
137.0
140.0
135.0
167.0
128.0
126.0
151.0
133.0
169.0
136.0
133.0
125.0
145.0
132.0
137.0
129.0
125.0
151.0
127.0
117.0
138.0
172.0
114.0
164.0
140.0
50.0
114.0
131.0
125.0
143.0
119.0
90.0
143.0
158.0
153.0
121.0
122.0
144.0
144.0
134.0
132.0
141.0
97.0
123.0
104.0
147.0
147.0
165.0
167.0
152.0
129.0
119.0
127.0
178.0
121.0
104.0
144.0
174.0
132.0
WT 26
51.0
74.0
95.0
123.0
129.0
118.0
143.0
109.0
155.0
132.0
133.0
130.0
125.0
125.0
123.0
133.0
142.0
128.0
144.0
156.0
127.0
124.0
141.0
129.0
160.0
146.0
137.0
140.0
141.0
124.0
152.0
134.0
133.0
144.0
130.0
120.0
163.0
130.0
134.0
127.0
142.0
126.0
142.0
120.0
140.0
123.0
43.0
120.0
147.0
127.0
133.0
154.0
105.0
152.0
153.0
159.0
124.0
137.0
130.0
128.0
128.0
146.0
163.0
106.0
127.0
101.0
163.0
147.0
156.0
165.0
130.0
130.0
122.0
112.0
136.0
130.0
107.0
138.0
169.0
139.0
WT 27
44.0
78.0
107.0
128.0
151.0
93.0
151.0
154.0
114.0
122.0
102.0
143.0
148.0
123.0
130.0
130.0
156.0
128.0
136.0
154.0
158.0
121.0
155.0
94.0
139.0
194.0
113.0
97.0
227.0
142.0
131.0
123.0
119.0
112.0
106.0
144.0
151.0
130.0
121.0
164.0
90.0
207.0
133.0
79.0
166.0
143.0
39.0
110.0
146.0
106.0
141.0
132.0
95.0
167.0
163.0
154.0
124.0
140.0
145.0
104.0
162.0
82.0
216.0
102.0
62.0
175.0
132.0
154.0
84.0
163.0
205.0
145.0
19.0
231.0
141.0
67.0
110.0
194.0
159.0
74.0
WT 28
45.0
72.0
111.0
109.0
133.0
168.0
151.0
88.0
125.0
129.0
151.0
90.0
160.0
134.0
130.0
143.0
129.0
139.0
161.0
149.0
112.0
161.0
112.0
167.0
142.0
81.0
139.0
216.0
65.0
144.0
164.0
124.0
126.0
132.0
130.0
162.0
152.0
127.0
126.0
107.0
154.0
101.0
158.0
157.0
136.0
138.0
47.0
119.0
113.0
134.0
129.0
147.0
94.0
142.0
160.0
150.0
118.0
127.0
141.0
186.0
78.0
183.0
96.0
108.0
187.0
39.0
130.0
132.0
270.0
151.0
42.0
132.0
221.0
48.0
147.0
180.0
110.0
95.0
153.0
194.0
WT 29
43.0
79.0
96.0
132.0
133.0
115.0
136.0
142.0
122.0
119.0
118.0
116.0
137.0
128.0
126.0
135.0
140.0
114.0
152.0
146.0
132.0
128.0
132.0
128.0
148.0
138.0
128.0
159.0
121.0
140.0
149.0
130.0
134.0
124.0
107.0
127.0
159.0
124.0
128.0
138.0
133.0
130.0
144.0
129.0
169.0
127.0
42.0
121.0
135.0
140.0
121.0
151.0
109.0
152.0
159.0
148.0
126.0
139.0
132.0
152.0
135.0
142.0
155.0
108.0
130.0
118.0
136.0
151.0
185.0
148.0
130.0
144.0
126.0
141.0
133.0
119.0
118.0
136.0
172.0
131.0
WT 30
46.0
78.0
97.0
124.0
118.0
124.0
141.0
134.0
123.0
135.0
108.0
151.0
112.0
163.0
87.0
120.0
199.0
125.0
64.0
228.0
135.0
134.0
24.0
258.0
150.0
6.0
142.0
136.0
280.0
147.0
155.0
29.0
131.0
135.0
125.0
259.0
143.0
14.0
117.0
134.0
228.0
152.0
29.0
122.0
263.0
31.0
169.0
35.0
129.0
274.0
37.0
147.0
97.0
299.0
160.0
145.0
6.0
121.0
127.0
288.0
29.0
279.0
138.0
104.0
6.0
237.0
7.0
131.0
174.0
313.0
121.0
138.0
51.0
274.0
9.0
124.0
283.0
19.0
328.0
10.0
WT 31
47.0
74.0
92.0
111.0
136.0
119.0
141.0
125.0
153.0
112.0
133.0
118.0
167.0
85.0
158.0
150.0
69.0
120.0
225.0
44.0
145.0
114.0
243.0
4.0
143.0
303.0
138.0
145.0
13.0
135.0
159.0
282.0
130.0
122.0
106.0
3.0
152.0
233.0
125.0
128.0
2.0
145.0
257.0
135.0
49.0
264.0
88.0
243.0
120.0
35.0
288.0
138.0
102.0
4.0
175.0
153.0
247.0
138.0
134.0
7.0
268.0
27.0
145.0
119.0
247.0
13.0
265.0
134.0
177.0
32.0
117.0
121.0
271.0
28.0
296.0
130.0
47.0
308.0
24.0
296.0
