WT 0
32.0
44.0
45.0
51.0
51.0
48.0
57.0
66.0
53.0
56.0
55.0
61.0
66.0
73.0
60.0
52.0
71.0
81.0
67.0
64.0
71.0
48.0
72.0
54.0
60.0
59.0
67.0
69.0
83.0
60.0
64.0
38.0
67.0
85.0
35.0
87.0
35.0
56.0
71.0
83.0
71.0
45.0
66.0
73.0
59.0
64.0
49.0
78.0
76.0
51.0
65.0
61.0
67.0
49.0
62.0
61.0
65.0
57.0
61.0
66.0
64.0
62.0
59.0
64.0
62.0
58.0
59.0
57.0
60.0
65.0
62.0
56.0
62.0
63.0
60.0
64.0
53.0
62.0
58.0
62.0
WT 1
33.0
41.0
47.0
47.0
47.0
66.0
55.0
50.0
68.0
55.0
54.0
52.0
62.0
71.0
61.0
71.0
76.0
52.0
67.0
64.0
74.0
70.0
49.0
78.0
58.0
61.0
71.0
67.0
48.0
58.0
64.0
84.0
66.0
39.0
83.0
38.0
88.0
56.0
69.0
42.0
72.0
72.0
64.0
50.0
59.0
64.0
74.0
56.0
76.0
68.0
64.0
63.0
49.0
68.0
43.0
63.0
69.0
63.0
61.0
59.0
64.0
62.0
68.0
57.0
63.0
60.0
59.0
58.0
63.0
56.0
59.0
70.0
51.0
66.0
64.0
59.0
54.0
65.0
57.0
62.0
WT 2
31.0
43.0
44.0
49.0
51.0
57.0
54.0
62.0
62.0
57.0
58.0
62.0
67.0
70.0
61.0
64.0
73.0
70.0
71.0
64.0
67.0
59.0
60.0
65.0
59.0
64.0
66.0
67.0
63.0
57.0
63.0
62.0
66.0
59.0
59.0
60.0
63.0
56.0
66.0
64.0
69.0
57.0
67.0
62.0
58.0
61.0
59.0
69.0
75.0
64.0
65.0
63.0
53.0
58.0
54.0
63.0
65.0
61.0
58.0
60.0
63.0
63.0
65.0
62.0
64.0
60.0
60.0
60.0
59.0
61.0
60.0
62.0
58.0
60.0
61.0
61.0
55.0
62.0
57.0
62.0
WT 3
32.0
42.0
45.0
47.0
52.0
54.0
57.0
58.0
60.0
58.0
55.0
56.0
66.0
73.0
62.0
64.0
73.0
66.0
69.0
65.0
68.0
57.0
62.0
65.0
60.0
61.0
67.0
67.0
63.0
58.0
63.0
63.0
67.0
60.0
59.0
60.0
66.0
59.0
64.0
61.0
67.0
59.0
63.0
64.0
62.0
62.0
60.0
64.0
73.0
57.0
68.0
62.0
54.0
57.0
50.0
67.0
66.0
64.0
61.0
62.0
66.0
63.0
65.0
67.0
62.0
58.0
57.0
58.0
61.0
63.0
61.0
63.0
57.0
64.0
60.0
62.0
54.0
61.0
58.0
60.0
WT 4
31.0
36.0
42.0
52.0
52.0
60.0
57.0
58.0
60.0
59.0
54.0
63.0
66.0
73.0
60.0
65.0
66.0
69.0
68.0
65.0
71.0
55.0
62.0
66.0
59.0
59.0
67.0
69.0
57.0
56.0
63.0
63.0
68.0
59.0
58.0
60.0
63.0
57.0
71.0
62.0
75.0
57.0
61.0
62.0
61.0
61.0
59.0
64.0
76.0
55.0
63.0
62.0
57.0
54.0
55.0
61.0
68.0
59.0
63.0
61.0
58.0
62.0
63.0
58.0
57.0
58.0
58.0
61.0
60.0
60.0
61.0
62.0
59.0
64.0
60.0
64.0
57.0
65.0
57.0
60.0
WT 5
30.0
39.0
42.0
49.0
55.0
55.0
56.0
60.0
60.0
60.0
55.0
57.0
64.0
71.0
63.0
63.0
73.0
68.0
64.0
65.0
67.0
57.0
62.0
67.0
60.0
59.0
67.0
68.0
62.0
59.0
62.0
61.0
64.0
60.0
58.0
63.0
60.0
61.0
63.0
59.0
76.0
58.0
62.0
60.0
60.0
61.0
63.0
60.0
74.0
55.0
65.0
61.0
53.0
56.0
55.0
61.0
65.0
63.0
63.0
62.0
66.0
60.0
62.0
64.0
62.0
60.0
54.0
58.0
60.0
61.0
64.0
64.0
56.0
65.0
63.0
62.0
54.0
63.0
60.0
61.0
WT 6
32.0
43.0
47.0
53.0
49.0
54.0
56.0
55.0
57.0
61.0
56.0
56.0
65.0
75.0
60.0
63.0
74.0
68.0
67.0
65.0
79.0
60.0
60.0
68.0
57.0
57.0
67.0
66.0
62.0
56.0
64.0
63.0
63.0
59.0
62.0
62.0
64.0
57.0
68.0
63.0
76.0
60.0
62.0
60.0
57.0
64.0
59.0
65.0
75.0
59.0
62.0
63.0
56.0
58.0
53.0
63.0
67.0
62.0
60.0
62.0
65.0
63.0
63.0
61.0
60.0
56.0
60.0
57.0
60.0
63.0
66.0
62.0
60.0
65.0
63.0
61.0
54.0
64.0
57.0
60.0
WT 7
32.0
40.0
47.0
45.0
55.0
55.0
54.0
55.0
60.0
61.0
52.0
56.0
66.0
70.0
62.0
63.0
71.0
68.0
70.0
61.0
72.0
59.0
59.0
68.0
59.0
58.0
71.0
68.0
62.0
56.0
65.0
63.0
65.0
63.0
60.0
66.0
64.0
57.0
68.0
63.0
79.0
58.0
66.0
61.0
58.0
62.0
60.0
62.0
73.0
58.0
62.0
64.0
57.0
56.0
58.0
61.0
64.0
59.0
63.0
62.0
63.0
62.0
64.0
63.0
60.0
60.0
56.0
58.0
64.0
60.0
63.0
62.0
59.0
63.0
62.0
63.0
54.0
63.0
57.0
60.0
WT 8
34.0
40.0
48.0
47.0
52.0
57.0
55.0
56.0
57.0
59.0
52.0
56.0
64.0
72.0
63.0
63.0
73.0
67.0
68.0
61.0
65.0
56.0
65.0
67.0
59.0
61.0
64.0
68.0
63.0
57.0
64.0
62.0
65.0
60.0
61.0
64.0
62.0
57.0
69.0
63.0
73.0
59.0
62.0
60.0
63.0
59.0
62.0
63.0
76.0
60.0
61.0
65.0
56.0
57.0
53.0
65.0
65.0
62.0
60.0
61.0
64.0
64.0
65.0
59.0
59.0
57.0
60.0
61.0
58.0
63.0
58.0
63.0
58.0
63.0
61.0
62.0
53.0
62.0
59.0
60.0
WT 9
28.0
44.0
47.0
51.0
50.0
58.0
57.0
57.0
60.0
59.0
55.0
63.0
66.0
71.0
61.0
63.0
72.0
69.0
68.0
66.0
75.0
54.0
60.0
66.0
68.0
62.0
54.0
81.0
45.0
58.0
63.0
82.0
49.0
58.0
61.0
80.0
42.0
56.0
66.0
90.0
69.0
57.0
63.0
42.0
58.0
84.0
58.0
62.0
56.0
81.0
42.0
60.0
77.0
60.0
25.0
94.0
66.0
63.0
24.0
64.0
63.0
60.0
103.0
25.0
61.0
96.0
60.0
25.0
61.0
63.0
60.0
104.0
58.0
58.0
26.0
62.0
86.0
68.0
59.0
61.0
WT 10
32.0
40.0
46.0
49.0
53.0
55.0
60.0
56.0
62.0
56.0
53.0
61.0
67.0
75.0
62.0
63.0
71.0
70.0
71.0
66.0
67.0
66.0
60.0
67.0
51.0
60.0
77.0
53.0
79.0
58.0
64.0
43.0
88.0
62.0
60.0
38.0
82.0
57.0
71.0
35.0
75.0
62.0
65.0
78.0
61.0
39.0
59.0
64.0
95.0
41.0
82.0
62.0
32.0
56.0
81.0
33.0
67.0
59.0
97.0
62.0
61.0
63.0
28.0
100.0
62.0
21.0
63.0
93.0
64.0
63.0
63.0
20.0
60.0
63.0
98.0
59.0
23.0
67.0
58.0
59.0
WT 11
32.0
42.0
45.0
48.0
50.0
54.0
55.0
60.0
59.0
56.0
54.0
58.0
65.0
71.0
61.0
62.0
71.0
69.0
69.0
61.0
65.0
59.0
63.0
65.0
57.0
58.0
67.0
68.0
60.0
56.0
64.0
60.0
69.0
61.0
63.0
60.0
64.0
60.0
67.0
62.0
74.0
57.0
61.0
59.0
57.0
66.0
62.0
59.0
77.0
59.0
63.0
60.0
57.0
60.0
53.0
63.0
65.0
61.0
62.0
62.0
63.0
62.0
61.0
63.0
63.0
55.0
62.0
58.0
64.0
66.0
62.0
63.0
59.0
66.0
60.0
60.0
55.0
61.0
59.0
62.0
WT 12
32.0
39.0
45.0
51.0
46.0
54.0
59.0
59.0
58.0
58.0
56.0
58.0
64.0
74.0
61.0
62.0
76.0
66.0
71.0
67.0
66.0
56.0
61.0
70.0
58.0
58.0
64.0
67.0
62.0
59.0
63.0
61.0
70.0
63.0
61.0
62.0
64.0
59.0
63.0
62.0
72.0
58.0
62.0
59.0
60.0
62.0
63.0
61.0
75.0
57.0
69.0
62.0
54.0
58.0
51.0
60.0
68.0
59.0
58.0
63.0
64.0
61.0
64.0
64.0
62.0
59.0
58.0
58.0
60.0
60.0
60.0
62.0
62.0
67.0
58.0
60.0
54.0
64.0
55.0
58.0
WT 13
31.0
44.0
44.0
55.0
48.0
53.0
64.0
57.0
60.0
61.0
52.0
61.0
67.0
68.0
61.0
63.0
76.0
65.0
70.0
67.0
68.0
59.0
65.0
66.0
60.0
57.0
60.0
76.0
55.0
66.0
55.0
67.0
64.0
64.0
58.0
63.0
62.0
57.0
79.0
56.0
59.0
70.0
53.0
64.0
68.0
50.0
60.0
62.0
88.0
50.0
62.0
74.0
58.0
56.0
42.0
70.0
59.0
71.0
59.0
63.0
56.0
60.0
60.0
74.0
62.0
57.0
45.0
71.0
51.0
60.0
75.0
50.0
59.0
61.0
70.0
51.0
56.0
62.0
56.0
69.0
WT 14
32.0
41.0
50.0
43.0
59.0
58.0
54.0
60.0
63.0
52.0
59.0
58.0
68.0
71.0
62.0
63.0
69.0
68.0
73.0
65.0
70.0
58.0
59.0
65.0
58.0
58.0
76.0
57.0
72.0
49.0
71.0
58.0
69.0
57.0
66.0
61.0
63.0
59.0
59.0
60.0
83.0
46.0
77.0
59.0
48.0
76.0
59.0
62.0
65.0
75.0
61.0
48.0
58.0
57.0
62.0
54.0
77.0
48.0
62.0
64.0
69.0
61.0
65.0
51.0
60.0
57.0
70.0
48.0
73.0
63.0
49.0
73.0
59.0
61.0
51.0
69.0
51.0
62.0
59.0
51.0
WT 15
33.0
43.0
45.0
51.0
53.0
53.0
57.0
59.0
61.0
58.0
53.0
61.0
64.0
71.0
63.0
62.0
75.0
68.0
69.0
63.0
70.0
62.0
61.0
66.0
59.0
62.0
65.0
68.0
62.0
58.0
65.0
62.0
69.0
57.0
60.0
62.0
61.0
57.0
71.0
57.0
72.0
57.0
66.0
61.0
61.0
64.0
61.0
65.0
77.0
57.0
61.0
61.0
56.0
52.0
52.0
62.0
70.0
63.0
61.0
64.0
65.0
62.0
64.0
61.0
58.0
61.0
58.0
59.0
56.0
63.0
63.0
63.0
62.0
62.0
62.0
59.0
56.0
65.0
58.0
61.0
