WT 0
5.0
12.0
13.0
11.0
13.0
10.0
14.0
14.0
14.0
14.0
13.0
15.0
12.0
17.0
15.0
16.0
16.0
14.0
15.0
15.0
14.0
17.0
19.0
18.0
15.0
14.0
16.0
18.0
17.0
15.0
16.0
17.0
15.0
17.0
15.0
17.0
14.0
15.0
14.0
18.0
15.0
16.0
17.0
15.0
15.0
16.0
13.0
17.0
15.0
13.0
16.0
15.0
16.0
12.0
15.0
17.0
17.0
15.0
17.0
16.0
14.0
15.0
15.0
14.0
15.0
17.0
15.0
15.0
16.0
16.0
15.0
16.0
16.0
16.0
15.0
14.0
14.0
15.0
14.0
15.0
WT 1
7.0
11.0
11.0
11.0
11.0
12.0
12.0
14.0
13.0
15.0
12.0
15.0
15.0
16.0
16.0
14.0
16.0
15.0
15.0
15.0
16.0
18.0
13.0
18.0
16.0
17.0
16.0
18.0
16.0
16.0
13.0
16.0
14.0
16.0
15.0
17.0
13.0
16.0
15.0
18.0
14.0
14.0
16.0
15.0
15.0
15.0
14.0
17.0
14.0
13.0
16.0
15.0
16.0
13.0
16.0
16.0
16.0
14.0
15.0
16.0
15.0
15.0
15.0
14.0
14.0
17.0
13.0
17.0
14.0
15.0
15.0
16.0
15.0
15.0
15.0
14.0
15.0
14.0
15.0
16.0
WT 2
6.0
11.0
13.0
13.0
12.0
12.0
12.0
14.0
14.0
13.0
13.0
17.0
14.0
16.0
16.0
14.0
16.0
15.0
15.0
16.0
17.0
19.0
15.0
17.0
17.0
16.0
16.0
17.0
16.0
16.0
15.0
16.0
14.0
15.0
15.0
18.0
13.0
16.0
13.0
17.0
15.0
16.0
17.0
15.0
19.0
16.0
16.0
16.0
15.0
13.0
17.0
15.0
16.0
13.0
15.0
15.0
16.0
15.0
16.0
16.0
13.0
16.0
16.0
14.0
15.0
17.0
15.0
17.0
15.0
15.0
15.0
16.0
16.0
15.0
15.0
14.0
15.0
15.0
13.0
17.0
WT 3
5.0
10.0
12.0
12.0
12.0
12.0
13.0
13.0
15.0
14.0
15.0
15.0
15.0
17.0
15.0
15.0
16.0
14.0
15.0
15.0
16.0
17.0
17.0
16.0
14.0
15.0
15.0
17.0
17.0
15.0
16.0
16.0
14.0
16.0
15.0
17.0
13.0
15.0
14.0
17.0
17.0
17.0
17.0
14.0
17.0
15.0
15.0
16.0
17.0
12.0
16.0
16.0
16.0
13.0
15.0
16.0
17.0
15.0
16.0
16.0
14.0
15.0
18.0
15.0
14.0
17.0
16.0
16.0
15.0
15.0
15.0
19.0
15.0
16.0
15.0
13.0
15.0
16.0
14.0
16.0
WT 4
7.0
14.0
11.0
13.0
10.0
12.0
13.0
13.0
14.0
13.0
15.0
14.0
15.0
16.0
16.0
16.0
14.0
17.0
15.0
16.0
15.0
15.0
22.0
11.0
16.0
15.0
28.0
17.0
15.0
16.0
4.0
16.0
13.0
16.0
15.0
17.0
30.0
2.0
33.0
0.0
14.0
15.0
17.0
14.0
16.0
17.0
15.0
17.0
15.0
13.0
16.0
16.0
36.0
13.0
15.0
16.0
16.0
15.0
16.0
2.0
33.0
14.0
3.0
31.0
3.0
34.0
15.0
18.0
15.0
14.0
16.0
16.0
6.0
37.0
7.0
12.0
16.0
38.0
6.0
16.0
WT 5
9.0
10.0
11.0
13.0
14.0
11.0
12.0
13.0
14.0
15.0
12.0
15.0
15.0
17.0
16.0
14.0
17.0
12.0
14.0
16.0
16.0
24.0
10.0
22.0
22.0
16.0
4.0
16.0
16.0
16.0
28.0
18.0
15.0
16.0
15.0
18.0
3.0
33.0
4.0
36.0
17.0
15.0
17.0
15.0
15.0
14.0
15.0
18.0
15.0
13.0
17.0
16.0
3.0
13.0
16.0
16.0
16.0
15.0
16.0
35.0
5.0
15.0
34.0
6.0
33.0
2.0
14.0
16.0
15.0
15.0
16.0
17.0
35.0
7.0
36.0
14.0
15.0
4.0
34.0
18.0
WT 6
8.0
12.0
12.0
13.0
12.0
13.0
13.0
13.0
15.0
13.0
12.0
16.0
14.0
17.0
16.0
14.0
17.0
15.0
15.0
17.0
14.0
17.0
15.0
16.0
16.0
16.0
16.0
17.0
16.0
15.0
16.0
17.0
16.0
16.0
15.0
19.0
14.0
16.0
15.0
16.0
16.0
15.0
17.0
15.0
15.0
16.0
14.0
14.0
16.0
10.0
17.0
16.0
15.0
13.0
15.0
17.0
16.0
16.0
15.0
15.0
15.0
16.0
15.0
12.0
14.0
17.0
15.0
17.0
15.0
15.0
15.0
15.0
16.0
15.0
15.0
14.0
14.0
15.0
14.0
16.0
WT 7
6.0
13.0
12.0
14.0
12.0
12.0
12.0
14.0
14.0
14.0
13.0
15.0
15.0
18.0
14.0
15.0
16.0
16.0
15.0
17.0
15.0
17.0
15.0
17.0
16.0
15.0
15.0
17.0
17.0
18.0
16.0
15.0
16.0
14.0
15.0
15.0
15.0
15.0
15.0
17.0
17.0
16.0
17.0
16.0
14.0
16.0
13.0
19.0
15.0
13.0
16.0
16.0
16.0
13.0
15.0
16.0
16.0
15.0
16.0
16.0
14.0
15.0
15.0
14.0
14.0
17.0
15.0
18.0
15.0
15.0
15.0
17.0
15.0
17.0
16.0
12.0
15.0
16.0
14.0
16.0
WT 8
5.0
11.0
14.0
11.0
11.0
13.0
14.0
13.0
14.0
14.0
13.0
14.0
15.0
16.0
17.0
14.0
16.0
17.0
15.0
17.0
15.0
13.0
18.0
17.0
17.0
14.0
17.0
17.0
16.0
16.0
16.0
16.0
15.0
15.0
15.0
15.0
15.0
15.0
16.0
16.0
15.0
16.0
16.0
15.0
14.0
15.0
16.0
17.0
15.0
13.0
14.0
19.0
14.0
13.0
15.0
15.0
18.0
14.0
18.0
16.0
13.0
15.0
15.0
15.0
15.0
16.0
15.0
17.0
15.0
15.0
15.0
16.0
16.0
15.0
17.0
13.0
16.0
15.0
9.0
22.0
WT 9
6.0
13.0
9.0
12.0
14.0
10.0
13.0
15.0
15.0
13.0
14.0
14.0
16.0
16.0
15.0
15.0
15.0
15.0
15.0
16.0
15.0
19.0
15.0
16.0
16.0
18.0
14.0
19.0
16.0
14.0
16.0
16.0
16.0
16.0
14.0
16.0
14.0
16.0
13.0
18.0
15.0
16.0
16.0
15.0
16.0
15.0
12.0
17.0
14.0
14.0
19.0
15.0
15.0
13.0
15.0
16.0
16.0
17.0
14.0
17.0
17.0
15.0
15.0
10.0
15.0
16.0
15.0
17.0
15.0
15.0
15.0
18.0
14.0
14.0
16.0
13.0
14.0
16.0
20.0
10.0
WT 10
6.0
10.0
13.0
12.0
11.0
13.0
13.0
14.0
15.0
12.0
15.0
14.0
15.0
17.0
15.0
15.0
17.0
14.0
15.0
16.0
16.0
16.0
19.0
18.0
15.0
16.0
15.0
18.0
15.0
15.0
16.0
17.0
15.0
17.0
13.0
15.0
14.0
15.0
15.0
18.0
15.0
17.0
17.0
15.0
14.0
16.0
13.0
16.0
15.0
13.0
15.0
16.0
16.0
13.0
15.0
16.0
15.0
14.0
16.0
15.0
14.0
15.0
15.0
13.0
14.0
17.0
15.0
16.0
18.0
14.0
16.0
16.0
16.0
16.0
16.0
14.0
15.0
15.0
14.0
17.0
WT 11
6.0
11.0
11.0
13.0
12.0
12.0
13.0
13.0
15.0
14.0
13.0
15.0
16.0
16.0
15.0
14.0
16.0
14.0
16.0
16.0
16.0
18.0
17.0
18.0
16.0
15.0
16.0
17.0
14.0
16.0
16.0
16.0
17.0
15.0
16.0
17.0
13.0
16.0
16.0
17.0
15.0
15.0
17.0
15.0
16.0
16.0
16.0
20.0
15.0
12.0
16.0
16.0
14.0
15.0
15.0
14.0
18.0
15.0
13.0
17.0
14.0
15.0
15.0
13.0
14.0
15.0
15.0
17.0
15.0
15.0
14.0
14.0
24.0
15.0
6.0
13.0
15.0
15.0
15.0
16.0
WT 12
7.0
10.0
12.0
12.0
12.0
13.0
12.0
14.0
13.0
14.0
15.0
15.0
15.0
16.0
15.0
15.0
14.0
15.0
16.0
16.0
15.0
18.0
19.0
16.0
16.0
16.0
16.0
16.0
17.0
16.0
17.0
16.0
13.0
17.0
15.0
18.0
12.0
16.0
17.0
19.0
15.0
16.0
17.0
15.0
18.0
16.0
14.0
12.0
15.0
14.0
17.0
15.0
18.0
11.0
16.0
17.0
14.0
16.0
17.0
13.0
14.0
15.0
17.0
12.0
14.0
17.0
15.0
17.0
15.0
15.0
17.0
17.0
8.0
15.0
23.0
12.0
15.0
15.0
15.0
16.0
WT 13
6.0
12.0
14.0
11.0
12.0
11.0
12.0
13.0
20.0
14.0
13.0
15.0
9.0
23.0
15.0
9.0
24.0
15.0
8.0
17.0
15.0
28.0
4.0
31.0
18.0
3.0
34.0
2.0
34.0
2.0
16.0
14.0
37.0
6.0
36.0
15.0
13.0
15.0
15.0
3.0
36.0
16.0
5.0
37.0
16.0
14.0
5.0
17.0
15.0
11.0
36.0
16.0
2.0
13.0
34.0
1.0
15.0
32.0
2.0
34.0
14.0
3.0
32.0
2.0
30.0
1.0
30.0
16.0
2.0
28.0
1.0
31.0
1.0
15.0
32.0
14.0
15.0
15.0
14.0
0.0
WT 14
9.0
11.0
10.0
15.0
11.0
12.0
11.0
16.0
10.0
13.0
13.0
16.0
21.0
10.0
16.0
22.0
10.0
15.0
22.0
15.0
18.0
10.0
28.0
2.0
16.0
33.0
3.0
36.0
4.0
34.0
16.0
18.0
6.0
36.0
6.0
16.0
14.0
15.0
15.0
37.0
6.0
16.0
38.0
7.0
17.0
16.0
33.0
17.0
14.0
13.0
3.0
16.0
36.0
13.0
3.0
33.0
16.0
1.0
32.0
2.0
15.0
32.0
1.0
29.0
1.0
32.0
0.0
17.0
29.0
1.0
30.0
1.0
30.0
16.0
1.0
13.0
15.0
16.0
15.0
34.0
WT 15
7.0
11.0
12.0
12.0
12.0
11.0
13.0
14.0
14.0
14.0
13.0
14.0
15.0
16.0
15.0
15.0
18.0
14.0
14.0
17.0
16.0
17.0
17.0
17.0
16.0
17.0
16.0
18.0
15.0
17.0
18.0
18.0
17.0
16.0
15.0
16.0
15.0
14.0
15.0
19.0
15.0
15.0
16.0
15.0
15.0
16.0
14.0
17.0
16.0
13.0
16.0
16.0
16.0
13.0
15.0
16.0
17.0
14.0
14.0
18.0
14.0
14.0
15.0
13.0
15.0
15.0
15.0
17.0
15.0
15.0
15.0
16.0
15.0
15.0
16.0
13.0
14.0
15.0
16.0
16.0
WT 16
5.0
10.0
12.0
12.0
12.0
13.0
13.0
14.0
12.0
14.0
13.0
16.0
15.0
17.0
16.0
14.0
16.0
15.0
15.0
15.0
17.0
19.0
19.0
17.0
15.0
13.0
16.0
17.0
16.0
16.0
16.0
18.0
17.0
14.0
14.0
18.0
13.0
16.0
14.0
16.0
15.0
17.0
16.0
15.0
16.0
17.0
14.0
17.0
15.0
11.0
18.0
16.0
16.0
13.0
15.0
16.0
14.0
16.0
15.0
16.0
14.0
15.0
16.0
13.0
15.0
16.0
15.0
17.0
15.0
15.0
15.0
16.0
17.0
15.0
16.0
15.0
15.0
14.0
15.0
16.0
WT 17
7.0
11.0
13.0
14.0
12.0
10.0
13.0
14.0
14.0
14.0
13.0
13.0
14.0
17.0
15.0
14.0
16.0
14.0
16.0
15.0
16.0
17.0
18.0
18.0
16.0
16.0
14.0
17.0
16.0
17.0
16.0
16.0
16.0
15.0
15.0
17.0
13.0
16.0
15.0
16.0
15.0
16.0
17.0
15.0
16.0
15.0
14.0
17.0
15.0
12.0
16.0
16.0
17.0
13.0
14.0
16.0
16.0
15.0
16.0
16.0
13.0
15.0
14.0
13.0
13.0
18.0
14.0
16.0
15.0
14.0
15.0
16.0
16.0
15.0
14.0
14.0
14.0
15.0
14.0
16.0
WT 18
7.0
9.0
12.0
13.0
11.0
10.0
12.0
13.0
15.0
14.0
13.0
14.0
15.0
17.0
15.0
15.0
16.0
13.0
15.0
18.0
16.0
19.0
17.0
17.0
16.0
17.0
16.0
16.0
15.0
15.0
16.0
17.0
16.0
17.0
15.0
17.0
13.0
17.0
14.0
18.0
15.0
17.0
17.0
16.0
16.0
14.0
14.0
15.0
16.0
12.0
16.0
16.0
16.0
13.0
15.0
16.0
15.0
16.0
15.0
15.0
14.0
15.0
17.0
13.0
14.0
18.0
15.0
15.0
16.0
15.0
15.0
14.0
16.0
16.0
15.0
15.0
15.0
15.0
14.0
17.0
WT 19
6.0
15.0
12.0
12.0
10.0
14.0
9.0
13.0
19.0
12.0
11.0
17.0
13.0
17.0
15.0
14.0
17.0
14.0
14.0
18.0
14.0
21.0
12.0
23.0
9.0
15.0
16.0
16.0
16.0
15.0
16.0
16.0
17.0
15.0
16.0
16.0
13.0
24.0
9.0
17.0
21.0
16.0
12.0
21.0
16.0
13.0
14.0
18.0
16.0
10.0
19.0
12.0
15.0
14.0
19.0
12.0
15.0
21.0
12.0
17.0
13.0
15.0
15.0
13.0
14.0
21.0
9.0
17.0
15.0
17.0
15.0
16.0
20.0
13.0
16.0
15.0
14.0
15.0
14.0
20.0
WT 20
9.0
8.0
13.0
13.0
15.0
7.0
17.0
14.0
9.0
15.0
16.0
12.0
16.0
15.0
16.0
15.0
14.0
15.0
18.0
13.0
18.0
15.0
22.0
11.0
23.0
14.0
15.0
18.0
16.0
15.0
16.0
16.0
16.0
16.0
17.0
16.0
13.0
8.0
22.0
18.0
9.0
17.0
22.0
9.0
18.0
20.0
14.0
16.0
15.0
13.0
13.0
20.0
16.0
12.0
12.0
19.0
16.0
13.0
18.0
16.0
14.0
15.0
16.0
13.0
15.0
10.0
21.0
17.0
15.0
15.0
15.0
16.0
14.0
17.0
16.0
12.0
16.0
16.0
16.0
12.0
WT 21
5.0
11.0
12.0
10.0
19.0
5.0
18.0
14.0
10.0
13.0
18.0
15.0
16.0
16.0
11.0
14.0
15.0
19.0
14.0
16.0
17.0
14.0
21.0
18.0
11.0
14.0
23.0
17.0
17.0
16.0
16.0
6.0
26.0
4.0
26.0
18.0
13.0
16.0
14.0
5.0
27.0
17.0
4.0
14.0
31.0
15.0
0.0
31.0
2.0
12.0
33.0
15.0
1.0
14.0
15.0
16.0
16.0
14.0
15.0
37.0
6.0
16.0
16.0
13.0
15.0
16.0
35.0
16.0
5.0
34.0
5.0
38.0
6.0
15.0
37.0
8.0
37.0
16.0
8.0
16.0
WT 22
8.0
11.0
12.0
13.0
7.0
17.0
7.0
14.0
19.0
14.0
9.0
15.0
16.0
16.0
19.0
15.0
15.0
10.0
15.0
16.0
16.0
23.0
11.0
19.0
20.0
16.0
7.0
17.0
16.0
16.0
16.0
27.0
4.0
26.0
4.0
17.0
13.0
16.0
14.0
30.0
2.0
16.0
30.0
15.0
2.0
15.0
30.0
3.0
28.0
14.0
2.0
16.0
31.0
13.0
16.0
18.0
17.0
15.0
16.0
3.0
35.0
15.0
15.0
14.0
14.0
17.0
6.0
17.0
36.0
7.0
36.0
5.0
36.0
17.0
6.0
35.0
7.0
16.0
36.0
17.0
WT 23
6.0
11.0
12.0
12.0
12.0
14.0
12.0
14.0
13.0
12.0
13.0
15.0
15.0
17.0
15.0
14.0
15.0
15.0
15.0
16.0
16.0
18.0
18.0
17.0
15.0
18.0
16.0
17.0
16.0
17.0
16.0
16.0
15.0
15.0
16.0
16.0
14.0
15.0
15.0
19.0
15.0
16.0
16.0
15.0
14.0
16.0
15.0
17.0
15.0
14.0
17.0
16.0
16.0
13.0
16.0
15.0
16.0
15.0
15.0
17.0
14.0
15.0
15.0
13.0
15.0
17.0
15.0
17.0
15.0
15.0
16.0
17.0
14.0
16.0
14.0
13.0
15.0
16.0
14.0
16.0
WT 24
5.0
13.0
12.0
12.0
12.0
12.0
13.0
14.0
14.0
13.0
13.0
16.0
14.0
18.0
16.0
15.0
15.0
15.0
15.0
16.0
15.0
17.0
16.0
18.0
17.0
15.0
16.0
18.0
16.0
18.0
16.0
15.0
14.0
15.0
14.0
16.0
11.0
16.0
15.0
18.0
15.0
19.0
17.0
15.0
16.0
16.0
14.0
17.0
15.0
12.0
16.0
16.0
16.0
12.0
15.0
15.0
16.0
15.0
14.0
19.0
14.0
15.0
17.0
14.0
15.0
16.0
15.0
16.0
15.0
15.0
15.0
17.0
16.0
15.0
15.0
13.0
15.0
16.0
14.0
16.0
WT 25
5.0
14.0
12.0
12.0
13.0
12.0
14.0
14.0
14.0
14.0
13.0
16.0
15.0
16.0
16.0
15.0
17.0
14.0
15.0
16.0
15.0
20.0
16.0
15.0
17.0
15.0
16.0
16.0
16.0
17.0
16.0
16.0
15.0
15.0
15.0
17.0
13.0
17.0
16.0
17.0
15.0
17.0
17.0
15.0
16.0
16.0
14.0
16.0
15.0
11.0
17.0
15.0
16.0
13.0
15.0
16.0
16.0
16.0
15.0
16.0
14.0
15.0
17.0
14.0
14.0
17.0
15.0
15.0
16.0
16.0
15.0
16.0
16.0
15.0
16.0
14.0
15.0
15.0
14.0
17.0
WT 26
7.0
11.0
13.0
13.0
11.0
10.0
14.0
14.0
13.0
13.0
13.0
15.0
15.0
17.0
16.0
13.0
16.0
15.0
16.0
17.0
16.0
18.0
14.0
20.0
19.0
15.0
15.0
18.0
16.0
15.0
17.0
16.0
16.0
15.0
15.0
18.0
13.0
16.0
15.0
18.0
15.0
16.0
16.0
15.0
15.0
16.0
14.0
15.0
16.0
14.0
16.0
16.0
16.0
12.0
16.0
15.0
14.0
16.0
15.0
17.0
14.0
16.0
16.0
13.0
15.0
16.0
15.0
16.0
15.0
15.0
14.0
16.0
16.0
15.0
16.0
13.0
15.0
16.0
14.0
15.0
WT 27
6.0
13.0
12.0
14.0
12.0
13.0
12.0
13.0
14.0
13.0
13.0
15.0
15.0
17.0
15.0
16.0
16.0
14.0
15.0
18.0
16.0
16.0
21.0
17.0
15.0
15.0
17.0
16.0
15.0
17.0
19.0
15.0
16.0
16.0
17.0
17.0
14.0
17.0
15.0
18.0
14.0
18.0
16.0
14.0
15.0
15.0
14.0
17.0
15.0
12.0
17.0
18.0
16.0
13.0
16.0
16.0
15.0
17.0
15.0
16.0
14.0
14.0
15.0
13.0
15.0
17.0
15.0
18.0
15.0
15.0
15.0
16.0
17.0
15.0
16.0
14.0
16.0
15.0
15.0
16.0
WT 28
5.0
13.0
11.0
12.0
13.0
11.0
13.0
14.0
14.0
13.0
15.0
12.0
17.0
17.0
12.0
15.0
16.0
14.0
16.0
20.0
15.0
15.0
18.0
20.0
11.0
21.0
15.0
13.0
21.0
17.0
15.0
17.0
16.0
16.0
10.0
16.0
14.0
15.0
15.0
17.0
22.0
17.0
8.0
15.0
18.0
17.0
14.0
18.0
15.0
13.0
17.0
16.0
16.0
13.0
15.0
16.0
16.0
15.0
15.0
24.0
6.0
14.0
16.0
13.0
22.0
7.0
25.0
17.0
5.0
12.0
16.0
16.0
27.0
15.0
15.0
14.0
4.0
14.0
26.0
17.0
WT 29
7.0
11.0
12.0
12.0
12.0
12.0
13.0
14.0
14.0
14.0
12.0
16.0
12.0
16.0
18.0
14.0
17.0
14.0
16.0
13.0
17.0
18.0
18.0
16.0
20.0
11.0
16.0
21.0
11.0
16.0
16.0
19.0
14.0
16.0
20.0
18.0
14.0
15.0
15.0
18.0
6.0
16.0
27.0
15.0
14.0
16.0
14.0
17.0
15.0
13.0
16.0
17.0
16.0
13.0
15.0
16.0
16.0
17.0
16.0
10.0
22.0
15.0
14.0
13.0
6.0
25.0
6.0
16.0
26.0
13.0
15.0
16.0
4.0
15.0
15.0
14.0
27.0
16.0
1.0
15.0
WT 30
6.0
12.0
12.0
12.0
14.0
13.0
16.0
11.0
12.0
14.0
13.0
14.0
18.0
16.0
13.0
17.0
13.0
18.0
15.0
16.0
15.0
12.0
22.0
12.0
21.0
15.0
11.0
24.0
10.0
15.0
22.0
15.0
15.0
18.0
13.0
15.0
18.0
11.0
20.0
18.0
11.0
16.0
22.0
12.0
15.0
16.0
15.0
15.0
16.0
13.0
16.0
17.0
15.0
12.0
14.0
18.0
16.0
13.0
17.0
16.0
14.0
16.0
14.0
14.0
14.0
17.0
13.0
16.0
17.0
14.0
17.0
17.0
14.0
17.0
15.0
13.0
15.0
15.0
14.0
15.0
WT 31
8.0
11.0
11.0
12.0
16.0
11.0
12.0
14.0
15.0
14.0
13.0
15.0
12.0
17.0
18.0
12.0
19.0
12.0
15.0
16.0
16.0
20.0
10.0
24.0
8.0
17.0
21.0
14.0
21.0
14.0
10.0
20.0
19.0
13.0
17.0
18.0
9.0
20.0
11.0
18.0
19.0
16.0
15.0
17.0
15.0
15.0
13.0
17.0
15.0
13.0
17.0
15.0
16.0
13.0
16.0
12.0
16.0
17.0
16.0
15.0
13.0
15.0
15.0
15.0
14.0
17.0
16.0
16.0
15.0
16.0
14.0
18.0
15.0
15.0
14.0
14.0
16.0
15.0
14.0
16.0
WT 32
6.0
11.0
14.0
13.0
12.0
10.0
13.0
14.0
14.0
14.0
13.0
15.0
15.0
17.0
15.0
15.0
16.0
14.0
15.0
16.0
16.0
21.0
18.0
17.0
16.0
15.0
15.0
19.0
14.0
16.0
16.0
16.0
15.0
15.0
17.0
15.0
14.0
15.0
15.0
18.0
15.0
16.0
16.0
14.0
15.0
16.0
15.0
16.0
15.0
12.0
16.0
16.0
16.0
14.0
15.0
16.0
16.0
15.0
16.0
16.0
13.0
15.0
15.0
14.0
14.0
17.0
16.0
17.0
15.0
14.0
16.0
16.0
14.0
16.0
14.0
14.0
16.0
14.0
15.0
17.0
WT 33
8.0
11.0
11.0
12.0
12.0
12.0
14.0
15.0
14.0
14.0
12.0
15.0
14.0
16.0
15.0
14.0
16.0
15.0
17.0
16.0
12.0
19.0
17.0
18.0
17.0
15.0
15.0
18.0
16.0
16.0
15.0
17.0
15.0
15.0
15.0
15.0
13.0
16.0
15.0
15.0
15.0
16.0
17.0
15.0
16.0
17.0
14.0
16.0
15.0
13.0
17.0
16.0
16.0
12.0
16.0
17.0
15.0
15.0
16.0
15.0
14.0
15.0
14.0
14.0
13.0
18.0
16.0
16.0
15.0
15.0
15.0
17.0
15.0
16.0
15.0
14.0
14.0
15.0
15.0
16.0
WT 34
6.0
12.0
12.0
12.0
13.0
11.0
13.0
14.0
12.0
13.0
13.0
15.0
14.0
18.0
14.0
15.0
16.0
15.0
14.0
16.0
14.0
15.0
15.0
18.0
17.0
16.0
16.0
16.0
16.0
16.0
16.0
16.0
16.0
15.0
15.0
17.0
13.0
16.0
15.0
18.0
15.0
17.0
16.0
15.0
15.0
16.0
15.0
17.0
15.0
13.0
18.0
16.0
16.0
13.0
15.0
15.0
14.0
16.0
15.0
16.0
16.0
15.0
16.0
13.0
15.0
15.0
15.0
19.0
15.0
14.0
16.0
17.0
16.0
15.0
15.0
13.0
15.0
15.0
14.0
15.0
WT 35
8.0
11.0
12.0
12.0
10.0
14.0
16.0
14.0
14.0
14.0
13.0
15.0
15.0
16.0
15.0
15.0
16.0
16.0
17.0
16.0
14.0
18.0
16.0
17.0
16.0
19.0
17.0
16.0
15.0
17.0
15.0
17.0
17.0
16.0
15.0
17.0
14.0
15.0
15.0
18.0
15.0
16.0
17.0
15.0
14.0
16.0
14.0
15.0
15.0
13.0
16.0
16.0
16.0
13.0
14.0
17.0
16.0
16.0
15.0
15.0
14.0
14.0
15.0
13.0
15.0
17.0
16.0
16.0
15.0
15.0
15.0
17.0
15.0
16.0
15.0
13.0
15.0
17.0
14.0
17.0
WT 36
7.0
12.0
13.0
14.0
12.0
10.0
12.0
13.0
14.0
14.0
13.0
15.0
15.0
16.0
15.0
14.0
16.0
15.0
15.0
16.0
14.0
18.0
16.0
17.0
16.0
16.0
17.0
16.0
15.0
17.0
17.0
16.0
18.0
15.0
15.0
20.0
13.0
16.0
15.0
16.0
16.0
17.0
16.0
15.0
16.0
16.0
14.0
17.0
15.0
12.0
17.0
16.0
16.0
12.0
15.0
16.0
15.0
15.0
15.0
17.0
14.0
14.0
16.0
13.0
15.0
16.0
15.0
16.0
13.0
15.0
15.0
15.0
16.0
14.0
16.0
12.0
15.0
17.0
13.0
16.0
WT 37
6.0
12.0
12.0
12.0
13.0
12.0
13.0
14.0
15.0
14.0
13.0
14.0
15.0
17.0
15.0
14.0
14.0
15.0
15.0
16.0
17.0
17.0
16.0
14.0
15.0
15.0
17.0
16.0
17.0
16.0
16.0
16.0
18.0
15.0
15.0
17.0
13.0
15.0
15.0
16.0
14.0
16.0
16.0
16.0
16.0
17.0
14.0
18.0
16.0
13.0
17.0
16.0
14.0
13.0
16.0
16.0
15.0
15.0
15.0
16.0
14.0
15.0
14.0
13.0
13.0
17.0
14.0
16.0
15.0
15.0
15.0
17.0
15.0
16.0
16.0
13.0
15.0
16.0
14.0
15.0
WT 38
4.0
12.0
14.0
12.0
10.0
11.0
16.0
14.0
14.0
13.0
11.0
17.0
12.0
18.0
14.0
14.0
14.0
21.0
9.0
16.0
16.0
15.0
15.0
19.0
16.0
17.0
15.0
24.0
15.0
16.0
15.0
10.0
14.0
16.0
15.0
16.0
21.0
9.0
20.0
14.0
15.0
19.0
17.0
15.0
15.0
17.0
14.0
16.0
15.0
13.0
15.0
16.0
16.0
13.0
15.0
16.0
16.0
15.0
15.0
17.0
12.0
18.0
15.0
13.0
12.0
20.0
13.0
17.0
17.0
13.0
18.0
11.0
19.0
15.0
13.0
13.0
14.0
18.0
12.0
19.0
WT 39
6.0
12.0
9.0
13.0
14.0
11.0
11.0
14.0
14.0
14.0
16.0
11.0
17.0
19.0
15.0
16.0
15.0
8.0
22.0
15.0
16.0
18.0
16.0
17.0
16.0
15.0
16.0
10.0
15.0
16.0
16.0
23.0
15.0
16.0
15.0
17.0
5.0
24.0
8.0
20.0
16.0
13.0
17.0
15.0
13.0
16.0
13.0
18.0
15.0
13.0
16.0
16.0
16.0
14.0
16.0
15.0
16.0
16.0
16.0
16.0
17.0
12.0
15.0
14.0
17.0
14.0
17.0
17.0
15.0
16.0
13.0
18.0
11.0
17.0
17.0
13.0
15.0
13.0
17.0
13.0
WT 40
4.0
13.0
11.0
13.0
12.0
12.0
13.0
14.0
14.0
14.0
13.0
15.0
14.0
16.0
16.0
14.0
15.0
16.0
14.0
16.0
15.0
18.0
17.0
17.0
18.0
16.0
16.0
17.0
16.0
15.0
16.0
15.0
18.0
15.0
16.0
17.0
13.0
15.0
15.0
17.0
15.0
21.0
14.0
15.0
15.0
17.0
12.0
16.0
16.0
12.0
19.0
15.0
16.0
13.0
15.0
16.0
16.0
16.0
15.0
16.0
14.0
14.0
15.0
13.0
14.0
17.0
16.0
17.0
16.0
15.0
16.0
16.0
16.0
15.0
15.0
14.0
15.0
15.0
14.0
17.0
WT 41
6.0
11.0
13.0
12.0
12.0
12.0
12.0
15.0
13.0
13.0
13.0
15.0
14.0
17.0
15.0
14.0
16.0
15.0
16.0
16.0
15.0
17.0
16.0
17.0
17.0
15.0
16.0
16.0
16.0
16.0
16.0
17.0
17.0
16.0
15.0
17.0
12.0
17.0
16.0
18.0
15.0
16.0
16.0
14.0
17.0
16.0
13.0
17.0
15.0
11.0
18.0
16.0
15.0
13.0
16.0
16.0
15.0
16.0
15.0
17.0
13.0
15.0
17.0
12.0
14.0
17.0
14.0
16.0
15.0
15.0
15.0
16.0
17.0
15.0
15.0
15.0
15.0
15.0
15.0
16.0
WT 42
6.0
11.0
11.0
13.0
14.0
11.0
13.0
12.0
15.0
13.0
13.0
15.0
17.0
16.0
15.0
14.0
16.0
14.0
13.0
15.0
16.0
15.0
17.0
17.0
16.0
16.0
16.0
15.0
15.0
16.0
18.0
17.0
16.0
16.0
13.0
16.0
14.0
14.0
16.0
18.0
15.0
16.0
17.0
15.0
15.0
14.0
14.0
17.0
15.0
13.0
16.0
16.0
16.0
14.0
16.0
15.0
16.0
15.0
15.0
16.0
13.0
15.0
15.0
14.0
14.0
17.0
15.0
15.0
17.0
15.0
17.0
16.0
14.0
15.0
16.0
16.0
15.0
15.0
14.0
16.0
WT 43
6.0
11.0
11.0
13.0
12.0
11.0
12.0
12.0
14.0
14.0
13.0
15.0
18.0
16.0
17.0
14.0
16.0
15.0
15.0
15.0
14.0
17.0
15.0
15.0
16.0
17.0
16.0
18.0
15.0
15.0
16.0
17.0
15.0
16.0
15.0
15.0
14.0
15.0
15.0
17.0
14.0
16.0
17.0
15.0
15.0
16.0
14.0
17.0
15.0
13.0
16.0
15.0
16.0
13.0
14.0
17.0
16.0
14.0
15.0
17.0
14.0
14.0
15.0
15.0
14.0
15.0
16.0
17.0
15.0
16.0
14.0
17.0
15.0
15.0
16.0
13.0
15.0
15.0
15.0
16.0
WT 44
8.0
10.0
13.0
13.0
11.0
12.0
13.0
14.0
14.0
14.0
14.0
16.0
16.0
15.0
16.0
14.0
17.0
15.0
15.0
15.0
15.0
17.0
15.0
16.0
17.0
14.0
16.0
17.0
15.0
16.0
16.0
16.0
16.0
16.0
16.0
15.0
13.0
16.0
15.0
17.0
16.0
16.0
17.0
15.0
16.0
13.0
14.0
16.0
15.0
13.0
16.0
16.0
16.0
13.0
15.0
16.0
16.0
15.0
16.0
16.0
14.0
13.0
17.0
13.0
15.0
17.0
16.0
18.0
14.0
14.0
15.0
16.0
17.0
15.0
15.0
14.0
16.0
15.0
15.0
16.0
WT 45
6.0
12.0
12.0
12.0
12.0
12.0
14.0
13.0
14.0
14.0
13.0
13.0
14.0
16.0
16.0
14.0
16.0
15.0
14.0
16.0
15.0
18.0
18.0
16.0
19.0
15.0
16.0
16.0
16.0
17.0
16.0
16.0
16.0
15.0
15.0
16.0
13.0
16.0
14.0
16.0
18.0
17.0
17.0
14.0
16.0
16.0
14.0
17.0
14.0
13.0
15.0
16.0
16.0
13.0
15.0
16.0
16.0
14.0
16.0
16.0
14.0
15.0
15.0
14.0
13.0
17.0
16.0
16.0
16.0
15.0
16.0
17.0
17.0
16.0
15.0
13.0
14.0
15.0
14.0
16.0
WT 46
7.0
12.0
12.0
12.0
13.0
10.0
13.0
15.0
14.0
14.0
13.0
14.0
17.0
17.0
15.0
15.0
14.0
15.0
15.0
16.0
16.0
17.0
15.0
18.0
16.0
15.0
16.0
17.0
16.0
16.0
16.0
15.0
17.0
15.0
17.0
16.0
12.0
16.0
15.0
18.0
15.0
16.0
17.0
15.0
15.0
16.0
14.0
18.0
15.0
13.0
15.0
17.0
15.0
13.0
15.0
16.0
16.0
16.0
15.0
15.0
13.0
15.0
16.0
13.0
15.0
16.0
15.0
17.0
15.0
15.0
15.0
16.0
15.0
15.0
16.0
13.0
15.0
15.0
15.0
16.0
WT 47
7.0
10.0
13.0
12.0
12.0
10.0
15.0
13.0
12.0
14.0
13.0
15.0
15.0
15.0
15.0
15.0
16.0
15.0
15.0
16.0
19.0
16.0
17.0
16.0
16.0
16.0
15.0
17.0
16.0
16.0
15.0
15.0
15.0
16.0
15.0
15.0
13.0
16.0
14.0
17.0
15.0
16.0
17.0
16.0
14.0
15.0
15.0
16.0
18.0
12.0
16.0
16.0
15.0
13.0
14.0
16.0
16.0
14.0
17.0
18.0
15.0
15.0
14.0
15.0
14.0
17.0
16.0
16.0
15.0
16.0
15.0
17.0
15.0
16.0
14.0
12.0
15.0
15.0
14.0
18.0
WT 48
7.0
10.0
12.0
13.0
12.0
12.0
12.0
13.0
14.0
14.0
13.0
16.0
15.0
16.0
15.0
16.0
15.0
14.0
15.0
16.0
12.0
16.0
16.0
18.0
15.0
17.0
17.0
17.0
16.0
15.0
16.0
16.0
14.0
14.0
15.0
15.0
14.0
16.0
15.0
18.0
15.0
17.0
16.0
15.0
16.0
16.0
14.0
18.0
15.0
13.0
16.0
15.0
16.0
12.0
16.0
16.0
14.0
16.0
15.0
17.0
13.0
15.0
17.0
13.0
14.0
18.0
14.0
17.0
15.0
15.0
15.0
16.0
16.0
15.0
16.0
13.0
15.0
16.0
14.0
16.0
WT 49
6.0
11.0
12.0
15.0
12.0
12.0
13.0
13.0
14.0
14.0
13.0
15.0
16.0
17.0
16.0
13.0
16.0
15.0
15.0
16.0
16.0
16.0
15.0
19.0
18.0
15.0
16.0
19.0
15.0
16.0
16.0
16.0
14.0
15.0
16.0
17.0
12.0
17.0
14.0
18.0
15.0
16.0
16.0
16.0
15.0
16.0
14.0
17.0
13.0
12.0
18.0
16.0
15.0
13.0
15.0
16.0
16.0
17.0
15.0
17.0
13.0
15.0
15.0
16.0
14.0
17.0
16.0
16.0
15.0
15.0
15.0
16.0
16.0
16.0
15.0
13.0
15.0
16.0
14.0
16.0
WT 50
6.0
11.0
11.0
13.0
12.0
11.0
12.0
14.0
14.0
14.0
13.0
15.0
15.0
15.0
16.0
16.0
16.0
15.0
15.0
16.0
14.0
17.0
14.0
17.0
18.0
14.0
16.0
17.0
16.0
16.0
15.0
16.0
15.0
16.0
14.0
15.0
14.0
16.0
15.0
18.0
15.0
16.0
17.0
15.0
14.0
15.0
15.0
17.0
15.0
13.0
17.0
16.0
14.0
13.0
15.0
15.0
16.0
14.0
15.0
17.0
15.0
15.0
15.0
14.0
14.0
17.0
15.0
16.0
16.0
15.0
15.0
15.0
14.0
16.0
16.0
14.0
14.0
15.0
14.0
16.0
WT 51
8.0
11.0
13.0
13.0
12.0
12.0
11.0
14.0
14.0
14.0
14.0
14.0
16.0
16.0
16.0
15.0
15.0
13.0
13.0
17.0
16.0
16.0
17.0
17.0
15.0
16.0
16.0
17.0
17.0
15.0
16.0
17.0
16.0
17.0
15.0
18.0
16.0
14.0
12.0
18.0
14.0
16.0
17.0
15.0
15.0
18.0
14.0
17.0
14.0
13.0
17.0
15.0
16.0
13.0
16.0
16.0
16.0
15.0
16.0
15.0
14.0
15.0
16.0
13.0
16.0
17.0
15.0
18.0
15.0
15.0
15.0
17.0
15.0
16.0
16.0
11.0
15.0
16.0
14.0
17.0
WT 52
5.0
12.0
13.0
12.0
13.0
10.0
15.0
14.0
14.0
13.0
12.0
14.0
16.0
16.0
16.0
14.0
16.0
14.0
15.0
16.0
17.0
17.0
18.0
17.0
16.0
14.0
16.0
17.0
17.0
16.0
16.0
15.0
16.0
15.0
15.0
15.0
13.0
16.0
15.0
16.0
15.0
17.0
14.0
14.0
16.0
16.0
14.0
17.0
15.0
14.0
17.0
15.0
16.0
13.0
15.0
17.0
17.0
15.0
15.0
17.0
14.0
14.0
17.0
14.0
15.0
15.0
15.0
17.0
15.0
15.0
15.0
18.0
15.0
16.0
16.0
13.0
16.0
16.0
14.0
16.0
WT 53
5.0
13.0
13.0
13.0
15.0
12.0
13.0
13.0
14.0
14.0
13.0
15.0
15.0
16.0
16.0
13.0
16.0
15.0
14.0
16.0
16.0
17.0
15.0
19.0
16.0
15.0
17.0
18.0
15.0
16.0
16.0
16.0
16.0
16.0
16.0
16.0
13.0
15.0
15.0
17.0
14.0
18.0
18.0
14.0
16.0
16.0
14.0
17.0
15.0
13.0
16.0
16.0
16.0
13.0
15.0
16.0
15.0
15.0
15.0
17.0
14.0
15.0
13.0
13.0
14.0
17.0
14.0
15.0
15.0
14.0
13.0
17.0
15.0
16.0
15.0
15.0
15.0
16.0
14.0
16.0
WT 54
9.0
10.0
11.0
13.0
11.0
12.0
13.0
13.0
14.0
14.0
13.0
15.0
16.0
16.0
15.0
14.0
16.0
14.0
16.0
17.0
15.0
16.0
15.0
17.0
15.0
16.0
14.0
17.0
17.0
16.0
15.0
16.0
17.0
15.0
15.0
16.0
13.0
15.0
15.0
17.0
15.0
19.0
17.0
15.0
14.0
17.0
13.0
17.0
15.0
12.0
17.0
15.0
16.0
13.0
15.0
16.0
15.0
16.0
15.0
16.0
14.0
13.0
16.0
13.0
15.0
18.0
15.0
17.0
15.0
16.0
15.0
16.0
16.0
15.0
16.0
13.0
15.0
15.0
16.0
17.0
WT 55
6.0
10.0
16.0
15.0
5.0
13.0
12.0
14.0
22.0
14.0
5.0
24.0
6.0
15.0
15.0
23.0
8.0
15.0
23.0
7.0
24.0
17.0
10.0
17.0
15.0
22.0
8.0
26.0
8.0
24.0
6.0
17.0
14.0
16.0
15.0
15.0
12.0
16.0
15.0
29.0
5.0
15.0
17.0
16.0
16.0
15.0
24.0
6.0
14.0
24.0
6.0
26.0
15.0
2.0
15.0
27.0
6.0
13.0
28.0
3.0
15.0
14.0
15.0
27.0
2.0
29.0
2.0
18.0
16.0
14.0
14.0
16.0
16.0
30.0
0.0
14.0
31.0
16.0
2.0
16.0
WT 56
7.0
12.0
9.0
12.0
19.0
13.0
14.0
13.0
6.0
15.0
21.0
6.0
22.0
16.0
16.0
6.0
24.0
15.0
7.0
25.0
4.0
21.0
22.0
17.0
17.0
7.0
23.0
10.0
24.0
8.0
23.0
18.0
16.0
15.0
13.0
16.0
13.0
16.0
15.0
9.0
24.0
17.0
17.0
14.0
15.0
16.0
5.0
25.0
16.0
2.0
26.0
5.0
15.0
24.0
16.0
5.0
26.0
16.0
3.0
28.0
15.0
14.0
16.0
0.0
27.0
4.0
28.0
18.0
15.0
16.0
14.0
17.0
16.0
1.0
29.0
14.0
1.0
15.0
31.0
17.0
WT 57
5.0
12.0
11.0
12.0
13.0
11.0
12.0
14.0
14.0
13.0
14.0
14.0
15.0
17.0
15.0
15.0
16.0
15.0
15.0
16.0
16.0
16.0
16.0
17.0
16.0
14.0
15.0
17.0
16.0
15.0
16.0
19.0
17.0
14.0
16.0
16.0
14.0
15.0
15.0
17.0
14.0
16.0
18.0
15.0
17.0
16.0
14.0
17.0
15.0
12.0
17.0
16.0
17.0
15.0
15.0
18.0
16.0
14.0
14.0
17.0
14.0
14.0
15.0
13.0
15.0
16.0
15.0
18.0
16.0
15.0
15.0
17.0
15.0
16.0
16.0
13.0
15.0
15.0
15.0
16.0
WT 58
7.0
12.0
13.0
12.0
12.0
12.0
14.0
14.0
14.0
12.0
11.0
15.0
15.0
17.0
13.0
20.0
15.0
16.0
15.0
17.0
15.0
19.0
16.0
17.0
15.0
16.0
16.0
16.0
17.0
17.0
16.0
16.0
16.0
14.0
17.0
17.0
15.0
17.0
16.0
17.0
15.0
16.0
16.0
15.0
15.0
17.0
13.0
19.0
15.0
12.0
16.0
16.0
16.0
12.0
15.0
16.0
15.0
16.0
16.0
17.0
14.0
14.0
15.0
15.0
14.0
18.0
15.0
16.0
15.0
14.0
14.0
16.0
14.0
15.0
15.0
16.0
14.0
14.0
15.0
16.0
WT 59
7.0
13.0
14.0
12.0
7.0
16.0
13.0
14.0
13.0
13.0
10.0
17.0
12.0
16.0
19.0
13.0
16.0
15.0
12.0
16.0
18.0
15.0
18.0
16.0
16.0
15.0
16.0
17.0
15.0
15.0
19.0
11.0
14.0
16.0
15.0
16.0
14.0
15.0
24.0
17.0
9.0
16.0
17.0
16.0
17.0
15.0
14.0
20.0
11.0
15.0
16.0
16.0
16.0
13.0
14.0
16.0
16.0
15.0
15.0
16.0
14.0
15.0
15.0
14.0
14.0
17.0
15.0
16.0
16.0
14.0
22.0
12.0
15.0
16.0
14.0
13.0
16.0
14.0
20.0
10.0
WT 60
6.0
11.0
11.0
13.0
17.0
7.0
14.0
14.0
13.0
14.0
15.0
12.0
17.0
17.0
10.0
16.0
16.0
14.0
17.0
16.0
14.0
20.0
14.0
17.0
16.0
16.0
15.0
18.0
16.0
16.0
11.0
21.0
14.0
17.0
15.0
19.0
13.0
16.0
7.0
18.0
22.0
17.0
17.0
13.0
16.0
15.0
15.0
12.0
20.0
14.0
16.0
16.0
16.0
13.0
14.0
16.0
16.0
15.0
16.0
16.0
14.0
15.0
15.0
15.0
14.0
17.0
15.0
16.0
17.0
14.0
10.0
21.0
14.0
16.0
16.0
15.0
15.0
15.0
7.0
22.0
WT 61
4.0
11.0
14.0
13.0
12.0
12.0
12.0
13.0
12.0
14.0
13.0
13.0
16.0
16.0
15.0
14.0
16.0
14.0
13.0
17.0
16.0
16.0
19.0
17.0
17.0
16.0
18.0
17.0
16.0
16.0
15.0
17.0
14.0
16.0
17.0
17.0
13.0
16.0
15.0
17.0
15.0
16.0
17.0
16.0
16.0
16.0
14.0
16.0
15.0
13.0
16.0
16.0
15.0
13.0
17.0
15.0
16.0
16.0
15.0
15.0
14.0
17.0
15.0
13.0
14.0
17.0
14.0
16.0
17.0
15.0
16.0
16.0
15.0
16.0
15.0
14.0
15.0
15.0
14.0
17.0
WT 62
10.0
12.0
10.0
14.0
13.0
11.0
13.0
14.0
14.0
14.0
13.0
14.0
16.0
16.0
16.0
13.0
16.0
15.0
15.0
15.0
14.0
19.0
16.0
17.0
17.0
16.0
16.0
16.0
16.0
16.0
16.0
17.0
14.0
16.0
17.0
16.0
14.0
17.0
14.0
18.0
15.0
17.0
18.0
16.0
18.0
17.0
15.0
18.0
15.0
13.0
16.0
16.0
16.0
12.0
15.0
16.0
15.0
16.0
16.0
16.0
15.0
15.0
15.0
14.0
14.0
17.0
14.0
16.0
16.0
13.0
15.0
15.0
16.0
16.0
14.0
14.0
14.0
16.0
14.0
16.0
WT 63
7.0
12.0
12.0
11.0
12.0
12.0
13.0
14.0
15.0
13.0
14.0
14.0
14.0
16.0
16.0
14.0
15.0
14.0
15.0
16.0
15.0
19.0
15.0
20.0
17.0
15.0
17.0
18.0
16.0
16.0
16.0
16.0
14.0
16.0
15.0
16.0
12.0
15.0
15.0
17.0
14.0
16.0
17.0
15.0
16.0
15.0
15.0
16.0
14.0
13.0
17.0
15.0
17.0
13.0
14.0
16.0
16.0
17.0
16.0
16.0
13.0
15.0
17.0
14.0
14.0
17.0
15.0
16.0
17.0
15.0
14.0
16.0
15.0
15.0
16.0
13.0
15.0
15.0
14.0
16.0
