WT 0
42.0
47.0
97.0
100.0
112.0
117.0
152.0
74.0
133.0
161.0
125.0
123.0
131.0
109.0
74.0
111.0
104.0
102.0
222.0
29.0
147.0
190.0
128.0
96.0
101.0
72.0
194.0
48.0
205.0
55.0
99.0
136.0
69.0
113.0
112.0
125.0
121.0
189.0
150.0
80.0
115.0
32.0
77.0
251.0
132.0
12.0
183.0
48.0
115.0
263.0
34.0
202.0
119.0
54.0
136.0
281.0
116.0
15.0
106.0
215.0
14.0
107.0
247.0
33.0
118.0
125.0
148.0
101.0
235.0
54.0
198.0
25.0
124.0
211.0
12.0
145.0
85.0
244.0
2.0
138.0
WT 1
45.0
57.0
76.0
119.0
118.0
124.0
116.0
113.0
143.0
87.0
134.0
121.0
115.0
131.0
139.0
128.0
125.0
82.0
110.0
177.0
140.0
64.0
104.0
123.0
100.0
117.0
123.0
118.0
138.0
177.0
15.0
180.0
87.0
159.0
97.0
114.0
118.0
148.0
37.0
98.0
240.0
39.0
133.0
63.0
125.0
129.0
184.0
59.0
170.0
81.0
175.0
129.0
31.0
192.0
130.0
67.0
106.0
279.0
127.0
56.0
258.0
14.0
138.0
231.0
52.0
134.0
188.0
133.0
63.0
94.0
130.0
227.0
61.0
80.0
197.0
136.0
126.0
14.0
237.0
12.0
WT 2
41.0
60.0
84.0
110.0
113.0
126.0
100.0
148.0
135.0
114.0
131.0
133.0
118.0
54.0
182.0
102.0
111.0
141.0
26.0
189.0
146.0
57.0
181.0
54.0
119.0
196.0
54.0
193.0
61.0
109.0
170.0
27.0
190.0
90.0
159.0
119.0
121.0
38.0
172.0
159.0
0.0
55.0
176.0
74.0
130.0
242.0
13.0
255.0
56.0
54.0
184.0
61.0
251.0
126.0
143.0
42.0
101.0
68.0
106.0
149.0
104.0
237.0
6.0
121.0
242.0
119.0
14.0
163.0
121.0
209.0
69.0
123.0
209.0
27.0
125.0
114.0
139.0
107.0
109.0
243.0
WT 3
44.0
64.0
86.0
128.0
141.0
135.0
135.0
110.0
134.0
114.0
126.0
129.0
126.0
80.0
138.0
125.0
111.0
103.0
135.0
124.0
134.0
119.0
126.0
90.0
99.0
117.0
114.0
121.0
143.0
111.0
83.0
112.0
133.0
129.0
120.0
117.0
133.0
136.0
129.0
107.0
130.0
50.0
126.0
131.0
106.0
109.0
149.0
108.0
111.0
133.0
99.0
121.0
133.0
123.0
138.0
122.0
113.0
136.0
136.0
100.0
129.0
130.0
128.0
133.0
138.0
118.0
118.0
125.0
137.0
128.0
127.0
122.0
130.0
84.0
105.0
141.0
123.0
118.0
113.0
126.0
WT 4
49.0
45.0
75.0
100.0
111.0
132.0
131.0
106.0
131.0
129.0
130.0
134.0
115.0
89.0
122.0
110.0
98.0
102.0
110.0
113.0
140.0
110.0
126.0
87.0
110.0
124.0
116.0
126.0
121.0
99.0
90.0
99.0
117.0
114.0
122.0
127.0
121.0
127.0
113.0
98.0
126.0
43.0
132.0
126.0
125.0
105.0
124.0
122.0
122.0
138.0
103.0
136.0
114.0
117.0
134.0
125.0
116.0
112.0
123.0
101.0
111.0
115.0
123.0
125.0
135.0
131.0
123.0
132.0
131.0
135.0
120.0
150.0
130.0
98.0
115.0
137.0
115.0
104.0
117.0
116.0
WT 5
40.0
64.0
95.0
118.0
138.0
121.0
132.0
138.0
125.0
118.0
131.0
145.0
122.0
83.0
127.0
128.0
102.0
116.0
124.0
124.0
152.0
103.0
134.0
97.0
101.0
110.0
134.0
128.0
122.0
109.0
95.0
116.0
131.0
126.0
132.0
112.0
132.0
135.0
114.0
113.0
121.0
36.0
145.0
118.0
134.0
109.0
118.0
124.0
106.0
136.0
117.0
108.0
101.0
114.0
135.0
126.0
126.0
123.0
109.0
105.0
110.0
114.0
120.0
143.0
126.0
122.0
117.0
151.0
139.0
121.0
129.0
124.0
140.0
89.0
120.0
133.0
122.0
97.0
121.0
127.0
WT 6
39.0
73.0
77.0
83.0
139.0
136.0
138.0
139.0
122.0
115.0
125.0
146.0
109.0
112.0
127.0
115.0
117.0
116.0
125.0
152.0
144.0
120.0
127.0
89.0
117.0
60.0
110.0
126.0
127.0
192.0
10.0
209.0
17.0
246.0
124.0
118.0
125.0
29.0
97.0
212.0
120.0
87.0
273.0
5.0
245.0
111.0
126.0
37.0
125.0
137.0
102.0
109.0
120.0
127.0
311.0
50.0
280.0
40.0
123.0
272.0
45.0
297.0
68.0
127.0
343.0
98.0
119.0
370.0
125.0
122.0
114.0
111.0
428.0
222.0
427.0
169.0
418.0
179.0
411.0
168.0
WT 7
53.0
44.0
75.0
137.0
123.0
112.0
143.0
131.0
130.0
121.0
134.0
123.0
136.0
82.0
142.0
117.0
113.0
102.0
131.0
119.0
140.0
108.0
123.0
92.0
102.0
188.0
125.0
126.0
138.0
19.0
190.0
14.0
230.0
31.0
133.0
117.0
126.0
218.0
106.0
2.0
111.0
158.0
16.0
261.0
35.0
109.0
124.0
274.0
108.0
139.0
126.0
128.0
114.0
116.0
36.0
304.0
70.0
304.0
115.0
70.0
311.0
65.0
309.0
134.0
76.0
345.0
138.0
116.0
121.0
123.0
391.0
133.0
159.0
390.0
182.0
440.0
183.0
418.0
180.0
427.0
WT 8
45.0
71.0
88.0
115.0
101.0
127.0
135.0
127.0
134.0
106.0
125.0
128.0
109.0
102.0
139.0
115.0
95.0
102.0
100.0
144.0
139.0
106.0
132.0
89.0
114.0
121.0
140.0
111.0
144.0
111.0
100.0
113.0
126.0
139.0
132.0
125.0
113.0
112.0
114.0
86.0
121.0
30.0
135.0
122.0
117.0
124.0
126.0
121.0
98.0
134.0
97.0
137.0
104.0
117.0
140.0
130.0
119.0
117.0
111.0
94.0
135.0
119.0
121.0
122.0
126.0
124.0
119.0
133.0
122.0
135.0
136.0
136.0
130.0
94.0
121.0
119.0
112.0
110.0
120.0
133.0
WT 9
48.0
70.0
97.0
106.0
108.0
134.0
139.0
117.0
147.0
122.0
124.0
126.0
108.0
99.0
143.0
113.0
107.0
104.0
128.0
141.0
135.0
100.0
142.0
103.0
99.0
126.0
132.0
116.0
134.0
116.0
99.0
99.0
127.0
137.0
120.0
135.0
131.0
137.0
105.0
102.0
120.0
49.0
141.0
150.0
123.0
120.0
130.0
109.0
117.0
142.0
98.0
123.0
112.0
105.0
147.0
138.0
107.0
128.0
115.0
93.0
118.0
120.0
119.0
139.0
136.0
134.0
118.0
150.0
149.0
140.0
124.0
130.0
150.0
96.0
108.0
141.0
102.0
113.0
116.0
118.0
WT 10
38.0
66.0
97.0
118.0
108.0
131.0
129.0
110.0
114.0
108.0
126.0
142.0
109.0
88.0
141.0
120.0
110.0
114.0
122.0
127.0
151.0
97.0
133.0
101.0
108.0
120.0
127.0
125.0
123.0
106.0
99.0
103.0
114.0
131.0
130.0
125.0
114.0
121.0
110.0
107.0
118.0
39.0
146.0
121.0
120.0
118.0
129.0
127.0
124.0
138.0
98.0
129.0
112.0
124.0
139.0
112.0
122.0
136.0
116.0
104.0
137.0
99.0
125.0
121.0
141.0
136.0
128.0
131.0
137.0
130.0
122.0
125.0
142.0
91.0
109.0
112.0
125.0
116.0
123.0
135.0
WT 11
49.0
57.0
91.0
124.0
116.0
128.0
131.0
127.0
132.0
123.0
133.0
132.0
121.0
84.0
137.0
118.0
100.0
108.0
137.0
117.0
141.0
107.0
142.0
100.0
99.0
118.0
129.0
125.0
127.0
103.0
96.0
120.0
127.0
126.0
137.0
114.0
133.0
117.0
133.0
110.0
136.0
46.0
127.0
142.0
131.0
116.0
122.0
114.0
118.0
138.0
123.0
117.0
119.0
113.0
137.0
131.0
110.0
148.0
112.0
92.0
124.0
128.0
114.0
129.0
126.0
120.0
110.0
127.0
143.0
139.0
144.0
134.0
122.0
92.0
107.0
134.0
124.0
125.0
129.0
116.0
WT 12
46.0
64.0
83.0
122.0
129.0
128.0
135.0
120.0
117.0
133.0
124.0
103.0
129.0
82.0
165.0
86.0
101.0
148.0
81.0
165.0
106.0
165.0
71.0
105.0
95.0
159.0
130.0
103.0
153.0
110.0
96.0
101.0
117.0
120.0
135.0
119.0
120.0
141.0
123.0
109.0
128.0
46.0
128.0
141.0
138.0
126.0
81.0
122.0
152.0
127.0
119.0
102.0
100.0
125.0
123.0
185.0
40.0
216.0
121.0
3.0
212.0
127.0
50.0
212.0
55.0
201.0
123.0
115.0
70.0
183.0
138.0
69.0
124.0
95.0
109.0
117.0
129.0
187.0
105.0
59.0
WT 13
53.0
65.0
94.0
117.0
107.0
138.0
127.0
123.0
133.0
107.0
119.0
133.0
103.0
128.0
106.0
140.0
109.0
67.0
168.0
93.0
168.0
71.0
184.0
94.0
104.0
75.0
136.0
154.0
108.0
115.0
96.0
118.0
106.0
136.0
122.0
124.0
132.0
128.0
109.0
108.0
129.0
36.0
133.0
144.0
119.0
118.0
162.0
124.0
107.0
145.0
110.0
121.0
112.0
127.0
142.0
73.0
182.0
50.0
106.0
199.0
34.0
135.0
208.0
46.0
209.0
64.0
121.0
134.0
189.0
55.0
129.0
201.0
137.0
85.0
112.0
141.0
113.0
29.0
116.0
193.0
WT 14
45.0
70.0
76.0
120.0
119.0
135.0
141.0
116.0
143.0
106.0
138.0
140.0
117.0
92.0
129.0
115.0
101.0
102.0
121.0
143.0
141.0
123.0
123.0
97.0
112.0
118.0
127.0
136.0
128.0
98.0
91.0
107.0
114.0
144.0
120.0
126.0
123.0
115.0
103.0
111.0
127.0
45.0
138.0
138.0
115.0
111.0
128.0
124.0
137.0
155.0
105.0
120.0
106.0
124.0
135.0
118.0
106.0
124.0
130.0
110.0
118.0
114.0
119.0
118.0
130.0
119.0
119.0
123.0
146.0
133.0
121.0
134.0
129.0
84.0
126.0
136.0
114.0
115.0
111.0
128.0
WT 15
40.0
59.0
77.0
114.0
109.0
132.0
131.0
129.0
138.0
103.0
133.0
141.0
117.0
91.0
126.0
116.0
105.0
111.0
115.0
132.0
152.0
109.0
138.0
90.0
106.0
111.0
137.0
130.0
138.0
110.0
86.0
105.0
130.0
123.0
131.0
116.0
130.0
129.0
118.0
113.0
121.0
35.0
147.0
129.0
126.0
114.0
127.0
135.0
114.0
133.0
109.0
120.0
116.0
124.0
144.0
127.0
104.0
122.0
115.0
108.0
146.0
114.0
124.0
145.0
135.0
130.0
111.0
128.0
123.0
136.0
125.0
135.0
140.0
100.0
120.0
128.0
120.0
126.0
128.0
157.0
WT 16
42.0
58.0
83.0
109.0
105.0
121.0
139.0
115.0
135.0
108.0
130.0
130.0
119.0
92.0
139.0
119.0
113.0
103.0
137.0
114.0
139.0
95.0
123.0
105.0
101.0
112.0
132.0
113.0
123.0
115.0
90.0
93.0
119.0
123.0
139.0
127.0
119.0
118.0
125.0
92.0
132.0
35.0
144.0
117.0
135.0
119.0
131.0
116.0
103.0
133.0
104.0
125.0
109.0
119.0
141.0
123.0
123.0
138.0
117.0
124.0
138.0
98.0
131.0
127.0
119.0
125.0
131.0
141.0
136.0
138.0
130.0
115.0
145.0
89.0
128.0
119.0
127.0
117.0
95.0
135.0
WT 17
52.0
52.0
76.0
110.0
117.0
157.0
137.0
88.0
186.0
45.0
193.0
81.0
121.0
144.0
148.0
110.0
69.0
160.0
52.0
203.0
87.0
91.0
146.0
103.0
107.0
116.0
121.0
172.0
132.0
108.0
101.0
103.0
108.0
116.0
101.0
122.0
139.0
120.0
117.0
97.0
116.0
34.0
137.0
129.0
128.0
131.0
97.0
154.0
72.0
169.0
95.0
125.0
118.0
121.0
88.0
163.0
86.0
111.0
118.0
152.0
71.0
117.0
122.0
132.0
124.0
128.0
199.0
137.0
49.0
219.0
127.0
70.0
178.0
90.0
52.0
183.0
139.0
116.0
38.0
216.0
WT 18
48.0
63.0
90.0
108.0
136.0
104.0
121.0
163.0
77.0
174.0
77.0
181.0
113.0
50.0
134.0
126.0
169.0
55.0
178.0
88.0
186.0
107.0
127.0
97.0
99.0
116.0
131.0
85.0
148.0
109.0
85.0
98.0
119.0
135.0
131.0
130.0
108.0
130.0
111.0
95.0
107.0
46.0
136.0
140.0
122.0
118.0
135.0
92.0
132.0
115.0
112.0
106.0
103.0
126.0
165.0
100.0
153.0
120.0
120.0
53.0
155.0
121.0
137.0
137.0
127.0
148.0
38.0
123.0
223.0
65.0
142.0
188.0
65.0
73.0
180.0
76.0
117.0
108.0
198.0
52.0
WT 19
39.0
60.0
90.0
105.0
127.0
125.0
130.0
120.0
130.0
119.0
112.0
135.0
119.0
84.0
136.0
114.0
113.0
103.0
135.0
127.0
132.0
114.0
119.0
97.0
105.0
117.0
135.0
117.0
132.0
110.0
87.0
102.0
120.0
127.0
122.0
128.0
134.0
131.0
112.0
101.0
121.0
37.0
153.0
133.0
127.0
116.0
122.0
122.0
129.0
130.0
116.0
117.0
125.0
110.0
152.0
120.0
103.0
135.0
103.0
119.0
136.0
103.0
128.0
121.0
131.0
131.0
123.0
138.0
126.0
132.0
121.0
127.0
129.0
84.0
123.0
154.0
121.0
109.0
113.0
118.0
WT 20
44.0
66.0
86.0
115.0
126.0
123.0
128.0
127.0
126.0
105.0
134.0
126.0
126.0
91.0
141.0
111.0
113.0
107.0
109.0
145.0
135.0
103.0
122.0
98.0
107.0
122.0
135.0
132.0
131.0
115.0
110.0
113.0
122.0
122.0
126.0
134.0
127.0
120.0
125.0
104.0
110.0
32.0
120.0
129.0
110.0
122.0
122.0
121.0
115.0
139.0
96.0
111.0
107.0
113.0
131.0
124.0
111.0
109.0
121.0
93.0
111.0
109.0
129.0
127.0
143.0
111.0
125.0
143.0
132.0
124.0
127.0
142.0
132.0
80.0
118.0
131.0
121.0
114.0
124.0
116.0
WT 21
30.0
92.0
82.0
60.0
182.0
68.0
197.0
65.0
136.0
187.0
66.0
200.0
119.0
16.0
136.0
182.0
112.0
23.0
196.0
137.0
79.0
111.0
201.0
101.0
108.0
44.0
129.0
190.0
87.0
107.0
96.0
153.0
127.0
134.0
48.0
135.0
195.0
119.0
37.0
90.0
123.0
144.0
38.0
136.0
125.0
199.0
132.0
121.0
42.0
219.0
103.0
35.0
174.0
52.0
204.0
52.0
196.0
40.0
192.0
103.0
39.0
165.0
79.0
173.0
126.0
90.0
129.0
143.0
132.0
151.0
131.0
107.0
142.0
102.0
85.0
161.0
125.0
112.0
74.0
135.0
WT 22
55.0
36.0
72.0
164.0
46.0
204.0
78.0
184.0
144.0
53.0
189.0
69.0
121.0
158.0
130.0
53.0
93.0
190.0
48.0
136.0
223.0
117.0
46.0
102.0
107.0
189.0
119.0
62.0
199.0
112.0
97.0
41.0
119.0
129.0
194.0
126.0
54.0
120.0
200.0
108.0
121.0
68.0
245.0
120.0
117.0
31.0
141.0
106.0
224.0
42.0
110.0
192.0
40.0
173.0
74.0
197.0
37.0
205.0
25.0
110.0
176.0
55.0
179.0
84.0
127.0
175.0
122.0
128.0
136.0
104.0
134.0
140.0
121.0
90.0
135.0
88.0
130.0
92.0
182.0
124.0
WT 23
46.0
55.0
88.0
132.0
118.0
123.0
139.0
115.0
116.0
104.0
128.0
128.0
125.0
88.0
131.0
113.0
95.0
102.0
101.0
134.0
131.0
95.0
138.0
89.0
112.0
126.0
109.0
119.0
154.0
118.0
92.0
94.0
121.0
124.0
122.0
113.0
136.0
130.0
115.0
121.0
116.0
40.0
138.0
139.0
124.0
119.0
104.0
123.0
113.0
145.0
107.0
127.0
122.0
101.0
137.0
127.0
119.0
123.0
120.0
99.0
125.0
120.0
115.0
139.0
138.0
133.0
108.0
134.0
125.0
125.0
129.0
136.0
134.0
88.0
104.0
124.0
111.0
102.0
128.0
134.0
WT 24
47.0
76.0
83.0
99.0
126.0
134.0
128.0
119.0
138.0
112.0
125.0
141.0
117.0
105.0
135.0
112.0
111.0
107.0
117.0
149.0
150.0
101.0
129.0
104.0
102.0
102.0
120.0
128.0
144.0
108.0
97.0
106.0
124.0
144.0
128.0
137.0
121.0
126.0
112.0
101.0
124.0
37.0
130.0
131.0
123.0
104.0
124.0
123.0
120.0
141.0
110.0
136.0
124.0
128.0
133.0
123.0
110.0
133.0
100.0
106.0
121.0
118.0
121.0
132.0
128.0
134.0
120.0
126.0
131.0
119.0
132.0
127.0
146.0
95.0
119.0
133.0
118.0
122.0
114.0
144.0
WT 25
43.0
56.0
85.0
102.0
102.0
133.0
143.0
117.0
133.0
117.0
124.0
124.0
118.0
89.0
126.0
125.0
115.0
113.0
116.0
154.0
134.0
114.0
122.0
82.0
96.0
121.0
113.0
113.0
133.0
99.0
96.0
97.0
139.0
117.0
131.0
116.0
129.0
119.0
120.0
102.0
112.0
44.0
147.0
133.0
123.0
115.0
119.0
119.0
107.0
144.0
106.0
117.0
106.0
124.0
142.0
119.0
101.0
102.0
120.0
108.0
122.0
110.0
133.0
149.0
147.0
132.0
142.0
127.0
136.0
118.0
121.0
139.0
133.0
91.0
103.0
130.0
124.0
120.0
113.0
127.0
WT 26
48.0
66.0
76.0
125.0
129.0
129.0
136.0
121.0
131.0
109.0
125.0
137.0
120.0
100.0
143.0
107.0
124.0
109.0
131.0
133.0
144.0
115.0
120.0
98.0
104.0
111.0
125.0
126.0
141.0
108.0
94.0
116.0
124.0
151.0
132.0
131.0
126.0
120.0
114.0
114.0
124.0
32.0
134.0
144.0
138.0
116.0
123.0
113.0
123.0
135.0
91.0
124.0
101.0
112.0
132.0
117.0
116.0
128.0
118.0
102.0
117.0
98.0
125.0
133.0
131.0
131.0
125.0
136.0
135.0
123.0
132.0
127.0
123.0
90.0
105.0
121.0
131.0
109.0
119.0
127.0
WT 27
40.0
81.0
63.0
115.0
110.0
136.0
133.0
127.0
152.0
80.0
128.0
122.0
100.0
90.0
219.0
120.0
101.0
116.0
115.0
123.0
114.0
116.0
176.0
50.0
112.0
152.0
97.0
161.0
139.0
119.0
52.0
100.0
130.0
120.0
178.0
68.0
187.0
79.0
155.0
114.0
117.0
4.0
136.0
129.0
134.0
113.0
113.0
150.0
108.0
102.0
124.0
87.0
120.0
134.0
146.0
130.0
110.0
121.0
97.0
94.0
108.0
142.0
87.0
141.0
177.0
80.0
122.0
167.0
90.0
121.0
126.0
123.0
179.0
39.0
126.0
125.0
127.0
146.0
125.0
91.0
WT 28
50.0
51.0
86.0
116.0
125.0
111.0
140.0
149.0
89.0
164.0
126.0
134.0
114.0
109.0
49.0
126.0
116.0
122.0
138.0
136.0
160.0
125.0
95.0
134.0
108.0
93.0
143.0
102.0
138.0
111.0
148.0
104.0
118.0
130.0
78.0
182.0
64.0
177.0
67.0
112.0
125.0
76.0
134.0
115.0
109.0
112.0
150.0
106.0
103.0
152.0
75.0
137.0
111.0
126.0
137.0
123.0
110.0
119.0
103.0
108.0
118.0
97.0
153.0
130.0
104.0
171.0
114.0
93.0
168.0
122.0
133.0
132.0
67.0
138.0
116.0
124.0
123.0
68.0
124.0
178.0
WT 29
47.0
54.0
89.0
109.0
140.0
136.0
118.0
139.0
144.0
110.0
130.0
120.0
115.0
78.0
131.0
122.0
92.0
109.0
115.0
137.0
155.0
114.0
110.0
92.0
102.0
115.0
129.0
137.0
146.0
108.0
103.0
105.0
116.0
115.0
122.0
125.0
126.0
127.0
116.0
108.0
128.0
46.0
121.0
128.0
107.0
120.0
120.0
114.0
120.0
124.0
93.0
109.0
113.0
129.0
134.0
120.0
113.0
140.0
125.0
93.0
110.0
117.0
120.0
125.0
134.0
112.0
110.0
142.0
123.0
122.0
135.0
129.0
130.0
81.0
108.0
132.0
126.0
112.0
124.0
145.0
WT 30
48.0
90.0
86.0
63.0
186.0
123.0
135.0
68.0
131.0
124.0
205.0
134.0
113.0
80.0
72.0
183.0
102.0
114.0
120.0
134.0
65.0
203.0
34.0
187.0
103.0
116.0
122.0
125.0
126.0
105.0
48.0
150.0
115.0
124.0
123.0
96.0
151.0
111.0
136.0
107.0
124.0
18.0
129.0
127.0
121.0
102.0
111.0
118.0
92.0
220.0
110.0
20.0
113.0
222.0
141.0
130.0
102.0
107.0
47.0
102.0
186.0
57.0
133.0
198.0
69.0
124.0
115.0
127.0
143.0
120.0
135.0
186.0
121.0
42.0
122.0
166.0
117.0
70.0
110.0
217.0
WT 31
42.0
58.0
85.0
158.0
71.0
136.0
136.0
173.0
151.0
119.0
56.0
136.0
112.0
88.0
209.0
47.0
108.0
107.0
116.0
126.0
229.0
29.0
219.0
9.0
104.0
125.0
144.0
120.0
137.0
114.0
152.0
52.0
126.0
135.0
112.0
155.0
101.0
153.0
93.0
115.0
124.0
55.0
136.0
127.0
112.0
125.0
129.0
130.0
109.0
37.0
107.0
218.0
109.0
22.0
145.0
133.0
116.0
116.0
197.0
97.0
66.0
173.0
135.0
64.0
182.0
120.0
128.0
140.0
131.0
125.0
125.0
66.0
147.0
128.0
122.0
92.0
107.0
169.0
132.0
38.0
