WT 0
19.0
28.0
47.0
56.0
62.0
68.0
67.0
64.0
68.0
78.0
65.0
75.0
70.0
79.0
73.0
71.0
83.0
84.0
68.0
59.0
65.0
68.0
80.0
80.0
60.0
46.0
61.0
85.0
87.0
79.0
64.0
90.0
68.0
82.0
81.0
70.0
62.0
76.0
74.0
71.0
79.0
67.0
76.0
75.0
76.0
71.0
77.0
74.0
72.0
81.0
83.0
62.0
52.0
63.0
73.0
73.0
73.0
73.0
85.0
80.0
71.0
78.0
66.0
79.0
68.0
70.0
68.0
66.0
90.0
73.0
69.0
67.0
54.0
73.0
63.0
56.0
66.0
70.0
62.0
66.0
WT 1
21.0
43.0
70.0
51.0
76.0
68.0
63.0
69.0
61.0
87.0
66.0
80.0
71.0
68.0
75.0
77.0
74.0
86.0
72.0
62.0
63.0
59.0
69.0
67.0
62.0
59.0
73.0
94.0
81.0
71.0
73.0
78.0
66.0
74.0
68.0
79.0
74.0
77.0
73.0
80.0
87.0
74.0
71.0
77.0
64.0
77.0
69.0
82.0
67.0
74.0
74.0
77.0
52.0
68.0
72.0
58.0
85.0
70.0
88.0
75.0
80.0
68.0
51.0
70.0
83.0
77.0
67.0
67.0
78.0
70.0
74.0
71.0
54.0
87.0
75.0
59.0
72.0
64.0
62.0
60.0
WT 2
24.0
32.0
52.0
58.0
75.0
72.0
68.0
65.0
68.0
79.0
62.0
84.0
77.0
73.0
82.0
68.0
78.0
91.0
75.0
75.0
70.0
67.0
76.0
65.0
74.0
59.0
74.0
72.0
84.0
77.0
75.0
79.0
80.0
77.0
65.0
74.0
83.0
70.0
76.0
73.0
67.0
69.0
78.0
73.0
70.0
110.0
79.0
74.0
73.0
80.0
70.0
74.0
52.0
68.0
70.0
77.0
76.0
74.0
87.0
87.0
70.0
66.0
59.0
72.0
77.0
72.0
67.0
92.0
78.0
73.0
64.0
62.0
60.0
81.0
86.0
67.0
64.0
75.0
61.0
60.0
WT 3
22.0
40.0
65.0
74.0
71.0
65.0
66.0
63.0
65.0
74.0
61.0
80.0
69.0
79.0
81.0
67.0
64.0
98.0
81.0
77.0
68.0
85.0
70.0
71.0
71.0
53.0
74.0
77.0
86.0
83.0
59.0
88.0
69.0
80.0
69.0
75.0
69.0
74.0
72.0
86.0
86.0
85.0
58.0
72.0
83.0
76.0
68.0
70.0
63.0
66.0
77.0
79.0
56.0
66.0
62.0
65.0
75.0
63.0
76.0
63.0
70.0
74.0
56.0
71.0
73.0
77.0
64.0
69.0
73.0
69.0
64.0
92.0
62.0
88.0
74.0
54.0
66.0
82.0
59.0
79.0
WT 4
20.0
61.0
25.0
66.0
75.0
84.0
70.0
58.0
59.0
78.0
62.0
73.0
72.0
68.0
88.0
92.0
71.0
83.0
41.0
58.0
96.0
40.0
106.0
75.0
71.0
16.0
111.0
81.0
76.0
72.0
56.0
34.0
72.0
122.0
77.0
69.0
50.0
86.0
70.0
61.0
63.0
71.0
66.0
70.0
126.0
72.0
18.0
83.0
119.0
68.0
76.0
32.0
51.0
118.0
30.0
122.0
41.0
104.0
74.0
76.0
76.0
65.0
67.0
79.0
53.0
69.0
57.0
112.0
69.0
79.0
78.0
77.0
64.0
8.0
75.0
60.0
153.0
26.0
68.0
152.0
WT 5
23.0
34.0
71.0
39.0
87.0
72.0
68.0
64.0
64.0
62.0
66.0
93.0
73.0
69.0
71.0
75.0
64.0
79.0
103.0
61.0
40.0
92.0
47.0
65.0
77.0
97.0
16.0
78.0
75.0
61.0
59.0
134.0
76.0
36.0
76.0
85.0
90.0
59.0
75.0
103.0
65.0
78.0
71.0
78.0
20.0
67.0
125.0
78.0
14.0
77.0
78.0
114.0
63.0
19.0
135.0
29.0
117.0
51.0
91.0
79.0
73.0
74.0
62.0
65.0
79.0
69.0
85.0
11.0
77.0
75.0
77.0
75.0
54.0
152.0
79.0
64.0
27.0
165.0
55.0
10.0
WT 6
22.0
23.0
39.0
53.0
76.0
67.0
71.0
59.0
62.0
69.0
72.0
71.0
80.0
84.0
72.0
74.0
65.0
93.0
67.0
68.0
65.0
69.0
78.0
71.0
66.0
56.0
70.0
78.0
75.0
69.0
63.0
77.0
72.0
75.0
73.0
76.0
83.0
73.0
64.0
72.0
68.0
70.0
80.0
86.0
82.0
78.0
71.0
76.0
69.0
73.0
78.0
81.0
56.0
51.0
65.0
68.0
66.0
71.0
70.0
70.0
70.0
81.0
56.0
72.0
72.0
74.0
80.0
72.0
83.0
69.0
69.0
76.0
64.0
71.0
65.0
72.0
75.0
76.0
57.0
70.0
WT 7
23.0
36.0
46.0
59.0
72.0
73.0
61.0
56.0
63.0
73.0
70.0
79.0
86.0
72.0
68.0
77.0
70.0
79.0
66.0
71.0
57.0
75.0
76.0
71.0
64.0
48.0
69.0
74.0
83.0
72.0
56.0
83.0
84.0
72.0
85.0
67.0
64.0
79.0
78.0
76.0
69.0
61.0
88.0
62.0
72.0
70.0
65.0
77.0
59.0
88.0
76.0
67.0
55.0
58.0
63.0
71.0
72.0
75.0
86.0
70.0
69.0
70.0
78.0
74.0
68.0
59.0
72.0
74.0
79.0
82.0
69.0
74.0
58.0
83.0
79.0
55.0
54.0
86.0
62.0
74.0
WT 8
20.0
36.0
55.0
46.0
76.0
61.0
63.0
74.0
73.0
61.0
59.0
77.0
99.0
48.0
104.0
60.0
60.0
107.0
70.0
67.0
51.0
87.0
82.0
72.0
70.0
55.0
33.0
119.0
39.0
79.0
102.0
71.0
74.0
76.0
76.0
90.0
84.0
86.0
71.0
87.0
81.0
33.0
94.0
60.0
71.0
54.0
77.0
99.0
52.0
86.0
99.0
74.0
35.0
62.0
84.0
77.0
63.0
84.0
82.0
77.0
70.0
69.0
51.0
61.0
63.0
78.0
67.0
69.0
101.0
52.0
69.0
64.0
63.0
105.0
73.0
54.0
41.0
94.0
30.0
64.0
WT 9
19.0
38.0
45.0
64.0
64.0
74.0
67.0
46.0
68.0
99.0
64.0
76.0
45.0
108.0
46.0
69.0
97.0
75.0
66.0
70.0
78.0
59.0
67.0
71.0
65.0
62.0
92.0
55.0
110.0
73.0
66.0
89.0
71.0
90.0
72.0
75.0
74.0
74.0
72.0
77.0
73.0
103.0
41.0
63.0
75.0
79.0
81.0
68.0
83.0
92.0
52.0
73.0
83.0
61.0
69.0
55.0
87.0
60.0
85.0
85.0
74.0
65.0
44.0
84.0
90.0
66.0
66.0
66.0
54.0
92.0
70.0
73.0
61.0
60.0
71.0
59.0
83.0
42.0
77.0
68.0
WT 10
25.0
39.0
71.0
53.0
72.0
70.0
76.0
58.0
65.0
72.0
70.0
82.0
70.0
63.0
90.0
84.0
75.0
79.0
73.0
69.0
56.0
71.0
87.0
70.0
57.0
55.0
65.0
82.0
77.0
89.0
55.0
75.0
71.0
83.0
73.0
71.0
79.0
89.0
71.0
84.0
75.0
65.0
87.0
75.0
70.0
67.0
76.0
82.0
70.0
77.0
69.0
66.0
62.0
65.0
73.0
70.0
71.0
85.0
80.0
77.0
73.0
75.0
62.0
62.0
72.0
95.0
76.0
55.0
77.0
74.0
68.0
79.0
57.0
83.0
69.0
62.0
68.0
67.0
58.0
70.0
WT 11
19.0
40.0
59.0
49.0
76.0
68.0
70.0
64.0
67.0
71.0
73.0
67.0
82.0
72.0
72.0
93.0
54.0
96.0
69.0
69.0
66.0
91.0
81.0
80.0
75.0
21.0
72.0
91.0
97.0
86.0
69.0
100.0
13.0
73.0
151.0
2.0
85.0
143.0
78.0
20.0
130.0
16.0
124.0
42.0
75.0
103.0
68.0
92.0
19.0
120.0
38.0
102.0
58.0
30.0
76.0
74.0
69.0
104.0
59.0
95.0
73.0
42.0
61.0
61.0
83.0
102.0
75.0
18.0
139.0
6.0
146.0
75.0
58.0
18.0
165.0
57.0
59.0
1.0
150.0
77.0
WT 12
23.0
30.0
69.0
53.0
60.0
77.0
62.0
67.0
72.0
73.0
60.0
80.0
70.0
82.0
92.0
46.0
95.0
71.0
67.0
69.0
86.0
79.0
65.0
74.0
59.0
104.0
65.0
75.0
50.0
69.0
73.0
83.0
143.0
82.0
7.0
154.0
71.0
16.0
84.0
139.0
13.0
125.0
38.0
93.0
74.0
59.0
69.0
78.0
107.0
31.0
114.0
35.0
57.0
88.0
72.0
67.0
69.0
58.0
115.0
54.0
62.0
104.0
55.0
68.0
71.0
43.0
67.0
121.0
12.0
148.0
8.0
67.0
56.0
168.0
20.0
70.0
57.0
154.0
25.0
67.0
WT 13
21.0
49.0
51.0
53.0
79.0
67.0
62.0
55.0
75.0
72.0
90.0
75.0
50.0
107.0
51.0
87.0
76.0
82.0
71.0
67.0
57.0
83.0
59.0
72.0
69.0
53.0
61.0
76.0
85.0
59.0
77.0
77.0
61.0
75.0
95.0
73.0
40.0
106.0
76.0
77.0
70.0
53.0
97.0
30.0
108.0
23.0
72.0
126.0
66.0
41.0
110.0
70.0
41.0
58.0
96.0
71.0
64.0
77.0
81.0
77.0
59.0
97.0
63.0
48.0
91.0
72.0
75.0
76.0
79.0
80.0
7.0
131.0
4.0
80.0
135.0
12.0
129.0
9.0
126.0
60.0
WT 14
17.0
36.0
55.0
70.0
76.0
82.0
74.0
66.0
57.0
72.0
54.0
71.0
94.0
49.0
99.0
72.0
73.0
90.0
58.0
76.0
73.0
51.0
88.0
69.0
51.0
57.0
71.0
75.0
78.0
78.0
44.0
71.0
96.0
77.0
50.0
77.0
103.0
38.0
77.0
82.0
76.0
90.0
47.0
99.0
27.0
113.0
77.0
29.0
73.0
109.0
49.0
72.0
82.0
62.0
64.0
77.0
88.0
55.0
75.0
71.0
97.0
65.0
52.0
99.0
44.0
56.0
80.0
67.0
78.0
66.0
119.0
18.0
128.0
82.0
7.0
123.0
12.0
139.0
6.0
65.0
WT 15
21.0
45.0
54.0
59.0
73.0
68.0
85.0
56.0
60.0
75.0
70.0
73.0
69.0
68.0
73.0
64.0
65.0
83.0
74.0
57.0
68.0
78.0
62.0
69.0
60.0
45.0
63.0
84.0
76.0
76.0
80.0
92.0
70.0
77.0
66.0
85.0
73.0
91.0
66.0
73.0
76.0
79.0
67.0
67.0
84.0
76.0
79.0
66.0
62.0
79.0
79.0
73.0
53.0
57.0
77.0
72.0
82.0
73.0
84.0
61.0
79.0
73.0
53.0
69.0
76.0
68.0
68.0
86.0
72.0
79.0
74.0
70.0
58.0
75.0
74.0
57.0
63.0
77.0
59.0
85.0
WT 16
22.0
36.0
52.0
61.0
78.0
78.0
64.0
66.0
66.0
73.0
74.0
70.0
60.0
76.0
86.0
69.0
66.0
90.0
66.0
71.0
64.0
77.0
74.0
85.0
72.0
57.0
59.0
72.0
84.0
81.0
65.0
74.0
88.0
74.0
74.0
71.0
88.0
81.0
67.0
79.0
71.0
76.0
73.0
75.0
81.0
73.0
72.0
70.0
66.0
70.0
79.0
79.0
59.0
59.0
72.0
66.0
76.0
58.0
75.0
69.0
79.0
80.0
54.0
84.0
79.0
68.0
76.0
72.0
87.0
68.0
67.0
67.0
60.0
92.0
75.0
59.0
57.0
79.0
63.0
70.0
WT 17
23.0
35.0
51.0
59.0
84.0
87.0
67.0
74.0
72.0
79.0
63.0
97.0
71.0
70.0
79.0
74.0
72.0
76.0
78.0
64.0
70.0
57.0
79.0
68.0
60.0
61.0
66.0
94.0
83.0
80.0
57.0
87.0
76.0
82.0
69.0
72.0
76.0
69.0
70.0
82.0
76.0
73.0
74.0
68.0
72.0
72.0
74.0
76.0
78.0
75.0
85.0
70.0
58.0
77.0
76.0
59.0
78.0
73.0
74.0
80.0
73.0
75.0
60.0
68.0
92.0
64.0
67.0
68.0
68.0
84.0
78.0
78.0
65.0
82.0
84.0
77.0
58.0
85.0
61.0
60.0
WT 18
19.0
38.0
51.0
54.0
77.0
72.0
66.0
69.0
61.0
76.0
69.0
94.0
57.0
76.0
72.0
74.0
69.0
88.0
70.0
73.0
65.0
79.0
81.0
65.0
79.0
49.0
70.0
70.0
67.0
71.0
61.0
80.0
67.0
76.0
69.0
74.0
65.0
90.0
64.0
79.0
74.0
70.0
82.0
82.0
75.0
79.0
80.0
77.0
71.0
72.0
73.0
74.0
56.0
58.0
71.0
67.0
76.0
66.0
88.0
79.0
64.0
79.0
57.0
62.0
78.0
68.0
65.0
68.0
77.0
70.0
66.0
82.0
51.0
85.0
73.0
66.0
59.0
64.0
68.0
67.0
WT 19
22.0
39.0
49.0
70.0
70.0
62.0
81.0
61.0
58.0
87.0
57.0
71.0
63.0
92.0
48.0
109.0
19.0
88.0
78.0
111.0
20.0
83.0
73.0
69.0
96.0
50.0
28.0
121.0
74.0
76.0
72.0
48.0
71.0
71.0
74.0
107.0
80.0
40.0
111.0
40.0
112.0
36.0
111.0
69.0
66.0
70.0
78.0
77.0
55.0
89.0
83.0
82.0
64.0
64.0
53.0
99.0
38.0
119.0
23.0
66.0
69.0
138.0
56.0
81.0
6.0
78.0
77.0
67.0
80.0
136.0
71.0
68.0
58.0
79.0
30.0
54.0
94.0
64.0
67.0
46.0
WT 20
26.0
32.0
54.0
59.0
72.0
71.0
66.0
75.0
65.0
74.0
64.0
72.0
84.0
42.0
102.0
30.0
129.0
76.0
83.0
11.0
113.0
71.0
64.0
75.0
36.0
49.0
102.0
38.0
78.0
72.0
67.0
130.0
66.0
67.0
77.0
52.0
66.0
122.0
21.0
130.0
33.0
102.0
41.0
71.0
81.0
67.0
92.0
85.0
70.0
74.0
83.0
79.0
60.0
57.0
100.0
34.0
113.0
31.0
124.0
81.0
68.0
3.0
54.0
73.0
148.0
70.0
72.0
75.0
80.0
19.0
71.0
81.0
59.0
80.0
115.0
44.0
44.0
76.0
54.0
74.0
WT 21
21.0
46.0
51.0
71.0
55.0
70.0
62.0
67.0
63.0
66.0
70.0
106.0
74.0
38.0
77.0
71.0
87.0
77.0
65.0
89.0
73.0
71.0
67.0
71.0
53.0
54.0
65.0
99.0
72.0
53.0
62.0
98.0
62.0
79.0
69.0
82.0
73.0
88.0
63.0
77.0
86.0
56.0
85.0
60.0
65.0
91.0
67.0
89.0
58.0
70.0
74.0
63.0
65.0
55.0
86.0
74.0
80.0
29.0
125.0
67.0
20.0
61.0
119.0
10.0
59.0
65.0
142.0
54.0
80.0
67.0
74.0
33.0
64.0
75.0
78.0
99.0
23.0
79.0
94.0
58.0
WT 22
23.0
44.0
64.0
34.0
89.0
86.0
76.0
60.0
61.0
73.0
69.0
40.0
64.0
105.0
78.0
71.0
41.0
105.0
66.0
61.0
62.0
64.0
89.0
59.0
83.0
47.0
73.0
74.0
74.0
83.0
66.0
72.0
75.0
74.0
82.0
81.0
73.0
75.0
64.0
90.0
56.0
96.0
57.0
83.0
69.0
55.0
94.0
55.0
72.0
77.0
79.0
73.0
58.0
59.0
60.0
59.0
67.0
121.0
21.0
76.0
112.0
76.0
5.0
133.0
66.0
63.0
11.0
68.0
84.0
76.0
78.0
110.0
59.0
81.0
76.0
14.0
105.0
78.0
15.0
81.0
WT 23
28.0
43.0
57.0
50.0
77.0
73.0
63.0
62.0
59.0
66.0
74.0
91.0
79.0
77.0
78.0
66.0
80.0
79.0
71.0
76.0
82.0
70.0
72.0
74.0
60.0
54.0
60.0
86.0
77.0
82.0
70.0
71.0
70.0
77.0
67.0
75.0
66.0
97.0
64.0
80.0
70.0
69.0
67.0
70.0
66.0
109.0
80.0
74.0
64.0
74.0
83.0
76.0
59.0
70.0
82.0
71.0
77.0
71.0
82.0
72.0
67.0
70.0
54.0
71.0
77.0
64.0
70.0
65.0
83.0
63.0
72.0
79.0
61.0
81.0
77.0
55.0
68.0
73.0
64.0
86.0
WT 24
20.0
28.0
41.0
56.0
64.0
74.0
61.0
64.0
61.0
68.0
60.0
73.0
71.0
68.0
73.0
55.0
72.0
73.0
64.0
72.0
70.0
73.0
82.0
67.0
57.0
52.0
76.0
82.0
98.0
64.0
60.0
101.0
67.0
71.0
68.0
78.0
81.0
76.0
63.0
66.0
78.0
71.0
62.0
68.0
72.0
87.0
61.0
75.0
59.0
80.0
89.0
81.0
55.0
60.0
65.0
70.0
72.0
56.0
80.0
81.0
75.0
70.0
78.0
75.0
77.0
64.0
91.0
80.0
83.0
65.0
73.0
90.0
58.0
89.0
77.0
63.0
63.0
69.0
60.0
89.0
WT 25
30.0
44.0
50.0
49.0
72.0
76.0
69.0
65.0
67.0
76.0
72.0
74.0
90.0
72.0
78.0
67.0
77.0
83.0
71.0
68.0
68.0
74.0
86.0
70.0
65.0
53.0
65.0
77.0
85.0
73.0
67.0
79.0
71.0
84.0
74.0
64.0
82.0
86.0
65.0
77.0
77.0
64.0
80.0
78.0
82.0
79.0
75.0
75.0
59.0
89.0
80.0
74.0
61.0
57.0
75.0
68.0
77.0
75.0
84.0
77.0
84.0
71.0
55.0
83.0
78.0
75.0
72.0
82.0
84.0
75.0
73.0
86.0
58.0
74.0
86.0
61.0
76.0
71.0
60.0
77.0
WT 26
17.0
32.0
48.0
46.0
79.0
80.0
68.0
61.0
63.0
79.0
63.0
72.0
70.0
72.0
77.0
71.0
70.0
87.0
70.0
78.0
69.0
62.0
68.0
70.0
60.0
45.0
77.0
94.0
70.0
87.0
60.0
81.0
74.0
85.0
74.0
87.0
77.0
73.0
68.0
89.0
62.0
64.0
63.0
77.0
70.0
74.0
74.0
75.0
61.0
78.0
73.0
67.0
51.0
62.0
77.0
62.0
91.0
63.0
76.0
80.0
75.0
82.0
51.0
76.0
71.0
70.0
64.0
73.0
73.0
91.0
78.0
70.0
70.0
91.0
83.0
73.0
62.0
67.0
56.0
86.0
WT 27
35.0
42.0
45.0
50.0
84.0
87.0
66.0
60.0
55.0
77.0
60.0
74.0
69.0
72.0
70.0
67.0
79.0
81.0
65.0
76.0
65.0
77.0
70.0
57.0
66.0
54.0
64.0
72.0
86.0
71.0
60.0
74.0
74.0
68.0
79.0
69.0
62.0
83.0
71.0
80.0
81.0
80.0
76.0
71.0
78.0
75.0
65.0
87.0
62.0
72.0
73.0
72.0
50.0
52.0
78.0
61.0
72.0
70.0
81.0
71.0
69.0
73.0
72.0
69.0
68.0
86.0
67.0
64.0
67.0
68.0
72.0
79.0
58.0
82.0
68.0
60.0
57.0
83.0
74.0
70.0
WT 28
23.0
28.0
52.0
63.0
89.0
78.0
70.0
51.0
58.0
93.0
70.0
38.0
134.0
67.0
38.0
68.0
72.0
95.0
66.0
65.0
62.0
93.0
65.0
73.0
73.0
46.0
71.0
78.0
71.0
86.0
50.0
92.0
71.0
81.0
65.0
73.0
85.0
64.0
66.0
106.0
79.0
69.0
42.0
81.0
75.0
45.0
95.0
75.0
58.0
83.0
75.0
67.0
62.0
56.0
83.0
91.0
48.0
95.0
83.0
76.0
62.0
70.0
65.0
93.0
78.0
46.0
113.0
36.0
89.0
91.0
58.0
68.0
56.0
94.0
67.0
60.0
66.0
75.0
61.0
64.0
WT 29
22.0
43.0
45.0
55.0
83.0
81.0
62.0
79.0
63.0
44.0
57.0
117.0
36.0
83.0
119.0
65.0
77.0
71.0
68.0
64.0
68.0
63.0
79.0
74.0
56.0
69.0
52.0
74.0
96.0
51.0
83.0
82.0
63.0
76.0
72.0
79.0
68.0
97.0
72.0
52.0
68.0
76.0
92.0
49.0
68.0
91.0
55.0
81.0
75.0
66.0
82.0
70.0
54.0
64.0
96.0
60.0
93.0
64.0
81.0
86.0
76.0
77.0
69.0
42.0
75.0
115.0
29.0
106.0
81.0
64.0
70.0
63.0
64.0
72.0
71.0
72.0
64.0
83.0
36.0
78.0
WT 30
22.0
40.0
46.0
100.0
66.0
31.0
71.0
106.0
62.0
77.0
59.0
37.0
121.0
75.0
22.0
116.0
78.0
89.0
18.0
69.0
65.0
73.0
134.0
71.0
68.0
9.0
155.0
89.0
34.0
65.0
180.0
29.0
179.0
33.0
84.0
182.0
62.0
74.0
62.0
5.0
78.0
160.0
4.0
67.0
139.0
8.0
134.0
21.0
67.0
77.0
130.0
11.0
124.0
4.0
135.0
66.0
73.0
81.0
20.0
70.0
119.0
86.0
50.0
18.0
80.0
83.0
98.0
81.0
82.0
72.0
71.0
71.0
59.0
78.0
82.0
68.0
27.0
114.0
59.0
63.0
WT 31
19.0
42.0
79.0
21.0
67.0
117.0
70.0
21.0
58.0
85.0
63.0
117.0
32.0
73.0
127.0
29.0
77.0
77.0
119.0
69.0
65.0
72.0
8.0
67.0
76.0
136.0
20.0
71.0
193.0
77.0
54.0
186.0
35.0
186.0
76.0
33.0
72.0
81.0
60.0
200.0
61.0
3.0
140.0
72.0
5.0
139.0
14.0
132.0
70.0
83.0
12.0
134.0
8.0
125.0
34.0
64.0
81.0
65.0
132.0
68.0
7.0
85.0
54.0
120.0
76.0
66.0
49.0
66.0
84.0
67.0
70.0
82.0
56.0
87.0
72.0
76.0
89.0
34.0
61.0
65.0
WT 32
13.0
37.0
58.0
70.0
82.0
69.0
66.0
63.0
59.0
63.0
61.0
72.0
75.0
74.0
69.0
70.0
66.0
97.0
62.0
73.0
65.0
78.0
80.0
82.0
68.0
62.0
66.0
77.0
79.0
76.0
71.0
85.0
76.0
78.0
70.0
74.0
68.0
82.0
79.0
84.0
68.0
68.0
61.0
72.0
75.0
76.0
82.0
86.0
65.0
78.0
79.0
80.0
58.0
58.0
85.0
61.0
75.0
70.0
78.0
69.0
66.0
69.0
53.0
70.0
64.0
76.0
76.0
77.0
94.0
81.0
73.0
66.0
56.0
81.0
69.0
62.0
62.0
82.0
56.0
68.0
WT 33
26.0
49.0
58.0
61.0
86.0
82.0
63.0
65.0
71.0
65.0
59.0
73.0
72.0
64.0
69.0
72.0
74.0
80.0
68.0
75.0
74.0
74.0
78.0
82.0
69.0
71.0
72.0
81.0
79.0
72.0
65.0
82.0
71.0
79.0
77.0
80.0
88.0
82.0
76.0
81.0
81.0
84.0
63.0
70.0
74.0
67.0
86.0
82.0
63.0
68.0
77.0
67.0
65.0
56.0
75.0
79.0
68.0
71.0
81.0
75.0
75.0
68.0
72.0
74.0
64.0
85.0
71.0
67.0
68.0
87.0
64.0
63.0
68.0
75.0
75.0
59.0
58.0
69.0
65.0
63.0
WT 34
23.0
41.0
48.0
48.0
83.0
74.0
61.0
61.0
50.0
84.0
62.0
73.0
65.0
75.0
84.0
69.0
79.0
88.0
71.0
67.0
67.0
72.0
76.0
73.0
71.0
65.0
68.0
84.0
70.0
66.0
55.0
88.0
83.0
79.0
84.0
64.0
65.0
73.0
93.0
75.0
62.0
59.0
87.0
79.0
69.0
75.0
83.0
72.0
65.0
71.0
77.0
75.0
54.0
51.0
71.0
66.0
67.0
71.0
79.0
68.0
68.0
70.0
63.0
65.0
65.0
75.0
76.0
75.0
83.0
68.0
68.0
74.0
63.0
84.0
76.0
60.0
58.0
77.0
67.0
73.0
WT 35
21.0
35.0
80.0
64.0
85.0
87.0
71.0
70.0
65.0
78.0
54.0
83.0
75.0
81.0
75.0
74.0
77.0
88.0
75.0
75.0
58.0
67.0
68.0
72.0
85.0
63.0
64.0
83.0
85.0
75.0
70.0
72.0
83.0
75.0
76.0
88.0
83.0
73.0
67.0
75.0
77.0
69.0
76.0
80.0
75.0
55.0
72.0
72.0
58.0
68.0
83.0
70.0
55.0
71.0
83.0
70.0
70.0
90.0
94.0
70.0
72.0
75.0
50.0
71.0
79.0
91.0
61.0
71.0
91.0
68.0
75.0
71.0
55.0
83.0
79.0
56.0
67.0
77.0
51.0
74.0
WT 36
17.0
34.0
47.0
56.0
69.0
64.0
62.0
58.0
59.0
70.0
63.0
72.0
73.0
76.0
77.0
62.0
77.0
86.0
71.0
77.0
63.0
85.0
75.0
73.0
74.0
59.0
74.0
87.0
81.0
67.0
69.0
73.0
77.0
69.0
79.0
82.0
76.0
72.0
84.0
79.0
64.0
73.0
68.0
68.0
62.0
82.0
81.0
74.0
66.0
78.0
74.0
79.0
56.0
76.0
82.0
54.0
71.0
70.0
73.0
69.0
71.0
73.0
58.0
76.0
70.0
65.0
80.0
62.0
90.0
77.0
66.0
62.0
65.0
81.0
70.0
75.0
62.0
79.0
69.0
75.0
WT 37
15.0
40.0
66.0
58.0
68.0
77.0
68.0
54.0
63.0
66.0
67.0
77.0
75.0
76.0
77.0
67.0
68.0
83.0
71.0
59.0
63.0
83.0
86.0
69.0
62.0
61.0
72.0
67.0
70.0
82.0
73.0
69.0
85.0
64.0
72.0
68.0
70.0
73.0
68.0
72.0
67.0
76.0
84.0
75.0
81.0
83.0
85.0
74.0
58.0
79.0
84.0
76.0
67.0
69.0
70.0
69.0
72.0
67.0
87.0
79.0
74.0
80.0
46.0
65.0
73.0
66.0
74.0
63.0
87.0
74.0
68.0
75.0
67.0
81.0
74.0
58.0
65.0
68.0
55.0
75.0
WT 38
17.0
39.0
66.0
37.0
85.0
49.0
100.0
65.0
44.0
78.0
63.0
78.0
68.0
89.0
73.0
65.0
84.0
91.0
76.0
58.0
84.0
53.0
76.0
111.0
69.0
58.0
26.0
85.0
95.0
71.0
56.0
82.0
92.0
67.0
75.0
71.0
74.0
68.0
71.0
98.0
67.0
69.0
69.0
108.0
33.0
62.0
74.0
79.0
70.0
107.0
42.0
80.0
87.0
35.0
117.0
38.0
64.0
116.0
34.0
124.0
70.0
68.0
78.0
23.0
137.0
16.0
112.0
80.0
81.0
83.0
77.0
70.0
10.0
137.0
70.0
29.0
92.0
48.0
65.0
61.0
WT 39
22.0
56.0
28.0
63.0
56.0
98.0
41.0
72.0
78.0
70.0
61.0
73.0
85.0
69.0
91.0
57.0
83.0
89.0
63.0
88.0
47.0
92.0
88.0
39.0
76.0
62.0
89.0
76.0
78.0
73.0
71.0
73.0
58.0
83.0
74.0
77.0
62.0
90.0
74.0
65.0
80.0
88.0
81.0
43.0
105.0
62.0
73.0
70.0
68.0
49.0
116.0
76.0
23.0
92.0
50.0
115.0
68.0
33.0
126.0
25.0
84.0
70.0
66.0
116.0
35.0
120.0
29.0
66.0
81.0
81.0
77.0
69.0
111.0
26.0
75.0
116.0
32.0
104.0
52.0
80.0
WT 40
24.0
34.0
52.0
54.0
73.0
76.0
70.0
67.0
65.0
83.0
60.0
70.0
65.0
75.0
76.0
65.0
74.0
89.0
59.0
76.0
76.0
75.0
68.0
72.0
68.0
53.0
67.0
72.0
81.0
82.0
60.0
77.0
73.0
83.0
78.0
75.0
72.0
81.0
60.0
75.0
70.0
76.0
66.0
71.0
73.0
74.0
78.0
70.0
52.0
69.0
93.0
79.0
62.0
61.0
68.0
66.0
78.0
66.0
89.0
77.0
73.0
72.0
60.0
81.0
67.0
64.0
70.0
75.0
74.0
78.0
71.0
82.0
61.0
78.0
70.0
56.0
64.0
87.0
59.0
71.0
WT 41
16.0
46.0
46.0
64.0
80.0
72.0
65.0
58.0
72.0
71.0
64.0
73.0
81.0
78.0
72.0
64.0
76.0
86.0
73.0
70.0
74.0
85.0
69.0
73.0
72.0
59.0
63.0
73.0
84.0
69.0
59.0
76.0
67.0
70.0
81.0
86.0
81.0
86.0
71.0
79.0
68.0
66.0
60.0
68.0
71.0
69.0
73.0
80.0
70.0
77.0
80.0
88.0
53.0
55.0
70.0
68.0
73.0
86.0
80.0
68.0
68.0
84.0
58.0
76.0
69.0
78.0
92.0
60.0
74.0
75.0
69.0
71.0
72.0
82.0
75.0
70.0
58.0
71.0
63.0
62.0
WT 42
28.0
34.0
66.0
48.0
72.0
70.0
64.0
56.0
63.0
70.0
57.0
78.0
72.0
82.0
84.0
89.0
74.0
90.0
80.0
58.0
62.0
74.0
75.0
68.0
75.0
57.0
65.0
73.0
76.0
82.0
56.0
76.0
82.0
74.0
73.0
73.0
72.0
76.0
76.0
76.0
72.0
66.0
71.0
70.0
71.0
73.0
66.0
76.0
66.0
78.0
80.0
69.0
60.0
57.0
76.0
71.0
74.0
69.0
84.0
86.0
70.0
74.0
49.0
84.0
77.0
72.0
71.0
71.0
72.0
81.0
68.0
73.0
56.0
76.0
65.0
57.0
64.0
82.0
58.0
70.0
WT 43
20.0
37.0
63.0
62.0
87.0
74.0
66.0
68.0
74.0
80.0
63.0
79.0
73.0
81.0
77.0
82.0
76.0
87.0
72.0
75.0
79.0
79.0
78.0
86.0
73.0
62.0
64.0
84.0
73.0
78.0
68.0
81.0
75.0
66.0
73.0
77.0
80.0
89.0
79.0
79.0
74.0
69.0
75.0
65.0
62.0
64.0
72.0
83.0
79.0
78.0
80.0
76.0
72.0
74.0
83.0
67.0
66.0
72.0
84.0
73.0
76.0
76.0
50.0
75.0
70.0
75.0
83.0
85.0
78.0
66.0
61.0
81.0
57.0
81.0
70.0
64.0
52.0
77.0
56.0
68.0
WT 44
24.0
43.0
45.0
56.0
76.0
83.0
77.0
62.0
69.0
82.0
67.0
70.0
69.0
76.0
86.0
65.0
67.0
78.0
62.0
76.0
67.0
80.0
84.0
73.0
64.0
54.0
66.0
78.0
79.0
85.0
65.0
84.0
73.0
75.0
71.0
76.0
88.0
76.0
71.0
90.0
79.0
71.0
74.0
76.0
75.0
74.0
85.0
78.0
57.0
81.0
89.0
73.0
75.0
60.0
73.0
62.0
75.0
79.0
76.0
71.0
68.0
69.0
65.0
87.0
66.0
67.0
66.0
62.0
63.0
72.0
67.0
73.0
57.0
85.0
70.0
68.0
55.0
79.0
58.0
66.0
WT 45
26.0
24.0
69.0
57.0
75.0
70.0
58.0
70.0
65.0
71.0
76.0
83.0
72.0
73.0
79.0
64.0
71.0
82.0
73.0
72.0
61.0
68.0
73.0
67.0
76.0
60.0
70.0
85.0
73.0
75.0
67.0
70.0
80.0
75.0
69.0
76.0
71.0
74.0
65.0
81.0
68.0
71.0
75.0
74.0
66.0
85.0
73.0
76.0
62.0
80.0
79.0
62.0
59.0
62.0
74.0
62.0
69.0
70.0
88.0
73.0
62.0
75.0
56.0
65.0
74.0
61.0
69.0
74.0
78.0
75.0
70.0
61.0
62.0
83.0
79.0
67.0
71.0
68.0
63.0
71.0
WT 46
14.0
37.0
59.0
56.0
83.0
78.0
72.0
64.0
60.0
69.0
65.0
75.0
84.0
71.0
80.0
77.0
78.0
96.0
73.0
69.0
66.0
74.0
73.0
82.0
82.0
48.0
62.0
82.0
88.0
93.0
75.0
93.0
67.0
70.0
74.0
70.0
78.0
82.0
73.0
83.0
80.0
68.0
74.0
56.0
72.0
81.0
83.0
68.0
62.0
83.0
82.0
69.0
65.0
63.0
67.0
70.0
84.0
79.0
83.0
77.0
68.0
72.0
59.0
71.0
71.0
89.0
64.0
79.0
73.0
72.0
66.0
81.0
68.0
84.0
72.0
67.0
56.0
76.0
68.0
64.0
WT 47
16.0
47.0
56.0
56.0
78.0
74.0
80.0
69.0
60.0
71.0
70.0
70.0
82.0
82.0
78.0
61.0
63.0
82.0
59.0
78.0
62.0
69.0
70.0
60.0
70.0
59.0
68.0
76.0
75.0
75.0
64.0
76.0
71.0
67.0
73.0
72.0
69.0
79.0
70.0
82.0
68.0
68.0
70.0
76.0
72.0
75.0
70.0
90.0
63.0
93.0
80.0
79.0
64.0
64.0
82.0
69.0
76.0
84.0
79.0
82.0
76.0
69.0
55.0
58.0
66.0
95.0
54.0
72.0
80.0
74.0
80.0
71.0
63.0
75.0
69.0
61.0
72.0
75.0
52.0
68.0
WT 48
23.0
37.0
70.0
58.0
93.0
78.0
73.0
68.0
63.0
82.0
62.0
81.0
74.0
66.0
74.0
61.0
63.0
85.0
63.0
74.0
62.0
80.0
72.0
68.0
67.0
57.0
66.0
76.0
91.0
79.0
59.0
76.0
71.0
81.0
73.0
75.0
85.0
82.0
77.0
76.0
94.0
66.0
66.0
74.0
66.0
108.0
73.0
86.0
60.0
71.0
83.0
75.0
59.0
62.0
79.0
80.0
76.0
67.0
80.0
69.0
70.0
68.0
50.0
69.0
68.0
66.0
67.0
82.0
83.0
82.0
69.0
69.0
58.0
78.0
72.0
61.0
60.0
73.0
51.0
57.0
WT 49
19.0
39.0
60.0
60.0
92.0
61.0
66.0
68.0
64.0
83.0
65.0
73.0
73.0
81.0
71.0
63.0
72.0
78.0
72.0
82.0
63.0
81.0
68.0
76.0
65.0
57.0
64.0
85.0
72.0
78.0
67.0
89.0
71.0
76.0
70.0
72.0
77.0
77.0
71.0
75.0
63.0
70.0
74.0
69.0
66.0
71.0
83.0
84.0
65.0
72.0
76.0
84.0
61.0
67.0
80.0
66.0
73.0
88.0
82.0
81.0
75.0
75.0
56.0
64.0
81.0
66.0
77.0
77.0
72.0
65.0
76.0
74.0
66.0
88.0
65.0
60.0
62.0
76.0
58.0
78.0
WT 50
17.0
41.0
51.0
55.0
75.0
60.0
71.0
56.0
55.0
68.0
67.0
76.0
68.0
77.0
74.0
75.0
72.0
97.0
67.0
72.0
75.0
69.0
72.0
68.0
57.0
62.0
69.0
76.0
81.0
76.0
74.0
74.0
75.0
79.0
78.0
82.0
62.0
83.0
62.0
84.0
75.0
65.0
73.0
66.0
72.0
79.0
63.0
75.0
66.0
90.0
75.0
79.0
63.0
66.0
84.0
65.0
81.0
75.0
76.0
67.0
68.0
80.0
55.0
65.0
80.0
79.0
61.0
87.0
83.0
77.0
68.0
74.0
56.0
83.0
66.0
53.0
67.0
75.0
60.0
74.0
WT 51
19.0
37.0
58.0
53.0
65.0
70.0
64.0
60.0
66.0
61.0
58.0
79.0
66.0
69.0
87.0
72.0
76.0
79.0
79.0
73.0
73.0
72.0
78.0
63.0
67.0
45.0
78.0
79.0
80.0
87.0
57.0
93.0
77.0
75.0
79.0
68.0
72.0
82.0
76.0
74.0
73.0
76.0
67.0
66.0
58.0
84.0
74.0
70.0
77.0
65.0
78.0
72.0
59.0
64.0
74.0
72.0
67.0
68.0
86.0
65.0
68.0
83.0
70.0
70.0
77.0
66.0
72.0
74.0
88.0
67.0
73.0
88.0
64.0
85.0
81.0
61.0
67.0
77.0
61.0
83.0
WT 52
16.0
36.0
62.0
59.0
76.0
76.0
64.0
62.0
60.0
81.0
65.0
80.0
66.0
73.0
81.0
67.0
74.0
69.0
64.0
67.0
56.0
76.0
87.0
68.0
65.0
54.0
71.0
88.0
69.0
83.0
80.0
83.0
73.0
82.0
72.0
79.0
56.0
85.0
80.0
82.0
78.0
73.0
82.0
73.0
74.0
66.0
90.0
80.0
76.0
78.0
75.0
75.0
57.0
61.0
69.0
64.0
84.0
70.0
90.0
88.0
73.0
78.0
54.0
65.0
66.0
66.0
71.0
80.0
84.0
78.0
68.0
74.0
59.0
71.0
75.0
59.0
69.0
80.0
51.0
60.0
WT 53
18.0
38.0
45.0
60.0
84.0
76.0
81.0
76.0
64.0
69.0
73.0
66.0
63.0
81.0
76.0
63.0
90.0
81.0
55.0
78.0
65.0
69.0
63.0
65.0
68.0
49.0
68.0
86.0
73.0
58.0
59.0
84.0
72.0
73.0
71.0
78.0
71.0
85.0
73.0
86.0
86.0
70.0
74.0
69.0
70.0
86.0
75.0
77.0
60.0
76.0
87.0
75.0
59.0
66.0
75.0
76.0
68.0
73.0
89.0
70.0
90.0
76.0
53.0
66.0
80.0
72.0
80.0
65.0
77.0
70.0
75.0
81.0
73.0
84.0
70.0
63.0
57.0
76.0
57.0
65.0
WT 54
17.0
29.0
47.0
71.0
80.0
65.0
74.0
70.0
68.0
67.0
66.0
68.0
78.0
79.0
75.0
60.0
72.0
79.0
62.0
59.0
66.0
67.0
79.0
63.0
60.0
60.0
57.0
95.0
66.0
77.0
62.0
70.0
64.0
78.0
65.0
69.0
69.0
81.0
82.0
77.0
71.0
70.0
79.0
75.0
65.0
81.0
84.0
74.0
56.0
75.0
74.0
74.0
57.0
56.0
76.0
79.0
73.0
82.0
77.0
68.0
70.0
79.0
57.0
75.0
77.0
69.0
80.0
72.0
87.0
77.0
62.0
62.0
61.0
89.0
69.0
65.0
62.0
66.0
51.0
72.0
WT 55
14.0
44.0
52.0
56.0
71.0
67.0
67.0
67.0
54.0
102.0
23.0
68.0
73.0
73.0
124.0
18.0
73.0
138.0
14.0
70.0
69.0
129.0
19.0
71.0
69.0
118.0
3.0
79.0
162.0
1.0
56.0
83.0
86.0
68.0
75.0
139.0
8.0
134.0
67.0
30.0
86.0
84.0
89.0
67.0
85.0
64.0
80.0
83.0
54.0
70.0
84.0
89.0
50.0
72.0
78.0
72.0
69.0
76.0
88.0
33.0
73.0
124.0
57.0
19.0
86.0
78.0
101.0
33.0
103.0
54.0
69.0
121.0
43.0
75.0
58.0
78.0
65.0
72.0
54.0
57.0
WT 56
19.0
45.0
52.0
61.0
79.0
73.0
65.0
67.0
62.0
36.0
90.0
69.0
83.0
77.0
30.0
121.0
76.0
33.0
123.0
70.0
63.0
8.0
137.0
75.0
75.0
15.0
140.0
88.0
5.0
159.0
64.0
77.0
72.0
77.0
70.0
2.0
137.0
24.0
67.0
135.0
66.0
71.0
68.0
68.0
73.0
84.0
74.0
71.0
75.0
73.0
86.0
66.0
64.0
51.0
79.0
68.0
72.0
66.0
77.0
115.0
72.0
28.0
55.0
120.0
76.0
69.0
38.0
86.0
65.0
95.0
79.0
41.0
61.0
81.0
97.0
43.0
58.0
71.0
59.0
93.0
WT 57
25.0
37.0
53.0
74.0
78.0
66.0
81.0
65.0
59.0
70.0
68.0
83.0
89.0
63.0
76.0
78.0
71.0
83.0
79.0
79.0
65.0
71.0
75.0
70.0
63.0
63.0
62.0
82.0
86.0
70.0
75.0
72.0
77.0
80.0
72.0
70.0
62.0
79.0
68.0
72.0
69.0
85.0
61.0
64.0
73.0
71.0
73.0
73.0
62.0
72.0
80.0
71.0
59.0
58.0
83.0
68.0
77.0
71.0
85.0
92.0
63.0
74.0
57.0
78.0
69.0
62.0
71.0
68.0
64.0
71.0
68.0
71.0
59.0
78.0
75.0
62.0
72.0
80.0
61.0
72.0
WT 58
18.0
38.0
46.0
60.0
78.0
85.0
74.0
58.0
71.0
82.0
62.0
69.0
68.0
79.0
77.0
64.0
81.0
91.0
74.0
73.0
66.0
70.0
74.0
62.0
84.0
64.0
60.0
81.0
76.0
77.0
66.0
96.0
72.0
75.0
73.0
77.0
68.0
82.0
64.0
68.0
84.0
82.0
79.0
73.0
86.0
98.0
75.0
77.0
63.0
75.0
80.0
76.0
64.0
65.0
72.0
72.0
69.0
80.0
80.0
69.0
79.0
69.0
56.0
80.0
86.0
74.0
79.0
77.0
82.0
82.0
72.0
70.0
69.0
87.0
66.0
63.0
68.0
65.0
59.0
68.0
WT 59
24.0
41.0
60.0
36.0
62.0
105.0
29.0
62.0
107.0
39.0
61.0
73.0
101.0
68.0
40.0
80.0
80.0
85.0
74.0
67.0
79.0
70.0
74.0
65.0
69.0
47.0
78.0
89.0
85.0
71.0
63.0
75.0
81.0
66.0
94.0
59.0
81.0
77.0
53.0
92.0
52.0
110.0
72.0
66.0
32.0
109.0
92.0
23.0
72.0
77.0
154.0
2.0
135.0
2.0
68.0
146.0
11.0
81.0
150.0
7.0
72.0
128.0
10.0
107.0
70.0
33.0
151.0
69.0
17.0
64.0
68.0
135.0
65.0
86.0
74.0
55.0
26.0
109.0
59.0
67.0
WT 60
30.0
36.0
41.0
65.0
77.0
41.0
113.0
64.0
20.0
120.0
56.0
77.0
28.0
77.0
94.0
78.0
76.0
81.0
64.0
70.0
62.0
73.0
73.0
67.0
62.0
67.0
55.0
93.0
84.0
74.0
61.0
85.0
65.0
92.0
61.0
90.0
56.0
78.0
81.0
56.0
103.0
38.0
67.0
67.0
111.0
41.0
75.0
142.0
82.0
72.0
3.0
155.0
21.0
133.0
75.0
5.0
162.0
71.0
2.0
138.0
61.0
27.0
98.0
30.0
77.0
126.0
10.0
80.0
144.0
75.0
65.0
9.0
65.0
87.0
77.0
72.0
100.0
49.0
51.0
80.0
WT 61
20.0
48.0
58.0
57.0
72.0
68.0
65.0
61.0
62.0
71.0
69.0
68.0
72.0
76.0
79.0
69.0
72.0
85.0
69.0
72.0
62.0
69.0
80.0
73.0
74.0
59.0
66.0
76.0
76.0
84.0
78.0
78.0
73.0
84.0
77.0
69.0
83.0
84.0
78.0
72.0
77.0
69.0
74.0
69.0
76.0
63.0
84.0
78.0
64.0
75.0
84.0
93.0
58.0
59.0
72.0
62.0
78.0
92.0
85.0
70.0
67.0
76.0
55.0
74.0
84.0
70.0
74.0
79.0
82.0
73.0
68.0
83.0
50.0
83.0
68.0
60.0
59.0
73.0
68.0
64.0
WT 62
15.0
33.0
56.0
53.0
64.0
69.0
70.0
61.0
60.0
70.0
65.0
80.0
68.0
77.0
70.0
69.0
75.0
84.0
69.0
88.0
69.0
76.0
67.0
76.0
60.0
54.0
71.0
80.0
78.0
73.0
60.0
80.0
68.0
72.0
83.0
71.0
67.0
68.0
58.0
78.0
72.0
94.0
60.0
62.0
77.0
75.0
87.0
83.0
83.0
91.0
80.0
84.0
56.0
61.0
63.0
58.0
69.0
59.0
81.0
88.0
83.0
75.0
61.0
76.0
79.0
84.0
69.0
64.0
84.0
82.0
67.0
69.0
56.0
83.0
84.0
65.0
63.0
67.0
69.0
60.0
WT 63
23.0
38.0
48.0
43.0
72.0
67.0
75.0
63.0
62.0
81.0
55.0
83.0
76.0
79.0
70.0
71.0
88.0
85.0
76.0
60.0
71.0
76.0
77.0
77.0
84.0
47.0
63.0
80.0
83.0
78.0
75.0
86.0
76.0
80.0
75.0
84.0
74.0
78.0
78.0
82.0
63.0
81.0
76.0
74.0
74.0
73.0
68.0
75.0
55.0
82.0
71.0
69.0
56.0
56.0
92.0
63.0
81.0
66.0
76.0
87.0
77.0
64.0
55.0
67.0
69.0
85.0
61.0
65.0
80.0
70.0
69.0
75.0
58.0
89.0
79.0
69.0
59.0
70.0
53.0
62.0
