WT 0
20.0
26.0
30.0
35.0
35.0
44.0
48.0
38.0
47.0
35.0
44.0
50.0
37.0
45.0
40.0
40.0
41.0
60.0
35.0
34.0
48.0
48.0
49.0
49.0
45.0
40.0
40.0
28.0
42.0
25.0
52.0
46.0
59.0
40.0
45.0
43.0
47.0
37.0
54.0
40.0
38.0
47.0
45.0
53.0
47.0
48.0
45.0
49.0
45.0
52.0
50.0
43.0
55.0
50.0
43.0
57.0
39.0
43.0
38.0
38.0
40.0
45.0
43.0
46.0
44.0
48.0
49.0
34.0
50.0
32.0
46.0
54.0
60.0
42.0
56.0
41.0
59.0
53.0
47.0
53.0
WT 1
15.0
26.0
25.0
43.0
41.0
39.0
49.0
42.0
49.0
46.0
37.0
46.0
43.0
42.0
41.0
41.0
43.0
43.0
39.0
42.0
49.0
44.0
55.0
43.0
60.0
43.0
38.0
40.0
43.0
19.0
50.0
44.0
55.0
43.0
27.0
45.0
47.0
37.0
46.0
45.0
43.0
38.0
47.0
56.0
47.0
48.0
57.0
59.0
48.0
53.0
52.0
45.0
40.0
42.0
46.0
45.0
43.0
45.0
36.0
38.0
34.0
62.0
40.0
46.0
43.0
46.0
49.0
45.0
44.0
38.0
39.0
47.0
45.0
43.0
49.0
42.0
61.0
51.0
46.0
41.0
WT 2
19.0
30.0
33.0
32.0
42.0
51.0
45.0
36.0
44.0
37.0
52.0
41.0
43.0
51.0
49.0
44.0
44.0
51.0
53.0
36.0
50.0
41.0
36.0
41.0
41.0
39.0
35.0
34.0
41.0
24.0
49.0
45.0
54.0
39.0
33.0
43.0
51.0
35.0
43.0
47.0
44.0
55.0
58.0
50.0
42.0
50.0
51.0
44.0
52.0
47.0
42.0
48.0
45.0
47.0
41.0
41.0
45.0
44.0
36.0
27.0
31.0
52.0
38.0
37.0
54.0
49.0
52.0
53.0
44.0
41.0
46.0
55.0
59.0
41.0
39.0
40.0
49.0
53.0
36.0
56.0
WT 3
17.0
25.0
30.0
36.0
36.0
33.0
45.0
46.0
47.0
42.0
48.0
41.0
48.0
43.0
46.0
42.0
44.0
43.0
37.0
43.0
42.0
55.0
45.0
40.0
49.0
41.0
37.0
33.0
41.0
24.0
52.0
51.0
47.0
42.0
33.0
51.0
44.0
36.0
42.0
47.0
43.0
52.0
41.0
49.0
45.0
50.0
55.0
52.0
50.0
56.0
51.0
45.0
44.0
49.0
45.0
45.0
47.0
41.0
36.0
52.0
38.0
50.0
43.0
40.0
46.0
50.0
49.0
50.0
69.0
41.0
45.0
47.0
48.0
44.0
43.0
40.0
49.0
54.0
36.0
39.0
WT 4
16.0
28.0
28.0
37.0
44.0
16.0
54.0
34.0
44.0
36.0
54.0
51.0
36.0
61.0
44.0
45.0
13.0
45.0
72.0
7.0
69.0
23.0
43.0
64.0
41.0
24.0
68.0
46.0
41.0
12.0
81.0
46.0
54.0
40.0
25.0
46.0
45.0
36.0
62.0
48.0
41.0
49.0
47.0
51.0
49.0
48.0
59.0
50.0
54.0
43.0
58.0
48.0
36.0
45.0
49.0
45.0
49.0
40.0
35.0
46.0
29.0
58.0
40.0
61.0
47.0
43.0
38.0
43.0
68.0
39.0
47.0
44.0
50.0
38.0
31.0
37.0
89.0
14.0
33.0
49.0
WT 5
16.0
26.0
34.0
31.0
34.0
48.0
30.0
42.0
45.0
37.0
48.0
44.0
59.0
20.0
42.0
41.0
78.0
45.0
6.0
72.0
10.0
76.0
47.0
10.0
44.0
73.0
7.0
36.0
44.0
66.0
6.0
51.0
54.0
44.0
26.0
85.0
52.0
40.0
41.0
54.0
31.0
47.0
51.0
46.0
48.0
54.0
51.0
58.0
53.0
55.0
42.0
48.0
42.0
54.0
47.0
41.0
37.0
40.0
40.0
35.0
57.0
50.0
42.0
34.0
45.0
50.0
71.0
44.0
30.0
35.0
43.0
48.0
51.0
50.0
56.0
40.0
21.0
99.0
35.0
40.0
WT 6
16.0
18.0
27.0
34.0
46.0
36.0
38.0
37.0
38.0
36.0
53.0
45.0
36.0
47.0
47.0
46.0
52.0
59.0
33.0
39.0
54.0
48.0
43.0
43.0
37.0
42.0
40.0
33.0
42.0
30.0
42.0
78.0
52.0
53.0
33.0
52.0
48.0
33.0
43.0
45.0
33.0
46.0
41.0
46.0
45.0
57.0
53.0
54.0
46.0
51.0
50.0
43.0
49.0
55.0
42.0
44.0
41.0
38.0
37.0
30.0
36.0
39.0
43.0
40.0
50.0
53.0
55.0
42.0
54.0
42.0
38.0
54.0
47.0
45.0
46.0
39.0
44.0
45.0
30.0
46.0
WT 7
17.0
28.0
28.0
31.0
42.0
40.0
40.0
43.0
45.0
47.0
44.0
44.0
47.0
44.0
40.0
41.0
47.0
48.0
39.0
32.0
38.0
45.0
51.0
39.0
59.0
54.0
46.0
43.0
38.0
45.0
49.0
58.0
49.0
39.0
36.0
48.0
53.0
40.0
48.0
46.0
54.0
56.0
57.0
56.0
47.0
48.0
51.0
43.0
51.0
49.0
45.0
44.0
39.0
50.0
47.0
45.0
51.0
34.0
34.0
31.0
39.0
45.0
36.0
45.0
47.0
50.0
53.0
44.0
48.0
41.0
46.0
51.0
48.0
39.0
48.0
37.0
51.0
45.0
30.0
45.0
WT 8
16.0
25.0
24.0
37.0
43.0
22.0
51.0
49.0
39.0
44.0
38.0
56.0
42.0
42.0
42.0
42.0
49.0
23.0
66.0
41.0
10.0
82.0
48.0
1.0
83.0
8.0
38.0
35.0
81.0
34.0
40.0
13.0
49.0
38.0
30.0
56.0
53.0
40.0
72.0
48.0
42.0
30.0
63.0
41.0
50.0
52.0
51.0
42.0
66.0
47.0
47.0
46.0
51.0
38.0
61.0
50.0
33.0
43.0
54.0
26.0
40.0
59.0
30.0
50.0
49.0
65.0
26.0
52.0
63.0
22.0
47.0
54.0
49.0
40.0
47.0
45.0
46.0
54.0
42.0
11.0
WT 9
15.0
23.0
29.0
38.0
33.0
42.0
33.0
43.0
55.0
34.0
56.0
28.0
46.0
42.0
46.0
35.0
44.0
76.0
3.0
41.0
72.0
9.0
47.0
81.0
15.0
68.0
39.0
41.0
9.0
29.0
45.0
79.0
50.0
45.0
31.0
50.0
51.0
36.0
16.0
57.0
45.0
58.0
32.0
60.0
43.0
51.0
56.0
52.0
39.0
48.0
59.0
50.0
36.0
67.0
40.0
47.0
56.0
48.0
23.0
44.0
40.0
43.0
59.0
45.0
52.0
29.0
68.0
44.0
37.0
52.0
34.0
38.0
44.0
42.0
44.0
37.0
48.0
51.0
36.0
66.0
WT 10
15.0
23.0
27.0
31.0
35.0
32.0
43.0
51.0
54.0
42.0
45.0
41.0
43.0
40.0
41.0
39.0
42.0
47.0
46.0
40.0
41.0
43.0
52.0
35.0
60.0
41.0
55.0
36.0
39.0
22.0
48.0
46.0
51.0
45.0
31.0
42.0
48.0
35.0
47.0
46.0
42.0
49.0
49.0
53.0
41.0
48.0
47.0
48.0
48.0
52.0
41.0
40.0
34.0
57.0
34.0
41.0
45.0
41.0
38.0
34.0
34.0
53.0
41.0
48.0
45.0
40.0
54.0
52.0
52.0
33.0
43.0
52.0
50.0
41.0
44.0
48.0
46.0
49.0
39.0
44.0
WT 11
17.0
25.0
24.0
42.0
41.0
34.0
45.0
36.0
50.0
38.0
54.0
37.0
54.0
45.0
48.0
33.0
43.0
41.0
37.0
35.0
58.0
45.0
32.0
34.0
41.0
39.0
37.0
33.0
71.0
31.0
17.0
46.0
50.0
83.0
2.0
59.0
45.0
29.0
88.0
9.0
94.0
45.0
3.0
94.0
1.0
44.0
106.0
5.0
52.0
106.0
44.0
46.0
46.0
44.0
48.0
39.0
6.0
40.0
76.0
51.0
13.0
45.0
103.0
47.0
17.0
47.0
112.0
16.0
82.0
36.0
18.0
51.0
48.0
46.0
50.0
51.0
43.0
49.0
29.0
61.0
WT 12
18.0
21.0
36.0
31.0
38.0
45.0
30.0
54.0
38.0
48.0
42.0
56.0
27.0
45.0
51.0
49.0
42.0
48.0
37.0
39.0
34.0
44.0
50.0
39.0
46.0
39.0
33.0
38.0
25.0
28.0
75.0
50.0
57.0
9.0
66.0
47.0
48.0
49.0
5.0
101.0
18.0
47.0
101.0
1.0
98.0
51.0
4.0
103.0
53.0
4.0
44.0
51.0
50.0
55.0
42.0
47.0
76.0
43.0
11.0
37.0
105.0
44.0
8.0
42.0
107.0
46.0
7.0
99.0
21.0
44.0
72.0
53.0
49.0
43.0
41.0
40.0
52.0
42.0
37.0
23.0
WT 13
15.0
30.0
33.0
38.0
41.0
31.0
53.0
32.0
50.0
46.0
39.0
46.0
60.0
47.0
45.0
33.0
45.0
46.0
44.0
46.0
45.0
40.0
45.0
43.0
38.0
41.0
40.0
35.0
35.0
44.0
26.0
67.0
50.0
31.0
51.0
32.0
42.0
60.0
52.0
8.0
81.0
2.0
44.0
108.0
46.0
53.0
53.0
51.0
14.0
114.0
46.0
21.0
101.0
47.0
48.0
46.0
55.0
41.0
37.0
35.0
25.0
110.0
43.0
48.0
49.0
45.0
21.0
68.0
56.0
40.0
18.0
69.0
57.0
48.0
51.0
38.0
49.0
23.0
62.0
39.0
WT 14
14.0
34.0
32.0
31.0
45.0
32.0
43.0
42.0
46.0
50.0
55.0
46.0
41.0
41.0
44.0
62.0
41.0
43.0
35.0
39.0
41.0
55.0
44.0
33.0
41.0
51.0
43.0
38.0
37.0
8.0
68.0
27.0
51.0
64.0
19.0
67.0
45.0
14.0
39.0
84.0
3.0
92.0
49.0
7.0
52.0
53.0
55.0
43.0
114.0
20.0
48.0
106.0
23.0
57.0
41.0
43.0
46.0
43.0
40.0
35.0
103.0
15.0
44.0
56.0
54.0
58.0
76.0
26.0
47.0
38.0
70.0
32.0
50.0
46.0
53.0
44.0
45.0
69.0
14.0
46.0
WT 15
26.0
29.0
26.0
37.0
39.0
32.0
42.0
45.0
50.0
50.0
45.0
41.0
42.0
44.0
44.0
39.0
43.0
47.0
41.0
43.0
47.0
46.0
45.0
42.0
45.0
40.0
40.0
29.0
39.0
30.0
44.0
54.0
49.0
47.0
36.0
53.0
60.0
37.0
52.0
48.0
42.0
39.0
46.0
56.0
51.0
50.0
55.0
53.0
52.0
49.0
54.0
42.0
40.0
52.0
44.0
39.0
60.0
43.0
40.0
32.0
38.0
44.0
48.0
45.0
53.0
47.0
59.0
57.0
47.0
50.0
46.0
42.0
50.0
38.0
47.0
38.0
47.0
52.0
54.0
42.0
WT 16
13.0
24.0
39.0
32.0
44.0
34.0
42.0
39.0
43.0
51.0
41.0
36.0
43.0
42.0
44.0
46.0
45.0
48.0
41.0
34.0
50.0
45.0
47.0
47.0
46.0
40.0
36.0
31.0
41.0
21.0
56.0
50.0
46.0
39.0
27.0
54.0
48.0
33.0
45.0
45.0
36.0
43.0
46.0
51.0
44.0
45.0
54.0
65.0
50.0
52.0
52.0
34.0
43.0
54.0
43.0
47.0
45.0
41.0
35.0
33.0
43.0
42.0
37.0
44.0
49.0
45.0
58.0
45.0
52.0
32.0
40.0
48.0
48.0
34.0
46.0
40.0
41.0
47.0
41.0
42.0
WT 17
17.0
26.0
37.0
31.0
50.0
41.0
46.0
41.0
50.0
40.0
45.0
35.0
45.0
39.0
60.0
41.0
39.0
50.0
36.0
39.0
45.0
44.0
40.0
39.0
48.0
42.0
40.0
28.0
37.0
27.0
55.0
53.0
66.0
39.0
34.0
50.0
57.0
44.0
45.0
48.0
40.0
43.0
41.0
57.0
48.0
44.0
45.0
52.0
46.0
46.0
46.0
44.0
39.0
58.0
44.0
40.0
42.0
47.0
40.0
41.0
38.0
49.0
39.0
52.0
60.0
53.0
52.0
41.0
53.0
38.0
39.0
51.0
52.0
53.0
46.0
37.0
43.0
47.0
35.0
42.0
WT 18
16.0
28.0
28.0
33.0
37.0
39.0
38.0
37.0
47.0
42.0
45.0
45.0
36.0
47.0
42.0
44.0
42.0
47.0
35.0
39.0
43.0
39.0
61.0
42.0
51.0
49.0
39.0
36.0
38.0
25.0
41.0
54.0
45.0
37.0
30.0
46.0
45.0
39.0
39.0
43.0
34.0
47.0
49.0
51.0
50.0
47.0
52.0
43.0
54.0
48.0
47.0
46.0
42.0
52.0
44.0
41.0
41.0
51.0
57.0
46.0
47.0
45.0
37.0
49.0
44.0
54.0
49.0
43.0
49.0
35.0
40.0
43.0
49.0
44.0
44.0
36.0
45.0
45.0
36.0
43.0
WT 19
19.0
21.0
29.0
49.0
22.0
36.0
49.0
49.0
44.0
46.0
44.0
7.0
38.0
40.0
85.0
53.0
1.0
46.0
105.0
27.0
116.0
42.0
32.0
37.0
113.0
20.0
107.0
27.0
21.0
26.0
118.0
14.0
50.0
141.0
64.0
49.0
47.0
40.0
135.0
47.0
37.0
53.0
125.0
24.0
42.0
117.0
49.0
12.0
113.0
4.0
50.0
103.0
40.0
8.0
49.0
93.0
6.0
94.0
35.0
13.0
47.0
90.0
8.0
98.0
49.0
39.0
10.0
43.0
48.0
37.0
52.0
87.0
52.0
53.0
1.0
41.0
45.0
48.0
88.0
48.0
WT 20
13.0
31.0
43.0
18.0
45.0
31.0
31.0
34.0
46.0
43.0
45.0
70.0
38.0
40.0
19.0
35.0
97.0
56.0
16.0
114.0
28.0
33.0
121.0
34.0
25.0
107.0
25.0
29.0
120.0
23.0
18.0
119.0
55.0
26.0
123.0
52.0
48.0
31.0
47.0
132.0
40.0
43.0
26.0
120.0
46.0
23.0
52.0
111.0
10.0
115.0
53.0
16.0
39.0
108.0
40.0
5.0
97.0
9.0
39.0
83.0
59.0
8.0
93.0
9.0
42.0
53.0
96.0
37.0
69.0
33.0
40.0
11.0
52.0
36.0
97.0
43.0
50.0
52.0
13.0
54.0
WT 21
22.0
28.0
25.0
36.0
44.0
30.0
38.0
56.0
25.0
35.0
48.0
42.0
35.0
46.0
47.0
38.0
69.0
19.0
46.0
47.0
46.0
42.0
58.0
37.0
58.0
38.0
39.0
36.0
47.0
30.0
43.0
43.0
53.0
41.0
29.0
57.0
41.0
42.0
43.0
49.0
43.0
40.0
59.0
47.0
46.0
32.0
54.0
60.0
48.0
41.0
48.0
52.0
35.0
53.0
51.0
42.0
46.0
40.0
38.0
36.0
48.0
44.0
44.0
33.0
49.0
66.0
30.0
65.0
47.0
38.0
39.0
43.0
27.0
61.0
22.0
55.0
32.0
83.0
0.0
86.0
WT 22
17.0
24.0
37.0
33.0
50.0
30.0
43.0
31.0
53.0
43.0
46.0
43.0
43.0
47.0
45.0
41.0
11.0
69.0
38.0
38.0
43.0
45.0
62.0
43.0
43.0
41.0
41.0
38.0
45.0
24.0
39.0
52.0
46.0
43.0
35.0
41.0
57.0
32.0
45.0
41.0
41.0
58.0
38.0
54.0
42.0
61.0
47.0
35.0
53.0
61.0
49.0
33.0
53.0
50.0
43.0
42.0
45.0
45.0
33.0
43.0
36.0
44.0
40.0
57.0
52.0
29.0
69.0
23.0
51.0
33.0
45.0
50.0
58.0
19.0
62.0
21.0
82.0
13.0
78.0
1.0
WT 23
15.0
24.0
27.0
35.0
56.0
33.0
43.0
35.0
45.0
50.0
45.0
51.0
47.0
40.0
44.0
42.0
40.0
46.0
42.0
38.0
50.0
46.0
44.0
37.0
41.0
41.0
38.0
33.0
42.0
24.0
45.0
52.0
51.0
40.0
37.0
54.0
59.0
35.0
40.0
45.0
45.0
40.0
45.0
53.0
41.0
53.0
56.0
48.0
54.0
57.0
54.0
50.0
49.0
54.0
43.0
59.0
44.0
40.0
37.0
37.0
33.0
46.0
39.0
48.0
46.0
49.0
56.0
48.0
60.0
41.0
35.0
45.0
43.0
42.0
46.0
44.0
50.0
46.0
36.0
45.0
WT 24
15.0
25.0
24.0
35.0
35.0
34.0
42.0
43.0
43.0
43.0
46.0
49.0
40.0
46.0
44.0
42.0
46.0
46.0
41.0
37.0
47.0
38.0
44.0
44.0
41.0
50.0
38.0
34.0
38.0
28.0
46.0
49.0
47.0
47.0
36.0
44.0
53.0
34.0
46.0
54.0
43.0
48.0
51.0
56.0
49.0
53.0
54.0
49.0
53.0
44.0
45.0
45.0
45.0
56.0
40.0
43.0
44.0
53.0
43.0
36.0
43.0
47.0
40.0
44.0
59.0
48.0
55.0
45.0
42.0
36.0
40.0
54.0
51.0
39.0
40.0
39.0
43.0
48.0
39.0
45.0
WT 25
16.0
37.0
33.0
43.0
30.0
48.0
39.0
44.0
38.0
49.0
48.0
45.0
40.0
40.0
43.0
43.0
48.0
41.0
38.0
40.0
48.0
45.0
36.0
44.0
52.0
40.0
47.0
37.0
39.0
31.0
48.0
57.0
50.0
39.0
52.0
48.0
54.0
41.0
44.0
49.0
39.0
44.0
52.0
48.0
54.0
55.0
52.0
49.0
49.0
54.0
49.0
43.0
53.0
47.0
43.0
42.0
46.0
33.0
38.0
35.0
37.0
51.0
59.0
47.0
42.0
48.0
53.0
46.0
65.0
31.0
47.0
48.0
48.0
38.0
51.0
56.0
39.0
51.0
36.0
41.0
WT 26
11.0
27.0
24.0
36.0
44.0
38.0
39.0
39.0
53.0
40.0
55.0
37.0
43.0
49.0
43.0
52.0
49.0
48.0
45.0
35.0
41.0
49.0
41.0
41.0
48.0
42.0
38.0
37.0
43.0
26.0
50.0
48.0
54.0
52.0
37.0
62.0
42.0
31.0
41.0
44.0
40.0
42.0
43.0
49.0
46.0
46.0
58.0
46.0
50.0
49.0
49.0
42.0
41.0
46.0
51.0
36.0
53.0
39.0
38.0
43.0
39.0
58.0
35.0
40.0
42.0
47.0
53.0
41.0
50.0
35.0
40.0
48.0
49.0
39.0
46.0
35.0
47.0
53.0
49.0
42.0
WT 27
19.0
16.0
25.0
29.0
35.0
35.0
46.0
41.0
49.0
44.0
47.0
54.0
48.0
46.0
46.0
47.0
47.0
52.0
46.0
37.0
48.0
54.0
42.0
41.0
49.0
43.0
36.0
33.0
39.0
24.0
46.0
53.0
60.0
41.0
34.0
43.0
47.0
35.0
44.0
43.0
44.0
46.0
43.0
52.0
42.0
47.0
48.0
53.0
51.0
49.0
49.0
45.0
50.0
65.0
41.0
33.0
51.0
42.0
42.0
35.0
31.0
47.0
47.0
43.0
52.0
54.0
46.0
50.0
45.0
32.0
44.0
51.0
51.0
41.0
44.0
43.0
69.0
52.0
35.0
41.0
WT 28
13.0
29.0
35.0
27.0
60.0
41.0
39.0
38.0
39.0
42.0
53.0
50.0
44.0
49.0
51.0
42.0
41.0
53.0
40.0
28.0
50.0
51.0
44.0
36.0
50.0
36.0
55.0
33.0
50.0
25.0
20.0
79.0
56.0
17.0
62.0
21.0
80.0
45.0
14.0
47.0
82.0
12.0
81.0
19.0
78.0
45.0
49.0
56.0
47.0
52.0
47.0
37.0
38.0
75.0
14.0
42.0
89.0
45.0
36.0
19.0
42.0
119.0
28.0
53.0
90.0
8.0
82.0
31.0
52.0
60.0
40.0
35.0
60.0
42.0
47.0
39.0
51.0
55.0
29.0
39.0
WT 29
24.0
24.0
23.0
38.0
37.0
56.0
51.0
37.0
41.0
49.0
48.0
44.0
48.0
41.0
39.0
44.0
50.0
48.0
34.0
46.0
43.0
48.0
46.0
43.0
38.0
52.0
19.0
38.0
42.0
27.0
70.0
28.0
53.0
73.0
11.0
82.0
16.0
36.0
85.0
46.0
11.0
84.0
16.0
82.0
20.0
56.0
62.0
55.0
56.0
39.0
46.0
55.0
42.0
32.0
82.0
47.0
2.0
44.0
32.0
92.0
39.0
8.0
103.0
40.0
2.0
83.0
16.0
84.0
51.0
16.0
46.0
73.0
48.0
43.0
43.0
40.0
42.0
58.0
34.0
53.0
WT 30
15.0
22.0
46.0
29.0
28.0
30.0
40.0
35.0
44.0
45.0
78.0
38.0
43.0
42.0
51.0
45.0
51.0
52.0
43.0
48.0
24.0
43.0
68.0
9.0
73.0
30.0
50.0
23.0
45.0
24.0
43.0
65.0
41.0
62.0
2.0
52.0
55.0
35.0
65.0
43.0
35.0
46.0
19.0
91.0
51.0
12.0
49.0
77.0
33.0
68.0
30.0
66.0
48.0
24.0
45.0
44.0
46.0
44.0
62.0
20.0
55.0
48.0
50.0
9.0
48.0
60.0
50.0
83.0
58.0
36.0
9.0
95.0
44.0
2.0
49.0
37.0
89.0
8.0
37.0
83.0
WT 31
15.0
26.0
32.0
34.0
52.0
33.0
41.0
38.0
47.0
47.0
22.0
53.0
50.0
56.0
35.0
37.0
62.0
48.0
33.0
41.0
68.0
45.0
14.0
65.0
29.0
63.0
23.0
44.0
46.0
24.0
52.0
39.0
73.0
11.0
57.0
50.0
49.0
36.0
20.0
46.0
39.0
41.0
74.0
19.0
57.0
78.0
46.0
30.0
66.0
37.0
63.0
22.0
40.0
94.0
50.0
37.0
41.0
40.0
13.0
59.0
19.0
49.0
35.0
82.0
55.0
42.0
56.0
13.0
50.0
34.0
87.0
0.0
47.0
80.0
46.0
43.0
4.0
89.0
40.0
2.0
WT 32
16.0
22.0
34.0
32.0
51.0
39.0
52.0
39.0
36.0
42.0
41.0
46.0
57.0
49.0
49.0
58.0
43.0
45.0
29.0
38.0
44.0
51.0
41.0
42.0
48.0
48.0
39.0
34.0
40.0
28.0
58.0
43.0
52.0
45.0
35.0
45.0
48.0
41.0
56.0
47.0
35.0
46.0
43.0
52.0
48.0
47.0
53.0
56.0
50.0
56.0
51.0
40.0
40.0
54.0
41.0
41.0
49.0
46.0
53.0
33.0
45.0
45.0
44.0
46.0
50.0
47.0
54.0
43.0
58.0
38.0
43.0
50.0
46.0
43.0
43.0
33.0
51.0
63.0
31.0
49.0
WT 33
13.0
21.0
23.0
32.0
38.0
35.0
54.0
45.0
40.0
37.0
41.0
38.0
37.0
47.0
48.0
46.0
41.0
51.0
38.0
40.0
44.0
43.0
46.0
38.0
54.0
46.0
33.0
42.0
36.0
26.0
50.0
52.0
56.0
40.0
36.0
46.0
46.0
36.0
52.0
44.0
37.0
44.0
43.0
47.0
51.0
59.0
50.0
46.0
51.0
55.0
51.0
48.0
34.0
46.0
40.0
33.0
49.0
40.0
39.0
36.0
34.0
52.0
43.0
44.0
44.0
45.0
61.0
46.0
51.0
37.0
45.0
50.0
50.0
47.0
48.0
42.0
64.0
48.0
38.0
47.0
WT 34
14.0
28.0
32.0
60.0
38.0
50.0
39.0
43.0
44.0
45.0
40.0
52.0
49.0
46.0
38.0
41.0
41.0
55.0
45.0
43.0
46.0
37.0
54.0
43.0
49.0
47.0
34.0
40.0
38.0
28.0
45.0
48.0
50.0
41.0
33.0
51.0
47.0
31.0
50.0
47.0
38.0
45.0
44.0
52.0
59.0
54.0
53.0
50.0
48.0
46.0
53.0
47.0
41.0
52.0
52.0
44.0
46.0
42.0
37.0
38.0
39.0
65.0
39.0
52.0
45.0
47.0
49.0
48.0
48.0
39.0
40.0
53.0
53.0
42.0
63.0
43.0
41.0
47.0
37.0
46.0
WT 35
17.0
30.0
28.0
34.0
35.0
35.0
45.0
38.0
43.0
54.0
48.0
37.0
43.0
43.0
40.0
41.0
44.0
53.0
37.0
37.0
45.0
47.0
45.0
40.0
62.0
43.0
45.0
39.0
40.0
28.0
43.0
44.0
52.0
50.0
32.0
60.0
52.0
36.0
40.0
45.0
40.0
44.0
44.0
51.0
43.0
49.0
48.0
53.0
53.0
48.0
46.0
47.0
44.0
52.0
44.0
40.0
43.0
41.0
32.0
34.0
37.0
44.0
48.0
44.0
59.0
50.0
52.0
46.0
53.0
34.0
44.0
52.0
58.0
44.0
47.0
37.0
46.0
50.0
39.0
43.0
WT 36
14.0
27.0
25.0
41.0
45.0
36.0
49.0
46.0
49.0
43.0
47.0
42.0
35.0
38.0
38.0
35.0
43.0
46.0
36.0
38.0
49.0
39.0
50.0
36.0
44.0
43.0
42.0
31.0
48.0
20.0
47.0
52.0
54.0
46.0
27.0
57.0
52.0
34.0
53.0
44.0
42.0
42.0
47.0
43.0
50.0
54.0
56.0
56.0
48.0
50.0
46.0
41.0
40.0
53.0
52.0
62.0
48.0
45.0
41.0
36.0
48.0
49.0
45.0
52.0
46.0
48.0
45.0
50.0
47.0
31.0
40.0
48.0
43.0
42.0
43.0
36.0
39.0
54.0
47.0
43.0
WT 37
19.0
31.0
26.0
40.0
41.0
30.0
46.0
29.0
48.0
40.0
54.0
53.0
43.0
50.0
46.0
56.0
37.0
57.0
35.0
48.0
41.0
49.0
44.0
43.0
56.0
42.0
37.0
40.0
36.0
23.0
41.0
53.0
58.0
58.0
35.0
48.0
52.0
38.0
40.0
40.0
41.0
38.0
56.0
57.0
41.0
57.0
62.0
49.0
53.0
50.0
54.0
41.0
45.0
52.0
43.0
46.0
51.0
37.0
35.0
32.0
49.0
54.0
44.0
50.0
48.0
54.0
51.0
49.0
42.0
38.0
47.0
54.0
49.0
40.0
45.0
39.0
41.0
48.0
29.0
51.0
WT 38
15.0
28.0
35.0
37.0
34.0
32.0
44.0
54.0
35.0
52.0
38.0
45.0
44.0
58.0
43.0
33.0
54.0
39.0
36.0
39.0
42.0
35.0
56.0
35.0
44.0
46.0
14.0
33.0
39.0
81.0
46.0
9.0
54.0
38.0
28.0
51.0
95.0
13.0
97.0
13.0
42.0
41.0
50.0
119.0
20.0
58.0
114.0
46.0
8.0
46.0
44.0
105.0
21.0
111.0
6.0
36.0
109.0
44.0
17.0
39.0
31.0
122.0
59.0
47.0
143.0
46.0
66.0
49.0
47.0
34.0
64.0
154.0
47.0
37.0
45.0
43.0
78.0
55.0
138.0
50.0
WT 39
14.0
29.0
35.0
35.0
42.0
27.0
52.0
34.0
49.0
39.0
62.0
43.0
45.0
31.0
47.0
52.0
37.0
49.0
33.0
42.0
42.0
43.0
31.0
35.0
46.0
39.0
67.0
45.0
47.0
20.0
52.0
93.0
53.0
43.0
37.0
45.0
1.0
87.0
15.0
115.0
47.0
43.0
46.0
28.0
125.0
54.0
16.0
50.0
110.0
47.0
45.0
17.0
105.0
7.0
92.0
45.0
5.0
45.0
99.0
40.0
41.0
18.0
44.0
136.0
42.0
48.0
56.0
49.0
46.0
32.0
141.0
58.0
51.0
47.0
55.0
36.0
62.0
155.0
61.0
147.0
WT 40
16.0
30.0
29.0
35.0
34.0
41.0
43.0
44.0
42.0
37.0
40.0
37.0
40.0
45.0
48.0
39.0
46.0
50.0
51.0
42.0
43.0
39.0
53.0
41.0
59.0
45.0
33.0
40.0
36.0
26.0
49.0
56.0
47.0
42.0
38.0
58.0
46.0
37.0
38.0
42.0
37.0
39.0
40.0
55.0
47.0
64.0
46.0
54.0
49.0
47.0
45.0
42.0
38.0
46.0
42.0
45.0
41.0
42.0
38.0
33.0
39.0
46.0
37.0
42.0
44.0
46.0
56.0
40.0
55.0
29.0
40.0
50.0
42.0
44.0
48.0
37.0
50.0
53.0
39.0
44.0
WT 41
15.0
21.0
33.0
36.0
44.0
34.0
33.0
43.0
40.0
41.0
53.0
51.0
46.0
41.0
46.0
53.0
37.0
49.0
47.0
33.0
44.0
47.0
43.0
41.0
39.0
46.0
39.0
34.0
42.0
24.0
48.0
51.0
51.0
48.0
32.0
48.0
50.0
34.0
38.0
47.0
40.0
39.0
50.0
50.0
48.0
45.0
48.0
65.0
53.0
51.0
57.0
38.0
41.0
43.0
45.0
44.0
44.0
34.0
37.0
39.0
46.0
46.0
40.0
41.0
62.0
47.0
48.0
49.0
52.0
34.0
38.0
48.0
50.0
41.0
52.0
38.0
44.0
51.0
44.0
41.0
WT 42
17.0
26.0
29.0
42.0
36.0
39.0
43.0
38.0
47.0
42.0
50.0
46.0
41.0
40.0
47.0
41.0
42.0
41.0
38.0
37.0
47.0
40.0
41.0
43.0
41.0
46.0
38.0
35.0
42.0
27.0
52.0
50.0
45.0
44.0
28.0
50.0
48.0
34.0
49.0
42.0
41.0
47.0
40.0
47.0
42.0
48.0
50.0
48.0
52.0
45.0
45.0
43.0
40.0
52.0
45.0
38.0
45.0
43.0
43.0
34.0
33.0
44.0
41.0
47.0
49.0
42.0
48.0
49.0
53.0
33.0
47.0
49.0
51.0
45.0
50.0
40.0
49.0
54.0
33.0
41.0
WT 43
13.0
34.0
30.0
39.0
35.0
29.0
40.0
42.0
41.0
41.0
44.0
41.0
42.0
36.0
41.0
38.0
49.0
39.0
39.0
47.0
49.0
41.0
38.0
42.0
46.0
48.0
40.0
43.0
40.0
25.0
43.0
50.0
49.0
44.0
40.0
44.0
50.0
40.0
52.0
46.0
34.0
41.0
46.0
49.0
52.0
56.0
49.0
45.0
61.0
43.0
50.0
48.0
35.0
59.0
58.0
48.0
41.0
44.0
34.0
37.0
34.0
55.0
45.0
43.0
44.0
44.0
52.0
52.0
59.0
34.0
46.0
52.0
46.0
43.0
45.0
38.0
47.0
48.0
44.0
41.0
WT 44
19.0
28.0
22.0
36.0
32.0
33.0
43.0
40.0
39.0
44.0
44.0
44.0
46.0
50.0
45.0
41.0
47.0
47.0
34.0
39.0
58.0
39.0
57.0
43.0
45.0
52.0
37.0
38.0
40.0
22.0
49.0
49.0
49.0
42.0
57.0
43.0
54.0
45.0
50.0
50.0
38.0
49.0
49.0
46.0
50.0
51.0
44.0
47.0
46.0
43.0
51.0
45.0
46.0
45.0
40.0
38.0
45.0
52.0
34.0
40.0
36.0
48.0
42.0
42.0
58.0
46.0
48.0
43.0
54.0
30.0
34.0
48.0
48.0
46.0
52.0
33.0
52.0
49.0
36.0
48.0
WT 45
13.0
29.0
23.0
36.0
48.0
33.0
41.0
40.0
37.0
45.0
41.0
45.0
39.0
39.0
47.0
51.0
50.0
45.0
36.0
36.0
46.0
48.0
47.0
39.0
43.0
40.0
37.0
45.0
40.0
23.0
43.0
53.0
48.0
47.0
31.0
47.0
46.0
47.0
39.0
45.0
47.0
44.0
44.0
47.0
40.0
50.0
56.0
48.0
45.0
47.0
47.0
37.0
41.0
50.0
46.0
46.0
50.0
37.0
40.0
27.0
44.0
42.0
33.0
40.0
45.0
49.0
53.0
44.0
57.0
31.0
41.0
43.0
44.0
47.0
39.0
45.0
44.0
42.0
36.0
45.0
WT 46
13.0
16.0
21.0
36.0
42.0
37.0
41.0
41.0
42.0
48.0
41.0
51.0
47.0
45.0
37.0
39.0
43.0
52.0
37.0
38.0
43.0
45.0
51.0
46.0
44.0
42.0
40.0
31.0
40.0
26.0
48.0
45.0
47.0
40.0
34.0
49.0
47.0
42.0
45.0
45.0
38.0
44.0
49.0
48.0
45.0
49.0
52.0
48.0
45.0
56.0
58.0
46.0
39.0
43.0
41.0
42.0
44.0
46.0
39.0
40.0
38.0
49.0
41.0
44.0
56.0
43.0
63.0
49.0
53.0
38.0
43.0
48.0
55.0
34.0
55.0
54.0
58.0
47.0
35.0
42.0
WT 47
17.0
27.0
29.0
25.0
47.0
37.0
41.0
42.0
44.0
39.0
44.0
41.0
40.0
39.0
42.0
49.0
44.0
47.0
38.0
34.0
42.0
41.0
48.0
41.0
47.0
43.0
37.0
39.0
37.0
27.0
49.0
49.0
50.0
42.0
25.0
69.0
44.0
32.0
48.0
44.0
37.0
44.0
47.0
52.0
47.0
51.0
55.0
52.0
57.0
47.0
49.0
44.0
38.0
50.0
44.0
40.0
39.0
41.0
38.0
40.0
54.0
46.0
37.0
51.0
43.0
52.0
43.0
48.0
52.0
36.0
38.0
50.0
56.0
45.0
54.0
33.0
50.0
44.0
36.0
45.0
WT 48
12.0
34.0
41.0
34.0
56.0
49.0
37.0
31.0
47.0
45.0
51.0
51.0
40.0
39.0
44.0
41.0
37.0
48.0
38.0
38.0
44.0
41.0
37.0
45.0
46.0
48.0
34.0
35.0
47.0
23.0
54.0
51.0
51.0
40.0
37.0
46.0
48.0
38.0
36.0
42.0
36.0
38.0
52.0
50.0
43.0
56.0
50.0
43.0
52.0
51.0
45.0
38.0
39.0
53.0
44.0
49.0
48.0
46.0
41.0
38.0
40.0
47.0
40.0
57.0
42.0
42.0
52.0
68.0
46.0
38.0
36.0
52.0
53.0
46.0
40.0
43.0
51.0
48.0
44.0
46.0
WT 49
15.0
31.0
31.0
35.0
40.0
29.0
39.0
44.0
41.0
44.0
51.0
42.0
46.0
43.0
45.0
41.0
46.0
48.0
37.0
41.0
43.0
45.0
45.0
44.0
53.0
47.0
40.0
28.0
38.0
22.0
43.0
60.0
50.0
42.0
36.0
62.0
48.0
31.0
59.0
50.0
39.0
44.0
48.0
48.0
47.0
61.0
48.0
53.0
56.0
49.0
53.0
43.0
36.0
47.0
56.0
36.0
48.0
42.0
39.0
35.0
46.0
49.0
58.0
43.0
57.0
46.0
56.0
43.0
48.0
31.0
44.0
49.0
48.0
37.0
40.0
40.0
49.0
44.0
40.0
41.0
WT 50
27.0
25.0
23.0
39.0
54.0
22.0
41.0
36.0
48.0
40.0
46.0
41.0
46.0
51.0
43.0
43.0
37.0
45.0
40.0
38.0
51.0
41.0
46.0
42.0
39.0
43.0
36.0
30.0
45.0
27.0
49.0
46.0
48.0
49.0
27.0
53.0
54.0
30.0
34.0
51.0
36.0
46.0
45.0
53.0
41.0
52.0
48.0
50.0
49.0
67.0
50.0
39.0
48.0
50.0
45.0
38.0
44.0
41.0
31.0
38.0
49.0
55.0
39.0
40.0
41.0
46.0
48.0
46.0
54.0
32.0
48.0
58.0
52.0
44.0
46.0
44.0
49.0
47.0
42.0
43.0
WT 51
16.0
21.0
33.0
39.0
33.0
33.0
53.0
46.0
51.0
42.0
47.0
46.0
43.0
43.0
53.0
49.0
40.0
44.0
38.0
35.0
41.0
47.0
52.0
40.0
50.0
48.0
40.0
32.0
39.0
24.0
44.0
50.0
52.0
41.0
47.0
49.0
46.0
50.0
38.0
45.0
47.0
48.0
47.0
51.0
53.0
66.0
47.0
48.0
58.0
45.0
48.0
46.0
45.0
67.0
47.0
42.0
45.0
40.0
37.0
35.0
33.0
41.0
42.0
40.0
49.0
47.0
56.0
37.0
48.0
34.0
39.0
49.0
51.0
43.0
46.0
37.0
53.0
41.0
42.0
54.0
WT 52
16.0
36.0
31.0
31.0
44.0
33.0
47.0
40.0
53.0
38.0
47.0
39.0
45.0
47.0
50.0
42.0
44.0
57.0
37.0
38.0
46.0
41.0
48.0
43.0
58.0
34.0
39.0
31.0
37.0
20.0
41.0
54.0
50.0
44.0
29.0
58.0
47.0
38.0
43.0
51.0
38.0
46.0
48.0
56.0
49.0
56.0
43.0
45.0
54.0
48.0
51.0
41.0
34.0
55.0
42.0
51.0
38.0
41.0
35.0
39.0
56.0
52.0
41.0
44.0
54.0
40.0
56.0
43.0
45.0
34.0
48.0
51.0
47.0
44.0
48.0
35.0
43.0
49.0
38.0
42.0
WT 53
13.0
28.0
30.0
32.0
38.0
36.0
40.0
43.0
38.0
41.0
42.0
42.0
40.0
38.0
40.0
44.0
47.0
45.0
30.0
41.0
40.0
41.0
47.0
38.0
42.0
37.0
38.0
36.0
38.0
40.0
52.0
48.0
53.0
41.0
31.0
50.0
44.0
30.0
50.0
40.0
43.0
50.0
42.0
50.0
49.0
52.0
52.0
46.0
59.0
48.0
48.0
48.0
49.0
60.0
47.0
38.0
49.0
38.0
38.0
34.0
39.0
54.0
40.0
42.0
47.0
43.0
46.0
39.0
43.0
37.0
42.0
51.0
47.0
43.0
53.0
38.0
40.0
50.0
46.0
63.0
WT 54
12.0
31.0
32.0
31.0
39.0
33.0
38.0
56.0
37.0
46.0
41.0
32.0
48.0
43.0
49.0
40.0
36.0
50.0
38.0
34.0
40.0
39.0
37.0
41.0
37.0
41.0
40.0
32.0
38.0
25.0
50.0
64.0
58.0
46.0
36.0
52.0
48.0
38.0
48.0
48.0
42.0
38.0
45.0
57.0
46.0
47.0
59.0
64.0
51.0
44.0
51.0
46.0
43.0
55.0
44.0
44.0
50.0
40.0
34.0
34.0
36.0
54.0
49.0
47.0
53.0
51.0
50.0
47.0
51.0
45.0
43.0
59.0
46.0
46.0
44.0
44.0
41.0
57.0
41.0
42.0
WT 55
19.0
18.0
30.0
48.0
17.0
47.0
65.0
14.0
42.0
47.0
46.0
71.0
48.0
4.0
46.0
41.0
97.0
5.0
78.0
34.0
44.0
42.0
2.0
87.0
8.0
49.0
40.0
40.0
40.0
77.0
39.0
49.0
3.0
37.0
103.0
32.0
119.0
38.0
48.0
44.0
38.0
50.0
32.0
150.0
44.0
49.0
52.0
52.0
50.0
154.0
55.0
44.0
137.0
41.0
30.0
114.0
42.0
40.0
30.0
38.0
33.0
43.0
43.0
51.0
44.0
132.0
29.0
119.0
13.0
97.0
14.0
107.0
1.0
42.0
98.0
39.0
45.0
46.0
35.0
2.0
WT 56
16.0
26.0
37.0
18.0
62.0
33.0
24.0
67.0
51.0
42.0
47.0
8.0
43.0
86.0
51.0
42.0
1.0
97.0
11.0
38.0
39.0
43.0
90.0
5.0
96.0
49.0
41.0
36.0
45.0
35.0
44.0
52.0
97.0
52.0
39.0
120.0
28.0
40.0
42.0
43.0
36.0
48.0
129.0
34.0
43.0
58.0
50.0
46.0
157.0
53.0
147.0
43.0
54.0
54.0
125.0
36.0
43.0
45.0
106.0
43.0
45.0
45.0
44.0
46.0
47.0
38.0
137.0
32.0
118.0
27.0
105.0
3.0
100.0
40.0
2.0
35.0
46.0
52.0
39.0
95.0
WT 57
18.0
24.0
31.0
37.0
43.0
33.0
35.0
41.0
43.0
40.0
50.0
40.0
37.0
47.0
50.0
46.0
44.0
42.0
44.0
35.0
43.0
45.0
40.0
32.0
39.0
43.0
36.0
34.0
43.0
27.0
51.0
66.0
50.0
39.0
26.0
52.0
55.0
37.0
41.0
56.0
36.0
48.0
47.0
46.0
48.0
52.0
49.0
48.0
49.0
44.0
54.0
46.0
38.0
42.0
58.0
46.0
42.0
43.0
29.0
38.0
32.0
46.0
43.0
51.0
48.0
44.0
46.0
46.0
45.0
37.0
44.0
46.0
41.0
38.0
58.0
37.0
63.0
52.0
33.0
46.0
WT 58
15.0
28.0
27.0
32.0
34.0
36.0
41.0
41.0
40.0
52.0
49.0
50.0
39.0
46.0
44.0
45.0
43.0
46.0
40.0
34.0
48.0
43.0
47.0
43.0
50.0
43.0
47.0
37.0
39.0
18.0
41.0
57.0
47.0
39.0
32.0
57.0
54.0
32.0
54.0
47.0
31.0
42.0
43.0
55.0
38.0
55.0
51.0
56.0
49.0
50.0
44.0
45.0
38.0
52.0
42.0
48.0
49.0
44.0
37.0
38.0
31.0
47.0
46.0
43.0
62.0
43.0
48.0
44.0
55.0
40.0
39.0
48.0
48.0
50.0
38.0
37.0
41.0
45.0
38.0
43.0
WT 59
11.0
24.0
31.0
30.0
46.0
28.0
37.0
52.0
43.0
45.0
43.0
39.0
48.0
46.0
44.0
59.0
45.0
48.0
2.0
52.0
38.0
64.0
18.0
47.0
86.0
35.0
8.0
63.0
40.0
28.0
23.0
55.0
52.0
68.0
4.0
54.0
78.0
1.0
35.0
91.0
36.0
28.0
49.0
62.0
30.0
55.0
66.0
45.0
48.0
51.0
51.0
40.0
36.0
45.0
49.0
42.0
56.0
26.0
40.0
68.0
1.0
93.0
43.0
8.0
98.0
49.0
49.0
8.0
112.0
29.0
111.0
21.0
116.0
33.0
115.0
30.0
113.0
47.0
18.0
119.0
WT 60
13.0
20.0
29.0
36.0
38.0
32.0
50.0
28.0
49.0
48.0
41.0
50.0
39.0
42.0
40.0
39.0
45.0
43.0
66.0
40.0
44.0
14.0
86.0
46.0
14.0
41.0
67.0
7.0
46.0
29.0
63.0
61.0
50.0
17.0
56.0
56.0
15.0
68.0
45.0
3.0
54.0
73.0
48.0
30.0
59.0
55.0
36.0
54.0
55.0
49.0
50.0
34.0
42.0
56.0
45.0
49.0
30.0
53.0
61.0
6.0
71.0
5.0
39.0
94.0
4.0
46.0
47.0
93.0
1.0
101.0
25.0
123.0
25.0
105.0
26.0
111.0
17.0
50.0
101.0
13.0
WT 61
17.0
29.0
18.0
38.0
36.0
45.0
42.0
39.0
41.0
37.0
44.0
41.0
46.0
41.0
48.0
43.0
45.0
42.0
29.0
37.0
42.0
41.0
35.0
44.0
41.0
44.0
38.0
34.0
37.0
26.0
44.0
60.0
47.0
42.0
33.0
59.0
51.0
39.0
48.0
47.0
41.0
44.0
49.0
53.0
46.0
51.0
53.0
43.0
52.0
54.0
60.0
44.0
39.0
66.0
45.0
47.0
51.0
47.0
46.0
47.0
37.0
45.0
42.0
46.0
47.0
61.0
47.0
40.0
44.0
42.0
49.0
56.0
48.0
39.0
47.0
40.0
45.0
42.0
38.0
47.0
WT 62
14.0
18.0
28.0
30.0
41.0
29.0
41.0
37.0
54.0
42.0
38.0
38.0
46.0
37.0
39.0
40.0
46.0
52.0
43.0
36.0
51.0
40.0
49.0
36.0
51.0
46.0
35.0
34.0
40.0
27.0
45.0
47.0
48.0
41.0
33.0
56.0
59.0
38.0
50.0
49.0
33.0
43.0
43.0
56.0
43.0
46.0
54.0
52.0
53.0
48.0
52.0
40.0
42.0
52.0
47.0
39.0
45.0
41.0
38.0
41.0
40.0
49.0
40.0
46.0
60.0
49.0
68.0
57.0
48.0
34.0
44.0
45.0
53.0
50.0
50.0
35.0
39.0
53.0
41.0
41.0
WT 63
14.0
22.0
27.0
33.0
37.0
39.0
40.0
45.0
41.0
48.0
48.0
51.0
34.0
49.0
56.0
40.0
44.0
46.0
45.0
40.0
42.0
42.0
39.0
34.0
39.0
52.0
39.0
44.0
37.0
33.0
46.0
48.0
51.0
68.0
49.0
57.0
49.0
33.0
36.0
43.0
45.0
48.0
51.0
53.0
47.0
49.0
50.0
49.0
60.0
43.0
43.0
43.0
41.0
54.0
45.0
45.0
47.0
42.0
36.0
39.0
46.0
60.0
44.0
44.0
38.0
40.0
59.0
46.0
53.0
34.0
48.0
52.0
50.0
40.0
55.0
39.0
48.0
36.0
35.0
53.0
