WT 0
47.0
58.0
85.0
74.0
112.0
123.0
106.0
89.0
131.0
113.0
110.0
105.0
85.0
139.0
85.0
128.0
69.0
143.0
135.0
96.0
89.0
98.0
133.0
76.0
133.0
90.0
124.0
159.0
135.0
124.0
46.0
160.0
39.0
171.0
83.0
69.0
103.0
65.0
129.0
218.0
37.0
111.0
190.0
62.0
111.0
127.0
160.0
33.0
81.0
106.0
75.0
77.0
101.0
180.0
40.0
180.0
52.0
115.0
192.0
17.0
152.0
109.0
70.0
200.0
12.0
119.0
101.0
154.0
230.0
16.0
121.0
127.0
53.0
168.0
141.0
120.0
215.0
35.0
189.0
50.0
WT 1
44.0
59.0
80.0
99.0
96.0
132.0
71.0
132.0
108.0
123.0
62.0
149.0
113.0
78.0
86.0
138.0
128.0
118.0
115.0
83.0
103.0
122.0
88.0
137.0
109.0
125.0
119.0
127.0
97.0
122.0
115.0
92.0
142.0
36.0
101.0
144.0
169.0
69.0
61.0
72.0
224.0
3.0
164.0
85.0
191.0
123.0
96.0
105.0
13.0
113.0
113.0
71.0
85.0
117.0
115.0
104.0
184.0
131.0
28.0
205.0
8.0
112.0
202.0
2.0
139.0
111.0
113.0
220.0
32.0
218.0
109.0
12.0
237.0
125.0
5.0
94.0
141.0
110.0
122.0
265.0
WT 2
32.0
78.0
68.0
104.0
82.0
115.0
129.0
103.0
97.0
108.0
129.0
55.0
101.0
119.0
173.0
47.0
147.0
151.0
77.0
112.0
80.0
123.0
119.0
117.0
56.0
173.0
130.0
66.0
123.0
106.0
186.0
29.0
141.0
110.0
130.0
126.0
59.0
67.0
195.0
41.0
67.0
226.0
7.0
222.0
23.0
123.0
126.0
72.0
181.0
105.0
95.0
85.0
84.0
36.0
183.0
42.0
119.0
118.0
119.0
111.0
190.0
101.0
50.0
91.0
183.0
121.0
132.0
10.0
126.0
130.0
107.0
258.0
2.0
80.0
283.0
108.0
53.0
185.0
50.0
105.0
WT 3
40.0
67.0
90.0
107.0
100.0
123.0
112.0
100.0
107.0
111.0
103.0
114.0
112.0
109.0
117.0
112.0
112.0
124.0
113.0
108.0
107.0
115.0
103.0
120.0
96.0
123.0
124.0
115.0
120.0
100.0
112.0
107.0
105.0
104.0
87.0
124.0
111.0
73.0
138.0
110.0
104.0
131.0
114.0
119.0
112.0
130.0
129.0
79.0
104.0
103.0
104.0
84.0
81.0
117.0
114.0
117.0
115.0
127.0
118.0
109.0
101.0
101.0
106.0
111.0
112.0
129.0
108.0
119.0
134.0
124.0
122.0
121.0
105.0
131.0
117.0
119.0
146.0
107.0
96.0
105.0
WT 4
47.0
55.0
81.0
116.0
95.0
114.0
110.0
106.0
118.0
132.0
104.0
97.0
111.0
113.0
105.0
93.0
100.0
144.0
116.0
108.0
88.0
117.0
117.0
113.0
92.0
121.0
125.0
124.0
115.0
124.0
121.0
95.0
121.0
108.0
123.0
118.0
118.0
62.0
132.0
115.0
107.0
121.0
121.0
112.0
100.0
131.0
125.0
72.0
110.0
114.0
110.0
85.0
97.0
117.0
114.0
116.0
116.0
110.0
114.0
108.0
109.0
115.0
118.0
98.0
118.0
121.0
107.0
132.0
123.0
99.0
118.0
105.0
102.0
113.0
133.0
105.0
133.0
135.0
116.0
121.0
WT 5
35.0
74.0
92.0
95.0
99.0
118.0
109.0
116.0
108.0
105.0
114.0
108.0
104.0
107.0
116.0
103.0
110.0
129.0
117.0
107.0
119.0
110.0
115.0
103.0
104.0
133.0
120.0
112.0
129.0
105.0
117.0
92.0
114.0
116.0
96.0
118.0
120.0
62.0
120.0
107.0
127.0
118.0
117.0
118.0
103.0
129.0
124.0
73.0
95.0
106.0
110.0
91.0
105.0
115.0
111.0
109.0
114.0
107.0
95.0
107.0
114.0
108.0
100.0
96.0
130.0
116.0
107.0
121.0
111.0
115.0
106.0
107.0
99.0
127.0
127.0
107.0
134.0
110.0
119.0
97.0
WT 6
38.0
72.0
75.0
109.0
94.0
118.0
106.0
99.0
127.0
107.0
115.0
93.0
88.0
121.0
121.0
128.0
99.0
143.0
102.0
135.0
88.0
121.0
120.0
112.0
72.0
186.0
59.0
109.0
114.0
158.0
118.0
87.0
80.0
126.0
110.0
114.0
121.0
61.0
126.0
108.0
116.0
116.0
118.0
141.0
110.0
122.0
129.0
82.0
85.0
103.0
107.0
88.0
122.0
81.0
138.0
103.0
114.0
121.0
128.0
108.0
108.0
113.0
122.0
54.0
166.0
64.0
144.0
95.0
125.0
117.0
148.0
125.0
51.0
181.0
77.0
168.0
87.0
164.0
56.0
183.0
WT 7
40.0
60.0
108.0
90.0
95.0
121.0
95.0
115.0
107.0
121.0
106.0
117.0
105.0
113.0
115.0
106.0
113.0
124.0
135.0
75.0
94.0
126.0
116.0
110.0
141.0
74.0
193.0
116.0
110.0
45.0
123.0
99.0
125.0
100.0
114.0
115.0
117.0
72.0
122.0
116.0
111.0
125.0
108.0
126.0
108.0
136.0
127.0
71.0
120.0
113.0
107.0
87.0
65.0
141.0
107.0
101.0
125.0
117.0
118.0
114.0
90.0
103.0
102.0
137.0
80.0
144.0
82.0
162.0
131.0
108.0
80.0
106.0
162.0
63.0
200.0
55.0
181.0
64.0
171.0
40.0
WT 8
43.0
64.0
80.0
104.0
99.0
119.0
103.0
107.0
110.0
121.0
126.0
110.0
97.0
112.0
110.0
108.0
101.0
130.0
116.0
106.0
96.0
117.0
109.0
118.0
98.0
128.0
124.0
124.0
103.0
103.0
109.0
94.0
106.0
121.0
113.0
118.0
112.0
68.0
119.0
97.0
117.0
115.0
99.0
125.0
103.0
122.0
132.0
69.0
110.0
110.0
108.0
86.0
105.0
118.0
110.0
104.0
116.0
113.0
126.0
106.0
113.0
106.0
110.0
91.0
116.0
122.0
104.0
113.0
136.0
126.0
110.0
111.0
112.0
133.0
138.0
114.0
143.0
109.0
109.0
103.0
WT 9
45.0
67.0
75.0
99.0
95.0
120.0
114.0
112.0
110.0
106.0
113.0
107.0
118.0
120.0
111.0
101.0
112.0
144.0
114.0
114.0
92.0
107.0
107.0
108.0
97.0
131.0
136.0
127.0
118.0
106.0
121.0
92.0
105.0
118.0
119.0
118.0
117.0
84.0
127.0
100.0
122.0
120.0
110.0
120.0
112.0
139.0
124.0
60.0
106.0
100.0
96.0
71.0
85.0
132.0
111.0
101.0
114.0
130.0
117.0
99.0
115.0
97.0
117.0
105.0
105.0
130.0
124.0
119.0
128.0
120.0
112.0
114.0
92.0
127.0
129.0
101.0
134.0
112.0
107.0
99.0
WT 10
42.0
75.0
88.0
99.0
93.0
111.0
103.0
101.0
116.0
110.0
98.0
103.0
102.0
97.0
108.0
101.0
102.0
129.0
112.0
103.0
101.0
121.0
102.0
126.0
101.0
119.0
121.0
111.0
131.0
108.0
124.0
90.0
110.0
105.0
95.0
124.0
118.0
63.0
136.0
106.0
104.0
111.0
110.0
116.0
113.0
128.0
134.0
69.0
104.0
107.0
112.0
74.0
91.0
106.0
115.0
107.0
110.0
106.0
109.0
125.0
97.0
111.0
103.0
111.0
106.0
123.0
113.0
117.0
120.0
116.0
101.0
111.0
103.0
119.0
133.0
103.0
128.0
114.0
110.0
118.0
WT 11
55.0
65.0
89.0
101.0
96.0
105.0
117.0
119.0
108.0
115.0
100.0
109.0
122.0
118.0
117.0
88.0
118.0
124.0
118.0
106.0
81.0
113.0
124.0
110.0
106.0
126.0
117.0
117.0
117.0
117.0
134.0
94.0
114.0
92.0
102.0
103.0
122.0
70.0
136.0
107.0
108.0
111.0
116.0
130.0
99.0
123.0
138.0
70.0
99.0
114.0
112.0
72.0
107.0
113.0
118.0
107.0
117.0
110.0
123.0
115.0
106.0
106.0
96.0
106.0
114.0
132.0
135.0
111.0
141.0
117.0
116.0
110.0
108.0
128.0
138.0
109.0
125.0
126.0
104.0
122.0
WT 12
54.0
50.0
84.0
95.0
96.0
131.0
116.0
102.0
106.0
140.0
82.0
107.0
109.0
111.0
110.0
112.0
111.0
160.0
99.0
111.0
99.0
116.0
111.0
116.0
97.0
123.0
90.0
128.0
156.0
62.0
105.0
158.0
107.0
70.0
147.0
73.0
113.0
118.0
87.0
100.0
163.0
113.0
40.0
188.0
110.0
62.0
190.0
3.0
164.0
120.0
37.0
75.0
91.0
187.0
112.0
51.0
189.0
72.0
175.0
58.0
154.0
48.0
168.0
113.0
53.0
197.0
42.0
121.0
128.0
119.0
200.0
24.0
96.0
207.0
128.0
36.0
138.0
104.0
114.0
101.0
WT 13
35.0
84.0
80.0
98.0
82.0
123.0
125.0
103.0
122.0
101.0
127.0
106.0
94.0
116.0
108.0
108.0
114.0
136.0
127.0
85.0
107.0
117.0
95.0
112.0
93.0
118.0
169.0
110.0
82.0
156.0
124.0
37.0
120.0
151.0
63.0
160.0
123.0
16.0
181.0
106.0
52.0
103.0
182.0
64.0
106.0
186.0
49.0
142.0
39.0
115.0
168.0
85.0
92.0
25.0
129.0
185.0
65.0
182.0
56.0
173.0
57.0
150.0
64.0
97.0
185.0
51.0
187.0
146.0
134.0
118.0
19.0
198.0
105.0
28.0
137.0
173.0
144.0
99.0
113.0
113.0
WT 14
51.0
64.0
81.0
118.0
94.0
117.0
109.0
103.0
123.0
138.0
106.0
101.0
116.0
116.0
99.0
95.0
103.0
118.0
127.0
115.0
84.0
101.0
107.0
111.0
105.0
117.0
122.0
113.0
120.0
116.0
133.0
84.0
111.0
103.0
107.0
108.0
115.0
75.0
134.0
104.0
108.0
108.0
125.0
116.0
106.0
125.0
134.0
69.0
112.0
111.0
112.0
77.0
95.0
118.0
126.0
111.0
116.0
126.0
117.0
118.0
112.0
107.0
118.0
107.0
118.0
132.0
120.0
131.0
132.0
118.0
109.0
115.0
102.0
127.0
134.0
114.0
145.0
116.0
125.0
115.0
WT 15
37.0
59.0
96.0
97.0
104.0
114.0
104.0
103.0
117.0
143.0
110.0
101.0
107.0
113.0
107.0
97.0
104.0
147.0
120.0
127.0
103.0
100.0
119.0
125.0
92.0
128.0
123.0
116.0
116.0
106.0
119.0
96.0
104.0
96.0
117.0
120.0
110.0
62.0
127.0
111.0
116.0
120.0
117.0
114.0
109.0
129.0
127.0
77.0
97.0
107.0
118.0
71.0
98.0
111.0
114.0
109.0
119.0
124.0
96.0
108.0
113.0
96.0
107.0
108.0
116.0
134.0
111.0
123.0
126.0
126.0
107.0
112.0
111.0
133.0
141.0
115.0
152.0
115.0
96.0
105.0
WT 16
42.0
56.0
85.0
90.0
90.0
111.0
98.0
103.0
109.0
116.0
123.0
96.0
100.0
110.0
111.0
114.0
111.0
137.0
117.0
107.0
110.0
113.0
104.0
110.0
102.0
141.0
141.0
121.0
115.0
103.0
126.0
88.0
101.0
124.0
118.0
111.0
116.0
65.0
138.0
116.0
112.0
97.0
125.0
123.0
103.0
119.0
124.0
78.0
100.0
100.0
128.0
77.0
94.0
125.0
112.0
120.0
112.0
125.0
103.0
121.0
112.0
109.0
108.0
105.0
107.0
109.0
110.0
127.0
130.0
117.0
117.0
117.0
101.0
152.0
154.0
104.0
135.0
112.0
105.0
102.0
WT 17
40.0
55.0
71.0
131.0
99.0
65.0
101.0
168.0
54.0
191.0
123.0
110.0
102.0
96.0
20.0
196.0
25.0
223.0
15.0
200.0
90.0
15.0
198.0
118.0
87.0
46.0
207.0
111.0
40.0
106.0
170.0
49.0
110.0
144.0
113.0
113.0
118.0
58.0
63.0
172.0
112.0
70.0
145.0
93.0
120.0
118.0
122.0
83.0
95.0
100.0
88.0
107.0
66.0
141.0
84.0
149.0
121.0
117.0
84.0
122.0
95.0
103.0
124.0
92.0
107.0
128.0
115.0
122.0
167.0
83.0
97.0
170.0
46.0
173.0
99.0
148.0
138.0
131.0
62.0
105.0
WT 18
40.0
60.0
104.0
54.0
85.0
178.0
96.0
53.0
172.0
49.0
100.0
115.0
95.0
121.0
202.0
12.0
197.0
46.0
193.0
15.0
89.0
205.0
17.0
121.0
94.0
208.0
43.0
122.0
177.0
90.0
62.0
150.0
118.0
52.0
113.0
102.0
104.0
68.0
171.0
60.0
118.0
162.0
88.0
132.0
82.0
131.0
114.0
73.0
94.0
106.0
127.0
55.0
111.0
105.0
144.0
69.0
114.0
132.0
134.0
105.0
108.0
106.0
95.0
116.0
126.0
136.0
119.0
125.0
93.0
156.0
106.0
63.0
161.0
69.0
175.0
84.0
143.0
120.0
157.0
113.0
WT 19
46.0
47.0
77.0
103.0
92.0
107.0
112.0
99.0
118.0
107.0
109.0
97.0
92.0
105.0
114.0
92.0
121.0
140.0
98.0
107.0
96.0
119.0
100.0
115.0
109.0
120.0
120.0
115.0
122.0
106.0
126.0
83.0
101.0
111.0
111.0
114.0
103.0
71.0
139.0
98.0
127.0
100.0
108.0
132.0
118.0
131.0
121.0
71.0
96.0
102.0
101.0
77.0
95.0
113.0
102.0
111.0
111.0
108.0
112.0
109.0
113.0
112.0
110.0
108.0
110.0
126.0
116.0
125.0
140.0
125.0
122.0
132.0
111.0
123.0
134.0
113.0
139.0
114.0
112.0
118.0
WT 20
45.0
62.0
100.0
93.0
95.0
130.0
113.0
104.0
108.0
125.0
113.0
108.0
101.0
127.0
116.0
102.0
122.0
143.0
125.0
112.0
95.0
104.0
116.0
123.0
120.0
127.0
122.0
109.0
113.0
109.0
117.0
113.0
113.0
102.0
114.0
105.0
123.0
64.0
138.0
102.0
111.0
116.0
110.0
127.0
109.0
120.0
128.0
72.0
92.0
121.0
126.0
85.0
96.0
118.0
131.0
118.0
113.0
110.0
98.0
118.0
108.0
102.0
115.0
107.0
120.0
106.0
112.0
126.0
128.0
113.0
112.0
111.0
95.0
118.0
134.0
101.0
134.0
110.0
106.0
112.0
WT 21
41.0
58.0
83.0
92.0
97.0
113.0
112.0
114.0
108.0
107.0
120.0
125.0
86.0
117.0
126.0
88.0
123.0
110.0
131.0
84.0
136.0
115.0
101.0
118.0
87.0
136.0
116.0
124.0
122.0
89.0
155.0
82.0
99.0
91.0
137.0
118.0
68.0
119.0
86.0
99.0
185.0
122.0
94.0
128.0
65.0
128.0
130.0
91.0
107.0
76.0
109.0
110.0
41.0
170.0
55.0
169.0
112.0
72.0
112.0
173.0
114.0
104.0
63.0
98.0
142.0
91.0
146.0
91.0
130.0
159.0
64.0
157.0
49.0
180.0
128.0
57.0
147.0
175.0
121.0
97.0
WT 22
43.0
58.0
83.0
104.0
91.0
114.0
88.0
121.0
122.0
117.0
126.0
86.0
117.0
116.0
102.0
110.0
96.0
152.0
90.0
125.0
76.0
117.0
107.0
119.0
133.0
107.0
137.0
104.0
111.0
139.0
97.0
102.0
123.0
98.0
72.0
108.0
164.0
30.0
178.0
126.0
42.0
128.0
123.0
129.0
133.0
117.0
125.0
52.0
93.0
136.0
102.0
62.0
117.0
58.0
183.0
53.0
120.0
158.0
108.0
87.0
115.0
108.0
138.0
96.0
77.0
153.0
89.0
152.0
129.0
83.0
160.0
62.0
150.0
66.0
136.0
161.0
145.0
61.0
131.0
112.0
WT 23
44.0
60.0
91.0
87.0
92.0
114.0
100.0
96.0
118.0
108.0
120.0
108.0
91.0
128.0
122.0
102.0
106.0
133.0
104.0
105.0
80.0
118.0
100.0
110.0
94.0
113.0
111.0
117.0
123.0
119.0
132.0
76.0
106.0
100.0
103.0
100.0
103.0
70.0
123.0
126.0
115.0
121.0
115.0
112.0
103.0
136.0
123.0
87.0
87.0
108.0
109.0
80.0
92.0
133.0
121.0
104.0
117.0
112.0
115.0
104.0
117.0
112.0
107.0
108.0
114.0
122.0
109.0
124.0
140.0
126.0
106.0
117.0
96.0
117.0
128.0
121.0
138.0
111.0
96.0
99.0
WT 24
41.0
59.0
89.0
77.0
99.0
116.0
107.0
115.0
117.0
113.0
110.0
98.0
102.0
112.0
123.0
117.0
100.0
130.0
117.0
107.0
80.0
110.0
104.0
115.0
102.0
119.0
136.0
118.0
125.0
91.0
118.0
102.0
99.0
96.0
112.0
117.0
122.0
65.0
141.0
111.0
104.0
108.0
94.0
122.0
99.0
140.0
135.0
69.0
109.0
102.0
103.0
79.0
97.0
125.0
125.0
102.0
112.0
124.0
110.0
118.0
122.0
110.0
115.0
96.0
126.0
121.0
102.0
123.0
127.0
109.0
101.0
126.0
98.0
131.0
129.0
115.0
126.0
113.0
114.0
97.0
WT 25
33.0
65.0
90.0
103.0
98.0
127.0
133.0
103.0
113.0
110.0
88.0
100.0
103.0
104.0
104.0
109.0
102.0
134.0
119.0
101.0
85.0
119.0
107.0
108.0
104.0
118.0
135.0
120.0
116.0
111.0
108.0
89.0
123.0
102.0
103.0
111.0
122.0
58.0
119.0
110.0
119.0
109.0
117.0
124.0
115.0
126.0
121.0
74.0
92.0
119.0
114.0
65.0
86.0
108.0
108.0
109.0
130.0
116.0
104.0
114.0
109.0
94.0
104.0
96.0
116.0
122.0
107.0
122.0
128.0
114.0
111.0
107.0
101.0
118.0
136.0
109.0
139.0
125.0
119.0
100.0
WT 26
38.0
59.0
83.0
97.0
98.0
129.0
112.0
105.0
117.0
112.0
109.0
112.0
107.0
108.0
120.0
89.0
105.0
125.0
108.0
107.0
91.0
119.0
113.0
123.0
109.0
129.0
132.0
119.0
108.0
127.0
111.0
101.0
102.0
106.0
101.0
115.0
102.0
64.0
131.0
98.0
114.0
125.0
113.0
115.0
92.0
126.0
130.0
76.0
99.0
102.0
101.0
92.0
92.0
111.0
117.0
127.0
116.0
125.0
107.0
107.0
108.0
116.0
114.0
96.0
111.0
127.0
109.0
106.0
130.0
128.0
122.0
129.0
104.0
119.0
127.0
115.0
131.0
110.0
127.0
114.0
WT 27
42.0
77.0
83.0
105.0
92.0
109.0
155.0
62.0
170.0
61.0
163.0
76.0
125.0
105.0
125.0
94.0
99.0
151.0
104.0
103.0
112.0
97.0
138.0
79.0
145.0
132.0
68.0
115.0
107.0
111.0
180.0
20.0
170.0
117.0
95.0
102.0
76.0
93.0
86.0
99.0
154.0
115.0
98.0
109.0
130.0
135.0
131.0
25.0
156.0
38.0
180.0
75.0
89.0
34.0
114.0
212.0
114.0
115.0
117.0
109.0
13.0
196.0
105.0
26.0
192.0
46.0
197.0
48.0
147.0
156.0
70.0
159.0
60.0
168.0
145.0
113.0
134.0
69.0
149.0
62.0
WT 28
44.0
68.0
105.0
87.0
115.0
125.0
75.0
163.0
55.0
172.0
67.0
139.0
89.0
124.0
111.0
102.0
114.0
132.0
141.0
99.0
75.0
130.0
83.0
159.0
50.0
121.0
184.0
114.0
111.0
105.0
55.0
157.0
42.0
104.0
112.0
116.0
148.0
31.0
154.0
108.0
76.0
118.0
114.0
140.0
87.0
125.0
131.0
116.0
46.0
164.0
26.0
74.0
96.0
214.0
114.0
17.0
111.0
123.0
111.0
109.0
199.0
12.0
111.0
198.0
33.0
192.0
45.0
200.0
128.0
64.0
159.0
62.0
147.0
94.0
126.0
113.0
136.0
162.0
60.0
165.0
WT 29
43.0
63.0
88.0
96.0
84.0
123.0
93.0
108.0
129.0
133.0
108.0
99.0
94.0
110.0
130.0
101.0
106.0
134.0
120.0
103.0
90.0
96.0
104.0
101.0
97.0
113.0
147.0
133.0
114.0
100.0
127.0
94.0
112.0
107.0
115.0
117.0
118.0
77.0
132.0
115.0
117.0
127.0
121.0
113.0
106.0
123.0
134.0
67.0
100.0
95.0
103.0
80.0
92.0
121.0
106.0
116.0
108.0
117.0
105.0
113.0
120.0
100.0
97.0
90.0
121.0
120.0
109.0
119.0
126.0
116.0
116.0
125.0
99.0
126.0
134.0
117.0
125.0
98.0
100.0
116.0
WT 30
40.0
64.0
99.0
72.0
101.0
107.0
101.0
122.0
117.0
90.0
153.0
68.0
118.0
101.0
159.0
61.0
148.0
134.0
101.0
99.0
62.0
110.0
119.0
133.0
104.0
92.0
145.0
117.0
124.0
111.0
126.0
88.0
128.0
63.0
107.0
171.0
110.0
19.0
131.0
150.0
64.0
111.0
108.0
178.0
47.0
179.0
60.0
73.0
101.0
101.0
164.0
15.0
80.0
181.0
52.0
98.0
115.0
113.0
229.0
106.0
108.0
7.0
114.0
191.0
25.0
114.0
108.0
214.0
122.0
112.0
102.0
60.0
105.0
121.0
202.0
44.0
138.0
168.0
102.0
110.0
WT 31
42.0
50.0
74.0
121.0
87.0
122.0
106.0
87.0
118.0
134.0
78.0
152.0
110.0
113.0
85.0
137.0
51.0
126.0
111.0
110.0
128.0
104.0
119.0
94.0
91.0
156.0
117.0
112.0
125.0
112.0
122.0
106.0
90.0
137.0
112.0
60.0
120.0
110.0
120.0
76.0
152.0
115.0
119.0
64.0
153.0
64.0
177.0
78.0
99.0
98.0
46.0
140.0
91.0
44.0
189.0
115.0
126.0
126.0
2.0
104.0
120.0
207.0
109.0
16.0
204.0
121.0
112.0
15.0
126.0
129.0
120.0
187.0
102.0
122.0
60.0
182.0
130.0
62.0
102.0
111.0
