WT 0
49.0
76.0
148.0
72.0
125.0
135.0
138.0
124.0
152.0
159.0
161.0
96.0
153.0
147.0
127.0
161.0
90.0
138.0
132.0
120.0
164.0
114.0
143.0
175.0
144.0
120.0
102.0
153.0
142.0
121.0
98.0
190.0
115.0
162.0
92.0
127.0
131.0
179.0
140.0
147.0
86.0
124.0
136.0
140.0
131.0
213.0
32.0
157.0
249.0
77.0
99.0
179.0
130.0
140.0
110.0
92.0
155.0
208.0
74.0
133.0
163.0
88.0
110.0
159.0
200.0
133.0
68.0
218.0
43.0
204.0
68.0
161.0
175.0
100.0
155.0
149.0
120.0
173.0
67.0
178.0
WT 1
51.0
71.0
108.0
144.0
117.0
126.0
128.0
130.0
142.0
157.0
159.0
96.0
133.0
156.0
165.0
124.0
127.0
113.0
175.0
126.0
152.0
87.0
129.0
136.0
148.0
127.0
160.0
105.0
139.0
122.0
129.0
160.0
175.0
94.0
161.0
140.0
122.0
133.0
162.0
54.0
206.0
156.0
145.0
36.0
245.0
63.0
121.0
218.0
105.0
173.0
90.0
114.0
171.0
133.0
109.0
146.0
163.0
131.0
152.0
123.0
63.0
175.0
151.0
120.0
156.0
135.0
140.0
151.0
138.0
129.0
103.0
195.0
29.0
241.0
136.0
60.0
218.0
24.0
177.0
93.0
WT 2
46.0
82.0
111.0
97.0
138.0
159.0
138.0
114.0
126.0
181.0
164.0
107.0
85.0
138.0
155.0
150.0
155.0
145.0
90.0
119.0
154.0
174.0
126.0
102.0
146.0
114.0
149.0
124.0
155.0
103.0
163.0
135.0
133.0
138.0
165.0
130.0
135.0
76.0
137.0
183.0
60.0
137.0
147.0
242.0
66.0
101.0
234.0
83.0
129.0
138.0
197.0
142.0
59.0
115.0
111.0
234.0
134.0
84.0
211.0
124.0
141.0
125.0
103.0
144.0
88.0
129.0
218.0
35.0
220.0
51.0
237.0
112.0
169.0
81.0
137.0
207.0
83.0
100.0
93.0
127.0
WT 3
44.0
78.0
111.0
94.0
127.0
124.0
139.0
122.0
144.0
149.0
166.0
83.0
162.0
125.0
146.0
145.0
100.0
120.0
128.0
121.0
157.0
124.0
139.0
145.0
128.0
123.0
127.0
116.0
159.0
143.0
124.0
151.0
140.0
133.0
139.0
137.0
148.0
133.0
134.0
126.0
101.0
114.0
131.0
139.0
134.0
109.0
139.0
145.0
155.0
120.0
124.0
149.0
116.0
119.0
114.0
151.0
147.0
140.0
139.0
110.0
142.0
139.0
120.0
129.0
135.0
134.0
142.0
127.0
122.0
134.0
122.0
148.0
108.0
137.0
141.0
136.0
146.0
110.0
122.0
152.0
WT 4
42.0
70.0
97.0
96.0
143.0
126.0
129.0
122.0
142.0
148.0
168.0
97.0
121.0
123.0
140.0
166.0
110.0
136.0
152.0
123.0
149.0
128.0
125.0
139.0
154.0
120.0
155.0
139.0
154.0
116.0
144.0
138.0
143.0
153.0
145.0
124.0
136.0
136.0
134.0
126.0
127.0
121.0
149.0
142.0
132.0
121.0
137.0
151.0
157.0
143.0
125.0
159.0
125.0
126.0
117.0
155.0
148.0
140.0
152.0
116.0
112.0
155.0
128.0
130.0
151.0
141.0
148.0
149.0
133.0
125.0
133.0
134.0
130.0
139.0
137.0
127.0
155.0
103.0
110.0
134.0
WT 5
45.0
68.0
111.0
118.0
138.0
142.0
143.0
118.0
135.0
164.0
172.0
117.0
130.0
140.0
160.0
150.0
112.0
127.0
155.0
125.0
147.0
138.0
117.0
140.0
155.0
113.0
121.0
126.0
143.0
108.0
136.0
153.0
132.0
144.0
138.0
128.0
144.0
143.0
135.0
133.0
120.0
107.0
150.0
132.0
128.0
116.0
149.0
176.0
155.0
116.0
125.0
142.0
123.0
122.0
112.0
153.0
147.0
135.0
153.0
106.0
118.0
122.0
107.0
129.0
116.0
131.0
158.0
152.0
113.0
125.0
116.0
152.0
116.0
147.0
142.0
122.0
138.0
93.0
114.0
134.0
WT 6
48.0
62.0
118.0
91.0
137.0
131.0
158.0
115.0
139.0
162.0
156.0
87.0
127.0
140.0
148.0
141.0
109.0
136.0
170.0
64.0
171.0
141.0
174.0
88.0
204.0
123.0
119.0
172.0
90.0
128.0
184.0
115.0
163.0
115.0
156.0
124.0
138.0
128.0
145.0
127.0
94.0
130.0
175.0
127.0
175.0
122.0
62.0
154.0
163.0
192.0
105.0
162.0
125.0
107.0
117.0
135.0
160.0
127.0
160.0
105.0
137.0
145.0
100.0
115.0
128.0
152.0
173.0
130.0
104.0
148.0
104.0
133.0
148.0
115.0
179.0
102.0
131.0
116.0
115.0
117.0
WT 7
48.0
65.0
107.0
105.0
137.0
137.0
127.0
124.0
145.0
166.0
160.0
83.0
141.0
134.0
134.0
153.0
128.0
129.0
100.0
171.0
164.0
129.0
92.0
190.0
131.0
138.0
159.0
84.0
192.0
116.0
96.0
179.0
142.0
140.0
121.0
132.0
125.0
142.0
129.0
125.0
152.0
122.0
121.0
185.0
104.0
112.0
184.0
140.0
160.0
88.0
178.0
114.0
123.0
142.0
112.0
146.0
136.0
159.0
115.0
159.0
113.0
124.0
142.0
138.0
127.0
133.0
112.0
152.0
138.0
100.0
151.0
151.0
72.0
182.0
109.0
168.0
124.0
86.0
106.0
147.0
WT 8
40.0
74.0
113.0
87.0
141.0
130.0
128.0
121.0
136.0
151.0
150.0
97.0
129.0
152.0
146.0
146.0
106.0
150.0
120.0
114.0
152.0
134.0
152.0
137.0
165.0
129.0
145.0
133.0
136.0
125.0
138.0
142.0
148.0
135.0
123.0
147.0
141.0
131.0
136.0
107.0
132.0
119.0
154.0
147.0
138.0
124.0
148.0
149.0
155.0
141.0
140.0
155.0
121.0
124.0
112.0
139.0
159.0
130.0
143.0
123.0
127.0
118.0
116.0
131.0
137.0
141.0
146.0
157.0
129.0
113.0
133.0
149.0
107.0
134.0
166.0
136.0
147.0
104.0
122.0
138.0
WT 9
40.0
73.0
127.0
95.0
137.0
138.0
130.0
129.0
139.0
169.0
161.0
94.0
138.0
145.0
161.0
139.0
112.0
141.0
138.0
124.0
151.0
121.0
151.0
141.0
140.0
119.0
134.0
135.0
146.0
109.0
137.0
139.0
144.0
123.0
131.0
127.0
140.0
138.0
151.0
126.0
123.0
130.0
140.0
144.0
130.0
113.0
131.0
158.0
150.0
122.0
131.0
148.0
124.0
129.0
110.0
141.0
137.0
147.0
149.0
124.0
89.0
140.0
123.0
131.0
143.0
122.0
138.0
137.0
133.0
124.0
131.0
149.0
128.0
163.0
152.0
134.0
132.0
105.0
113.0
129.0
WT 10
38.0
86.0
106.0
104.0
129.0
129.0
139.0
118.0
152.0
161.0
156.0
95.0
124.0
145.0
149.0
149.0
115.0
130.0
154.0
123.0
155.0
123.0
147.0
144.0
166.0
117.0
142.0
135.0
148.0
117.0
124.0
155.0
151.0
170.0
148.0
146.0
120.0
138.0
149.0
125.0
127.0
153.0
139.0
145.0
123.0
120.0
136.0
171.0
161.0
122.0
123.0
162.0
114.0
111.0
118.0
134.0
138.0
134.0
143.0
120.0
106.0
127.0
117.0
135.0
146.0
131.0
148.0
124.0
135.0
122.0
133.0
131.0
111.0
134.0
129.0
135.0
142.0
107.0
109.0
149.0
WT 11
44.0
73.0
105.0
105.0
127.0
134.0
141.0
108.0
143.0
164.0
162.0
91.0
136.0
140.0
137.0
148.0
119.0
136.0
146.0
103.0
147.0
139.0
149.0
135.0
140.0
121.0
139.0
143.0
150.0
121.0
116.0
134.0
131.0
147.0
152.0
135.0
146.0
134.0
156.0
122.0
121.0
140.0
143.0
150.0
131.0
107.0
128.0
149.0
147.0
123.0
138.0
150.0
133.0
132.0
117.0
142.0
141.0
134.0
145.0
124.0
111.0
137.0
123.0
136.0
132.0
124.0
128.0
133.0
142.0
124.0
127.0
151.0
108.0
144.0
138.0
123.0
156.0
96.0
122.0
139.0
WT 12
38.0
89.0
124.0
67.0
134.0
187.0
92.0
130.0
185.0
151.0
146.0
116.0
125.0
122.0
146.0
146.0
134.0
163.0
148.0
98.0
135.0
162.0
102.0
164.0
154.0
93.0
149.0
115.0
178.0
115.0
92.0
181.0
154.0
99.0
173.0
88.0
145.0
183.0
150.0
145.0
46.0
219.0
61.0
146.0
245.0
109.0
51.0
132.0
258.0
146.0
140.0
8.0
119.0
143.0
126.0
139.0
279.0
131.0
137.0
11.0
225.0
30.0
221.0
132.0
149.0
55.0
207.0
87.0
129.0
131.0
134.0
144.0
108.0
152.0
274.0
131.0
139.0
101.0
8.0
149.0
WT 13
52.0
67.0
105.0
137.0
135.0
99.0
173.0
122.0
123.0
154.0
188.0
108.0
118.0
138.0
130.0
151.0
124.0
134.0
150.0
159.0
139.0
100.0
155.0
112.0
153.0
154.0
146.0
128.0
92.0
116.0
172.0
124.0
137.0
183.0
102.0
162.0
122.0
100.0
154.0
124.0
201.0
60.0
220.0
146.0
80.0
127.0
201.0
152.0
50.0
124.0
121.0
283.0
122.0
129.0
137.0
149.0
5.0
142.0
154.0
231.0
14.0
232.0
33.0
150.0
145.0
201.0
76.0
223.0
126.0
133.0
155.0
148.0
129.0
150.0
20.0
128.0
136.0
94.0
267.0
127.0
WT 14
51.0
80.0
110.0
91.0
125.0
142.0
133.0
133.0
155.0
145.0
175.0
98.0
116.0
134.0
139.0
185.0
123.0
127.0
148.0
116.0
141.0
141.0
127.0
148.0
147.0
135.0
133.0
123.0
144.0
118.0
120.0
144.0
132.0
143.0
137.0
154.0
137.0
147.0
135.0
120.0
117.0
134.0
158.0
162.0
126.0
105.0
136.0
150.0
134.0
139.0
124.0
142.0
111.0
118.0
130.0
151.0
148.0
149.0
132.0
124.0
103.0
160.0
119.0
115.0
128.0
125.0
149.0
138.0
126.0
120.0
132.0
133.0
122.0
158.0
130.0
138.0
139.0
111.0
120.0
132.0
WT 15
48.0
69.0
113.0
99.0
125.0
140.0
144.0
122.0
145.0
160.0
160.0
103.0
136.0
129.0
143.0
151.0
118.0
143.0
139.0
115.0
156.0
138.0
144.0
144.0
143.0
133.0
139.0
133.0
131.0
124.0
142.0
137.0
141.0
144.0
119.0
120.0
121.0
150.0
135.0
124.0
115.0
153.0
136.0
146.0
136.0
142.0
113.0
150.0
153.0
118.0
126.0
148.0
122.0
118.0
125.0
145.0
144.0
133.0
135.0
111.0
128.0
133.0
130.0
128.0
126.0
136.0
121.0
156.0
123.0
137.0
124.0
150.0
114.0
141.0
139.0
139.0
138.0
109.0
133.0
136.0
WT 16
40.0
86.0
97.0
118.0
151.0
137.0
134.0
135.0
152.0
169.0
148.0
93.0
133.0
144.0
141.0
145.0
106.0
131.0
130.0
121.0
141.0
134.0
139.0
144.0
140.0
125.0
146.0
122.0
140.0
126.0
131.0
145.0
138.0
127.0
127.0
132.0
135.0
124.0
159.0
123.0
115.0
139.0
157.0
139.0
120.0
105.0
128.0
151.0
159.0
116.0
118.0
170.0
122.0
141.0
113.0
153.0
143.0
133.0
140.0
122.0
122.0
121.0
102.0
146.0
137.0
124.0
134.0
149.0
130.0
123.0
119.0
134.0
124.0
155.0
147.0
133.0
129.0
109.0
128.0
133.0
WT 17
32.0
88.0
117.0
100.0
125.0
140.0
150.0
107.0
153.0
142.0
151.0
122.0
130.0
93.0
188.0
103.0
156.0
83.0
140.0
117.0
149.0
125.0
129.0
145.0
142.0
118.0
134.0
225.0
145.0
111.0
65.0
143.0
223.0
61.0
143.0
130.0
128.0
133.0
229.0
42.0
194.0
70.0
183.0
97.0
173.0
112.0
131.0
149.0
164.0
122.0
143.0
128.0
146.0
130.0
110.0
150.0
78.0
128.0
219.0
26.0
237.0
133.0
125.0
147.0
145.0
1.0
153.0
140.0
128.0
264.0
13.0
266.0
10.0
240.0
155.0
139.0
36.0
95.0
113.0
118.0
WT 18
48.0
74.0
114.0
106.0
130.0
137.0
114.0
166.0
148.0
152.0
154.0
62.0
117.0
183.0
85.0
196.0
62.0
189.0
133.0
137.0
152.0
127.0
143.0
146.0
153.0
112.0
131.0
40.0
153.0
140.0
192.0
155.0
61.0
225.0
136.0
132.0
141.0
141.0
48.0
197.0
44.0
213.0
74.0
179.0
106.0
120.0
122.0
138.0
156.0
138.0
133.0
190.0
96.0
129.0
105.0
129.0
197.0
137.0
58.0
237.0
9.0
144.0
117.0
152.0
126.0
282.0
144.0
134.0
129.0
24.0
248.0
27.0
208.0
73.0
140.0
142.0
214.0
92.0
113.0
141.0
WT 19
65.0
81.0
103.0
98.0
128.0
139.0
149.0
112.0
143.0
167.0
146.0
118.0
121.0
144.0
166.0
151.0
116.0
132.0
130.0
111.0
145.0
132.0
145.0
156.0
162.0
118.0
147.0
127.0
145.0
143.0
128.0
147.0
143.0
144.0
139.0
139.0
138.0
146.0
138.0
106.0
117.0
147.0
151.0
145.0
146.0
115.0
130.0
169.0
161.0
131.0
145.0
142.0
126.0
124.0
115.0
150.0
164.0
144.0
131.0
118.0
126.0
131.0
111.0
143.0
130.0
121.0
159.0
146.0
118.0
129.0
126.0
151.0
133.0
138.0
131.0
125.0
134.0
103.0
109.0
139.0
WT 20
45.0
79.0
97.0
93.0
133.0
150.0
135.0
120.0
156.0
165.0
162.0
91.0
125.0
135.0
140.0
146.0
124.0
143.0
144.0
133.0
140.0
133.0
174.0
145.0
155.0
127.0
135.0
131.0
148.0
111.0
130.0
151.0
128.0
139.0
131.0
140.0
123.0
142.0
139.0
142.0
114.0
131.0
141.0
169.0
146.0
120.0
146.0
166.0
159.0
134.0
118.0
154.0
117.0
121.0
114.0
152.0
131.0
126.0
143.0
129.0
116.0
161.0
115.0
142.0
137.0
137.0
128.0
138.0
146.0
125.0
130.0
130.0
117.0
161.0
125.0
131.0
140.0
109.0
118.0
137.0
WT 21
48.0
52.0
148.0
104.0
121.0
142.0
125.0
157.0
143.0
149.0
143.0
101.0
120.0
134.0
167.0
118.0
125.0
134.0
136.0
121.0
144.0
125.0
134.0
151.0
139.0
133.0
138.0
119.0
137.0
118.0
133.0
157.0
130.0
120.0
143.0
132.0
131.0
137.0
146.0
122.0
128.0
109.0
160.0
153.0
125.0
114.0
149.0
137.0
158.0
110.0
149.0
146.0
134.0
123.0
75.0
207.0
132.0
63.0
131.0
119.0
110.0
137.0
225.0
144.0
31.0
130.0
131.0
135.0
121.0
127.0
270.0
143.0
99.0
1.0
157.0
246.0
142.0
97.0
118.0
144.0
WT 22
31.0
111.0
79.0
115.0
145.0
127.0
157.0
89.0
142.0
159.0
149.0
104.0
121.0
168.0
122.0
173.0
97.0
129.0
151.0
127.0
145.0
129.0
136.0
137.0
155.0
116.0
134.0
131.0
124.0
115.0
143.0
146.0
127.0
144.0
133.0
134.0
120.0
157.0
132.0
123.0
120.0
141.0
128.0
162.0
132.0
122.0
107.0
144.0
159.0
151.0
89.0
153.0
122.0
126.0
155.0
91.0
142.0
200.0
148.0
124.0
112.0
140.0
17.0
150.0
238.0
133.0
137.0
137.0
139.0
138.0
14.0
132.0
120.0
270.0
132.0
28.0
140.0
90.0
125.0
132.0
WT 23
37.0
86.0
93.0
104.0
139.0
141.0
133.0
123.0
148.0
159.0
176.0
100.0
127.0
160.0
159.0
142.0
105.0
129.0
133.0
124.0
151.0
119.0
125.0
134.0
145.0
133.0
145.0
129.0
139.0
120.0
127.0
148.0
136.0
133.0
129.0
139.0
114.0
147.0
139.0
120.0
119.0
152.0
144.0
141.0
137.0
104.0
144.0
153.0
164.0
140.0
140.0
151.0
122.0
155.0
117.0
144.0
140.0
144.0
135.0
116.0
129.0
138.0
114.0
130.0
118.0
130.0
139.0
131.0
125.0
129.0
117.0
142.0
119.0
148.0
123.0
140.0
136.0
102.0
109.0
146.0
WT 24
53.0
66.0
111.0
89.0
136.0
127.0
133.0
115.0
143.0
136.0
151.0
88.0
118.0
138.0
143.0
150.0
123.0
132.0
141.0
126.0
159.0
121.0
166.0
132.0
146.0
118.0
140.0
120.0
133.0
124.0
140.0
132.0
144.0
143.0
125.0
146.0
127.0
137.0
147.0
121.0
121.0
134.0
157.0
133.0
143.0
104.0
126.0
150.0
171.0
131.0
122.0
161.0
115.0
124.0
128.0
159.0
135.0
143.0
139.0
117.0
144.0
131.0
129.0
137.0
123.0
127.0
137.0
130.0
140.0
124.0
132.0
134.0
128.0
151.0
151.0
142.0
142.0
123.0
105.0
138.0
WT 25
38.0
79.0
121.0
94.0
132.0
131.0
124.0
122.0
150.0
173.0
152.0
105.0
122.0
147.0
144.0
157.0
103.0
143.0
144.0
115.0
150.0
128.0
150.0
147.0
141.0
117.0
131.0
149.0
147.0
111.0
124.0
154.0
131.0
147.0
132.0
124.0
122.0
135.0
144.0
118.0
106.0
162.0
146.0
168.0
124.0
115.0
124.0
133.0
153.0
143.0
131.0
141.0
119.0
133.0
114.0
148.0
149.0
144.0
147.0
109.0
121.0
135.0
126.0
135.0
143.0
126.0
141.0
140.0
132.0
142.0
127.0
148.0
119.0
146.0
143.0
135.0
147.0
106.0
120.0
130.0
WT 26
51.0
78.0
117.0
97.0
138.0
148.0
142.0
121.0
150.0
152.0
163.0
95.0
127.0
131.0
139.0
147.0
128.0
136.0
152.0
132.0
139.0
121.0
128.0
155.0
140.0
122.0
128.0
149.0
141.0
123.0
136.0
163.0
126.0
137.0
114.0
131.0
130.0
146.0
150.0
115.0
112.0
133.0
135.0
143.0
144.0
117.0
135.0
142.0
166.0
149.0
121.0
166.0
145.0
133.0
120.0
138.0
137.0
158.0
145.0
122.0
102.0
163.0
114.0
161.0
140.0
123.0
131.0
142.0
132.0
144.0
125.0
172.0
126.0
142.0
138.0
154.0
136.0
114.0
105.0
136.0
WT 27
50.0
66.0
145.0
111.0
135.0
129.0
139.0
118.0
139.0
144.0
172.0
75.0
140.0
135.0
135.0
150.0
122.0
101.0
159.0
110.0
175.0
122.0
139.0
131.0
157.0
103.0
176.0
93.0
149.0
112.0
162.0
108.0
167.0
149.0
60.0
129.0
125.0
134.0
137.0
170.0
91.0
115.0
142.0
141.0
148.0
123.0
106.0
206.0
153.0
131.0
128.0
134.0
110.0
141.0
106.0
171.0
131.0
140.0
154.0
113.0
131.0
125.0
145.0
132.0
134.0
142.0
134.0
167.0
83.0
196.0
122.0
158.0
120.0
82.0
202.0
85.0
145.0
114.0
105.0
133.0
WT 28
50.0
80.0
116.0
106.0
135.0
158.0
125.0
126.0
135.0
153.0
155.0
111.0
108.0
136.0
138.0
140.0
102.0
167.0
109.0
138.0
136.0
154.0
140.0
133.0
123.0
162.0
110.0
168.0
150.0
116.0
76.0
176.0
101.0
138.0
167.0
123.0
130.0
141.0
128.0
72.0
111.0
178.0
129.0
152.0
146.0
116.0
131.0
92.0
159.0
132.0
118.0
171.0
130.0
152.0
115.0
132.0
171.0
135.0
133.0
130.0
114.0
146.0
108.0
158.0
138.0
136.0
149.0
117.0
183.0
75.0
132.0
151.0
108.0
218.0
77.0
196.0
129.0
103.0
119.0
139.0
WT 29
31.0
80.0
132.0
106.0
149.0
144.0
143.0
119.0
145.0
169.0
168.0
116.0
123.0
138.0
158.0
164.0
109.0
118.0
126.0
141.0
160.0
141.0
135.0
136.0
142.0
132.0
153.0
126.0
137.0
112.0
135.0
151.0
152.0
151.0
142.0
124.0
137.0
132.0
138.0
123.0
104.0
145.0
128.0
129.0
136.0
100.0
146.0
132.0
157.0
140.0
133.0
170.0
122.0
141.0
125.0
143.0
142.0
130.0
149.0
119.0
115.0
150.0
113.0
144.0
128.0
125.0
133.0
145.0
126.0
114.0
124.0
140.0
107.0
156.0
149.0
130.0
138.0
104.0
103.0
127.0
WT 30
47.0
65.0
119.0
109.0
125.0
107.0
166.0
108.0
149.0
149.0
155.0
87.0
125.0
178.0
141.0
144.0
112.0
138.0
130.0
121.0
154.0
118.0
123.0
176.0
144.0
118.0
92.0
168.0
98.0
147.0
135.0
119.0
133.0
145.0
175.0
74.0
140.0
207.0
144.0
126.0
127.0
153.0
148.0
41.0
287.0
112.0
18.0
286.0
0.0
276.0
119.0
139.0
1.0
239.0
120.0
129.0
143.0
147.0
150.0
125.0
143.0
131.0
47.0
122.0
314.0
25.0
134.0
310.0
60.0
126.0
119.0
359.0
122.0
94.0
371.0
139.0
87.0
331.0
126.0
381.0
WT 31
55.0
70.0
94.0
101.0
107.0
184.0
90.0
133.0
141.0
157.0
184.0
99.0
130.0
108.0
146.0
180.0
102.0
128.0
156.0
113.0
128.0
141.0
152.0
108.0
134.0
109.0
189.0
98.0
172.0
81.0
150.0
144.0
150.0
138.0
91.0
204.0
135.0
73.0
134.0
131.0
135.0
113.0
127.0
291.0
7.0
103.0
285.0
4.0
283.0
8.0
124.0
162.0
237.0
6.0
117.0
137.0
156.0
140.0
137.0
114.0
105.0
132.0
289.0
123.0
24.0
312.0
152.0
53.0
314.0
132.0
143.0
85.0
100.0
391.0
96.0
136.0
365.0
131.0
353.0
105.0
