272955
598250
1430681
739029
888988
392051
365697
417045
404410
385769
526814
521998
641899
459406
498208
496343
587600
650623
624575
363248
412290
564817
387394
368710
681653
469147
547979
493415
521227
312955
662684
646661
561379
836546
691247
591111
490632
481053
421499
381532
483444
777140
433415
354759
456096
525893
611936
542968
695107
575358
412804
369130
385824
602676
607341
481248
787400
547027
593577
472897
504156
422608
624056
601288
453472
525194
601282
475230
573931
518528
431561
531303
683046
556763
838503
522891
740475
812694
733956
584725
AVG: 527379.685714
