270183
212983
225941
328970
288794
173526
217648
171931
212633
181756
187758
147374
131909
150952
126309
134106
158777
187357
209812
167878
136143
171227
185014
177735
217612
199579
154732
148445
134138
162853
154194
140425
181303
209170
148200
145025
191134
159965
191014
226012
172277
245087
136724
158867
173402
159219
166227
153959
203552
181964
157906
189476
137453
189257
213305
236721
211313
163868
166896
173561
173931
155376
227963
206802
233364
143065
225168
183476
212002
201590
257479
228727
231230
156632
152885
195635
157389
166557
228890
183916
AVG: 179633.857143
