302012
452938
354736
1395483
349679
300627
353786
319746
257869
268368
487005
446587
305562
270468
339312
270142
297565
312944
256253
348980
284182
367475
298075
263219
378864
339175
286755
266019
370110
426508
280356
292396
289398
277865
238763
213961
369910
382202
283291
316403
315681
426128
304783
346566
493526
271385
221800
341890
224580
250671
267676
307024
275099
293709
241592
273483
331042
356579
361180
402138
269214
326508
258663
246191
359573
281647
357416
353697
273316
303168
333846
459942
374550
345800
395844
229882
279775
374329
230332
359600
AVG: 318657.828571
