258769
275349
540681
466182
335136
313276
433105
241973
215766
374750
315379
411550
333567
434415
393232
337752
356839
421595
356578
358355
401209
320900
277899
276348
492254
387594
313646
327350
424799
288558
326818
376444
502063
243086
332550
379220
304856
335437
334044
393669
418544
337157
278310
362782
289499
397438
403460
499468
276513
282843
315564
254293
338039
246307
391358
351627
285016
237979
378772
296840
278861
307507
468048
252519
282376
327531
314201
447215
267178
255165
401269
318235
235879
377885
347472
306115
295507
382277
264153
295466
AVG: 340857.514286
