r=1, wt=8, c=4
197070
165895
117793
121233
99402
95625
94735
98838
83316
66601
59781
73091
86184
107380
105548
91816
65211
71136
83010
95818
75724
94472
74628
65003
85711
63482
78549
70963
75686
102250
76463
79120
73434
69446
82583
92661
90766
87301
73384
65259
66111
61945
70616
79774
104039
79581
59572
95474
79210
117743
85572
123887
82983
61637
85906
90555
72483
79396
72731
93929
83413
84178
78085
78352
91373
92891
102234
123037
63301
58435
80235
66350
75604
83103
119204
90658
74476
82582
72809
97975
AVG: 82827.3428571

r=2, wt=8, c=4
176016
108271
133640
121387
120484
103486
110137
111290
97626
67046
85075
60196
67913
79315
68996
107639
89770
60023
84457
72160
89774
92116
78323
79293
65339
58664
70889
60686
64040
73728
90921
95869
59979
72901
74462
70238
74597
86306
75458
62633
71254
76641
63133
60313
93187
119866
93076
66754
82535
90648
86500
81366
92413
78433
66718
74257
65971
64083
61521
133310
74116
85852
65849
75613
132002
90221
108615
110495
99359
76594
65734
81240
67075
84012
72534
104499
76933
60038
99930
79993
AVG: 81037.6428571

r=3, wt=8, c=4
128535
119223
93464
88101
98416
122989
68005
88811
89130
88342
86139
86704
116288
88019
65805
78511
75042
93004
66565
97292
119440
85255
64739
112890
72380
94295
105457
119563
68229
68359
79813
66940
71540
70243
101574
109163
78099
74209
104888
72923
74577
92745
128371
87126
69157
66758
70266
74418
74582
121820
111576
73331
65016
101243
198100
116983
103224
102527
81938
84738
139279
68811
65414
80984
100377
105395
77269
76361
95297
93060
103853
92948
129610
110992
70835
63790
66579
91326
72553
101459
AVG: 90851.8

