196818
168288
258136
159637
201979
271244
117350
153232
169242
182663
127672
96782
145446
103646
118549
102324
118513
159395
110568
93948
128751
120433
132939
144884
185111
117919
98407
111533
116356
104448
118908
123454
157948
169457
94710
122093
116275
135311
145354
145871
135656
120336
108197
106734
105768
111785
131907
253180
110131
104103
135345
137223
182686
152560
147959
135820
97845
109916
109959
99252
94125
145330
140401
110370
120054
124584
136577
128902
127580
175370
107882
96315
116781
112851
107908
102275
103972
134704
116762
115948
AVG: 130030.4
