450599
382022
494968
272560
313626
302953
260957
295766
280274
268203
260348
256753
250977
338373
261199
282128
394195
330593
286636
233024
269713
267246
242158
241656
314059
347829
263770
237807
340386
276733
258232
304786
350825
314287
256675
260468
244608
261405
242172
355737
298965
288653
243147
287101
339112
279530
260757
398427
290653
282852
301298
252103
320918
269096
300498
373148
254335
269588
301846
327038
268624
297888
379966
289392
267101
259379
299075
279284
212257
306745
376233
237150
247164
297894
307653
263482
270629
395839
300372
281573
AVG: 288825.728571
