r=1, wt=32, c=12
322785
238678
354767
350297
321231
146690
256374
204229
172784
263681
287037
165316
218866
182946
187479
154208
193095
171518
205865
172423
190764
199811
223136
232558
224679
280567
179633
157742
144850
186767
141867
146522
208421
191664
150001
139398
210385
189684
242515
264972
254450
223764
165527
211976
319234
263725
154282
251075
271772
317229
269030
229048
202383
169919
205384
241663
217667
151160
161565
196441
138639
128956
192350
205852
188745
147099
175972
221940
173519
218514
268486
159502
146603
182615
143895
145189
147334
173197
237002
165428
AVG: 200834.685714

r=2, wt=32, c=12
271266
195827
361071
281915
261309
202318
236795
185135
179869
188452
245475
218245
182560
190901
166008
162383
165347
213749
199096
196818
186770
228823
218621
236941
188401
283072
358043
217937
213732
161800
208768
260399
422295
184857
228090
142493
228681
237362
209663
179188
279833
191786
140281
197438
126999
170004
150382
228634
240005
156730
161282
209783
187050
174601
149559
274388
143762
151661
195716
134315
161327
140607
235647
178747
135298
143491
236061
190207
167364
184563
251970
139914
148112
164388
148813
137203
136678
230451
285529
159564
AVG: 197425.785714

r=3, wt=32, c=12
279976
343095
276641
225027
194612
169758
214402
132566
199497
187670
179068
176164
196613
226722
206242
177349
367988
168365
167963
148266
168167
135960
144228
222103
194995
173746
174812
243718
185190
195689
160139
260163
163556
193451
170325
132736
151201
160206
239671
173712
199429
159318
202875
192844
180305
163725
197925
169903
140017
163958
125490
198206
200010
252514
225781
177298
153253
182278
185378
190870
226259
248435
165610
162163
140710
135265
162721
223867
243756
230481
146555
136716
198422
199882
167545
171320
201637
138739
167804
156262
AVG: 185888.071429

