259499
330029
315760
181115
154170
182389
168143
117687
179736
214653
151371
153315
159665
178990
175058
180848
220627
177432
130623
152585
132121
165222
223275
163144
248716
232041
138019
193944
191435
250860
183982
178508
247613
131874
174970
149672
183698
145302
160911
233926
198923
112817
143976
170889
231473
163617
173845
229717
144515
177028
135376
137471
179408
189855
229615
187603
175838
138720
193963
209084
222119
189870
161370
152489
160921
171781
157641
195968
153354
193195
170601
159334
154472
181713
202592
185934
187556
193051
139138
156561
AVG: 177478.685714
