464580
470638
421795
1462618
698794
699200
347223
375444
329994
474397
520896
460808
561253
350639
403907
510781
726978
351454
365008
691390
492916
659266
464698
327713
433289
324578
784211
439980
358776
552641
647047
495655
511241
570137
862602
420863
478675
427772
423962
600720
503885
587260
470907
450294
557701
482752
635926
513067
537338
696005
670911
323932
478295
482232
594453
461064
590460
564500
447457
548786
542478
798187
494998
627998
782220
500820
508907
557735
562097
418637
433732
764587
632164
414791
436122
614452
588563
616362
684815
824804
AVG: 521697.314286
