r=1, wt=16, c=32
364229
770586
1025153
1324155
663500
859704
846864
816479
896771
1032102
846654
913009
942244
882066
970568
1497180
1052601
702319
853620
954129
869697
553230
579895
657040
889783
776578
894209
834086
729407
833612
720629
896282
743763
1294613
631347
817498
801836
873798
698237
771598
900763
776699
881374
946066
1235941
749492
867837
917668
1094119
1420227
718786
677648
693723
887660
883000
1018876
989341
797351
751175
770309
873064
801993
842632
1057209
793055
926063
753240
696832
653227
633526
835351
1292420
722353
872329
993040
1013923
914274
1244400
1260705
841683
AVG: 866540.528571

r=2, wt=16, c=32
347687
719087
1050192
1043738
1568513
884933
748187
851849
785438
685809
924350
1042434
980485
899526
894781
1257997
798067
612440
1021402
1026864
788086
1402380
1020969
700359
1072716
573437
934690
1256075
725301
762216
1048495
992518
807671
1103452
1080650
922237
807494
761214
730947
894339
871510
940656
1033465
956987
1022834
822278
939551
963084
654144
1257020
926425
982762
720929
780683
833782
691236
1092745
995115
834006
812816
941389
948765
941426
802764
1112948
865588
1507177
989245
721015
753731
859701
915883
1296255
903499
875815
1037748
891759
799030
995146
946159
AVG: 919529.1

r=3, wt=16, c=32
361951
870600
722355
1079371
1138180
757013
739741
801733
660233
658471
686033
947264
811735
726358
1218156
1708304
645565
942875
918416
1433221
991129
1061270
924136
864996
464562
796034
620931
673277
646856
1035240
1044174
721728
809709
645597
1019206
1048523
776269
990065
859296
637915
981950
681201
1058112
1732281
1106382
810022
810802
954606
1041734
738217
779035
1006261
1104814
699374
786228
813135
882339
1074646
845303
1038830
1153622
791306
854522
940918
815670
1006909
1177758
1003994
835432
920600
794903
861317
806355
668913
887278
847136
1077767
1011801
896779
1142780
AVG: 896440.0

