r=1, wt=64, c=8
146066
254038
211282
168526
150588
246110
136198
105505
148171
179070
102472
146610
97612
115258
103901
110136
158516
148165
135581
120204
143674
130424
133399
159299
198611
118901
123787
106424
110851
122938
96821
135673
147069
113436
131966
144029
116045
124342
154433
178322
115443
100656
99287
107096
102861
105632
183639
131272
109145
97620
150950
161590
135372
142592
178694
126374
144386
87043
130219
147615
108673
178717
135321
112951
111654
119020
116357
105929
148788
169011
97879
98111
110541
105704
122185
97323
118180
123581
108574
131041
AVG: 130604.0

r=2, wt=64, c=8
179741
182889
222039
205995
134102
110088
149035
128462
129625
129451
232296
94326
99749
112273
109401
130537
93497
160339
117383
121178
98582
177101
157883
118663
114431
203963
86057
112641
134580
109171
121263
91153
178124
163955
103297
107427
135224
119578
136239
128325
166451
115715
97574
110109
101287
110439
109277
177172
160589
107113
103488
147210
139959
148215
112882
243829
139418
94036
152243
102910
111699
145201
165828
141768
105732
98439
125958
147878
109405
114564
160341
92440
109161
117697
147948
100516
126050
139316
253308
114025
AVG: 129275.314286

r=3, wt=64, c=8
186635
188187
226919
286620
131418
126373
101222
85701
126484
109409
105258
188527
99188
97293
108566
103804
121126
117533
178187
104595
129096
123194
105347
105805
93669
127911
168466
123222
131682
112171
115991
125874
120322
132872
115855
103206
124695
90338
88965
124496
111218
155207
113642
117593
134139
146314
123854
124815
157630
137605
106827
98541
120061
110339
117807
115538
147862
96976
105688
127657
107836
143170
155940
147998
143657
92209
96288
134642
101361
167234
107748
170017
102183
84308
146960
105731
126246
126818
151333
110291
AVG: 121532.957143

