128535
119223
93464
88101
98416
122989
68005
88811
89130
88342
86139
86704
116288
88019
65805
78511
75042
93004
66565
97292
119440
85255
64739
112890
72380
94295
105457
119563
68229
68359
79813
66940
71540
70243
101574
109163
78099
74209
104888
72923
74577
92745
128371
87126
69157
66758
70266
74418
74582
121820
111576
73331
65016
101243
198100
116983
103224
102527
81938
84738
139279
68811
65414
80984
100377
105395
77269
76361
95297
93060
103853
92948
129610
110992
70835
63790
66579
91326
72553
101459
AVG: 90851.8
