r=1, wt=8, c=20
521584
575128
1106334
1099548
1154252
1197345
1046861
1110814
945193
1039637
1025512
1015146
1341605
1157490
878205
813505
923414
1233654
885918
850275
1070130
1030982
903808
917004
1081221
959954
1117598
1182415
1036186
988459
1045295
957345
972838
1159808
884653
1079641
852807
951831
1031991
988443
1065403
924736
1085785
1020903
1026259
1022468
894095
971663
1014243
919333
992304
820778
1086828
1014839
1129294
1515090
1160995
1260492
953461
1085255
1019836
1016982
757141
890440
1092203
1038067
1033426
962085
1123445
914801
1139248
1187662
1369790
1332944
972323
891163
958207
1219744
892032
1313340
AVG: 1035594.28571

r=2, wt=8, c=20
2255117
1165937
1088522
940578
1299215
1100891
1548021
1134262
1380080
931579
973329
1407599
1284433
1041180
976804
1332301
970285
1308245
1026182
1061348
1024080
960709
1079068
1053275
1028281
1011692
1191204
1318572
1432678
1259558
1312016
1160253
1012014
965415
1168854
818172
980104
1033346
1156708
923161
1000455
1161014
1154435
1010630
1057284
1161137
1440333
981960
983487
969850
664814
894587
914259
1445273
935775
868604
934002
1114048
1096954
1210287
1327105
980637
939337
1038951
823309
838852
832392
1163308
1084640
1065555
973504
1017062
1055993
1098227
1319257
1063724
1094685
1088499
1038479
1085678
AVG: 1084614.51429

r=3, wt=8, c=20
1166258
1399394
1214617
1223801
1230734
1111241
1193959
1156577
978332
844656
921642
875416
1052290
981656
1071839
1013954
1093472
952341
994105
1247053
809273
925107
1177059
1027859
949618
930548
959555
994223
1025069
1033451
1035470
1010012
955833
969562
1126515
1209138
1165469
1358651
1097005
991809
1337921
1012293
927371
968355
959986
1066114
862083
1045169
961588
1084352
987904
1121884
1393284
970274
967126
909290
980790
877391
834573
1031372
969609
763121
977291
1191766
1033490
1018992
1335251
1112912
893218
1023317
1176694
1032328
1162997
957496
1531147
1008892
986716
1182309
1188016
1133394
AVG: 1038835.82857

