r=1, wt=16, c=32
1069836
942297
1061551
1101369
921402
944937
911140
873005
914099
839252
913010
869605
911563
937629
903118
799295
903814
947158
816018
825803
1648452
1003724
1008074
877476
710579
885087
899486
951736
963994
836788
912507
836622
875924
1036755
923364
914689
956895
822705
901613
765630
835354
1017562
1942587
903062
937716
928834
898874
831912
990664
939439
953986
841399
837238
913634
830460
935532
925787
1115450
825207
849487
912075
830350
893238
806921
770835
745274
881009
775132
837983
789523
743483
721482
891242
828912
816645
714220
744748
898592
812202
875025
AVG: 907711.914286

r=2, wt=16, c=32
962221
1284205
1127547
1136379
1018727
957325
878434
1419997
950644
898058
913764
915785
1409491
914979
827231
983002
900923
930845
930855
944707
905045
870782
968574
1000447
960679
997203
882589
885504
933445
875844
884579
777862
1035693
917737
927077
948871
841940
1053719
993078
1012260
980446
1100527
875892
948866
842626
914833
923699
925463
935281
910506
867348
973387
1275317
902748
1016474
962593
883274
860969
993466
920861
792420
944819
935496
984624
888306
818310
1010890
1035823
1105709
900153
985814
1007655
962003
874705
923392
1082332
952656
927967
1013020
873195
AVG: 951909.471429

r=3, wt=16, c=32
1509468
967782
950931
967730
718681
836612
883913
891499
865106
843479
813623
916056
1020509
813262
795134
909175
993115
1665437
908490
923195
779154
881954
879740
1115902
889157
1020628
916628
939606
809679
873040
807269
974665
920059
950384
894312
869845
1029226
872591
912798
1005620
1064207
948713
1060431
832222
842940
958717
916445
840023
825061
881945
919926
1147410
986516
978102
799147
964861
942142
920229
796375
964694
927549
1300021
867646
1057869
876771
945262
971891
859922
1027128
833206
960108
1006835
1078087
975691
1809723
899393
959168
955003
971057
1329862
558790
AVG: 949409.43662

