r=1, wt=16, c=24
1017896
1274410
1252058
1017311
1128516
893912
893907
1034015
993219
994031
921576
885216
998950
967429
958864
877992
906955
906284
1138596
897562
941386
832027
822697
1095083
963849
966467
863928
844947
1008486
977377
919281
906411
921885
969042
878919
913437
1797717
967079
916931
897148
999034
1685864
963929
954796
902515
881615
916003
1211843
992453
899712
889773
921855
977168
986503
969003
1047745
963951
1021280
1246184
822063
870428
781274
973775
906758
719397
954851
776219
928110
821910
889646
879662
840988
791638
947650
883426
1521225
807272
933558
1083506
1060358
AVG: 955594.657143

r=2, wt=16, c=24
1069651
1221409
1177887
1320180
1065851
1028977
982257
908462
854978
1570881
941242
1023795
946090
999416
986695
980741
1000518
927929
859478
982177
872354
1019563
846485
960056
905077
821614
845790
864783
883681
882910
1000880
922051
1016237
882480
976881
923725
918730
1695840
886451
909401
936363
934505
1029964
1079889
884776
876994
978292
910508
901389
992264
896135
1018420
873577
852712
837484
927254
853897
1279004
917327
939101
1050036
1203574
916295
974398
937170
838328
1841580
861902
1024666
953418
910218
838253
864277
1030509
976911
906860
953426
1821135
889476
804278
AVG: 973857.357143

r=3, wt=16, c=24
939420
1095340
1070495
1077364
1029112
1076619
1065514
907286
1003292
834799
894138
862738
887848
1803703
942482
910464
1012466
905209
1000200
957208
916453
908339
837526
900475
996031
830720
1121261
986594
952606
941149
1678595
1007565
913773
1136375
934932
968275
1069647
958668
842840
861123
936310
1023521
946685
940027
1057628
861481
1260740
1120322
1011724
922025
903242
971074
1070912
1508040
888609
880278
959121
1068920
1092608
927721
922676
887371
893675
1001872
914691
879561
983197
895299
1108229
893805
853861
902410
878103
867711
790482
913820
939309
974629
999620
907573
AVG: 983583.485714

