r=1, wt=32, c=28
1045735
1486471
1244971
1231565
1096051
1735204
1220196
989574
887923
989039
1051839
947658
1034010
760981
1039046
832697
2731892
1005435
852630
1086604
883568
1240694
1713647
902197
909782
954627
1105190
1017933
1628888
980759
1028762
939258
1338480
862947
943331
863288
827605
833245
914739
2514729
955496
1123475
1071185
906842
961804
1155391
1049548
1030124
1037591
1049536
2155009
986417
896747
929581
846298
825765
959918
1000452
1048685
1002567
934725
1269675
1088073
1009320
923988
885926
1049073
1013959
1209679
1109542
1054495
968733
866971
788787
847372
732100
832139
943332
663559
892888
AVG: 1079730.65714

r=2, wt=32, c=28
1047929
1340087
1093062
1414297
1053567
1283695
939339
912182
908440
1117931
898385
987257
1185849
1035300
896480
953220
905833
1176136
923858
1146973
1027314
961750
1022732
924811
1291946
897703
1701406
865316
1013698
1009373
1133436
988208
1104819
1067160
951456
935462
986894
964100
837726
961974
991594
2755008
902198
987258
1056434
1122179
1583958
981302
979435
954464
965083
993847
2509973
977216
921832
1221729
1046742
1046744
2954455
988396
1014122
970680
1132394
1076280
1191291
1119059
1054098
920845
1060958
1110889
972412
1010318
935194
1108253
1085713
952200
1001406
1134637
1053531
975101
651566
AVG: 1106657.95775

r=3, wt=32, c=28
842037
1292122
1159930
1138633
978592
1016072
1043276
1037030
928469
998358
1026810
882106
1038526
960260
1091711
1059640
1137237
971732
1114760
884810
1019288
982196
1369678
850651
1088730
1138759
1041966
949234
881575
968509
947614
928352
949363
1082902
921639
1074750
818677
1065509
1095189
987489
880570
1067763
1110166
1071869
937576
993737
1044489
970648
1092994
946424
1544874
938033
973102
968047
951378
918841
1344036
1013623
910086
955611
1005986
1176686
949223
980107
942455
882349
1015572
2183797
1170885
941922
989377
1009548
999063
984673
992599
1148461
981697
1887988
1341000
1081345
AVG: 1031585.37143

