r=1, wt=8, c=20
1060766
1034573
888223
913048
965088
831884
813016
877727
806896
789755
774027
988873
1061643
706042
805002
787117
769076
1056686
789687
797728
787233
823633
844408
874033
748330
733955
754276
698351
690304
848202
890550
814213
747461
814514
779688
855516
760329
880678
981347
777325
778921
759278
785264
729279
832181
758790
965747
707140
821280
775139
723691
734094
697549
699321
673123
746293
644799
839955
689883
775315
780969
795459
665340
1246978
833545
861347
811580
843081
744392
779296
811195
764862
831394
772241
914253
798362
777090
799487
779284
787042
22279271
AVG: 804941.422535

r=2, wt=8, c=20
964834
833280
1023210
880625
886074
813688
972234
910513
908909
809359
962589
799910
1170527
800711
933274
1041670
784619
822779
883277
907371
868282
852680
841349
904338
875802
984473
760570
788926
895538
1227453
781410
772610
804969
813201
779365
833925
922070
853313
810917
925953
874567
761470
746441
784492
776248
760981
855107
840261
801135
771570
823442
884704
884905
803707
812667
1031414
968684
768461
1108595
845785
815867
798782
873652
771075
818554
794316
816699
886761
829377
871559
912817
727651
818868
882726
840759
906142
853487
857438
858413
831735
AVG: 859752.471429

r=3, wt=8, c=20
1070897
1139101
1135821
953235
824540
829257
861470
890576
888954
910883
992479
826324
839828
850402
753331
891032
905968
922837
825322
843384
848382
836908
1028705
890590
1098576
784449
825423
765363
803311
763847
828461
838348
879541
1022815
858026
888711
777620
883988
928775
987956
835713
817995
795241
807691
866182
686058
691371
882533
750032
703831
745875
753786
770731
724983
705277
725267
759914
724602
740664
692394
666931
706103
712237
709452
691625
703976
699315
730538
776627
777663
804875
820454
800364
1190567
786553
872432
886198
890591
795580
852594
AVG: 818989.457143

