r=1, k1
896772
241090
131492
154564
150216
123924
147838
95899
101522
108572
117576
107456
90209
96743
100898
126703
132634
91563
132581
95127
148267
113773
117425
137802
119717
121623
114885
125446
111360
140994
121895
115684
108041
98859
106908
157536
107105
110068
113113
87624
121523
153568
114433
108128
111430
108026
125471
119811
112400
112472
112592
128778
133116
115210
101016
122166
132420
96443
142221
123464
113363
111279
104314
112564
116864
121850
118445
111369
119430
105565
108915
122045
116604
99343
109001
127273
147618
108366
120174
126970
AVG: 116185.842857

r=2, k1
791691
180785
132169
119961
133777
168610
130675
102530
120792
87836
90516
97947
113979
145735
93834
95612
96131
132974
127597
109654
86964
89512
106066
91564
101272
81405
103923
93579
101101
97321
87263
111456
96378
105147
114399
86821
94116
91313
84149
94533
89966
109182
101076
121201
103141
99473
102126
96422
112483
120850
118440
123709
107543
141278
115152
103391
111864
99599
119590
104272
104027
109519
96269
112244
126337
104935
96486
95437
97517
98386
101299
82379
107296
113035
101556
101653
112824
81313
117483
113895
58909
AVG: 105377.985915

r=3, k1
985008
162230
197107
132653
124754
133920
99484
111121
105541
108308
96153
100291
97048
92483
89638
137016
124362
106631
94244
120687
114170
130238
119663
137115
95322
101128
103500
93110
105948
93675
102788
121254
105378
85583
113163
115805
101459
106892
97637
91626
92874
125471
84478
108163
89661
91135
101553
106037
83976
104581
97996
95256
145459
110184
102550
94400
98603
95192
106883
83521
107842
88929
120028
96058
99357
93794
101529
117697
102382
86627
91900
119298
132530
92412
94536
115006
97398
151203
87005
109034
AVG: 104503.9

