SEC 1
1.05556666667
5.40746666667
3.1507
2.77296666667
1.58703333333
63.1035
3.49773333333
2.7902
1.25873333333
4.6022
1.5034
4.2905
1.65623333333
1.25256666667
0.932233333333
6.7501
0.680566666667
1.06243333333
5.01543333333
2.94606666667
1.3533
2.5867
0.9276
4.4801
1.20163333333
0.908366666667
3.15506666667
2.7546
3.42686666667
2.97866666667
1.0687
1.69743333333
0.742766666667
2.8017
67.7459
1.438
1.2184
4.36886666667
1.05796666667
3.00116666667
3.82506666667
0.938833333333
1.1332
1.262
0.920333333333
1.0509
3.61316666667
1.08366666667
1.71526666667
3.4931
3.3709
1.10373333333
1.97783333333
2.67026666667
1.50876666667
4.19903333333
1.6897
61.5693
1.5092
2.98416666667
3.50176666667
1.03696666667
1.05156666667
1.1149
SEC 2
3.49346666667
1.53566666667
1.9947
3.31743333333
1.972
1.3725
1.19473333333
3.1527
0.978433333333
0.929933333333
2.6852
3.58926666667
1.05133333333
1.2676
3.0012
1.34176666667
1.42696666667
3.5524
4.28596666667
5.78323333333
1.83873333333
1.02773333333
2.95006666667
1.2683
2.6521
1.9736
2.16366666667
3.00113333333
5.69843333333
5.34816666667
1.40983333333
1.43216666667
11.5554666667
1.357
4.8026
1.36123333333
1.2749
1.3712
2.88623333333
2.75006666667
3.4789
5.81443333333
3.53196666667
2.25183333333
4.0735
5.0889
1.42646666667
2.28043333333
3.81523333333
3.17016666667
1.77366666667
2.75576666667
3.41853333333
1.04746666667
3.5343
1.41843333333
2.76856666667
0.872133333333
2.1456
0.8588
2.68783333333
4.20866666667
1.41786666667
0.990366666667
SEC 3
5.13656666667
3.1048
1.61083333333
2.98783333333
3.5804
4.45786666667
3.79143333333
5.15896666667
6.22313333333
1.42283333333
4.33426666667
4.368
5.49123333333
5.88946666667
2.17506666667
1.57326666667
6.94583333333
1.43073333333
1.2434
2.19573333333
3.13696666667
5.18973333333
7.4526
4.37026666667
2.31196666667
1.1362
7.41283333333
3.53476666667
4.82283333333
3.9887
4.55376666667
4.28953333333
0.876966666667
6.8927
1.96033333333
3.46333333333
3.82376666667
7.28383333333
2.71346666667
4.123
1.25173333333
1.4359
1.4814
1.18786666667
3.7151
4.51923333333
1.7547
1.13096666667
3.77516666667
4.86546666667
3.29833333333
2.49333333333
2.19543333333
5.70626666667
2.59733333333
7.83983333333
3.0492
4.54026666667
7.16573333333
6.65866666667
5.4231
3.54116666667
1.41783333333
3.5485
SEC 4
1.5048
1.0989
3.14583333333
3.05303333333
3.03796666667
1.21563333333
0.7865
1.1335
5.4093
8.42746666667
3.52963333333
3.30653333333
1.53823333333
1.627
1.49333333333
3.68573333333
0.967233333333
3.51053333333
3.2711
3.528
5.0292
4.2092
4.01926666667
1.40476666667
1.6175
3.53543333333
3.08323333333
3.1268
5.7468
3.74603333333
3.14836666667
0.839
5.6124
1.3228
2.83216666667
3.45313333333
3.5574
5.06493333333
3.68416666667
1.36353333333
1.15366666667
1.51676666667
2.89936666667
3.3064
1.3582
1.14033333333
3.71276666667
3.94583333333
1.09446666667
3.40133333333
2.04133333333
3.70206666667
3.19756666667
1.02773333333
3.8827
2.82526666667
3.6158
1.83066666667
3.149
1.62693333333
4.16096666667
3.70983333333
0.952133333333
4.80176666667
SEC 5
5.89326666667
3.26446666667
5.06983333333
4.8916
3.45206666667
1.46636666667
0.807766666667
2.9212
3.35346666667
4.6449
1.2049
8.20053333333
2.74473333333
2.80616666667
3.32376666667
4.71656666667
6.01656666667
4.92763333333
2.98233333333
0.7492
2.58186666667
5.11496666667
1.70883333333
3.1364
3.2348
0.670166666667
5.8253
1.52166666667
5.4974
5.67876666667
7.3
3.3867
3.7186
1.1572
2.9097
3.01693333333
1.00803333333
0.8515
3.0574
2.74913333333
2.98106666667
3.28326666667
7.97076666667
2.87723333333
1.09996666667
2.65233333333
0.7661
4.97026666667
3.39566666667
1.0262
1.15606666667
0.789966666667
0.719233333333
0.833433333333
3.37503333333
7.80793333333
2.97236666667
6.2489
2.4366
0.654866666667
5.1635
1.9054
5.18476666667
1.38563333333
SEC 6
1.44816666667
1.5433
2.99813333333
3.5019
1.15233333333
2.89513333333
116.686733333
1.62866666667
1.19216666667
121.785166667
1.00506666667
3.429
3.53523333333
0.784833333333
3.02856666667
0.7141
1.38676666667
1.23733333333
2.7132
115.824533333
1.09326666667
1.3813
1.48636666667
116.2979
3.30333333333
121.285666667
2.76276666667
119.603733333
0.595633333333
119.4027
3.34916666667
1.29723333333
1.69066666667
0.7811
1.08786666667
114.871266667
1.09713333333
2.85453333333
0.561366666667
3.46753333333
112.239166667
0.971766666667
115.8141
2.9644
1.26126666667
5.3271
2.86483333333
113.7149
1.47503333333
4.38376666667
118.0114
0.9813
0.608533333333
1.33706666667
1.34733333333
3.1618
5.31153333333
0.839133333333
3.21066666667
0.861466666667
5.231
1.0994
1.13606666667
3.10213333333
SEC 7
3.69463333333
1.74586666667
3.15576666667
1.15166666667
1.2997
2.29646666667
2.03203333333
3.91366666667
5.7576
1.27313333333
4.1766
3.73346666667
1.3972
2.8897
3.05766666667
1.30583333333
1.24973333333
2.74586666667
5.0482
5.4803
3.70286666667
1.1371
1.02046666667
3.1926
1.13373333333
4.4231
3.4443
3.5515
0.611766666667
4.1194
1.69133333333
1.10803333333
3.63263333333
3.48323333333
5.9429
1.12393333333
1.3714
1.39703333333
3.32956666667
1.00713333333
1.93296666667
2.68476666667
5.9826
5.1659
1.20313333333
4.6554
7.58963333333
2.1287
3.02976666667
6.65736666667
0.9192
2.04326666667
2.2872
1.96003333333
1.21153333333
1.33186666667
1.4152
1.87006666667
1.43963333333
0.6622
0.649933333333
0.739466666667
1.16433333333
2.40596666667
SEC 8
3.0407
1.18726666667
3.44713333333
4.96303333333
1.80833333333
5.33
1.31486666667
0.940733333333
2.93833333333
2.30706666667
4.73
5.08053333333
5.74696666667
5.19826666667
3.87123333333
1.5652
1.99913333333
1.45596666667
2.44543333333
0.860033333333
0.701533333333
1.95316666667
2.29123333333
3.12783333333
1.2857
3.1912
1.78443333333
2.7533
7.54866666667
0.7918
2.8712
1.16463333333
3.54426666667
0.733333333333
5.73426666667
3.1991
1.76306666667
3.16786666667
3.96353333333
2.1172
1.24406666667
4.01803333333
4.944
1.79576666667
4.66223333333
3.8381
3.93006666667
1.00143333333
2.05383333333
2.58943333333
1.43736666667
3.4245
3.0093
1.32896666667
0.647266666667
0.8827
0.822366666667
1.1225
4.31716666667
1.02093333333
3.36353333333
1.14183333333
3.76886666667
3.94656666667
SEC 9
3.31556666667
5.11633333333
3.8101
3.4844
1.0949
0.6323
2.98903333333
1.49106666667
1.4094
0.849533333333
2.8493
0.858866666667
1.15056666667
1.20096666667
3.32983333333
0.836966666667
1.44216666667
1.306
1.47146666667
1.45876666667
0.7449
0.9698
3.08786666667
2.72356666667
1.08023333333
0.7156
0.7184
0.6786
0.7672
0.993266666667
0.692866666667
0.7423
1.87713333333
0.797466666667
0.675666666667
2.83313333333
5.2361
2.14323333333
1.52243333333
1.40203333333
3.73733333333
1.2157
3.82166666667
0.8293
2.90023333333
1.00006666667
0.898566666667
0.9103
1.6986
3.12033333333
0.9734
0.944966666667
0.679633333333
1.1898
1.3522
0.7094
0.9657
3.4802
0.8369
3.53016666667
3.0301
1.255
1.03876666667
0.867666666667
SEC 10
0.931166666667
6.4899
1.8534
1.35323333333
1.93043333333
3.5098
2.2009
1.36093333333
9.0904
3.82063333333
1.02513333333
1.25633333333
2.9332
1.06703333333
2.4073
3.17743333333
1.86133333333
4.27526666667
1.23283333333
0.855433333333
2.69083333333
3.0816
2.16776666667
1.5229
1.46693333333
8.5119
1.38436666667
4.69886666667
10.0040333333
1.74756666667
1.91296666667
6.20013333333
1.7058
2.10736666667
1.422
1.4779
1.3129
2.01713333333
1.95286666667
8.87776666667
1.00916666667
1.90253333333
9.3085
2.21406666667
6.28753333333
1.2219
0.9959
1.7852
2.91433333333
1.90106666667
1.3167
0.9758
1.49363333333
1.52026666667
1.0648
8.23703333333
2.889
4.09213333333
3.67926666667
3.10506666667
8.13286666667
2.49136666667
2.00533333333
3.82283333333
SEC 11
1.6126
3.14786666667
1.996
1.98093333333
4.55113333333
1.4332
3.6788
3.518
1.35786666667
3.97866666667
2.2161
1.28693333333
5.87783333333
3.78746666667
3.61176666667
4.06173333333
1.2237
3.6827
3.81646666667
2.16473333333
3.95346666667
2.36543333333
1.10553333333
4.08283333333
0.764733333333
0.988266666667
3.97356666667
3.63503333333
0.8528
30.7732666667
3.24383333333
2.54146666667
0.652033333333
1.4191
1.55506666667
4.14856666667
3.85223333333
1.59
2.84986666667
0.6933
251.192933333
7.03863333333
3.6284
1.38416666667
2.719
4.05266666667
5.96313333333
9.05496666667
1.92043333333
4.02946666667
8.50453333333
4.61266666667
3.1101
1.64276666667
1.4601
3.02143333333
2.76333333333
2.4454
1.45336666667
1.41046666667
1.44383333333
2.0873
1.4148
4.14043333333
SEC 12
2.0169
5.03353333333
4.05103333333
5.09016666667
9.2808
1.51013333333
5.13536666667
4.12373333333
1.78573333333
1.08476666667
1.03486666667
3.13916666667
3.3632
4.41473333333
5.8058
0.801233333333
2.33013333333
3.07193333333
2.31756666667
3.1584
2.91396666667
1.89116666667
4.37923333333
1.541
3.95896666667
0.767333333333
2.926
3.11516666667
8.7499
0.939933333333
7.0215
3.67123333333
3.22793333333
4.5231
4.7643
3.27176666667
3.2177
4.24836666667
2.90663333333
3.6301
7.3256
5.59156666667
4.87866666667
6.9532
4.80656666667
4.80983333333
4.6098
2.31446666667
4.9467
0.975466666667
4.05736666667
1.07376666667
3.57053333333
1.58173333333
5.67406666667
3.14783333333
4.40946666667
4.22323333333
1.8633
0.962933333333
7.45706666667
2.82766666667
3.15066666667
3.80673333333
SEC 13
5.06983333333
3.31376666667
10.2583333333
2.96196666667
1.2902
2.90203333333
6.6113
3.41563333333
7.9098
4.6122
3.70766666667
2.7903
2.36466666667
3.2886
1.97853333333
0.738
0.931433333333
3.81643333333
6.2363
1.45496666667
1.12136666667
5.41286666667
3.23706666667
9.42013333333
1.52373333333
5.14423333333
0.810866666667
9.0745
5.5381
8.5949
1.208
6.9864
2.99583333333
2.9877
3.47103333333
1.3813
2.99633333333
4.30703333333
1.97583333333
3.9535
6.6191
6.03423333333
5.1581
17.1612
4.16476666667
3.0715
2.6504
6.28883333333
1.9267
8.77813333333
11.0038333333
2.45523333333
0.944066666667
7.3132
1.2473
2.21013333333
5.03953333333
5.12203333333
9.89353333333
3.75463333333
0.719133333333
2.3262
3.6016
1.1986
SEC 14
1.61786666667
1.38163333333
3.5342
3.00226666667
3.41513333333
3.51256666667
5.96303333333
0.7712
1.01213333333
3.37256666667
1.24826666667
0.9514
3.1226
0.962966666667
1.4159
1.72596666667
1.5749
2.03286666667
3.26193333333
1.06583333333
1.40356666667
1.53573333333
3.75646666667
2.3393
1.0044
2.88453333333
0.710766666667
1.11
0.963966666667
2.72646666667
1.4012
0.859666666667
0.755566666667
1.82113333333
1.0466
1.25946666667
1.47043333333
0.751
1.4167
3.22966666667
1.71666666667
1.3201
5.3236
2.96893333333
0.8857
1.55516666667
0.792466666667
4.76476666667
3.06306666667
1.01746666667
1.4762
3.2409
1.7459
1.75456666667
0.942866666667
1.54046666667
0.961833333333
1.75733333333
1.16396666667
2.46503333333
3.08976666667
1.0022
5.88906666667
3.3766
SEC 15
4.87766666667
3.4133
3.75466666667
2.99823333333
3.09983333333
0.902966666667
1.9941
3.1696
2.95456666667
5.34536666667
5.7201
3.4565
3.15893333333
0.759666666667
5.4312
1.16163333333
4.05626666667
2.97206666667
2.69366666667
1.7194
1.40273333333
1.53466666667
2.90156666667
3.36606666667
3.4683
1.489
0.6452
2.99266666667
2.43563333333
1.56166666667
4.42576666667
0.613166666667
2.66776666667
1.47663333333
2.7964
3.02446666667
0.869366666667
1.00573333333
3.4285
4.69076666667
0.9696
3.704
2.70886666667
1.0973
1.6884
1.45426666667
3.50293333333
3.6897
4.0315
0.879
2.23926666667
1.17703333333
3.18096666667
1.11316666667
1.26136666667
1.86656666667
1.84026666667
2.41186666667
4.62566666667
1.41416666667
2.96843333333
3.2905
1.32463333333
7.98796666667
SEC 16
1.62676666667
3.1897
3.2892
0.968266666667
3.5815
7.18653333333
2.8315
4.133
3.5523
2.8178
1.06193333333
1.6756
1.44516666667
0.984233333333
0.822566666667
1.29753333333
2.70666666667
0.831066666667
0.612866666667
1.005
2.00896666667
3.03806666667
5.97393333333
3.4272
1.51373333333
0.676833333333
3.24413333333
0.845566666667
0.953866666667
3.01716666667
3.00856666667
0.961
1.8775
3.13286666667
1.09963333333
0.876833333333
4.3732
2.69453333333
1.06256666667
4.398
1.36213333333
3.82776666667
1.133
1.13386666667
2.8754
2.41566666667
1.22626666667
3.04926666667
1.20493333333
2.69703333333
2.0713
1.43743333333
1.07296666667
0.890033333333
4.24083333333
1.2988
0.9438
3.424
1.03823333333
0.8917
2.77953333333
3.03376666667
4.95596666667
5.51293333333
SEC 17
2.3655
7.09806666667
2.61723333333
4.417
3.04996666667
3.71966666667
4.91806666667
4.36636666667
3.11013333333
3.4302
1.23606666667
4.4009
1.36846666667
3.4167
3.06726666667
5.67093333333
1.46023333333
1.8287
2.2489
2.4369
2.51343333333
3.74993333333
5.6255
6.8216
1.57676666667
1.67133333333
1.7743
0.9863
2.7872
5.40603333333
2.5029
1.57833333333
3.8452
2.14433333333
4.08736666667
1.5629
2.04696666667
2.08986666667
6.5912
3.6424
1.4232
3.95556666667
2.19193333333
1.10013333333
3.3956
0.803533333333
3.38833333333
5.58736666667
1.55783333333
6.0099
2.3098
1.50693333333
1.64666666667
1.72406666667
3.05433333333
1.8683
5.99126666667
2.78363333333
4.721
0.804766666667
1.80856666667
2.08033333333
5.44793333333
3.71556666667
SEC 18
1.4329
1.1459
3.6534
1.3078
1.54583333333
3.33553333333
1.14513333333
1.47393333333
3.1538
4.34246666667
1.89323333333
0.829166666667
1.2418
1.18566666667
0.808366666667
1.07613333333
3.49266666667
2.53676666667
8.31656666667
0.940066666667
1.24473333333
2.09256666667
1.5276
1.54023333333
2.84886666667
1.23856666667
3.73436666667
1.23153333333
0.885233333333
3.09443333333
0.944733333333
1.15953333333
1.9235
1.1849
0.9757
3.04756666667
2.74013333333
3.25823333333
1.02353333333
2.83506666667
0.921133333333
0.984866666667
1.15826666667
3.28716666667
3.19356666667
1.2892
4.04473333333
0.6952
1.17566666667
0.871233333333
2.93333333333
3.3111
3.41853333333
3.88333333333
3.10996666667
3.31116666667
0.993833333333
3.6191
3.268
1.82033333333
1.86213333333
0.892133333333
2.99703333333
0.865566666667
SEC 19
4.63806666667
2.83786666667
2.38493333333
2.55726666667
7.69873333333
3.86606666667
5.254
5.3149
4.96593333333
0.9491
3.1332
4.00376666667
0.7133
4.54896666667
3.1342
3.38816666667
5.65703333333
2.4248
3.44323333333
4.1359
3.09706666667
3.37843333333
4.82433333333
3.3291
11.1144333333
4.64306666667
2.54203333333
1.48013333333
1.80323333333
1.0326
0.7689
6.81156666667
1.25163333333
0.963866666667
2.40116666667
0.852433333333
3.2806
1.13803333333
2.71093333333
1.3147
7.89356666667
1.26783333333
5.46896666667
1.23536666667
6.8433
0.856666666667
3.08523333333
3.12796666667
4.97776666667
3.7723
4.37996666667
10.9961
6.72906666667
1.8514
1.1281
4.3605
3.17433333333
8.62646666667
5.40626666667
5.2746
2.3165
4.40386666667
3.6567
4.25886666667
SEC 20
2.20983333333
1.27156666667
0.696733333333
1.05526666667
1.04823333333
3.73413333333
3.40896666667
1.55823333333
5.46503333333
0.636633333333
0.944366666667
2.069
0.816433333333
1.6411
2.3166
1.2086
3.1657
1.00363333333
1.09043333333
2.46766666667
3.33953333333
3.01233333333
6.44743333333
5.03313333333
4.6004
0.7973
2.09846666667
4.82946666667
1.76756666667
2.87703333333
0.712133333333
0.592733333333
1.9621
5.41843333333
1.3251
3.46343333333
0.829733333333
1.90646666667
1.14623333333
2.29136666667
3.28166666667
1.19826666667
1.53496666667
0.912966666667
4.444
3.89596666667
2.28873333333
7.2979
1.0511
1.03043333333
1.43443333333
2.31636666667
6.48183333333
1.33846666667
1.16356666667
1.35913333333
2.66646666667
4.19976666667
1.06636666667
4.57943333333
3.92846666667
2.66006666667
3.57153333333
1.7512
SEC 21
4.37906666667
2.89896666667
0.742966666667
1.3025
2.26356666667
2.8256
3.13383333333
1.99906666667
1.4536
3.04126666667
0.7183
4.36613333333
1.7336
2.92633333333
3.54876666667
2.96396666667
2.90156666667
1.5816
1.27643333333
3.04933333333
4.51696666667
4.90846666667
2.80693333333
1.33056666667
4.7302
5.0183
4.02706666667
5.74376666667
3.48176666667
2.70853333333
0.914033333333
2.56753333333
4.61256666667
1.53253333333
1.7164
1.29063333333
1.98026666667
1.8022
3.30186666667
3.1485
3.3921
1.46436666667
1.04053333333
0.803
0.727733333333
1.58056666667
2.95166666667
2.84056666667
1.50743333333
1.16923333333
2.09036666667
1.1386
4.4874
3.31286666667
3.06256666667
1.81736666667
2.31476666667
1.3384
3.4845
2.8881
3.25166666667
1.82836666667
1.73286666667
3.47096666667
SEC 22
1.12846666667
6.64086666667
1.32783333333
4.0937
5.58826666667
3.32093333333
5.84716666667
2.56426666667
3.3878
7.64753333333
2.2698
4.03816666667
11.0558666667
1.81896666667
1.1903
4.67456666667
3.5918
3.37286666667
1.57863333333
6.8512
4.46443333333
5.5483
3.67683333333
1.63093333333
1.35976666667
2.63033333333
1.34236666667
4.63226666667
3.2823
2.92003333333
4.66353333333
5.41336666667
4.40093333333
0.6743
3.32333333333
1.08583333333
5.60576666667
1.86056666667
8.62063333333
1.1998
2.75283333333
3.217
14.8203333333
2.01373333333
2.60653333333
2.55613333333
5.19976666667
5.7131
1.14256666667
10.9033666667
1.13603333333
1.60376666667
3.3283
5.22423333333
7.20396666667
3.48356666667
22.6304666667
0.616466666667
3.08616666667
9.66396666667
3.7785
3.11946666667
8.32656666667
0.897133333333
SEC 23
1.92393333333
7.69236666667
4.09706666667
6.54493333333
1.81426666667
2.07673333333
4.12706666667
4.32503333333
3.0878
1.90296666667
2.03513333333
1.35103333333
3.0411
2.32056666667
2.9351
3.59556666667
4.53356666667
1.87276666667
3.5071
2.55663333333
2.98306666667
2.13663333333
4.1044
3.6452
1.80653333333
5.0831
3.50643333333
2.33793333333
3.31513333333
5.02023333333
1.29586666667
2.8768
1.68006666667
3.31886666667
1.12106666667
1.79003333333
2.99003333333
3.14476666667
5.1049
1.86733333333
1.77036666667
5.50643333333
1.66726666667
6.0549
3.9725
5.9252
5.72943333333
3.7307
1.92956666667
1.7897
3.6667
2.9479
3.29776666667
1.3433
2.83286666667
3.37956666667
2.6379
3.6503
3.1957
2.3985
2.72683333333
3.22146666667
5.59756666667
4.19516666667
SEC 24
5.41326666667
1.5218
3.02256666667
1.0644
4.40673333333
4.0976
1.40526666667
0.8691
1.83906666667
4.2536
4.22643333333
3.75736666667
3.43613333333
1.93496666667
3.70283333333
1.2793
1.82293333333
2.90196666667
3.83243333333
1.72726666667
2.71186666667
4.27493333333
1.2942
1.58353333333
4.1898
1.9676
7.6346
2.4402
3.86036666667
4.2077
2.35366666667
1.36816666667
3.38923333333
2.08013333333
0.951033333333
2.23576666667
3.43733333333
3.2072
1.76903333333
1.8813
3.45763333333
2.7708
2.08746666667
1.60666666667
1.83546666667
1.5216
7.2404
5.3877
1.28606666667
4.85503333333
1.06746666667
9.5264
1.75086666667
1.1943
1.83613333333
5.7453
1.28503333333
3.06936666667
4.2957
2.79773333333
1.446
1.62466666667
0.8816
3.2344
SEC 25
1.47796666667
4.126
0.970033333333
10.1982
10.1842666667
2.1341
1.15833333333
10.5116333333
1.0444
1.98293333333
7.19346666667
10.4413333333
3.51303333333
4.84893333333
6.09386666667
3.84483333333
1.65013333333
1.8511
7.4401
4.46066666667
1.8954
4.64773333333
3.92096666667
1.0884
4.3166
4.2704
11.0447
9.8242
1.4775
0.7758
2.75676666667
4.6115
2.29916666667
13.2853333333
1.7985
2.30743333333
4.5191
5.25166666667
12.7752333333
9.14126666667
2.65233333333
1.0178
2.86166666667
0.864166666667
1.03746666667
2.11793333333
1.47676666667
4.8228
6.4245
4.57616666667
1.59733333333
4.91466666667
11.5868
9.87543333333
2.1141
4.2675
9.67563333333
10.0797333333
13.5259
4.48463333333
10.7677
3.9503
7.01343333333
3.23103333333
SEC 26
1.21183333333
1.5833
3.39553333333
2.69946666667
0.766033333333
4.0556
4.39033333333
2.75503333333
0.991433333333
2.95043333333
1.90946666667
5.13753333333
1.74486666667
2.4964
1.62263333333
3.23043333333
2.32886666667
0.813866666667
0.9493
1.35233333333
1.41903333333
0.980933333333
2.98466666667
1.10996666667
2.32783333333
2.93193333333
2.24253333333
3.4433
3.565
1.0204
0.909566666667
3.1062
2.18513333333
1.3254
3.60716666667
5.95246666667
1.2935
3.5741
2.1761
3.62673333333
0.868466666667
3.13206666667
3.34356666667
3.86943333333
3.19623333333
4.55413333333
3.5081
0.9203
2.4695
5.17556666667
1.2435
3.66706666667
5.0401
3.2436
6.7664
3.0738
3.89066666667
1.256
4.1345
1.04573333333
0.783133333333
5.5492
0.721966666667
0.833
SEC 27
1.20806666667
4.765
1.28436666667
0.854833333333
2.40686666667
0.784166666667
2.769
0.617033333333
1.91666666667
2.65373333333
1.32053333333
1.4662
4.31036666667
5.09006666667
0.876166666667
1.32913333333
2.117
1.42743333333
1.1849
3.57396666667
6.67226666667
2.0046
3.44526666667
2.7879
1.2539
2.01496666667
3.11253333333
2.23343333333
4.717
3.66436666667
5.27556666667
4.2363
1.7245
0.9488
1.638
4.369
1.62086666667
1.38096666667
0.891166666667
3.54116666667
3.36016666667
1.72803333333
5.15103333333
3.32116666667
0.946033333333
1.12243333333
3.33036666667
3.0455
0.928733333333
1.1908
2.8881
0.950266666667
4.35593333333
2.73233333333
4.78573333333
0.9514
0.871433333333
1.20706666667
3.75283333333
1.06163333333
2.8753
3.2865
4.33633333333
2.3258
SEC 28
3.0442
0.906333333333
2.7593
3.5151
3.07476666667
3.24043333333
2.092
4.41603333333
4.42886666667
2.54416666667
1.31466666667
1.93546666667
4.2753
3.58483333333
1.9828
3.48493333333
3.8564
3.66933333333
2.68503333333
5.2551
5.57026666667
1.8633
2.93206666667
4.69953333333
3.06446666667
1.38526666667
1.9014
3.7605
1.52643333333
3.78326666667
0.7942
2.6005
2.92073333333
1.30006666667
3.1738
4.82573333333
0.896366666667
3.5878
3.6696
2.16283333333
3.78
4.1017
3.5851
3.58526666667
2.19956666667
4.81476666667
1.4953
2.8118
2.84306666667
3.7303
3.26606666667
2.79946666667
1.2858
4.9067
1.61443333333
5.44656666667
5.5995
5.3932
4.64726666667
3.03326666667
1.37363333333
1.04326666667
1.2133
3.70406666667
SEC 29
2.89143333333
1.39836666667
2.53716666667
2.0246
1.30833333333
0.859
1.29256666667
0.990433333333
1.09953333333
5.32823333333
0.613366666667
0.718833333333
1.54863333333
1.11033333333
3.07393333333
1.52193333333
1.09693333333
5.1295
1.6517
1.79983333333
0.706466666667
1.79143333333
1.03566666667
9.3792
1.2745
3.56276666667
1.14733333333
1.16743333333
1.19453333333
7.75406666667
0.8233
3.45306666667
1.2113
1.26663333333
3.48683333333
1.07603333333
9.99996666667
1.66856666667
1.0364
1.29743333333
5.2213
1.11153333333
0.964566666667
1.39686666667
1.25013333333
1.22683333333
0.848966666667
3.28376666667
2.18346666667
6.8422
1.11323333333
1.281
0.999833333333
0.885366666667
3.6763
1.0039
0.9044
0.830633333333
3.12806666667
1.31073333333
1.46116666667
2.97793333333
0.794433333333
0.641333333333
SEC 30
3.2764
1.39876666667
3.9225
0.722233333333
6.2144
3.7175
1.57553333333
3.0709
5.60513333333
1.9385
3.6625
1.9924
1.2816
3.22286666667
6.21683333333
1.36916666667
5.13393333333
1.64183333333
4.77096666667
7.05043333333
1.8707
2.45023333333
1.40166666667
4.0142
1.30123333333
1.72503333333
2.0016
0.773666666667
1.18333333333
4.65626666667
1.0124
2.23313333333
5.27423333333
0.984466666667
1.494
1.80276666667
4.54666666667
1.76903333333
5.9433
4.32643333333
2.99856666667
1.47586666667
1.62666666667
0.786133333333
0.905766666667
1.37136666667
1.7013
4.26456666667
4.73706666667
1.04053333333
2.8415
6.29033333333
3.98113333333
2.98723333333
1.96303333333
5.8807
1.51006666667
1.7165
4.48483333333
2.30666666667
2.83916666667
5.92206666667
1.96066666667
0.643366666667
SEC 31
4.2657
5.0462
3.37026666667
2.7958
1.1406
3.1208
1.24263333333
5.4056
5.296
2.7757
2.32693333333
1.16393333333
2.36393333333
3.90316666667
5.19336666667
3.51656666667
2.72753333333
1.05143333333
5.03383333333
2.57656666667
5.60513333333
3.48523333333
5.2793
1.44426666667
2.89406666667
3.2447
5.53306666667
3.2993
2.80883333333
1.36096666667
1.10246666667
2.33836666667
1.89423333333
3.61223333333
4.3243
3.22086666667
2.1812
3.25996666667
1.29906666667
3.65053333333
3.0063
3.0698
1.2136
4.8608
3.07783333333
1.55713333333
2.9327
3.41663333333
0.938933333333
4.89806666667
1.19923333333
2.7006
2.9268
3.40756666667
3.0616
3.3286
2.65346666667
1.92653333333
4.2245
1.4131
5.0215
4.5714
1.9628
3.67586666667
SEC 32
4.1977
3.14446666667
2.51743333333
3.87473333333
3.86766666667
0.718666666667
2.6816
3.4298
2.157
2.56483333333
1.2463
1.4634
2.56836666667
3.11836666667
2.9813
5.88586666667
3.14713333333
7.0293
3.68523333333
0.930233333333
2.7566
1.34926666667
3.3889
4.87273333333
3.45403333333
0.985366666667
2.39326666667
9.196
1.49183333333
6.7832
2.1044
3.70006666667
7.7604
3.18076666667
3.6337
4.12043333333
3.61626666667
2.61106666667
3.8418
2.77933333333
2.4718
0.929233333333
3.79733333333
1.10146666667
3.98526666667
3.2196
1.75786666667
2.40923333333
4.91883333333
1.06033333333
4.0591
2.08516666667
1.31843333333
8.88256666667
7.03296666667
3.81683333333
5.28363333333
1.34453333333
3.59433333333
2.68923333333
6.8791
1.0341
1.39613333333
5.0787
SEC 33
3.19433333333
1.54006666667
1.38826666667
2.86906666667
3.2188
1.40916666667
3.5277
3.58326666667
2.25776666667
1.086
1.49246666667
4.7743
3.50203333333
0.536466666667
1.81836666667
1.7022
2.28073333333
2.1653
1.56253333333
3.17776666667
3.9145
3.0926
4.0679
1.4322
1.29146666667
1.5255
2.98606666667
1.3224
4.74216666667
3.4279
3.65246666667
0.8256
1.3987
4.80563333333
1.2933
3.118
1.5883
5.64623333333
0.741566666667
1.1212
0.5607
3.67276666667
3.53503333333
2.71906666667
0.630633333333
1.22373333333
3.0682
1.27833333333
1.58886666667
5.97266666667
0.741766666667
1.42436666667
1.04576666667
3.91146666667
0.9122
1.92913333333
2.16186666667
1.17716666667
3.05666666667
3.53136666667
2.8827
3.20366666667
3.0054
1.76363333333
SEC 34
1.61716666667
3.185
0.765133333333
1.2476
6.61643333333
1.6279
1.1214
2.57503333333
0.873933333333
4.78253333333
0.8126
0.802333333333
1.8143
2.48713333333
3.10973333333
3.5092
3.6925
1.25603333333
2.0886
0.992466666667
1.4411
4.13
1.70876666667
1.04206666667
1.84663333333
0.8296
4.14663333333
3.3015
1.36256666667
1.70226666667
3.02863333333
1.2097
2.79323333333
3.30976666667
1.49136666667
4.39206666667
3.04833333333
5.17903333333
4.4354
2.8461
3.9117
6.31576666667
3.90696666667
4.45486666667
4.403
0.991566666667
1.4509
1.4645
3.84306666667
3.54413333333
1.00786666667
1.32223333333
4.43516666667
2.91613333333
3.8083
1.45523333333
3.2737
0.834366666667
4.77086666667
2.96676666667
5.1396
3.204
9.77323333333
3.12773333333
SEC 35
1.33413333333
3.87266666667
3.80216666667
0.898133333333
4.51136666667
2.96506666667
3.9307
3.73753333333
6.31053333333
0.963066666667
3.66526666667
1.36143333333
1.27576666667
3.37126666667
5.4166
3.4844
3.5104
3.17933333333
1.47836666667
0.956333333333
3.92333333333
1.09763333333
5.99706666667
1.65046666667
1.29433333333
0.885733333333
5.97426666667
1.12993333333
4.1019
2.76003333333
4.39956666667
3.53366666667
3.3538
3.54456666667
0.626833333333
1.74066666667
1.00426666667
1.12126666667
3.52963333333
1.54973333333
2.96103333333
0.900233333333
4.10386666667
1.98543333333
3.38103333333
4.2968
1.50836666667
1.45433333333
3.43756666667
0.9954
4.911
0.886566666667
0.991366666667
3.06306666667
1.3408
5.26506666667
1.21943333333
0.816733333333
0.772566666667
0.900233333333
1.24176666667
3.45523333333
1.42113333333
1.0991
SEC 36
2.06446666667
2.9207
1.25143333333
2.6558
0.659533333333
0.7169
2.32746666667
1.2937
4.2362
3.67033333333
2.37796666667
2.568
2.2196
1.57736666667
2.768
1.49753333333
3.33736666667
0.9895
2.02643333333
2.03053333333
1.70336666667
1.6597
4.07133333333
3.6889
3.13463333333
3.0503
4.00173333333
2.35293333333
1.43556666667
0.982166666667
2.1257
3.9124
5.04053333333
3.49533333333
3.8459
1.5061
2.32486666667
2.71453333333
2.2145
3.723
2.24023333333
3.60163333333
1.05563333333
1.0092
5.2284
5.20676666667
3.30626666667
7.2014
6.282
2.97226666667
6.65553333333
1.76473333333
3.3833
1.99596666667
3.08183333333
3.57706666667
1.11106666667
4.0353
4.80376666667
1.6973
2.449
1.5887
2.97266666667
2.0063
SEC 37
1.78536666667
3.43653333333
1.54776666667
5.6471
1.56096666667
3.5026
4.5187
5.53136666667
2.53376666667
2.3681
4.9979
2.6117
4.07776666667
1.49726666667
2.71396666667
3.9215
4.40906666667
0.611166666667
4.76203333333
4.79706666667
3.15076666667
4.7506
1.5654
3.6433
4.10236666667
3.42273333333
3.90253333333
2.2762
2.30556666667
1.0338
3.9395
2.70186666667
3.85556666667
2.08703333333
0.9239
3.2128
1.5914
7.50243333333
3.68726666667
5.96153333333
2.9234
1.82436666667
5.35403333333
2.98653333333
5.03743333333
3.08863333333
1.45103333333
5.7151
1.9404
1.301
3.07246666667
0.606566666667
4.6692
4.59536666667
2.19606666667
5.18786666667
4.8336
3.87043333333
4.1112
1.6477
3.55676666667
1.38843333333
4.5403
2.46356666667
SEC 38
1.76123333333
1.93626666667
1.26126666667
2.03743333333
1.36726666667
1.9478
1.45276666667
6.43473333333
1.94856666667
2.51706666667
0.8073
2.30466666667
5.0045
2.8637
4.87506666667
1.09706666667
1.54143333333
1.54463333333
1.52176666667
7.80906666667
4.4421
0.939833333333
5.59623333333
4.40083333333
4.2963
6.79756666667
0.904066666667
5.2941
3.69966666667
3.41343333333
1.3455
7.69896666667
3.1494
1.50293333333
1.5313
5.57216666667
0.811033333333
7.52096666667
1.3381
1.4331
3.01666666667
3.9141
1.15216666667
4.77396666667
3.39143333333
4.62686666667
1.28803333333
5.1609
1.8197
1.74976666667
1.41016666667
0.861466666667
3.7631
2.83583333333
4.15603333333
3.60533333333
2.9336
1.00203333333
3.4883
4.57966666667
1.37113333333
0.845533333333
3.02543333333
3.70413333333
SEC 39
3.22823333333
4.6035
7.65756666667
2.99346666667
5.78643333333
3.28063333333
2.99733333333
2.85563333333
7.33366666667
1.83286666667
4.2382
3.0452
4.70266666667
3.33443333333
2.78753333333
1.52806666667
2.37436666667
1.1679
4.27663333333
1.15723333333
3.43033333333
0.787733333333
1.555
2.13816666667
2.42316666667
3.21046666667
1.26456666667
1.81706666667
2.406
1.10423333333
1.1154
2.5223
3.01926666667
1.7907
1.44736666667
4.48673333333
1.212
1.93663333333
1.55823333333
5.80433333333
5.01536666667
3.2904
5.7001
3.4798
0.852633333333
5.0144
2.1694
3.20936666667
4.40103333333
1.8912
2.35196666667
3.21826666667
4.67906666667
5.19886666667
2.17943333333
0.637866666667
1.47783333333
3.4108
3.6198
1.9702
1.3897
1.33146666667
1.64053333333
1.2701
SEC 40
1.819
3.09883333333
3.2168
2.23326666667
2.2914
1.3204
4.27146666667
2.85876666667
2.23583333333
2.14006666667
5.69826666667
1.0432
4.9307
4.42456666667
0.9895
2.23916666667
3.15426666667
1.5724
5.52943333333
0.7933
1.48136666667
1.61766666667
2.1718
1.90066666667
3.33026666667
3.41646666667
3.65306666667
4.42076666667
4.61753333333
2.82503333333
2.98326666667
1.37336666667
1.62463333333
7.71563333333
9.1874
4.60566666667
5.95413333333
4.6731
2.70563333333
1.53996666667
1.08336666667
2.7021
2.13083333333
3.1122
3.9323
0.944266666667
1.4676
3.77373333333
1.24096666667
5.17543333333
2.9142
5.29013333333
2.8728
3.028
4.03983333333
2.65886666667
4.88316666667
6.62786666667
6.0866
4.94526666667
4.38446666667
3.22823333333
2.36193333333
3.0903
SEC 41
3.17973333333
1.50253333333
3.03466666667
3.65986666667
0.7762
3.39013333333
1.27043333333
1.01146666667
0.7927
3.38106666667
1.55226666667
5.5666
1.22106666667
0.842466666667
5.2675
2.69763333333
6.1125
0.867533333333
5.8248
7.21193333333
5.4815
1.7454
5.54073333333
2.7972
1.14436666667
5.98476666667
2.83073333333
0.904033333333
1.1366
1.1598
5.1382
0.717733333333
0.823566666667
5.0407
5.4317
5.83613333333
1.1389
1.14813333333
0.775666666667
4.99183333333
3.00373333333
1.02473333333
5.1714
0.658633333333
2.77526666667
1.2439
3.6683
5.4489
3.31893333333
1.10056666667
1.0338
6.19593333333
1.44813333333
1.28663333333
5.91886666667
5.6613
1.2444
3.21846666667
1.28753333333
3.3061
1.41983333333
1.40096666667
2.95936666667
2.82596666667
SEC 42
3.19966666667
2.45563333333
4.2082
4.30286666667
2.16816666667
4.9026
3.35863333333
1.95846666667
4.82336666667
1.47323333333
2.97316666667
4.09333333333
6.03923333333
1.69593333333
1.61093333333
1.39733333333
3.93236666667
1.3926
1.32713333333
2.8532
2.33146666667
3.75593333333
3.45396666667
1.0841
4.5426
3.4377
7.7723
3.49813333333
2.68633333333
1.9994
1.39933333333
4.51486666667
6.39413333333
5.72866666667
6.4754
3.74176666667
2.49316666667
7.3771
1.1775
3.33426666667
2.51413333333
1.8228
2.37483333333
3.75603333333
6.26303333333
3.7252
3.26336666667
1.94803333333
1.17636666667
3.25743333333
6.7303
1.14503333333
1.9113
8.1241
5.40993333333
1.48623333333
3.24456666667
2.50266666667
3.77196666667
7.9115
2.8878
3.5687
4.75456666667
8.9702
SEC 43
4.72836666667
1.0121
3.85946666667
5.87646666667
2.09276666667
2.85756666667
2.2289
3.318
3.0887
1.02156666667
2.87096666667
4.2258
1.82736666667
4.06686666667
1.46946666667
2.23276666667
4.0862
2.4079
4.86943333333
1.1389
1.09216666667
2.08643333333
3.22103333333
4.38473333333
2.97743333333
1.40546666667
6.18536666667
1.28046666667
5.924
5.60656666667
4.15926666667
3.47956666667
2.79166666667
3.5746
7.54383333333
4.47586666667
1.2982
1.7029
1.93426666667
3.41843333333
3.69976666667
3.0517
3.60196666667
2.80313333333
3.04613333333
3.49986666667
1.4575
2.908
2.80686666667
2.2762
3.7464
3.47013333333
1.02676666667
3.31496666667
3.14306666667
0.987
3.6927
1.09083333333
6.52916666667
6.38036666667
3.5649
2.37913333333
7.09573333333
4.72676666667
SEC 44
1.3143
0.7661
3.32593333333
4.84023333333
2.9513
2.9821
1.25713333333
4.33106666667
3.0898
2.77456666667
1.0564
5.5427
1.81613333333
1.19956666667
2.7323
1.4773
0.955133333333
2.3902
2.67746666667
2.41886666667
2.92053333333
3.45666666667
4.95363333333
7.6
1.56623333333
1.13493333333
1.3901
1.16916666667
1.52003333333
3.14886666667
1.03293333333
2.6889
3.38493333333
1.52033333333
3.04716666667
1.1612
0.973966666667
1.00346666667
1.33706666667
0.969366666667
3.92563333333
1.0845
1.77883333333
3.36593333333
0.803066666667
3.3729
1.06066666667
3.49656666667
2.38756666667
1.14056666667
2.77233333333
3.4885
3.06036666667
2.79013333333
1.81206666667
2.91573333333
1.29873333333
0.9703
0.895833333333
3.10476666667
0.920566666667
1.04653333333
1.11796666667
1.0717
SEC 45
6.41913333333
10.1463333333
3.50126666667
2.87186666667
3.99823333333
5.2251
2.7611
1.5508
0.784633333333
0.937866666667
3.30586666667
2.8539
10.8765
2.62993333333
3.95883333333
1.79013333333
3.9719
1.27576666667
1.0558
32.1802666667
4.57343333333
42.2136666667
2.75923333333
2.124
1.06666666667
2.59316666667
8.18526666667
4.0189
2.33646666667
6.56456666667
4.40466666667
2.987
3.87046666667
33.6432
3.97563333333
2.6092
2.2851
3.6108
0.963033333333
4.98626666667
4.86443333333
3.64506666667
6.64916666667
2.1546
4.55706666667
3.35753333333
2.76513333333
1.2649
12.1118333333
3.54093333333
4.38983333333
5.8112
2.39353333333
4.27416666667
10.1143333333
1.8947
1.37583333333
1.56976666667
3.7827
10.0575
2.3007
1.3659
9.25823333333
3.40523333333
SEC 46
4.1064
6.49926666667
5.8433
1.59103333333
10.8738666667
3.7277
3.701
3.33293333333
4.49283333333
1.69736666667
2.5412
6.14536666667
3.6143
3.48526666667
2.8155
2.1432
1.0831
3.24366666667
7.81633333333
6.75556666667
3.7439
1.3065
4.22943333333
0.841566666667
3.28416666667
1.40313333333
2.89766666667
6.7219
4.44216666667
4.50433333333
5.39223333333
4.63033333333
3.6049
4.08753333333
3.72363333333
3.1631
6.34076666667
0.928033333333
4.03283333333
1.25563333333
4.33016666667
1.62536666667
4.5751
1.0603
2.92733333333
3.26676666667
1.528
4.39523333333
3.69623333333
3.37813333333
6.29466666667
1.33496666667
1.867
3.9321
7.226
0.933066666667
5.47686666667
3.2317
2.4671
3.28056666667
2.5229
4.11806666667
1.55753333333
4.469
SEC 47
4.22043333333
4.07703333333
6.67036666667
6.49476666667
6.17593333333
1.95653333333
1.25133333333
5.24886666667
8.22996666667
4.54983333333
5.8259
1.0778
3.82726666667
1.58276666667
6.59246666667
3.84576666667
1.1622
6.23066666667
3.42436666667
6.40526666667
6.5664
5.0378
4.6428
3.24773333333
5.3219
3.6542
2.44076666667
2.65266666667
2.8105
1.34166666667
10.1553666667
4.03683333333
3.33723333333
4.92196666667
1.35606666667
6.3418
2.80746666667
3.65603333333
4.61206666667
1.20053333333
2.1051
3.1399
3.88886666667
5.0569
5.74
1.9129
3.45786666667
4.4276
3.13443333333
3.18533333333
7.58626666667
8.20363333333
8.55986666667
3.4949
5.4068
3.15343333333
5.3253
3.25806666667
3.1492
3.9954
6.05343333333
3.55593333333
10.3815666667
6.7856
SEC 48
4.0649
3.1322
2.5735
2.7143
3.0927
2.15706666667
5.03993333333
0.852866666667
2.2135
2.83156666667
3.34976666667
0.8751
1.4458
1.94303333333
4.58303333333
5.2882
1.9381
1.86376666667
3.03246666667
1.38133333333
1.00316666667
1.1785
1.90986666667
2.97363333333
0.9209
1.4745
3.35413333333
2.07126666667
2.16846666667
3.70956666667
1.4643
3.76936666667
3.0637
1.3168
1.722
3.24146666667
3.09553333333
1.06443333333
1.38376666667
2.16566666667
0.928966666667
1.42116666667
3.50163333333
0.9712
3.38076666667
1.38103333333
6.23406666667
1.07216666667
1.69466666667
0.805833333333
5.0904
3.36383333333
2.4279
2.09123333333
1.5287
3.6996
2.98846666667
2.36326666667
2.2143
3.86653333333
0.876533333333
1.91753333333
1.3344
1.80233333333
SEC 49
4.65703333333
3.74313333333
1.75366666667
0.753666666667
1.2767
1.3642
0.9631
5.22426666667
1.5391
3.63153333333
1.35163333333
0.9043
0.8326
0.935133333333
5.28446666667
1.91196666667
3.15636666667
1.4207
3.60753333333
3.61803333333
0.887133333333
3.95526666667
1.02976666667
1.6587
1.18126666667
5.64853333333
3.24156666667
1.21096666667
1.56523333333
1.43203333333
1.34216666667
6.54776666667
1.73806666667
3.35953333333
0.969333333333
0.972233333333
1.815
4.9146
3.66313333333
5.52703333333
0.887466666667
2.63983333333
3.52016666667
3.61756666667
0.8766
6.02026666667
3.6811
0.769966666667
4.07126666667
3.85873333333
6.76943333333
3.75573333333
1.44993333333
6.07316666667
1.93493333333
2.18606666667
2.82086666667
3.69073333333
1.57623333333
1.2199
0.9317
1.74493333333
1.0788
3.08843333333
SEC 50
4.38963333333
3.44793333333
1.47836666667
3.30276666667
2.0828
1.85483333333
3.5202
1.1986
1.69556666667
3.87666666667
1.45276666667
5.40056666667
1.66466666667
3.13526666667
4.5289
3.32586666667
1.61803333333
4.41983333333
3.9667
3.7031
1.69343333333
2.8327
1.5332
1.644
1.10346666667
4.25633333333
3.17603333333
1.97016666667
5.60966666667
1.40836666667
2.20856666667
4.29693333333
2.76156666667
2.4501
0.832866666667
3.60226666667
6.7133
5.78456666667
3.96356666667
1.92606666667
1.4657
6.27426666667
2.9988
5.04333333333
4.10726666667
1.98553333333
3.0692
1.82056666667
2.28063333333
1.32273333333
1.25783333333
1.93426666667
3.26006666667
2.75386666667
6.11936666667
5.46563333333
3.31746666667
5.25426666667
6.01583333333
3.39393333333
1.3774
4.36253333333
5.21573333333
4.23306666667
SEC 51
7.44116666667
3.9007
1.24533333333
6.20613333333
1.72433333333
1.53923333333
4.17623333333
0.754333333333
0.853433333333
3.81306666667
5.2783
3.17273333333
1.24336666667
0.942533333333
1.1599
3.4484
0.620666666667
4.44046666667
1.91736666667
1.02046666667
1.06803333333
3.30986666667
1.85103333333
2.13946666667
3.28283333333
1.16273333333
5.43336666667
3.60733333333
1.43286666667
3.545
3.9248
1.75943333333
2.27943333333
1.71933333333
3.1949
3.91913333333
2.02113333333
2.66606666667
3.66886666667
3.4373
3.3674
1.08216666667
1.83213333333
5.97006666667
3.7625
2.3415
4.16973333333
2.2728
0.887233333333
1.31253333333
1.39946666667
1.13743333333
1.13916666667
3.90423333333
3.6389
3.971
2.79566666667
2.9119
1.1927
4.84453333333
4.19113333333
4.21773333333
2.64773333333
1.41383333333
SEC 52
3.32293333333
6.36336666667
2.2928
2.54736666667
1.68513333333
3.35993333333
4.56723333333
2.3577
0.753966666667
3.21456666667
4.54153333333
1.7765
3.07563333333
4.55146666667
0.9631
4.42306666667
2.19353333333
1.96883333333
5.92106666667
3.00873333333
1.64953333333
2.18556666667
1.4231
2.49736666667
1.79046666667
1.13643333333
1.58236666667
2.0362
1.52343333333
3.72183333333
6.0335
2.64763333333
2.81086666667
2.4476
2.63023333333
4.39006666667
4.80813333333
6.58163333333
3.97096666667
4.5132
5.34373333333
1.58673333333
1.94616666667
1.5177
2.4452
3.19763333333
0.4808
2.10976666667
2.34413333333
2.63336666667
2.43273333333
1.24223333333
4.53716666667
1.1591
0.703733333333
5.11976666667
2.3894
3.1288
1.94306666667
1.07523333333
4.3605
2.52913333333
1.34666666667
1.41326666667
SEC 53
3.40553333333
0.9305
1.17353333333
4.8381
4.17576666667
3.518
1.27663333333
5.30243333333
1.4491
3.34043333333
3.12396666667
3.75856666667
5.54323333333
2.86943333333
4.08736666667
0.8004
4.8778
3.61556666667
3.59746666667
1.7439
8.09516666667
2.94893333333
3.08123333333
3.42893333333
4.9922
1.14326666667
5.0607
3.44393333333
1.06223333333
9.36456666667
2.46313333333
1.4379
1.51956666667
1.53076666667
5.75736666667
0.789933333333
0.809366666667
3.27203333333
1.79536666667
2.29356666667
3.46993333333
1.19376666667
5.68353333333
8.4234
10.1886
3.29666666667
2.2862
3.71926666667
5.8337
3.23386666667
3.19026666667
5.7974
3.01383333333
0.97
3.76126666667
1.83773333333
1.3563
0.669533333333
4.11983333333
9.52923333333
5.6082
1.50203333333
0.767766666667
3.43783333333
SEC 54
3.0466
1.02426666667
1.84876666667
3.11996666667
3.31326666667
4.314
1.4767
3.8216
1.89196666667
4.8961
3.77216666667
3.19006666667
1.0686
0.957
4.313
3.95903333333
4.2848
1.0248
1.8588
3.1564
2.16333333333
3.83743333333
2.84366666667
1.96783333333
6.2586
7.4316
5.55036666667
1.81583333333
6.41506666667
2.3246
5.4661
1.7071
1.65446666667
4.0392
1.8391
6.296
5.80233333333
3.1753
1.90196666667
5.81676666667
3.88373333333
3.26596666667
6.5293
2.4454
1.1675
3.80483333333
1.60056666667
4.3219
3.7332
1.81276666667
0.797766666667
1.45663333333
3.986
2.9245
1.25416666667
2.74923333333
3.14456666667
1.46053333333
1.43613333333
1.412
1.47653333333
3.3898
1.92393333333
3.36856666667
SEC 55
1.2377
1.21443333333
2.07103333333
5.0662
2.2337
1.3565
5.3499
6.8042
4.2276
2.56856666667
5.4205
6.66143333333
0.778566666667
1.53833333333
2.74876666667
2.3293
0.659733333333
1.82096666667
5.69463333333
2.89893333333
1.86546666667
1.54066666667
1.67086666667
3.19943333333
4.61136666667
5.13313333333
2.56936666667
2.38296666667
1.06893333333
3.7843
3.1338
1.02003333333
5.1195
5.48206666667
1.393
4.2636
3.106
2.12473333333
5.49146666667
1.7783
3.5215
1.72333333333
7.63443333333
2.8518
2.71256666667
1.33573333333
1.88013333333
5.95673333333
2.67766666667
3.66906666667
2.5831
2.21553333333
3.3173
1.65256666667
2.6164
3.11716666667
1.2759
4.94533333333
1.63653333333
0.925833333333
5.3918
3.0786
6.7186
2.553
SEC 56
1.02526666667
1.57633333333
4.92703333333
5.8771
3.72426666667
1.66673333333
4.5901
1.59966666667
4.31846666667
1.13643333333
3.00673333333
0.571066666667
4.41116666667
4.6329
1.1563
2.04123333333
1.03613333333
4.39323333333
3.20996666667
4.1006
4.9378
0.6891
3.90486666667
4.68556666667
2.39003333333
6.9088
1.8655
0.896166666667
5.61563333333
3.20896666667
5.4416
3.96853333333
1.2612
1.13166666667
1.4959
1.76036666667
0.7046
2.38303333333
1.80126666667
2.1151
1.72066666667
2.59666666667
0.851233333333
1.1678
7.0891
1.66193333333
1.3583
3.36213333333
1.31956666667
1.3101
1.8369
3.3968
1.94133333333
2.1549
0.992666666667
6.4005
1.6203
1.03806666667
2.4563
3.17703333333
2.1943
1.01766666667
1.3775
3.3408
SEC 57
2.588
2.73573333333
0.892266666667
11.1548333333
3.36903333333
3.03583333333
4.24363333333
5.81583333333
2.7148
5.4587
6.3059
4.14696666667
3.57533333333
5.56663333333
3.4596
1.28433333333
8.82476666667
6.3628
5.85926666667
3.00016666667
6.04993333333
2.5933
2.95253333333
4.37486666667
5.09586666667
5.55216666667
2.48816666667
4.0827
1.3646
6.59226666667
1.29243333333
1.938
6.8155
6.0536
2.37006666667
5.27716666667
1.61226666667
4.83043333333
2.937
1.2843
2.38226666667
1.33943333333
1.98053333333
5.43063333333
5.29473333333
3.53943333333
3.20473333333
3.39746666667
8.70936666667
5.99213333333
6.298
1.72506666667
2.93473333333
3.22263333333
1.51493333333
5.15393333333
0.798266666667
2.93176666667
3.74316666667
3.05676666667
1.7162
3.5771
3.11006666667
4.9496
SEC 58
3.31226666667
2.65536666667
9.15036666667
2.83603333333
4.1389
3.10623333333
4.3695
3.30223333333
3.21086666667
0.8116
5.18973333333
1.49446666667
2.86553333333
4.72363333333
1.5031
1.71816666667
1.6039
4.08716666667
1.07946666667
2.88906666667
1.72863333333
3.76166666667
1.05886666667
1.68526666667
0.7709
1.528
3.96303333333
2.88356666667
0.835166666667
9.1732
4.5671
1.76883333333
3.4902
3.13616666667
5.6899
1.2024
1.91336666667
1.2348
3.23496666667
3.39393333333
1.3182
2.45403333333
5.1958
1.1265
1.07896666667
3.58913333333
3.37216666667
3.3122
0.816633333333
1.36653333333
3.3526
0.925466666667
4.6695
1.52413333333
3.71193333333
1.4632
3.3717
3.75933333333
0.7472
1.0604
1.61666666667
1.39816666667
3.16463333333
5.00766666667
SEC 59
1.49816666667
0.750266666667
4.76686666667
1.0285
2.96203333333
2.86483333333
3.40436666667
0.9823
10.0668
1.76506666667
4.06763333333
1.0679
0.766766666667
0.551066666667
1.3821
2.73666666667
3.01233333333
1.16046666667
3.13556666667
3.14656666667
0.764733333333
4.09593333333
0.997566666667
2.6169
3.87996666667
1.30563333333
1.16766666667
1.4674
1.26846666667
3.61623333333
0.664666666667
2.6954
1.36573333333
3.24416666667
5.13096666667
1.53126666667
3.81816666667
3.44306666667
6.9332
5.9241
1.3026
1.72303333333
6.08966666667
0.998633333333
1.61466666667
0.990533333333
4.6086
3.69653333333
3.86006666667
4.7295
6.1932
5.27286666667
0.894533333333
1.64503333333
1.44063333333
0.7296
0.768233333333
2.0664
4.18576666667
3.2064
1.06683333333
1.20296666667
3.3207
0.671766666667
SEC 60
9.64166666667
10.3617333333
12.5418
2.55186666667
0.865333333333
3.44903333333
6.62016666667
3.54816666667
4.56143333333
4.26353333333
1.04633333333
10.4847666667
3.6242
3.22013333333
5.92136666667
4.27353333333
4.23883333333
2.45746666667
4.35956666667
1.16796666667
2.65176666667
2.73653333333
2.99236666667
3.0067
1.19686666667
1.74003333333
0.9305
2.36676666667
1.32436666667
5.16626666667
3.33993333333
4.8017
4.33323333333
12.4833
1.45803333333
3.11976666667
4.03676666667
4.51126666667
3.1639
0.8276
3.2702
4.75236666667
1.72133333333
2.79376666667
5.12956666667
5.99076666667
4.8334
12.3975666667
3.90223333333
3.88743333333
4.91226666667
7.34636666667
3.85786666667
1.90206666667
0.9105
5.52703333333
0.830766666667
3.04756666667
4.86786666667
1.73413333333
4.8849
5.25556666667
10.0302666667
3.90353333333
SEC 61
1.08793333333
2.9105
1.64026666667
3.53183333333
1.08313333333
1.76796666667
1.3944
1.55336666667
1.78086666667
2.01463333333
5.82423333333
1.70943333333
1.16393333333
1.65276666667
1.42486666667
0.9758
0.890666666667
1.065
5.79076666667
4.14416666667
1.0123
1.1533
1.5897
3.00753333333
1.10266666667
1.83753333333
1.76783333333
4.197
2.60716666667
4.6878
2.45563333333
3.9541
1.23963333333
1.70993333333
1.4181
4.2786
4.86543333333
2.48273333333
1.2844
1.69406666667
2.28123333333
6.4538
1.06763333333
1.86823333333
3.9654
1.84843333333
1.49006666667
3.7911
1.64236666667
2.16316666667
1.97066666667
3.9581
1.6462
4.8542
5.98113333333
2.02373333333
3.7963
1.72923333333
1.59273333333
1.33043333333
1.75303333333
1.83676666667
1.30366666667
4.14126666667
SEC 62
4.26763333333
1.7314
2.96453333333
3.75846666667
2.09756666667
1.35216666667
0.6382
1.1214
1.4071
3.38603333333
1.69946666667
3.1082
3.21636666667
0.8425
1.93153333333
3.47833333333
1.26696666667
1.22336666667
0.965766666667
1.23726666667
1.70876666667
1.4333
1.07496666667
1.12373333333
1.14043333333
3.88536666667
5.67603333333
3.30626666667
0.6988
2.99363333333
0.973066666667
1.2249
1.01403333333
4.2059
0.9661
5.52006666667
0.806633333333
1.84316666667
0.845866666667
3.2628
3.37433333333
1.1665
0.517566666667
1.6407
1.60296666667
0.554833333333
4.1019
3.30573333333
1.37843333333
5.6191
1.46313333333
1.2596
3.28756666667
1.45403333333
2.9291
3.5142
0.934166666667
3.76793333333
3.45966666667
0.8095
4.89156666667
5.27113333333
1.7756
3.35603333333
SEC 63
0.5861
2.90566666667
2.00736666667
3.4902
4.82526666667
1.61613333333
5.96556666667
0.753433333333
3.96243333333
6.28563333333
1.0333
2.0161
3.4833
0.7785
2.93413333333
3.5339
1.25636666667
0.664733333333
0.831566666667
4.08983333333
3.92156666667
1.0743
2.46093333333
2.17736666667
1.6738
3.2749
3.6559
4.47713333333
1.3846
4.47676666667
5.08816666667
2.71696666667
2.62026666667
2.345
2.8464
2.466
1.37443333333
1.49363333333
3.30083333333
3.65123333333
2.24373333333
1.3458
1.5525
3.62623333333
1.104
0.858533333333
1.71373333333
1.10113333333
4.87066666667
1.95953333333
0.8709
6.93683333333
4.543
3.35226666667
1.87916666667
3.27556666667
1.55216666667
2.5048
1.29716666667
1.97906666667
1.5683
4.9323
3.83486666667
1.18746666667
SEC 64
3.11733333333
0.7754
1.39226666667
1.33233333333
1.149
4.3981
3.03223333333
2.0119
3.48256666667
2.34583333333
1.34316666667
1.04733333333
1.68696666667
3.76263333333
3.3408
5.72876666667
3.65313333333
2.71436666667
1.22143333333
0.851133333333
0.8123
1.8227
3.7041
1.54876666667
3.823
2.32733333333
0.9499
4.36513333333
3.12623333333
4.94433333333
0.719266666667
3.52956666667
5.86096666667
1.2868
4.63346666667
4.21416666667
1.27066666667
3.16286666667
3.583
4.94293333333
5.59506666667
7.00846666667
2.66233333333
3.45633333333
1.65646666667
0.775066666667
3.242
1.10176666667
2.5158
1.9344
3.38843333333
2.12493333333
0.883366666667
1.247
3.23776666667
1.01253333333
2.29346666667
5.0193
3.38503333333
1.47406666667
4.9753
1.5349
7.35433333333
3.21253333333
SEC 65
1.70513333333
9.42543333333
3.56666666667
4.86363333333
1.31916666667
7.26916666667
7.51953333333
5.18886666667
2.87133333333
1.2995
1.39
3.79393333333
3.33533333333
0.9264
2.87323333333
7.03983333333
3.72186666667
4.7166
8.39416666667
1.65933333333
6.40193333333
5.92773333333
2.217
1.4869
3.75726666667
3.33033333333
0.838533333333
4.9039
4.60343333333
0.957966666667
1.59216666667
6.87973333333
5.13883333333
1.60033333333
2.84436666667
3.15273333333
6.46656666667
6.64043333333
1.10403333333
3.01556666667
1.0637
0.997333333333
2.9049
2.5257
1.81823333333
3.8568
5.3482
1.01683333333
3.92166666667
1.7347
1.7875
0.6818
3.0809
6.49213333333
3.63276666667
2.98216666667
1.2086
1.34296666667
3.30366666667
8.05493333333
3.12876666667
1.2202
2.8609
0.9461
SEC 66
6.06126666667
2.88903333333
6.68423333333
2.94633333333
1.19226666667
0.9725
4.58083333333
1.0842
3.1278
2.97683333333
3.39223333333
6.6702
4.3457
0.979466666667
1.29876666667
1.07033333333
1.63816666667
2.5902
1.33873333333
6.361
3.6573
0.832033333333
1.82383333333
1.62946666667
1.6353
1.60073333333
3.9844
1.4417
0.973766666667
1.15846666667
1.94026666667
1.5084
1.34483333333
3.21766666667
3.78996666667
1.5755
4.07986666667
3.10343333333
5.1038
1.11446666667
3.47453333333
1.30736666667
0.8528
5.67283333333
6.94353333333
3.38883333333
3.78573333333
1.1953
3.29563333333
2.72556666667
0.5866
1.2576
1.26803333333
2.8031
2.9514
1.48993333333
4.9377
1.2082
3.34133333333
0.895233333333
2.9653
0.6388
3.3636
0.7885
SEC 67
3.23843333333
2.83773333333
1.17693333333
1.2777
3.08116666667
1.33443333333
3.1212
1.2264
4.33646666667
0.739033333333
1.35236666667
0.983466666667
2.2969
4.0748
3.39776666667
1.01843333333
1.13366666667
1.4342
1.60123333333
4.98406666667
1.29696666667
4.44866666667
0.787533333333
3.6733
0.8445
4.55943333333
3.21966666667
1.79873333333
2.3097
2.72566666667
1.41563333333
2.7213
3.71206666667
0.826566666667
2.45533333333
1.33143333333
1.81923333333
3.63813333333
1.3802
2.87723333333
0.960233333333
1.31533333333
3.36363333333
3.7472
1.17126666667
2.91076666667
5.72386666667
1.03
1.05403333333
5.98833333333
3.8032
2.94333333333
0.959733333333
1.1428
0.718533333333
1.36083333333
4.2419
0.8052
1.24456666667
1.5576
0.797366666667
2.58553333333
1.20133333333
3.20226666667
SEC 68
3.7848
2.80826666667
4.95526666667
8.41
3.85406666667
0.770233333333
0.6247
5.8696
6.0223
6.9712
5.2986
6.09743333333
2.57773333333
3.27866666667
3.24673333333
4.2202
4.08576666667
9.22026666667
7.05593333333
4.15193333333
1.55363333333
2.64483333333
5.3288
4.1019
1.85453333333
5.46723333333
3.50056666667
3.43893333333
10.0036333333
1.25203333333
2.9364
3.9201
4.1561
0.8087
5.1803
2.7879
4.4665
2.7281
2.40746666667
0.8535
3.5906
3.13576666667
2.34633333333
4.7419
4.53493333333
7.51236666667
5.62246666667
3.47603333333
1.1551
2.88206666667
2.79373333333
2.32333333333
5.82613333333
1.0459
3.06676666667
9.79083333333
4.62193333333
3.3313
5.4202
3.106
2.9668
2.84313333333
4.48363333333
4.82283333333
SEC 69
5.61886666667
3.6021
4.74316666667
5.64873333333
2.07526666667
0.7611
4.516
5.4885
2.67676666667
5.44246666667
9.0007
2.69176666667
3.19686666667
5.87733333333
0.839466666667
4.83003333333
3.17226666667
5.53816666667
3.83193333333
9.5169
4.27766666667
6.0456
1.2319
1.221
6.0048
5.1234
3.7582
1.33486666667
5.6515
3.16753333333
3.44183333333
4.63696666667
0.960166666667
0.981133333333
6.10943333333
5.9891
6.7993
2.70323333333
6.36896666667
7.97316666667
3.81663333333
3.97303333333
0.942366666667
3.55193333333
2.86186666667
2.55663333333
2.6214
6.9682
2.97326666667
7.67686666667
5.19846666667
3.30203333333
1.23506666667
3.489
7.05406666667
4.00673333333
6.1802
1.48456666667
4.27703333333
4.01433333333
6.3714
5.22933333333
5.36073333333
5.20136666667
SEC 70
4.2002
3.3892
9.6707
3.54656666667
2.7656
4.11396666667
4.12726666667
2.88246666667
3.48743333333
1.48643333333
5.8243
3.55933333333
3.42696666667
2.7916
1.90466666667
0.770766666667
3.91146666667
1.7181
1.64923333333
2.45826666667
2.578
5.32653333333
2.31616666667
1.4581
3.9149
1.20966666667
8.36503333333
6.5045
1.3365
4.4483
3.354
3.16826666667
2.20123333333
2.4226
3.91133333333
1.2137
0.9377
1.34913333333
3.99226666667
2.35753333333
3.20146666667
0.930033333333
3.41126666667
6.50893333333
1.8955
3.75933333333
3.00526666667
6.2005
1.5187
4.73116666667
2.62353333333
5.6737
3.95473333333
3.81406666667
6.18163333333
7.54386666667
7.4094
1.2772
3.22393333333
1.54093333333
1.6502
3.08783333333
1.62356666667
4.40566666667
SEC 71
3.53563333333
1.5496
2.2394
3.83753333333
1.72376666667
3.69946666667
4.45266666667
3.01216666667
3.15316666667
0.940266666667
2.3997
3.71926666667
0.642466666667
1.29956666667
1.91223333333
1.04813333333
4.24176666667
1.20853333333
3.3452
2.91903333333
5.05863333333
0.824933333333
4.64933333333
0.956966666667
1.3867
5.0698
1.74693333333
1.84043333333
4.40053333333
1.5734
4.19146666667
4.10833333333
1.51016666667
1.74843333333
1.86603333333
4.9013
2.1723
6.17296666667
1.74533333333
1.5765
4.43566666667
5.55816666667
4.9859
2.95683333333
3.01143333333
1.46866666667
3.2113
4.5119
0.760233333333
3.8042
3.3643
3.18963333333
7.3749
2.99386666667
1.2607
4.79056666667
3.48093333333
1.56153333333
2.40853333333
4.42513333333
1.31456666667
3.32086666667
6.11973333333
3.2725
SEC 72
1.8733
1.5932
3.95553333333
4.00276666667
0.847366666667
0.7936
5.51336666667
3.2394
0.9529
4.90426666667
5.96023333333
6.72043333333
1.35683333333
3.1251
0.702366666667
1.02643333333
4.0674
2.5243
6.09836666667
5.98796666667
4.3035
2.16186666667
2.1468
8.98043333333
4.76696666667
4.117
5.5667
1.7559
0.867033333333
1.75466666667
0.555366666667
4.41746666667
3.3876
7.04613333333
2.69076666667
2.878
3.57713333333
3.6899
5.8594
2.57113333333
2.76566666667
1.12586666667
5.92456666667
1.5838
3.77383333333
4.067
1.07513333333
4.10796666667
1.14376666667
1.5613
1.9945
3.7525
3.7312
3.7205
3.13556666667
0.696033333333
5.37263333333
6.4297
6.99393333333
8.34473333333
4.12773333333
8.01876666667
1.226
4.60166666667
SEC 73
2.00296666667
3.8537
4.01363333333
4.71576666667
0.852
0.656333333333
3.55986666667
1.80976666667
1.494
3.39043333333
3.3052
1.526
1.04846666667
0.9763
0.6537
3.40463333333
3.62143333333
3.34343333333
3.56693333333
3.0695
4.01783333333
3.32223333333
1.36083333333
1.13916666667
2.52003333333
5.13953333333
1.30426666667
4.39376666667
1.08046666667
1.05483333333
3.12163333333
2.27243333333
5.61606666667
3.5681
1.37626666667
3.59416666667
1.01
1.342
1.2005
3.39243333333
3.292
6.2183
1.17606666667
5.1444
3.83836666667
1.71086666667
1.24423333333
4.35953333333
4.6225
1.29103333333
1.43913333333
1.5601
1.43766666667
3.62166666667
3.1106
3.54403333333
1.7242
3.37043333333
3.64946666667
1.3164
1.80916666667
3.1786
3.8384
3.6975
SEC 74
2.78256666667
0.9766
6.96276666667
1.09256666667
3.00856666667
2.7641
4.02213333333
6.173
4.0444
8.62366666667
1.0374
2.8408
1.4488
1.75933333333
3.252
3.73136666667
5.6402
2.99226666667
0.726533333333
3.54186666667
1.64116666667
7.70403333333
2.5754
3.02113333333
3.83476666667
8.52333333333
0.9468
0.8338
3.9038
1.94533333333
3.84163333333
1.42483333333
1.6975
1.38326666667
4.38296666667
5.56663333333
3.98086666667
1.2168
1.2086
2.97543333333
3.1283
1.40196666667
3.74206666667
3.97466666667
4.32106666667
1.16993333333
4.65863333333
2.7778
7.53323333333
4.1923
3.47076666667
2.3366
3.71536666667
2.15626666667
5.1288
3.57106666667
4.8075
3.16136666667
3.51633333333
3.8482
1.10723333333
7.87326666667
7.9032
1.30243333333
SEC 75
1.1438
5.4658
6.13286666667
6.24276666667
6.0113
3.06713333333
3.47913333333
2.741
3.37536666667
9.60433333333
2.74483333333
1.3054
6.08696666667
1.76553333333
4.92363333333
3.35763333333
1.46163333333
3.52803333333
4.8101
2.61793333333
6.65053333333
4.03713333333
8.43506666667
3.66153333333
4.0514
4.79813333333
0.8549
1.9865
2.91873333333
0.921466666667
4.41573333333
4.726
3.258
3.77656666667
6.57093333333
6.58823333333
1.4219
0.9219
7.4869
1.05086666667
5.30796666667
2.2093
2.0226
6.1317
2.89246666667
7.32486666667
9.27463333333
6.9783
0.649933333333
5.54193333333
6.58736666667
2.9896
3.36926666667
1.10023333333
4.46046666667
7.78456666667
2.45393333333
2.4826
5.4265
0.994466666667
2.81706666667
4.15446666667
5.89013333333
3.86923333333
SEC 76
2.0798
5.67663333333
3.5817
1.6678
1.5903
1.7804
2.75996666667
1.12023333333
1.32836666667
2.39796666667
2.95616666667
1.75246666667
1.5316
1.18456666667
1.8575
2.1688
3.58873333333
3.40113333333
1.3456
5.3162
0.936866666667
3.0704
3.8363
3.63033333333
0.7764
1.59103333333
3.95886666667
4.4573
3.0598
3.5682
3.18536666667
1.71963333333
0.911233333333
2.10046666667
2.4131
3.04483333333
1.6262
2.05323333333
3.5117
0.958133333333
1.53813333333
1.32273333333
1.71063333333
1.94973333333
1.0638
1.20583333333
3.1832
0.775766666667
6.09556666667
1.08906666667
2.35003333333
0.6722
3.24343333333
1.32466666667
4.3701
2.0282
1.18486666667
1.05013333333
6.45006666667
1.11186666667
1.63993333333
1.3865
1.37043333333
0.867766666667
SEC 77
1.2702
2.6818
1.99793333333
3.60723333333
6.0385
4.39563333333
4.77753333333
3.52946666667
1.45126666667
1.465
3.27793333333
6.0863
2.36196666667
1.60883333333
2.59466666667
6.46146666667
0.843266666667
3.57516666667
2.92003333333
1.0671
1.09196666667
4.87056666667
1.36823333333
2.71016666667
3.5982
1.50116666667
0.786633333333
1.54406666667
0.886033333333
3.2015
2.68973333333
1.57536666667
1.35396666667
4.01436666667
4.2798
1.0336
1.37853333333
4.6005
6.04446666667
7.09873333333
1.0299
6.58986666667
0.9141
1.48366666667
0.7047
6.42653333333
3.34583333333
1.37686666667
1.04056666667
1.25033333333
1.60583333333
1.3067
1.59073333333
1.6283
2.14813333333
1.82126666667
3.3135
2.97466666667
1.60886666667
0.767566666667
2.6441
1.03866666667
1.17563333333
2.72813333333
SEC 78
3.25903333333
1.4568
3.60546666667
3.6373
6.6409
7.43113333333
6.68673333333
2.68243333333
3.42793333333
1.51026666667
0.804233333333
4.86083333333
5.00306666667
2.80426666667
1.1616
1.31803333333
6.8506
4.43123333333
1.4225
2.7018
1.41466666667
0.625833333333
4.84236666667
5.03553333333
3.19783333333
3.1272
4.44296666667
3.59146666667
5.12243333333
0.9283
3.1167
1.17496666667
4.69943333333
0.887033333333
3.32676666667
2.36566666667
3.2235
3.0223
2.9015
4.83526666667
7.3362
7.1719
2.72796666667
2.9458
7.06703333333
3.5506
5.0348
5.58686666667
2.36146666667
2.88593333333
2.2507
4.56223333333
1.0791
5.503
1.5171
3.25983333333
5.27096666667
2.68903333333
1.29833333333
3.4881
1.07226666667
0.7316
2.72823333333
3.49383333333
SEC 79
3.0369
6.8579
3.1134
1.04053333333
0.919566666667
5.40466666667
3.38503333333
6.04423333333
3.06953333333
3.35036666667
8.4106
3.12533333333
6.82763333333
2.9969
3.24036666667
1.13363333333
0.701366666667
1.66113333333
0.9953
1.14856666667
3.0132
6.53076666667
1.32563333333
1.2369
6.08966666667
5.3463
0.734533333333
3.94083333333
0.6747
0.985
0.9542
1.08843333333
1.5895
3.07816666667
2.91843333333
6.18963333333
2.88073333333
5.5562
1.93536666667
0.701333333333
0.9443
5.70556666667
3.605
1.38673333333
1.74496666667
3.40763333333
0.775466666667
1.12866666667
7.932
3.539
3.3505
3.11503333333
2.77776666667
3.42076666667
3.40643333333
4.01943333333
2.3594
0.787266666667
2.96383333333
1.4836
1.3391
1.53543333333
5.18543333333
2.85213333333
SEC 80
2.95736666667
0.716866666667
3.0868
1.0602
2.3098
2.222
3.6472
3.25926666667
1.04523333333
0.975766666667
1.23203333333
1.09213333333
3.8028
1.0993
0.814033333333
1.31176666667
1.71866666667
0.9533
2.8367
0.923
3.4134
1.59786666667
1.23093333333
3.1922
0.782866666667
4.2075
2.52
1.44886666667
2.70776666667
0.890766666667
5.6448
1.0213
1.26633333333
1.14023333333
2.66886666667
0.7547
1.40013333333
0.9584
1.2487
1.0451
3.3932
0.845866666667
0.7517
3.06966666667
1.41336666667
2.79833333333
2.7527
0.926166666667
2.78276666667
0.993333333333
0.741766666667
1.10773333333
3.51153333333
2.12563333333
0.948766666667
6.25546666667
0.903733333333
1.6953
1.42233333333
2.88993333333
1.94046666667
0.5618
3.27663333333
1.2642
