SEC 1
1.0186
4.83453333333
4.09236666667
3.63223333333
2.53763333333
5.7644
7.55906666667
2.7295
0.9084
2.6971
4.2111
3.80243333333
1.17113333333
1.01506666667
2.4225
1.77456666667
4.74146666667
1.20523333333
2.3796
4.89946666667
1.67826666667
5.35853333333
5.11626666667
1.91866666667
2.91983333333
3.23713333333
5.7313
1.35356666667
1.7759
2.16166666667
4.77893333333
3.32206666667
3.4563
3.48256666667
1.94153333333
4.08703333333
5.1804
2.97
1.5458
3.4184
4.05983333333
10.5202
1.27876666667
2.2657
3.01193333333
2.07933333333
3.127
4.49943333333
4.04353333333
1.4344
2.92546666667
3.28126666667
3.00123333333
1.18696666667
4.5012
2.29503333333
3.15656666667
3.0332
0.886433333333
3.07673333333
10.7887
2.12993333333
3.98776666667
1.8541
SEC 2
0.9583
1.9278
0.962066666667
1.0955
0.985166666667
1.03673333333
0.737933333333
0.908366666667
1.20133333333
4.98236666667
0.823766666667
1.45653333333
2.1513
1.87496666667
1.5955
2.2495
0.8941
2.3735
0.9958
2.889
4.70286666667
0.796366666667
1.93796666667
1.33823333333
5.10313333333
2.3858
3.73993333333
1.7739
3.77163333333
3.58513333333
3.23976666667
1.87106666667
1.32063333333
2.9056
1.94583333333
1.26273333333
0.87
2.92133333333
2.9944
1.0498
2.22086666667
3.58926666667
1.4584
2.80326666667
1.18186666667
1.78716666667
3.20353333333
1.38286666667
3.1009
1.04
1.4937
79.2733
2.09376666667
1.27743333333
3.4911
1.5266
1.436
2.8776
2.10013333333
2.85756666667
3.52956666667
2.15
2.79636666667
3.0654
SEC 3
1.65836666667
3.4517
1.14496666667
1.01516666667
6.09336666667
1.5387
3.1258
3.8144
3.94446666667
3.61326666667
0.944333333333
1.57886666667
4.46696666667
1.54626666667
1.85563333333
3.60466666667
0.8241
3.97333333333
1.2102
1.218
3.2254
1.59656666667
1.0207
9.37673333333
2.83936666667
1.77466666667
4.14016666667
1.29296666667
1.76926666667
4.9051
1.25933333333
6.01146666667
1.47553333333
4.00556666667
0.751333333333
8.29683333333
1.72066666667
1.1032
9.96483333333
4.87593333333
3.6343
3.13136666667
2.27743333333
3.96423333333
5.42813333333
3.07036666667
2.78963333333
0.838266666667
4.32246666667
0.637733333333
1.79066666667
7.64176666667
1.22306666667
4.60803333333
6.44403333333
1.05626666667
0.955866666667
5.85316666667
3.47303333333
1.65643333333
2.067
2.77346666667
1.92653333333
4.3489
SEC 4
2.27153333333
7.13116666667
3.06756666667
22.0776
3.39596666667
4.3388
1.76756666667
4.5575
2.93836666667
5.00356666667
3.92313333333
2.8442
1.1515
2.8984
4.79903333333
1.383
3.9555
3.96533333333
1.99643333333
4.16153333333
2.74023333333
5.12043333333
3.1043
4.21123333333
2.89756666667
2.2083
2.897
1.38363333333
1.77906666667
3.4516
2.99493333333
0.9571
4.7422
3.98226666667
5.23173333333
4.05156666667
1.7024
5.33753333333
1.08966666667
3.60693333333
1.30486666667
4.17526666667
1.22186666667
1.56713333333
4.7588
1.4077
1.67
1.34693333333
1.71883333333
6.2062
4.0611
1.65723333333
1.98103333333
1.6633
2.70946666667
1.3699
2.9149
1.12146666667
7.1121
1.38663333333
7.26353333333
3.10063333333
1.8812
1.80756666667
SEC 5
1.9538
2.18343333333
5.86266666667
2.7935
7.48723333333
1.4573
2.81876666667
0.924833333333
2.65503333333
5.87216666667
1.23943333333
1.05766666667
2.86273333333
1.0117
1.0723
1.16403333333
1.19936666667
0.839233333333
1.5779
1.27626666667
4.54623333333
1.1515
2.95723333333
5.85683333333
3.8347
1.383
3.8465
2.21506666667
1.03943333333
2.71093333333
1.18056666667
1.30526666667
6.00623333333
2.72773333333
1.58323333333
3.36863333333
0.915366666667
2.39863333333
1.00216666667
0.655833333333
1.19206666667
4.7335
4.7568
1.29216666667
6.62153333333
3.92023333333
3.71503333333
5.09503333333
4.24486666667
3.05076666667
10.6839666667
5.7107
3.0444
3.71696666667
1.58026666667
0.9131
0.935466666667
2.92106666667
2.71826666667
3.80143333333
3.39916666667
4.4312
3.95413333333
2.52586666667
SEC 6
2.06406666667
2.008
2.75863333333
0.8587
3.1151
1.05873333333
2.26336666667
0.8459
1.82806666667
3.44866666667
1.11413333333
1.71546666667
1.04746666667
4.57153333333
4.39763333333
3.06186666667
1.39903333333
3.41203333333
1.39183333333
1.61483333333
1.27753333333
3.48506666667
2.136
1.69216666667
3.3057
1.2685
3.08126666667
2.06603333333
2.55123333333
1.3548
2.09713333333
4.39983333333
3.05956666667
3.1053
0.9858
2.3033
0.6074
3.4253
1.0722
3.6642
5.36926666667
0.770533333333
1.1838
4.22566666667
1.71233333333
2.9932
4.3088
2.13893333333
3.29843333333
1.01493333333
3.5957
2.70063333333
1.72143333333
0.781333333333
3.22136666667
1.2434
1.3336
1.8435
1.92566666667
0.8163
1.78643333333
3.65736666667
4.26883333333
3.07416666667
SEC 7
1.275
1.60376666667
2.1176
1.36776666667
2.94366666667
3.40973333333
1.29756666667
2.88453333333
3.69006666667
0.6542
0.594466666667
3.5037
1.3336
1.52533333333
4.92953333333
3.3771
2.8468
3.18333333333
3.67466666667
1.09376666667
2.06743333333
3.62996666667
3.51063333333
1.4502
2.9793
3.0579
3.3885
4.84993333333
3.81516666667
1.2504
3.68046666667
4.27793333333
1.05066666667
4.1416
4.3811
3.1491
3.0235
6.0369
3.1532
3.909
4.66706666667
1.2466
5.08206666667
4.98283333333
3.1596
3.9046
1.506
3.6984
2.70956666667
2.4345
1.7507
3.52113333333
0.8375
3.18053333333
1.30696666667
6.38316666667
1.8814
0.835866666667
3.48783333333
1.26486666667
0.8884
0.9164
2.33596666667
3.657
SEC 8
1.0031
0.9944
1.3677
0.738133333333
0.902966666667
3.40203333333
0.970466666667
0.633166666667
3.4651
1.41776666667
3.58086666667
0.986466666667
0.8847
1.6406
5.44976666667
1.38306666667
0.9867
4.5847
1.05613333333
3.72453333333
0.821133333333
1.09716666667
0.8248
1.33606666667
1.47966666667
1.19446666667
0.749433333333
1.41143333333
0.9972
5.42553333333
0.833466666667
1.3351
6.93146666667
1.01476666667
3.57016666667
0.842833333333
2.66853333333
1.0166
1.69946666667
0.832
3.52166666667
0.673333333333
2.94646666667
1.52706666667
1.6445
1.13393333333
1.4625
1.2463
2.85586666667
1.10126666667
0.794466666667
0.988966666667
1.0313
1.09466666667
4.68833333333
0.791
1.4487
1.0511
1.04526666667
3.85703333333
0.709433333333
3.00876666667
1.13933333333
3.39783333333
SEC 9
3.0404
1.89283333333
0.940333333333
2.79716666667
4.4617
0.835233333333
0.998433333333
4.4421
1.9544
1.80726666667
1.2644
3.73593333333
3.30113333333
1.2291
1.998
3.35216666667
0.645533333333
0.905
2.75073333333
2.8952
2.11613333333
0.790733333333
1.27836666667
2.9819
1.16076666667
2.14853333333
1.53983333333
2.83056666667
1.70326666667
4.88973333333
1.64426666667
1.09953333333
1.48033333333
1.64843333333
5.21663333333
5.83806666667
1.22966666667
3.45783333333
2.3637
2.03313333333
2.97443333333
3.12163333333
1.91256666667
3.43473333333
3.57286666667
1.75356666667
0.9926
4.45096666667
2.3526
1.8641
1.57626666667
1.89823333333
2.6782
4.39203333333
3.27593333333
1.9294
2.62786666667
1.25683333333
3.67016666667
0.5603
4.53036666667
4.87956666667
3.50996666667
5.73776666667
SEC 10
3.40013333333
4.42603333333
4.9045
2.37616666667
2.39116666667
4.1262
3.35103333333
3.34873333333
2.3802
2.05483333333
3.01746666667
3.52626666667
0.9054
5.17526666667
1.4579
6.42543333333
3.12666666667
5.28486666667
3.89066666667
3.36423333333
3.24523333333
5.9316
1.52333333333
3.1295
1.3737
3.04016666667
1.0054
5.8535
3.2316
3.05046666667
5.58963333333
2.26973333333
1.4284
5.02883333333
5.7145
1.64783333333
2.7565
3.5666
3.0378
2.67153333333
1.78166666667
1.12836666667
5.52566666667
2.7922
3.6464
1.6378
4.3371
3.75033333333
0.7138
3.2182
5.07596666667
5.57316666667
2.7086
2.80953333333
2.7795
5.46903333333
5.3732
4.1823
3.04706666667
1.5294
1.50496666667
1.97226666667
1.21743333333
6.1958
SEC 11
2.99413333333
2.90983333333
1.7005
1.65513333333
5.55856666667
3.2486
1.95283333333
1.83286666667
3.53046666667
0.8669
3.694
2.82416666667
1.1813
2.81426666667
3.19536666667
0.857333333333
1.05603333333
1.07893333333
0.797933333333
2.71426666667
1.60063333333
3.26383333333
0.917833333333
1.2578
3.406
3.96833333333
1.84173333333
5.314
1.013
2.6792
8.80383333333
1.21983333333
1.2935
1.4807
5.0427
5.31943333333
5.4588
0.918866666667
4.56543333333
2.74366666667
7.06133333333
2.86933333333
2.0261
7.39833333333
4.74556666667
2.8885
5.3715
1.16016666667
3.03183333333
7.10366666667
1.5225
3.36503333333
1.60703333333
3.2979
2.89466666667
4.76106666667
2.3621
1.1965
0.768933333333
1.3634
0.825233333333
3.62263333333
3.5974
1.71483333333
SEC 12
1.74093333333
1.07193333333
1.0454
3.45626666667
1.02343333333
1.28703333333
1.2148
1.29363333333
0.914266666667
1.58756666667
1.202
7.17943333333
1.9766
3.97883333333
1.96756666667
7.12336666667
1.75366666667
1.01886666667
3.4191
1.04466666667
3.1004
3.2625
3.37193333333
2.25013333333
0.972266666667
0.876433333333
0.9935
3.43973333333
2.75553333333
1.15913333333
2.7002
3.39406666667
0.854533333333
2.67523333333
3.65243333333
3.85176666667
6.60496666667
2.45713333333
1.26523333333
0.741
0.939133333333
1.99366666667
1.96093333333
1.26223333333
1.1732
0.653633333333
4.9802
0.759066666667
1.09186666667
6.9583
1.17873333333
2.97756666667
3.35916666667
3.937
3.16256666667
1.90113333333
3.28693333333
4.52816666667
1.30956666667
0.768566666667
1.0989
0.773933333333
3.3189
3.40633333333
SEC 13
4.05763333333
4.8146
1.4181
0.933733333333
1.63606666667
4.6673
0.754
1.05843333333
0.788666666667
4.66443333333
2.00833333333
4.32423333333
2.61253333333
1.16246666667
2.9686
2.5312
4.08743333333
1.04216666667
5.34253333333
5.58366666667
1.38836666667
8.08003333333
1.64263333333
1.68163333333
4.01333333333
0.790466666667
1.44943333333
1.7232
3.64256666667
6.30576666667
1.34063333333
3.624
2.398
6.26786666667
2.57573333333
6.43023333333
4.8983
1.69673333333
1.74963333333
3.61213333333
1.13063333333
1.96213333333
3.5771
2.2484
1.44496666667
1.2397
2.03826666667
1.41483333333
1.9624
1.96046666667
1.93606666667
2.127
1.3634
1.58346666667
5.65723333333
1.63396666667
2.12676666667
1.12376666667
3.73363333333
3.25336666667
2.01276666667
3.14946666667
1.3802
1.947
SEC 14
2.84436666667
1.2323
1.6729
2.87663333333
3.08983333333
2.19886666667
1.46
1.60526666667
5.4591
2.0134
2.19266666667
2.64103333333
4.1899
2.2187
4.49613333333
2.47096666667
0.851766666667
3.0537
1.59656666667
5.44923333333
2.74546666667
5.77656666667
3.21803333333
1.10396666667
2.31243333333
2.21063333333
4.01563333333
3.16696666667
3.6028
3.5117
1.3673
2.95426666667
1.67463333333
2.95243333333
1.72786666667
2.40813333333
1.7143
5.0013
3.81923333333
4.4775
1.0083
2.8059
3.7654
2.9099
5.09776666667
4.14363333333
3.76606666667
3.19226666667
2.26493333333
4.38726666667
2.08136666667
3.09126666667
3.23056666667
4.03973333333
1.51186666667
3.88
1.26456666667
3.3956
1.96053333333
1.7273
3.08893333333
1.1128
2.4223
4.27736666667
SEC 15
5.34296666667
3.3161
5.1676
3.48306666667
1.33593333333
0.9726
3.4196
0.772133333333
3.26943333333
2.17823333333
6.04376666667
3.47483333333
0.883533333333
2.94003333333
3.0485
6.96426666667
5.52443333333
3.67663333333
4.12713333333
5.34056666667
0.8406
1.73053333333
3.72163333333
5.6248
2.74703333333
3.48353333333
3.3972
5.466
3.17086666667
0.881633333333
3.28593333333
5.12336666667
4.43766666667
5.32096666667
1.67596666667
6.0632
3.76453333333
0.8901
3.9554
3.6154
2.94573333333
3.3163
3.52866666667
4.2188
2.0335
3.33903333333
5.94386666667
0.797233333333
1.0964
1.0083
0.8344
3.0434
1.30556666667
5.6069
3.39496666667
6.2763
3.468
3.40506666667
3.5512
3.0919
1.30256666667
1.44333333333
1.27776666667
1.57483333333
SEC 16
2.1983
3.0652
1.37683333333
10.8104666667
0.925633333333
9.87326666667
7.2168
1.46286666667
2.4759
2.35236666667
5.95463333333
3.51146666667
1.7661
2.8532
1.11743333333
1.10266666667
1.4506
3.13976666667
0.972333333333
3.35413333333
3.79153333333
4.43723333333
1.04043333333
1.7609
1.16416666667
1.12303333333
1.72166666667
4.04463333333
1.48456666667
6.41096666667
1.94556666667
3.03316666667
6.8805
3.92843333333
0.984833333333
1.1495
12.7593666667
2.8869
5.53853333333
7.26053333333
6.5636
0.782033333333
0.660466666667
2.0705
10.0394333333
4.27506666667
2.97483333333
1.605
2.0109
6.65226666667
1.9805
0.7562
2.28013333333
3.87506666667
1.24246666667
3.21103333333
3.50586666667
8.3429
2.5327
1.13656666667
2.70026666667
2.86843333333
3.43146666667
4.98386666667
SEC 17
1.5969
2.80443333333
1.61276666667
1.2734
2.37353333333
3.6485
0.9972
2.02576666667
1.86676666667
1.0752
2.07536666667
1.695
1.30676666667
2.92416666667
1.05856666667
2.9944
3.17853333333
3.801
2.69723333333
1.45173333333
1.4446
1.74106666667
3.57726666667
3.9315
1.9854
2.6499
3.72083333333
3.6182
3.14266666667
3.0409
3.36
3.0495
5.23823333333
1.21953333333
3.00596666667
1.49256666667
2.01643333333
2.10853333333
6.888
7.50163333333
3.03673333333
2.70653333333
4.2525
1.12206666667
1.5652
3.01536666667
1.10946666667
3.1973
2.83683333333
4.89916666667
1.96116666667
5.01786666667
3.01983333333
1.46963333333
2.76766666667
0.737633333333
1.2961
1.15826666667
2.56073333333
0.979166666667
1.64543333333
1.72703333333
2.30396666667
0.689633333333
SEC 18
1.42576666667
7.66406666667
8.92083333333
8.13916666667
1.02586666667
2.19693333333
8.90483333333
2.4975
1.19676666667
4.90603333333
9.925
6.65956666667
9.17393333333
3.2117
1.13443333333
3.22963333333
1.66666666667
1.416
0.824966666667
5.30276666667
2.39843333333
6.0833
1.35283333333
4.22596666667
2.85603333333
5.7795
3.17223333333
3.6087
6.08736666667
3.30843333333
5.63746666667
2.54203333333
4.43443333333
4.59166666667
5.79633333333
1.6615
3.96426666667
3.90266666667
1.0824
4.54876666667
4.13943333333
1.84443333333
7.0443
1.0507
2.63566666667
4.8711
3.5051
3.9497
2.41276666667
12.2421333333
1.39066666667
9.18186666667
5.93923333333
2.45586666667
3.64943333333
7.28513333333
4.6975
4.402
6.89756666667
2.74136666667
3.91876666667
3.21723333333
1.89296666667
8.36753333333
SEC 19
5.5548
2.8445
4.03253333333
3.1382
5.01443333333
3.46313333333
3.34226666667
3.57306666667
2.76696666667
4.02626666667
5.19653333333
1.83053333333
1.4193
5.35233333333
2.45496666667
1.05296666667
1.09416666667
1.24763333333
1.5644
2.76953333333
1.88226666667
1.1352
2.90316666667
3.49266666667
4.64753333333
4.00443333333
4.33176666667
3.9208
2.12383333333
2.38373333333
6.28663333333
2.76013333333
0.975666666667
1.2745
2.1172
2.05296666667
2.56463333333
4.8417
5.28653333333
1.23896666667
1.54226666667
3.31376666667
3.84653333333
4.4097
5.15383333333
4.29953333333
3.785
4.89613333333
3.04696666667
3.1069
4.3738
5.66253333333
2.48016666667
1.7187
1.2313
4.42853333333
6.8184
1.49296666667
4.4872
1.3238
1.5901
3.2977
1.20753333333
1.16623333333
SEC 20
3.12433333333
1.1258
0.979
1.4685
1.13043333333
2.68366666667
1.0182
1.47686666667
1.49883333333
1.1395
0.798066666667
3.20576666667
1.0278
2.80063333333
4.61686666667
0.805366666667
1.38303333333
1.5551
1.32596666667
1.08933333333
3.1026
1.22793333333
1.464
1.11416666667
1.4948
3.1931
1.1187
1.1059
4.5549
3.34136666667
1.07873333333
0.958933333333
2.7735
0.9619
1.1179
1.11506666667
1.61423333333
2.81016666667
0.626566666667
1.21933333333
2.49463333333
3.52173333333
6.27773333333
1.14716666667
1.2242
3.96966666667
0.816033333333
1.88393333333
2.8195
2.70183333333
1.2172
3.43643333333
3.2268
1.38333333333
1.59413333333
1.2089
1.11843333333
0.977366666667
2.6616
1.73393333333
3.2399
0.917633333333
0.899466666667
0.9747
SEC 21
3.2148
1.46316666667
7.04763333333
0.836633333333
3.01133333333
4.25846666667
3.88773333333
0.982333333333
5.00926666667
4.43376666667
5.21446666667
1.1224
3.54583333333
0.527433333333
0.876566666667
5.1623
1.28943333333
0.8059
5.65396666667
3.0721
1.27316666667
0.944133333333
2.5002
1.12043333333
1.71516666667
1.1982
2.96193333333
3.83466666667
1.19083333333
3.69203333333
0.958833333333
4.7304
4.32463333333
1.192
1.6721
1.1443
0.777233333333
1.1162
7.86593333333
0.9272
3.1979
0.6441
1.11863333333
4.56993333333
1.3713
1.1179
3.02186666667
0.814866666667
2.83933333333
0.9514
6.00833333333
1.09003333333
2.04796666667
2.00466666667
3.0053
0.641933333333
1.55866666667
3.20686666667
4.69583333333
3.20343333333
2.86163333333
1.87886666667
0.9278
4.43746666667
SEC 22
4.06843333333
3.47126666667
5.40593333333
3.64303333333
3.6305
2.90696666667
3.53326666667
2.76056666667
1.24213333333
1.25843333333
3.13806666667
4.06523333333
3.82656666667
3.9049
0.982033333333
2.99
1.8363
3.4542
3.44073333333
2.55443333333
1.47223333333
4.15516666667
3.01286666667
3.1579
1.67363333333
5.44653333333
3.31253333333
5.96736666667
2.511
4.83966666667
0.998366666667
2.16526666667
3.06893333333
2.1148
5.20763333333
2.87306666667
1.44413333333
1.4365
1.50626666667
3.26743333333
1.06383333333
4.12546666667
0.9865
3.7551
3.41003333333
1.04996666667
2.388
3.66716666667
2.5739
1.0904
2.84056666667
4.94793333333
1.34426666667
3.19323333333
3.00906666667
2.53303333333
1.6695
5.3425
1.16336666667
0.937066666667
3.2867
4.71743333333
3.65143333333
1.02146666667
SEC 23
3.37583333333
1.55736666667
0.7648
2.2124
1.04966666667
3.6093
1.85283333333
1.02776666667
1.1444
0.996666666667
1.61333333333
1.54856666667
3.30693333333
2.2532
3.6603
3.6211
3.0448
0.690366666667
4.92476666667
3.81733333333
3.2428
0.541166666667
3.3437
1.20133333333
4.1495
0.9427
3.60666666667
4.5614
5.5149
0.831933333333
0.9878
4.0185
0.7166
0.756933333333
1.1856
1.2315
1.31076666667
1.13126666667
1.13286666667
4.12923333333
3.02466666667
4.0652
3.83123333333
0.962333333333
1.82326666667
1.3128
1.20096666667
3.40416666667
1.43816666667
2.05946666667
5.6432
1.91793333333
0.9833
2.13626666667
3.84566666667
3.48913333333
4.133
1.19576666667
1.50636666667
3.5591
2.7354
3.84623333333
0.861066666667
1.00126666667
SEC 24
1.9398
3.46963333333
3.97996666667
8.31423333333
3.1624
2.20976666667
3.98726666667
2.4789
3.71146666667
1.74186666667
4.63136666667
2.99123333333
3.30273333333
3.75956666667
3.242
1.89793333333
3.37733333333
1.00433333333
3.10046666667
1.60673333333
0.6854
3.26183333333
1.252
2.78873333333
0.914733333333
1.3404
5.76506666667
0.992866666667
1.59876666667
1.24936666667
3.75566666667
5.01666666667
3.335
4.7383
3.69736666667
1.3569
1.02043333333
3.06643333333
3.48903333333
1.34443333333
1.50486666667
0.7024
4.006
3.6417
3.71623333333
5.30003333333
5.06333333333
1.95716666667
3.91153333333
2.03856666667
2.9541
1.98016666667
1.7455
3.22746666667
4.6898
4.10666666667
3.52883333333
3.9732
3.9237
3.60996666667
3.74226666667
3.99956666667
1.27133333333
6.6429
SEC 25
1.70493333333
1.1278
0.959233333333
3.65763333333
0.9805
1.26456666667
1.73183333333
1.1339
3.56323333333
7.06056666667
4.15446666667
1.33793333333
3.10916666667
4.88903333333
7.60073333333
3.14083333333
1.47816666667
1.2694
3.13366666667
2.9925
6.73653333333
4.8163
4.0447
2.5756
1.29146666667
5.54096666667
6.2224
11.6734666667
1.4226
6.547
1.07386666667
0.981066666667
9.567
1.2284
3.4629
9.27296666667
2.92183333333
2.0386
1.68723333333
3.45566666667
1.37216666667
3.9787
0.5806
3.21303333333
6.07053333333
3.62863333333
0.744066666667
5.02263333333
3.61076666667
2.70553333333
1.56906666667
1.0852
1.7977
1.3335
1.06813333333
3.16603333333
3.59886666667
0.8216
5.2548
1.55486666667
1.07
6.77556666667
5.2136
3.4488
SEC 26
0.9193
0.931033333333
1.03556666667
0.734133333333
1.45653333333
1.42073333333
1.04296666667
2.6926
1.1955
5.22006666667
5.5073
3.18533333333
3.37363333333
4.4567
2.96516666667
2.427
2.81416666667
1.3553
6.05566666667
3.10123333333
1.23123333333
0.988066666667
0.984033333333
0.7407
2.78953333333
2.6954
1.29
5.75396666667
3.0165
1.0408
3.60596666667
2.98203333333
3.35286666667
1.07336666667
1.04986666667
3.06466666667
1.08683333333
2.86436666667
3.61513333333
7.5138
5.201
1.18503333333
1.31026666667
2.8706
1.0672
3.48566666667
3.566
1.5591
1.33576666667
3.1991
1.45936666667
3.35446666667
3.28666666667
3.34623333333
1.46436666667
1.3998
3.6159
0.7174
2.7055
1.6641
0.922733333333
3.62786666667
7.46176666667
1.48956666667
SEC 27
9.59193333333
4.3095
2.76493333333
2.22356666667
1.49773333333
3.54843333333
4.25663333333
1.93743333333
3.25366666667
0.664533333333
5.0453
12.0920666667
4.33606666667
10.4495666667
4.94553333333
1.01006666667
3.34126666667
3.43636666667
1.13513333333
11.4108666667
0.653533333333
1.67633333333
7.05583333333
1.7387
3.27683333333
4.64133333333
4.0332
0.801266666667
2.79496666667
1.8422
4.02603333333
3.03863333333
4.61166666667
0.7056
8.2977
3.2341
2.36913333333
1.3074
4.61143333333
2.17466666667
4.06633333333
0.9291
2.79473333333
2.15736666667
2.32033333333
4.38606666667
7.47053333333
2.0097
4.61026666667
2.43473333333
3.4492
1.44886666667
1.02413333333
6.15763333333
2.85896666667
2.2448
5.0083
11.4379666667
1.41956666667
3.42476666667
4.87923333333
4.96153333333
4.12973333333
4.2569
SEC 28
2.1283
1.10083333333
1.1607
0.544866666667
1.07253333333
0.944366666667
3.68246666667
0.986966666667
0.992333333333
1.05506666667
1.17406666667
1.32303333333
2.97393333333
2.87183333333
3.13826666667
3.1401
1.73553333333
1.16766666667
1.28056666667
1.4712
1.1806
1.1034
1.74153333333
2.65586666667
1.07363333333
3.91776666667
3.41513333333
1.76016666667
0.9373
0.884333333333
1.15256666667
2.90003333333
0.954666666667
3.1773
0.996266666667
1.38993333333
0.936533333333
1.9911
0.857566666667
1.465
1.1155
3.41473333333
1.23783333333
1.50463333333
1.3971
1.85816666667
0.6489
0.860366666667
1.36756666667
3.21736666667
1.18623333333
3.20136666667
0.979566666667
1.1692
1.21343333333
2.9406
3.54416666667
3.68443333333
1.28293333333
1.07536666667
1.0355
1.27856666667
1.60266666667
0.934666666667
SEC 29
2.55716666667
0.685966666667
0.994766666667
0.6817
0.932
0.8537
2.92793333333
1.68536666667
0.677033333333
3.1868
1.10353333333
4.04196666667
1.24316666667
2.8194
0.734666666667
4.84366666667
5.16046666667
0.813833333333
1.2004
3.61
1.68443333333
0.880833333333
0.9748
1.34586666667
2.02403333333
1.61223333333
1.5159
1.1262
2.85836666667
0.706133333333
1.0684
0.8796
3.1701
3.4395
3.4171
1.791
1.244
1.79493333333
0.875333333333
4.0574
1.49293333333
3.23316666667
3.25266666667
1.26186666667
0.929933333333
1.10643333333
0.942633333333
1.3524
7.832
1.4381
2.9033
1.0475
1.5044
3.86093333333
3.8905
6.03193333333
3.3174
3.06973333333
0.619933333333
1.5362
1.2929
1.1702
0.933566666667
0.6399
SEC 30
1.0205
2.79086666667
2.79906666667
1.07706666667
3.55733333333
2.62913333333
5.69276666667
11.1865333333
1.45903333333
1.00323333333
7.09593333333
3.9207
7.94273333333
1.0681
1.09523333333
3.9277
2.70026666667
1.5177
3.36033333333
2.9613
5.73056666667
0.934166666667
0.9467
3.67673333333
1.08943333333
1.30373333333
0.712833333333
1.0635
1.27673333333
5.47463333333
2.95316666667
1.11266666667
3.6437
1.20876666667
4.73163333333
1.2813
1.0236
7.37466666667
5.8279
3.00176666667
6.05483333333
2.2036
5.01896666667
1.13976666667
6.1432
0.761933333333
6.0604
5.35633333333
6.11213333333
2.11473333333
2.84883333333
2.8927
1.10906666667
5.5252
0.905733333333
1.2197
2.78836666667
1.51273333333
3.30223333333
4.7581
0.812266666667
2.8269
3.55996666667
1.1816
SEC 31
6.95806666667
0.7593
0.755666666667
1.51653333333
3.47556666667
3.9917
1.13636666667
3.46156666667
6.47073333333
1.3879
3.2009
1.13316666667
1.0849
0.983033333333
1.85543333333
2.918
0.822266666667
3.33233333333
0.999633333333
0.856133333333
4.3152
0.940066666667
4.6173
1.05306666667
4.57163333333
1.13046666667
3.79953333333
1.23603333333
0.592033333333
6.8327
4.0498
3.00866666667
1.46936666667
2.8491
0.9803
1.20483333333
1.452
3.36883333333
3.80026666667
3.437
0.918166666667
1.46153333333
4.4475
6.2247
3.44096666667
3.19946666667
6.2893
3.76696666667
3.497
1.25003333333
1.2065
4.16723333333
3.84686666667
0.9717
0.789466666667
6.0746
3.2943
3.2269
1.42343333333
3.9244
0.9926
5.79166666667
4.43403333333
3.18593333333
SEC 32
3.4422
0.709933333333
0.957466666667
0.695733333333
1.6608
0.797233333333
2.7671
1.1665
0.7259
1.8296
0.991
1.05976666667
0.871466666667
3.0577
0.7237
1.2565
3.59533333333
1.3052
1.32916666667
1.11423333333
0.706666666667
4.20983333333
1.6191
0.849866666667
1.11453333333
1.0281
0.805533333333
3.5315
5.09446666667
1.3505
0.674666666667
1.5386
1.22816666667
1.50963333333
1.3144
2.72226666667
0.8208
0.934166666667
1.17383333333
1.49396666667
0.756633333333
2.01113333333
1.1319
0.742833333333
1.41673333333
0.9487
0.783866666667
2.8811
1.90886666667
2.6772
3.15126666667
3.2278
3.34943333333
0.9553
1.04196666667
1.1697
0.855233333333
1.11693333333
1.2088
0.802533333333
1.6444
2.24396666667
0.702833333333
1.131
SEC 33
1.13006666667
3.68266666667
3.22276666667
3.53643333333
1.15636666667
1.16566666667
0.598866666667
0.9383
2.8229
1.76386666667
1.08386666667
2.90816666667
0.909033333333
1.08936666667
3.24893333333
1.17216666667
0.8677
1.16273333333
1.16163333333
0.9882
0.946333333333
2.67943333333
1.05616666667
0.599966666667
1.08083333333
3.08246666667
3.35346666667
0.8055
2.9022
1.32486666667
0.9653
3.03346666667
1.55546666667
2.62356666667
1.0823
1.1089
2.23583333333
1.35356666667
3.6404
2.7608
1.0718
1.07306666667
2.74053333333
1.59916666667
3.28273333333
1.52726666667
2.8093
1.1839
1.34616666667
0.7968
5.24013333333
1.0532
0.822366666667
1.0318
2.5649
2.75223333333
2.85416666667
0.9669
1.34873333333
1.06423333333
1.24996666667
3.2983
3.14036666667
7.2289
SEC 34
0.9681
2.81536666667
32.2249
29.7303666667
3.3172
0.909433333333
31.0002333333
31.8448
29.8970333333
2.71983333333
29.9301333333
1.60903333333
1.0903
0.965133333333
0.960166666667
5.25153333333
0.861066666667
0.9273
1.42753333333
2.9262
2.9544
1.486
2.76316666667
2.96976666667
2.86376666667
31.2822666667
31.0469333333
31.2245333333
4.74386666667
4.71456666667
32.8946666667
1.12526666667
31.0703666667
29.8072
3.2379
0.894066666667
1.9074
29.5097333333
0.7932
3.1319
1.06416666667
5.04486666667
31.3924666667
0.723733333333
29.2482333333
1.1785
5.2892
3.21996666667
1.47896666667
32.0286666667
1.9769
5.22533333333
29.3650333333
2.54463333333
0.9893
0.8537
29.6787333333
1.3924
2.52413333333
1.0651
1.24216666667
2.66736666667
1.14173333333
1.2156
SEC 35
1.0932
3.33216666667
3.87273333333
1.2247
3.1578
3.8299
0.957933333333
0.6584
1.41563333333
0.8255
5.32836666667
2.69453333333
0.668633333333
2.41616666667
5.12876666667
0.784733333333
0.7058
1.50226666667
1.24783333333
1.094
0.8003
0.790566666667
3.66383333333
4.5331
6.32586666667
1.12753333333
3.18023333333
3.3066
1.22683333333
3.46196666667
0.8468
0.9222
0.924333333333
3.36423333333
4.856
2.9686
1.03283333333
5.5791
6.07483333333
3.22243333333
3.1222
3.6249
2.8916
7.14826666667
3.04633333333
4.94466666667
2.89223333333
1.2174
1.28696666667
5.03316666667
1.3691
1.05163333333
3.52713333333
5.4421
1.16536666667
5.13593333333
3.51616666667
0.882433333333
1.98066666667
3.28753333333
3.06046666667
0.8674
7.30936666667
2.74483333333
SEC 36
5.295
5.71763333333
0.8678
4.07936666667
0.778233333333
1.59283333333
1.7736
1.01713333333
3.28233333333
4.2434
1.27813333333
2.94653333333
3.3867
3.0302
4.7967
3.3784
3.0106
3.64356666667
0.981533333333
5.43843333333
1.05983333333
2.5406
3.1818
2.64696666667
0.756633333333
1.66063333333
1.18683333333
3.6555
4.7559
1.54516666667
1.39903333333
0.9215
0.9186
1.08643333333
0.7184
4.04656666667
2.97673333333
4.2692
0.771366666667
1.24033333333
3.46746666667
1.7037
3.40796666667
5.4007
3.27616666667
3.71943333333
0.780533333333
1.65303333333
1.0519
1.6886
0.901533333333
2.61076666667
2.59663333333
1.602
1.23006666667
5.88406666667
1.04046666667
1.04953333333
1.0474
1.7575
3.42056666667
3.86583333333
3.14886666667
1.12623333333
SEC 37
1.91703333333
3.9354
3.23303333333
20.4000666667
2.7113
5.67333333333
1.06393333333
22.6638333333
1.70936666667
5.61063333333
23.3321
4.19463333333
0.8123
1.71126666667
0.937166666667
7.97416666667
1.3915
4.4179
6.70853333333
23.6349333333
1.4743
1.11153333333
2.61633333333
1.2652
5.74736666667
8.70343333333
22.4667666667
22.5148
21.8170666667
1.43156666667
20.9278
3.84943333333
1.68176666667
9.90033333333
3.87716666667
3.0282
2.89936666667
0.748
5.5771
1.82366666667
22.5937666667
23.4721666667
3.48306666667
3.30766666667
9.6045
19.1875
2.9666
3.87013333333
1.4342
1.68006666667
2.4381
4.52773333333
3.3732
21.5538
1.21656666667
1.39873333333
21.4455666667
1.058
1.72853333333
1.14196666667
1.7338
19.0842
21.5968333333
8.53146666667
SEC 38
0.7857
1.53133333333
1.3809
3.03613333333
3.2293
2.77026666667
0.914733333333
1.03816666667
1.6975
1.485
3.0429
2.87496666667
0.647533333333
2.8879
3.03723333333
1.1211
2.0739
1.19573333333
0.820933333333
3.10043333333
0.695966666667
0.886366666667
2.7081
3.07616666667
3.28956666667
5.06563333333
0.9981
2.66093333333
0.621833333333
0.897666666667
1.6654
3.40616666667
1.43943333333
1.1505
3.0797
1.12633333333
2.86013333333
3.3383
1.0224
0.963366666667
3.16146666667
2.95666666667
1.18013333333
2.85206666667
0.9769
3.2963
1.38923333333
2.9456
1.1541
1.35963333333
3.13336666667
3.0067
0.9494
1.22496666667
1.3384
1.35673333333
3.03746666667
2.6454
1.7558
1.632
3.4133
4.89243333333
2.73963333333
5.14746666667
SEC 39
2.83206666667
1.7538
5.76153333333
3.17216666667
1.80456666667
2.92583333333
3.12393333333
4.89693333333
0.5571
1.04343333333
0.827133333333
1.91753333333
1.62976666667
1.3498
0.848266666667
4.7123
5.37486666667
3.11186666667
2.69596666667
1.14416666667
3.33186666667
3.05923333333
4.48636666667
1.31203333333
1.92843333333
2.87403333333
0.861233333333
0.670933333333
1.9813
1.06843333333
3.12766666667
2.8357
5.4873
1.12643333333
0.862333333333
0.904433333333
1.50303333333
0.823
4.55403333333
2.40893333333
3.62976666667
1.01413333333
6.44456666667
1.34623333333
1.84456666667
0.6883
0.929633333333
2.4233
0.902933333333
0.987766666667
2.1524
2.75476666667
2.96143333333
0.8743
1.36743333333
1.20153333333
1.25516666667
3.15396666667
3.3257
1.358
4.25626666667
4.87513333333
0.7766
3.0383
SEC 40
3.11306666667
2.64906666667
4.8754
0.645166666667
1.34463333333
3.7463
7.43823333333
2.29656666667
5.78883333333
6.01486666667
1.63586666667
0.957433333333
2.90263333333
2.98403333333
7.04443333333
7.1137
2.778
1.19856666667
3.04243333333
2.86413333333
6.22893333333
3.04553333333
6.9311
1.84573333333
3.17553333333
1.0002
1.93383333333
6.604
1.07693333333
1.5678
4.5252
0.925433333333
0.6267
0.643566666667
2.89433333333
3.9231
3.20496666667
3.30136666667
1.3276
0.926
3.99596666667
3.14363333333
1.58726666667
2.04813333333
1.30773333333
3.03423333333
0.7022
6.82636666667
3.64193333333
4.47113333333
4.6856
3.09483333333
0.73
0.7037
3.00153333333
4.07563333333
5.7438
2.95256666667
8.5478
3.25853333333
3.0498
2.66843333333
1.70943333333
1.23976666667
SEC 41
1.0827
0.9979
3.4347
3.11406666667
3.54033333333
0.905366666667
0.9607
1.0276
1.38763333333
3.6692
5.31863333333
3.58796666667
3.71356666667
1.89296666667
1.4399
6.83506666667
1.0315
6.28293333333
5.90266666667
0.893533333333
2.908
1.0486
2.86103333333
6.66633333333
6.0746
4.33143333333
2.96896666667
1.2328
4.96473333333
1.10196666667
5.46513333333
0.956666666667
2.03746666667
3.02493333333
4.20486666667
1.45333333333
4.36436666667
1.7347
1.9026
5.24386666667
1.08103333333
1.25173333333
2.26106666667
4.80496666667
1.17556666667
1.0271
4.78906666667
1.105
3.46856666667
3.69483333333
1.10176666667
3.05866666667
1.93833333333
3.41126666667
2.5489
1.75543333333
1.42626666667
3.05106666667
3.01883333333
0.804566666667
3.75776666667
1.03643333333
1.04473333333
1.29853333333
SEC 42
1.01323333333
4.70066666667
1.42833333333
0.904933333333
0.9808
1.2317
0.767366666667
2.1726
6.4584
3.96823333333
3.44676666667
1.14433333333
1.21893333333
1.2987
3.30176666667
1.02266666667
5.31986666667
5.63166666667
3.33506666667
0.878233333333
2.67953333333
1.30676666667
7.98296666667
1.32703333333
5.13143333333
0.982233333333
0.916033333333
0.659266666667
1.048
5.23136666667
2.81976666667
1.3687
1.0686
1.1015
4.84683333333
1.2717
2.80386666667
2.7411
2.82566666667
2.75246666667
0.987233333333
3.19506666667
3.2769
2.82233333333
8.68346666667
3.0928
3.03966666667
3.01763333333
2.90903333333
0.9943
0.7877
0.798366666667
1.16216666667
3.36806666667
0.705266666667
1.2557
3.15873333333
1.00403333333
1.0921
2.6544
2.41846666667
0.982166666667
1.19456666667
1.33776666667
SEC 43
2.98673333333
1.03506666667
5.20776666667
1.6112
0.722233333333
3.25536666667
1.34973333333
2.6767
4.47986666667
3.92336666667
3.35023333333
5.43046666667
1.81456666667
3.1235
2.20766666667
1.03903333333
2.52213333333
5.46396666667
5.4557
1.01936666667
3.5552
1.0297
1.58686666667
7.20843333333
3.30026666667
1.00276666667
2.90483333333
3.02323333333
1.23503333333
3.39623333333
1.28156666667
2.8727
1.46013333333
3.21316666667
1.15086666667
0.976033333333
1.4843
4.76623333333
1.29613333333
2.6704
3.00336666667
1.52846666667
1.50736666667
3.7949
1.02756666667
1.2261
2.70603333333
1.03983333333
1.15336666667
3.41426666667
4.63663333333
1.6186
1.00396666667
6.87036666667
2.78393333333
1.1998
0.9425
1.18723333333
0.929933333333
1.2446
3.61456666667
0.771566666667
1.63546666667
1.3521
SEC 44
2.96176666667
3.48796666667
3.29063333333
3.04763333333
1.31063333333
2.2073
0.961
5.41473333333
1.10333333333
1.91446666667
0.7492
0.8401
0.844
1.8307
4.52433333333
0.929566666667
3.22546666667
6.72213333333
1.48383333333
1.50246666667
2.72053333333
1.07256666667
1.2065
0.7507
3.37536666667
6.371
1.02953333333
6.84173333333
3.61263333333
4.3194
0.9051
4.03673333333
4.63213333333
8.4511
1.0097
0.7759
1.17886666667
1.05973333333
3.2497
1.3728
3.53656666667
2.97486666667
1.3629
1.05436666667
1.0079
3.88826666667
3.19156666667
4.87473333333
4.04793333333
6.63713333333
4.61426666667
1.47333333333
2.4644
1.51196666667
4.0951
1.31933333333
0.846266666667
0.8878
3.57286666667
4.48703333333
5.3857
1.0869
0.838966666667
1.03213333333
SEC 45
1.1299
5.1007
3.06276666667
4.59076666667
1.81536666667
2.39593333333
6.74423333333
5.6504
2.7034
1.0256
2.0259
6.53356666667
2.24386666667
3.77553333333
5.89253333333
3.31093333333
2.9001
3.7006
6.77203333333
2.78406666667
2.02756666667
3.1701
3.58986666667
3.23663333333
4.87683333333
1.79073333333
1.8762
0.686
3.62913333333
3.4629
3.37546666667
1.3827
4.21066666667
1.4122
1.41753333333
2.69776666667
3.71146666667
1.3189
4.89406666667
3.3364
0.6212
6.8772
0.5848
2.6883
3.1832
2.1536
2.46786666667
4.87423333333
1.4791
2.32483333333
4.31596666667
5.89813333333
1.9
3.00273333333
3.3723
4.06756666667
6.78823333333
4.3428
4.2354
1.07573333333
1.50843333333
3.98493333333
0.702466666667
4.30256666667
SEC 46
0.920533333333
9.0162
1.10393333333
1.35193333333
0.937866666667
1.2057
4.95843333333
3.54086666667
1.20176666667
2.33963333333
3.36176666667
0.789433333333
3.63806666667
1.62733333333
4.96813333333
1.29153333333
3.25336666667
3.54866666667
2.87066666667
1.44593333333
4.8607
3.71806666667
3.25596666667
1.63543333333
1.34516666667
2.05193333333
3.83473333333
3.4467
5.0679
0.922133333333
3.6076
4.88023333333
1.09413333333
1.73516666667
3.2254
5.16246666667
2.47586666667
3.3104
3.0456
1.01043333333
2.7505
1.15843333333
2.67886666667
1.24356666667
0.972566666667
4.99633333333
2.67903333333
3.4844
3.45796666667
0.752233333333
0.8333
4.9978
1.14793333333
2.87453333333
3.02726666667
1.60733333333
0.897266666667
1.69743333333
0.620833333333
3.1154
2.93776666667
3.52213333333
4.51133333333
3.87566666667
SEC 47
1.2559
1.2052
1.3827
5.0167
2.80753333333
3.82313333333
1.46286666667
3.43826666667
1.1705
3.5039
3.43996666667
3.43993333333
3.02696666667
3.5599
3.76643333333
1.13143333333
5.4249
1.37113333333
6.54436666667
3.6902
2.73473333333
3.6005
1.88763333333
1.63483333333
4.65013333333
3.75026666667
3.40923333333
2.57316666667
2.22103333333
4.7291
3.1484
1.4931
1.18763333333
4.15943333333
3.1122
4.88626666667
4.11226666667
3.8616
1.05173333333
3.01016666667
3.5619
2.84863333333
3.70846666667
1.00383333333
1.18143333333
3.75043333333
3.44426666667
1.55356666667
4.0199
0.947933333333
1.07656666667
1.51246666667
5.55063333333
2.78
5.37563333333
5.0868
0.983366666667
3.3928
0.7987
1.34946666667
1.70416666667
1.27216666667
2.94286666667
1.92293333333
SEC 48
1.24023333333
0.995166666667
3.3809
4.02023333333
3.5427
3.12853333333
3.8399
2.69903333333
4.64576666667
0.812833333333
9.40966666667
0.7399
1.67996666667
4.4868
2.05363333333
5.356
3.33086666667
1.13046666667
3.60273333333
5.82526666667
1.32096666667
1.3669
1.64083333333
1.70203333333
3.2486
4.80386666667
6.24176666667
6.2862
1.32933333333
5.61553333333
1.52056666667
4.67243333333
2.31323333333
0.9456
5.67176666667
3.66663333333
2.9165
1.92176666667
2.6793
2.4925
8.65023333333
1.61883333333
1.31256666667
3.58903333333
3.41936666667
1.37226666667
1.3525
2.1234
2.9156
1.51183333333
0.733033333333
3.09176666667
4.62033333333
4.08196666667
5.94633333333
2.16
3.04746666667
5.25556666667
6.78326666667
4.0609
2.3176
2.98053333333
1.08783333333
3.65246666667
SEC 49
3.71453333333
6.29403333333
1.67963333333
3.96006666667
2.9178
4.20123333333
2.84853333333
1.39766666667
1.72163333333
2.37106666667
2.32796666667
3.7096
4.18883333333
7.44623333333
1.13936666667
6.49146666667
0.7613
5.56723333333
2.3898
3.18516666667
6.15396666667
3.89456666667
3.30116666667
1.2273
4.21026666667
0.871866666667
3.55353333333
6.2616
3.9844
2.53673333333
1.0861
2.33266666667
1.50053333333
0.621833333333
4.52313333333
4.1681
0.717233333333
2.9696
1.2607
1.17276666667
3.10556666667
2.9515
3.13276666667
4.23746666667
1.1295
0.609333333333
3.94546666667
3.94616666667
2.98466666667
4.5216
1.27603333333
2.20226666667
5.26966666667
4.94713333333
0.639966666667
2.14063333333
5.6003
1.699
2.51543333333
0.959433333333
4.70113333333
1.22756666667
5.4092
5.03026666667
SEC 50
2.77253333333
1.19833333333
3.13756666667
5.97403333333
1.2937
1.31883333333
1.01203333333
3.6466
4.76316666667
2.88843333333
1.3933
0.877066666667
1.6972
1.3892
1.31756666667
8.19203333333
4.57446666667
3.93406666667
2.82096666667
0.954333333333
1.2677
3.1373
4.84863333333
3.4964
4.99836666667
0.802233333333
5.05133333333
1.55826666667
0.9724
1.2633
3.3687
3.52903333333
2.64733333333
2.6291
2.9508
2.8968
2.0048
1.33
3.3407
1.46473333333
3.33476666667
1.23116666667
2.99193333333
0.9641
1.12553333333
1.75426666667
2.99906666667
3.8959
2.62563333333
3.0914
2.71196666667
1.4138
3.05713333333
0.877533333333
3.11576666667
0.7718
1.0871
2.5377
2.6295
3.57193333333
0.855566666667
4.37253333333
5.19536666667
2.7596
SEC 51
1.71296666667
0.8953
0.986466666667
2.47316666667
1.90343333333
0.967633333333
2.0933
2.09643333333
2.43233333333
1.3433
0.816033333333
2.86393333333
0.832733333333
1.75993333333
0.899266666667
4.5386
3.04126666667
1.13123333333
2.03843333333
3.0838
1.1553
4.2002
5.75143333333
2.1254
1.26703333333
1.50013333333
1.7633
1.12993333333
0.972533333333
0.953166666667
2.06513333333
4.156
1.24883333333
4.54543333333
0.718233333333
1.99056666667
0.6578
0.993833333333
4.70526666667
1.65066666667
3.8561
3.00623333333
1.5586
3.04413333333
0.924166666667
1.90006666667
1.39883333333
1.1515
4.90366666667
1.99453333333
1.12886666667
1.8153
5.75086666667
3.0392
4.72436666667
3.0504
0.861633333333
2.8289
0.8967
0.796933333333
1.9355
0.774066666667
2.15146666667
2.3735
SEC 52
3.50663333333
1.64876666667
6.18083333333
3.29296666667
4.431
5.41923333333
5.90153333333
3.2184
4.89426666667
2.82023333333
2.7055
4.95323333333
1.16756666667
2.1805
0.8069
3.46846666667
0.998033333333
3.88136666667
1.19006666667
3.59956666667
1.1593
2.43826666667
5.3687
6.55903333333
3.6162
3.91063333333
3.22343333333
5.74096666667
0.651633333333
1.28443333333
3.7837
5.40836666667
4.08926666667
5.7109
2.86853333333
5.0965
0.8205
6.88043333333
4.17356666667
1.98596666667
1.09306666667
3.61113333333
0.987866666667
3.38826666667
1.01563333333
5.8972
1.40996666667
2.8869
3.0015
1.74966666667
1.9942
3.3264
1.2516
1.23233333333
1.32873333333
0.8104
4.4888
3.0491
3.24986666667
1.18346666667
3.02356666667
3.24043333333
1.81543333333
3.64136666667
SEC 53
0.8912
3.013
5.11793333333
1.0225
1.324
5.008
1.91696666667
2.88953333333
4.03203333333
0.9206
1.02096666667
1.1064
5.69233333333
1.1159
2.4326
0.9525
1.3449
0.883566666667
3.68333333333
2.59293333333
1.28903333333
3.7428
3.52856666667
1.17443333333
0.7624
0.832666666667
1.27683333333
3.5397
3.51946666667
1.65926666667
3.05946666667
1.1954
0.841966666667
4.686
3.1916
1.02586666667
1.3434
1.2408
2.8197
1.2127
1.16866666667
1.4446
4.84796666667
3.5288
1.31053333333
6.66223333333
0.772566666667
3.2514
2.9525
7.41176666667
1.22863333333
5.33836666667
8.54373333333
1.00076666667
1.20333333333
2.85553333333
1.3304
5.8209
1.24233333333
4.0737
1.12153333333
4.40913333333
2.3306
1.30093333333
SEC 54
1.0795
3.88566666667
4.285
1.37183333333
5.30366666667
2.5377
2.11473333333
1.68886666667
3.14913333333
4.57136666667
3.93356666667
1.78086666667
2.7457
2.1602
1.5397
2.76403333333
2.30523333333
2.5313
0.976433333333
2.9461
1.65036666667
5.86143333333
1.59536666667
0.820733333333
3.5184
6.4492
4.32376666667
4.0426
2.1701
4.45956666667
2.46383333333
1.73766666667
3.09863333333
2.49843333333
3.78813333333
6.7192
1.31696666667
3.48643333333
3.75536666667
2.15676666667
0.9445
3.9747
1.69976666667
1.44323333333
2.5148
2.7339
2.77663333333
3.02866666667
2.37313333333
1.1154
0.7499
6.47543333333
1.15613333333
2.508
3.08483333333
1.59866666667
3.5384
0.963066666667
1.05293333333
5.37516666667
1.91066666667
1.55473333333
4.21056666667
4.40096666667
SEC 55
4.69223333333
2.16873333333
4.36773333333
6.30746666667
1.93393333333
3.70466666667
2.7369
3.63753333333
3.92743333333
0.901133333333
1.50963333333
3.90093333333
2.03893333333
1.9668
1.94903333333
4.14103333333
1.15503333333
4.70453333333
2.96536666667
1.15293333333
3.82093333333
1.0269
2.35673333333
2.44653333333
3.48236666667
3.54243333333
5.7884
4.51343333333
3.3838
4.99456666667
4.66406666667
0.771433333333
1.74326666667
2.91456666667
2.78906666667
3.87946666667
4.42483333333
3.4451
0.8926
5.31023333333
1.57673333333
2.6298
3.73473333333
3.6425
2.24313333333
1.75736666667
5.98046666667
1.66693333333
1.43413333333
4.91736666667
3.442
2.07096666667
5.54373333333
1.9305
2.56966666667
8.44556666667
2.1995
4.75146666667
7.16823333333
1.49126666667
5.03506666667
0.882
4.14636666667
1.9968
SEC 56
1.8071
1.70823333333
1.11163333333
1.32316666667
3.99666666667
1.75343333333
3.0782
3.69253333333
5.41206666667
2.59943333333
1.99243333333
3.32706666667
2.1992
1.07643333333
1.62003333333
3.17196666667
2.6849
2.1592
1.71846666667
0.919466666667
3.06736666667
1.0704
1.88966666667
3.87173333333
2.52693333333
1.20786666667
1.63636666667
3.64923333333
1.3968
3.97063333333
2.8403
3.9291
0.836033333333
3.09926666667
0.701566666667
0.635333333333
4.0704
1.07883333333
3.02336666667
1.70533333333
4.18093333333
1.71543333333
1.6512
1.49696666667
2.59773333333
2.4311
1.1867
3.29943333333
1.15893333333
1.06123333333
7.12896666667
1.20936666667
2.6513
1.2307
5.33656666667
3.01786666667
4.854
0.928666666667
3.6404
0.6709
1.42946666667
4.69743333333
1.7846
3.17973333333
SEC 57
4.85436666667
4.28453333333
3.32776666667
0.6583
1.2999
4.4703
1.7862
4.51426666667
4.91446666667
3.81963333333
0.8038
4.84966666667
1.9516
2.3476
2.66706666667
2.98743333333
4.0598
0.995866666667
2.7061
0.809333333333
1.26606666667
2.7263
1.91293333333
1.35826666667
2.18333333333
3.24163333333
5.0086
2.20596666667
3.7197
3.01263333333
0.887466666667
4.60243333333
1.3404
2.23556666667
1.0054
1.55546666667
1.4293
2.21583333333
1.70146666667
0.626066666667
1.89243333333
1.39323333333
1.61106666667
1.71986666667
1.33716666667
0.698033333333
3.73643333333
0.924066666667
2.6622
1.70556666667
1.73523333333
1.98203333333
3.3124
1.03933333333
3.2303
1.70663333333
1.5161
3.68753333333
0.836233333333
3.0317
1.2436
3.0631
3.03946666667
3.2784
SEC 58
2.84166666667
2.04176666667
1.41296666667
3.10436666667
4.29543333333
3.09933333333
3.49213333333
1.2483
1.17136666667
2.9491
1.59493333333
0.8248
1.9255
1.06953333333
3.8991
3.26186666667
1.60103333333
0.969033333333
0.690966666667
0.9482
3.31033333333
3.3708
2.68543333333
5.59643333333
0.6033
2.93193333333
2.2254
2.89776666667
1.15283333333
3.14543333333
0.712066666667
3.12363333333
1.52016666667
0.711833333333
3.43076666667
0.776133333333
1.9133
1.04636666667
2.83586666667
0.930566666667
1.78183333333
4.98646666667
0.761633333333
1.3035
3.85046666667
4.97336666667
4.34423333333
3.56143333333
1.25713333333
3.27043333333
1.09293333333
0.8156
1.35816666667
4.13246666667
3.4783
0.899933333333
1.41743333333
3.41826666667
2.73566666667
3.4699
4.3142
2.86333333333
1.93713333333
1.1951
SEC 59
1.09506666667
1.3939
2.37613333333
0.693833333333
2.2429
3.93843333333
7.36396666667
3.67766666667
2.75566666667
0.625433333333
3.04846666667
2.78426666667
1.55093333333
1.60683333333
2.18763333333
0.9205
3.57833333333
1.8648
1.15143333333
3.00293333333
1.1312
3.20036666667
1.3059
3.02813333333
2.82773333333
2.39756666667
0.903166666667
1.3526
0.742533333333
4.51116666667
1.0614
3.2636
0.691233333333
3.62516666667
2.60896666667
2.57413333333
0.969633333333
2.5403
0.9009
3.06193333333
4.2806
1.0964
2.82716666667
1.1107
1.1333
1.6247
1.1296
1.0954
7.5306
3.81346666667
2.74743333333
3.94783333333
2.8134
3.84426666667
1.0848
4.05373333333
0.956766666667
1.286
0.671966666667
19.2134666667
7.83246666667
2.72983333333
4.90693333333
2.3034
SEC 60
2.5169
0.933233333333
1.0579
0.925433333333
1.51843333333
0.878733333333
4.318
4.5678
3.2061
3.81283333333
0.706066666667
0.9235
0.9366
1.399
0.915733333333
1.23306666667
1.26083333333
0.689933333333
1.5203
0.917666666667
2.49593333333
0.632
0.9989
2.51516666667
0.894866666667
1.69286666667
1.4582
1.19883333333
1.1815
3.0876
2.97073333333
0.895533333333
3.84736666667
0.694566666667
1.76
1.0232
1.4363
1.2402
1.09386666667
1.00946666667
1.60393333333
1.37133333333
0.743233333333
3.83066666667
3.20646666667
1.3114
1.51666666667
0.646033333333
1.05153333333
6.38463333333
2.47306666667
1.4254
2.56823333333
0.8059
1.19133333333
1.19083333333
1.11103333333
1.26623333333
0.999166666667
1.33093333333
1.6212
0.8864
2.9337
2.98773333333
SEC 61
1.9141
3.70503333333
1.21866666667
3.86596666667
3.2166
0.7642
1.30376666667
1.10463333333
1.91116666667
4.24726666667
1.41953333333
1.17076666667
2.17743333333
2.9738
3.95
3.768
3.11833333333
2.57903333333
1.49253333333
1.12706666667
2.64056666667
6.26866666667
1.53423333333
1.4607
1.18263333333
2.61363333333
4.2887
1.1891
1.23436666667
2.96456666667
2.6142
4.38446666667
2.8115
1.06133333333
5.5945
1.31536666667
3.9818
2.77033333333
2.775
3.10076666667
1.13116666667
1.89226666667
2.07226666667
1.33056666667
0.826366666667
4.04386666667
2.85206666667
3.24806666667
1.21446666667
0.728133333333
2.28936666667
4.16946666667
3.7007
5.38096666667
4.0898
1.08303333333
2.605
1.9256
4.38723333333
0.8847
3.62216666667
1.15736666667
2.74283333333
2.87256666667
SEC 62
2.50816666667
1.637
5.84433333333
2.4549
1.5359
0.892133333333
3.7033
3.73686666667
1.37913333333
2.08913333333
3.3688
1.22806666667
1.2312
1.55503333333
4.0978
1.6317
0.865666666667
1.71783333333
3.7923
0.998866666667
1.58256666667
1.1717
1.2968
0.851566666667
2.82983333333
1.02953333333
2.76146666667
2.46606666667
1.97763333333
2.10613333333
1.30736666667
1.64586666667
1.8024
0.986433333333
1.76346666667
6.35493333333
3.2755
0.782233333333
3.80256666667
2.805
5.9744
2.0997
3.11426666667
2.00546666667
5.79393333333
4.76843333333
2.34773333333
1.25526666667
0.817533333333
1.99843333333
2.62256666667
1.06383333333
2.65863333333
1.10093333333
2.5009
4.87353333333
4.98883333333
1.88016666667
1.47056666667
3.8132
3.00936666667
1.6775
3.54943333333
2.42213333333
SEC 63
1.33073333333
1.49733333333
0.810866666667
2.55676666667
3.78746666667
1.35096666667
8.00813333333
7.58843333333
5.2993
2.55706666667
0.561633333333
1.2873
2.6564
1.45746666667
3.79833333333
1.25856666667
1.0765
1.1617
2.94903333333
0.9354
1.5768
2.3856
3.7448
4.91476666667
3.33223333333
3.19663333333
1.48083333333
6.79066666667
1.02533333333
1.8236
0.984966666667
1.3637
2.00046666667
1.65073333333
3.46846666667
4.63196666667
1.22796666667
5.82473333333
0.797366666667
1.29713333333
3.8239
1.22936666667
2.34256666667
3.83396666667
3.16973333333
1.4396
1.63643333333
3.16183333333
2.84363333333
4.1386
1.21163333333
1.68653333333
1.56573333333
3.7314
3.04086666667
1.23286666667
3.64176666667
0.986466666667
3.6926
3.16843333333
2.79556666667
1.221
4.34076666667
1.12776666667
SEC 64
1.2396
5.7982
0.902866666667
6.12883333333
1.4613
2.683
1.4979
1.63993333333
7.28253333333
0.9377
1.19956666667
0.898033333333
3.33343333333
3.5391
4.21473333333
1.2199
4.56166666667
5.45433333333
3.9029
2.74013333333
3.57336666667
0.542066666667
3.7786
0.687133333333
3.46373333333
3.51466666667
1.8921
3.86926666667
6.5016
2.21833333333
1.10703333333
3.3551
3.17706666667
0.667866666667
1.4487
2.9163
1.43923333333
1.1843
4.0952
4.03403333333
1.04323333333
2.6733
2.11216666667
1.61646666667
2.6475
4.2723
2.49803333333
3.90643333333
4.25833333333
0.654133333333
4.0325
1.41313333333
3.07133333333
2.3417
1.23233333333
1.01866666667
1.6322
4.47976666667
3.10916666667
2.4093
1.15536666667
2.14056666667
5.05466666667
1.62713333333
SEC 65
5.1454
0.9954
0.793733333333
1.3553
1.30246666667
1.27003333333
1.16503333333
2.7013
1.5154
1.39183333333
4.12853333333
1.3087
3.27086666667
1.0014
0.5227
1.46266666667
2.9473
1.9633
2.90623333333
0.947566666667
1.1376
1.29263333333
1.052
3.73736666667
3.79566666667
1.31443333333
2.2716
1.15833333333
3.27456666667
3.9979
0.9393
1.0465
3.29813333333
0.961966666667
7.02096666667
1.39503333333
1.1766
3.0364
3.33673333333
2.81306666667
1.1537
4.96946666667
0.8969
1.96723333333
3.28133333333
3.20153333333
3.1884
1.38966666667
3.65366666667
3.59803333333
0.764966666667
1.2521
0.968266666667
5.546
3.47403333333
5.03006666667
3.39903333333
1.38863333333
3.75736666667
3.55393333333
1.0157
1.12696666667
3.93673333333
0.960933333333
SEC 66
3.28506666667
3.4105
4.3731
3.4445
1.09823333333
3.4351
2.05203333333
3.6586
1.0799
3.20543333333
5.0528
2.8631
3.5229
3.3377
3.7156
3.03443333333
2.681
3.59466666667
6.44923333333
3.69026666667
1.0499
1.66706666667
3.96833333333
5.49156666667
0.783266666667
3.68693333333
3.20496666667
2.74573333333
3.9325
3.53396666667
4.96973333333
0.604866666667
3.01153333333
5.5189
2.68776666667
0.651433333333
1.33213333333
5.50246666667
4.44526666667
1.1533
5.07793333333
2.82083333333
3.24466666667
1.14746666667
4.96453333333
3.44966666667
2.86436666667
1.43786666667
2.9008
4.44016666667
1.2096
4.69936666667
2.5901
2.99446666667
3.0503
3.9362
3.24343333333
3.7602
1.03016666667
3.40656666667
0.864866666667
1.6561
0.8659
1.00273333333
SEC 67
1.82733333333
0.668066666667
1.4249
1.2019
0.973933333333
1.11863333333
3.09163333333
4.99616666667
1.36713333333
3.18766666667
7.55933333333
0.586466666667
1.0804
3.50626666667
0.9725
4.3116
1.11676666667
3.115
1.29716666667
1.533
2.84603333333
7.42363333333
4.7455
4.75363333333
0.992433333333
3.0145
0.881166666667
1.69433333333
2.85913333333
1.3802
2.94876666667
0.9296
0.850966666667
0.836
0.882333333333
3.2374
1.2713
4.71506666667
3.07626666667
0.8006
1.02543333333
1.16046666667
2.88213333333
4.27176666667
5.16923333333
1.71206666667
3.18573333333
1.0272
1.27176666667
3.76163333333
1.29226666667
2.59376666667
0.926733333333
1.43906666667
1.07846666667
5.19826666667
0.847166666667
4.25003333333
4.074
1.11923333333
4.20806666667
2.28533333333
6.9798
5.92743333333
SEC 68
0.7828
4.15003333333
0.978066666667
0.722366666667
1.28463333333
3.83303333333
0.731366666667
1.19366666667
6.93883333333
2.65263333333
0.921233333333
2.14996666667
3.0446
3.07906666667
3.45403333333
1.1881
1.47276666667
1.31273333333
3.16373333333
0.856933333333
3.81783333333
0.826433333333
2.65786666667
2.9143
0.928633333333
1.8531
1.02186666667
3.28843333333
3.45133333333
1.2118
1.25513333333
2.00336666667
0.7941
1.1016
1.70583333333
1.9429
0.9941
4.43446666667
1.51033333333
0.8804
1.22326666667
1.325
2.91433333333
1.29093333333
1.23326666667
1.0969
0.975233333333
1.68956666667
3.5263
2.4863
3.21726666667
5.55463333333
1.49203333333
1.6135
1.3581
2.8594
0.996366666667
0.941566666667
1.1999
5.4063
1.2371
3.03346666667
1.55733333333
2.9477
SEC 69
1.66543333333
1.1259
0.724433333333
0.886566666667
1.11056666667
1.19606666667
0.877433333333
2.3201
2.70336666667
2.14506666667
1.3577
1.67123333333
6.4488
1.02496666667
7.46623333333
2.67366666667
1.6504
3.92403333333
4.6394
3.27056666667
1.76083333333
0.697733333333
1.07666666667
1.16396666667
2.95553333333
1.22373333333
1.40396666667
3.91546666667
1.80226666667
2.1021
2.5835
0.8629
2.76433333333
3.19273333333
1.2211
2.29076666667
6.53426666667
3.7994
3.24073333333
3.68576666667
4.20996666667
2.6997
2.2689
7.4557
2.9845
4.4031
7.32393333333
2.65836666667
3.76033333333
5.6436
1.04723333333
3.09133333333
5.95343333333
0.871066666667
5.79553333333
3.00366666667
7.2952
6.63483333333
2.374
3.25213333333
8.1835
3.8945
1.00466666667
1.03623333333
SEC 70
1.08403333333
5.5463
1.87606666667
4.19406666667
1.59403333333
2.7753
8.32763333333
1.95786666667
1.1007
4.3933
1.48386666667
5.92073333333
2.8494
5.2577
2.76553333333
5.2273
3.21286666667
5.60906666667
1.7703
2.27083333333
1.685
6.1077
5.97343333333
5.94713333333
3.06976666667
2.52393333333
7.02283333333
3.42483333333
0.778566666667
3.08606666667
1.1506
3.14416666667
2.36863333333
1.61326666667
4.4848
2.9211
3.66033333333
1.6288
5.85823333333
3.3757
3.9801
3.61316666667
3.51456666667
3.45733333333
3.32683333333
5.63526666667
3.76126666667
1.21176666667
1.94643333333
0.858033333333
3.9587
5.64063333333
5.69243333333
4.84063333333
1.8086
1.09693333333
1.48706666667
1.36153333333
0.6351
1.6666
6.09486666667
1.11743333333
3.22546666667
4.03506666667
SEC 71
1.09093333333
3.0061
1.59083333333
2.98066666667
0.721633333333
0.582966666667
3.08963333333
3.7509
1.21746666667
2.79863333333
3.3486
3.22856666667
1.608
2.9055
1.7149
1.05983333333
5.89473333333
3.0266
1.82996666667
2.84693333333
1.08796666667
3.59413333333
1.60093333333
1.40723333333
2.86763333333
2.71796666667
3.8156
5.2726
1.24336666667
1.0351
1.39
1.03466666667
3.07306666667
1.29483333333
0.9367
1.33443333333
2.8191
4.6329
0.8387
1.03166666667
3.4859
1.5282
3.3516
1.1436
3.36523333333
1.5575
2.61396666667
2.9857
0.992366666667
3.39406666667
1.55756666667
3.13593333333
5.22256666667
3.5972
1.47376666667
1.27716666667
0.888466666667
3.09393333333
0.974133333333
1.60443333333
1.18146666667
3.45666666667
5.1414
1.3406
SEC 72
0.7944
0.747933333333
41.1575666667
1.59076666667
1.18276666667
0.920233333333
30.6817
30.6204333333
3.4801
1.40173333333
13.7797
1.53193333333
0.894966666667
1.6363
38.0577
3.3412
2.96316666667
0.845233333333
1.11963333333
0.9197
2.87173333333
0.778933333333
40.6501666667
1.7869
2.65676666667
2.86416666667
1.12603333333
4.79663333333
32.6352333333
3.1414
33.0615666667
37.5866
0.9554
2.99736666667
2.76643333333
0.810233333333
1.24193333333
0.9002
37.8227666667
30.2364
40.8682
1.5354
3.36083333333
3.0474
1.71853333333
30.2593333333
32.2540333333
3.3229
2.9177
1.39423333333
39.7647
0.6372
0.925866666667
1.47726666667
4.79036666667
5.58633333333
38.7554333333
0.9263
1.15553333333
2.76036666667
2.84476666667
1.27293333333
1.29593333333
1.23366666667
SEC 73
7.5152
0.570333333333
4.76826666667
3.35313333333
4.10683333333
4.37426666667
3.3598
3.99203333333
6.5851
3.72736666667
4.5608
6.0051
3.76236666667
3.45703333333
3.61096666667
6.3303
7.44793333333
4.7956
1.5338
3.04216666667
8.9413
6.02726666667
3.99996666667
1.0798
6.6659
3.195
3.1397
1.00513333333
1.96823333333
1.49193333333
1.30166666667
1.77743333333
3.95923333333
0.947166666667
5.57233333333
3.35226666667
3.6007
6.47843333333
7.027
5.56876666667
4.98533333333
6.03336666667
4.69676666667
2.86356666667
3.56736666667
3.1292
3.32873333333
5.9316
3.1054
4.03093333333
1.03683333333
3.52153333333
1.45513333333
1.46583333333
5.15966666667
1.2934
2.89226666667
1.00893333333
3.0913
4.20913333333
5.25276666667
3.85996666667
5.31726666667
0.879166666667
SEC 74
2.60823333333
0.774133333333
4.045
1.12183333333
3.0883
1.13073333333
1.56116666667
1.46966666667
1.27566666667
3.687
2.75086666667
1.02493333333
1.01803333333
3.61656666667
1.0399
3.21253333333
1.18466666667
1.10166666667
1.12023333333
1.17903333333
1.17193333333
1.47186666667
1.22903333333
0.948766666667
3.26666666667
3.0636
0.895933333333
3.30216666667
0.901566666667
1.24086666667
3.7749
1.21836666667
3.17096666667
3.91453333333
1.16223333333
3.31643333333
0.701366666667
3.00196666667
1.30636666667
3.053
3.10756666667
1.367
5.049
0.8175
1.47966666667
5.23413333333
5.06743333333
3.1502
3.2299
2.76796666667
3.13273333333
1.1729
3.66166666667
5.46073333333
1.0405
0.940033333333
1.04773333333
0.855533333333
1.5652
1.89543333333
0.793733333333
1.16986666667
2.9856
3.08743333333
SEC 75
1.3329
2.47573333333
1.3861
2.63693333333
1.13083333333
2.5846
1.865
6.60446666667
0.934833333333
3.07476666667
2.1853
4.61763333333
1.5014
3.0885
1.32393333333
5.91133333333
4.52743333333
3.17243333333
1.0936
7.1288
1.5565
6.7546
0.978366666667
3.4828
2.9551
1.0442
4.46183333333
4.7445
3.96583333333
4.2098
3.10626666667
1.07296666667
1.5104
1.76753333333
1.4488
3.2997
0.896966666667
1.35186666667
1.03696666667
1.1935
1.14626666667
2.67116666667
3.042
1.96716666667
0.985833333333
0.545633333333
1.57273333333
0.6999
6.8801
2.78826666667
1.91436666667
1.9835
1.80033333333
1.94633333333
1.2512
4.31286666667
0.755433333333
2.25263333333
3.83346666667
1.40876666667
1.6621
3.5067
1.85213333333
3.4229
SEC 76
1.27736666667
0.843366666667
3.33223333333
6.61236666667
5.9218
3.55376666667
5.67656666667
1.62283333333
1.03646666667
3.35106666667
5.19463333333
3.97123333333
5.77876666667
2.8853
1.4823
3.38073333333
2.70863333333
0.89
3.96263333333
4.5444
5.14886666667
3.06436666667
1.97293333333
3.6928
0.559133333333
6.8742
1.01443333333
4.33173333333
1.2885
8.5265
5.4632
3.80776666667
5.20636666667
7.39713333333
5.8492
3.34603333333
3.29023333333
9.45713333333
6.46123333333
6.63233333333
2.7037
5.8165
3.3479
7.29466666667
4.19003333333
6.54033333333
2.99903333333
3.78033333333
3.1789
1.37436666667
4.45333333333
3.33516666667
1.21516666667
6.22326666667
1.28373333333
3.32033333333
0.7763
3.2954
4.27986666667
3.8884
1.08066666667
4.20596666667
4.13836666667
3.13743333333
SEC 77
6.14983333333
3.6263
3.3831
1.0539
1.55206666667
0.704833333333
1.56756666667
5.67303333333
2.06056666667
3.54316666667
8.16676666667
6.01693333333
0.942666666667
2.03306666667
1.37193333333
10.1814333333
0.854033333333
1.91883333333
1.2952
7.9742
2.7169
0.582533333333
6.7572
1.09056666667
2.50343333333
6.76903333333
0.680466666667
5.29376666667
4.40503333333
7.84706666667
3.26666666667
2.24376666667
1.08246666667
6.2545
2.738
1.68756666667
3.25046666667
3.96973333333
2.9141
3.2001
1.5369
1.84443333333
1.5629
1.30196666667
3.6879
1.61743333333
3.5669
3.04793333333
9.86516666667
3.20806666667
3.48993333333
1.20273333333
1.19523333333
1.26626666667
1.66456666667
1.67926666667
2.8605
5.6427
1.88526666667
3.97993333333
6.2732
4.0153
2.2429
6.27823333333
SEC 78
1.0288
2.59886666667
0.6524
1.28423333333
3.12263333333
1.70536666667
3.95886666667
1.2158
1.5116
1.5455
0.949266666667
2.7384
0.94
1.17013333333
1.8517
2.20446666667
1.08323333333
0.531333333333
2.1997
1.22306666667
2.68246666667
1.01336666667
4.60973333333
1.5355
5.30273333333
1.76476666667
1.60856666667
1.66203333333
2.67703333333
1.3337
1.91813333333
2.3591
1.27156666667
3.326
0.950666666667
5.7715
3.5312
5.25873333333
3.3437
3.80596666667
3.1905
6.04076666667
3.72343333333
6.1637
2.93946666667
3.49823333333
0.9911
3.09956666667
1.55673333333
1.44206666667
2.8168
5.0975
1.66623333333
0.982066666667
0.8986
3.89243333333
1.35346666667
1.59486666667
1.07056666667
0.9178
1.18743333333
1.01056666667
1.51563333333
3.28346666667
SEC 79
3.63743333333
2.9976
4.22433333333
4.5167
0.824133333333
2.68166666667
0.825833333333
1.4721
2.94656666667
1.0907
4.7911
0.9553
0.9346
1.95916666667
2.56053333333
2.00966666667
2.4704
3.0359
3.4399
1.99936666667
2.68706666667
0.737
5.02886666667
2.59553333333
3.179
3.9429
1.65293333333
0.918066666667
2.56983333333
1.59976666667
1.151
1.09943333333
3.08496666667
1.45623333333
1.1061
3.21156666667
1.20346666667
1.152
2.23636666667
1.1484
2.02666666667
1.4279
2.58856666667
0.8543
4.35786666667
1.56073333333
3.97
1.16076666667
1.17096666667
1.77406666667
2.37183333333
1.73086666667
0.876266666667
1.2791
1.84803333333
0.663366666667
1.19066666667
1.44126666667
1.16826666667
1.42766666667
4.66363333333
4.12
2.78163333333
1.4402
SEC 80
3.15
1.17583333333
3.2781
2.5903
1.0325
0.894666666667
0.934166666667
0.8156
0.7894
5.5488
0.8369
0.977566666667
2.40066666667
1.7934
1.28286666667
1.1269
0.834066666667
0.8637
3.18256666667
4.40863333333
1.28593333333
5.3854
3.27273333333
3.21746666667
1.77006666667
3.46726666667
0.949433333333
1.83466666667
0.9263
0.8683
2.60896666667
0.928833333333
1.18683333333
2.59966666667
1.0887
1.0196
0.829466666667
3.4273
2.8368
2.59096666667
1.2167
2.86446666667
1.58626666667
2.96846666667
2.9947
5.09326666667
4.50553333333
5.30886666667
3.53416666667
5.865
1.74586666667
1.75876666667
1.43776666667
3.5847
2.79656666667
1.71683333333
1.44643333333
1.28536666667
1.01033333333
2.72206666667
1.47356666667
1.3686
1.3297
2.7808
