SEC 1
3.28266666667
4.73203333333
3.48626666667
1.41736666667
2.8351
1.0772
1.39443333333
1.2569
0.9527
3.12566666667
3.32953333333
0.997133333333
1.1597
1.4072
3.08056666667
0.8691
1.24723333333
1.71173333333
1.92793333333
1.60223333333
0.889666666667
1.02313333333
0.993066666667
1.66616666667
3.14856666667
2.9362
0.9709
5.5211
1.17876666667
1.39156666667
3.0071
2.90163333333
SEC 2
3.44283333333
1.5131
1.06776666667
0.916233333333
1.12503333333
3.6848
1.12156666667
2.6066
1.21216666667
5.0007
1.44363333333
1.20733333333
1.3696
3.24483333333
1.29613333333
0.977033333333
0.820966666667
3.08753333333
3.2139
3.4703
2.94673333333
3.02296666667
0.689066666667
2.95613333333
1.02883333333
3.71913333333
2.77276666667
1.04456666667
0.909233333333
1.39713333333
1.44526666667
1.19643333333
SEC 3
5.4134
2.65823333333
3.4568
3.10366666667
1.24043333333
0.777866666667
3.20836666667
3.29296666667
1.3515
3.64486666667
2.7261
0.930666666667
4.64656666667
3.8876
3.05616666667
3.10076666667
0.923
0.931366666667
0.855033333333
3.16886666667
1.05333333333
5.29593333333
0.695
0.9396
0.690866666667
3.0573
3.40643333333
5.5497
2.3766
2.93326666667
3.18196666667
1.29403333333
SEC 4
0.690133333333
0.8738
1.20646666667
0.6111
1.02876666667
0.9103
1.0482
2.74666666667
1.21433333333
4.50276666667
0.8242
1.05823333333
0.800933333333
0.894166666667
0.974933333333
1.02293333333
0.904866666667
0.857933333333
0.6084
0.979
1.1244
0.853333333333
2.9818
0.9309
0.949866666667
1.2631
0.6603
1.2662
2.67506666667
1.11003333333
0.9842
0.853066666667
SEC 5
5.42533333333
1.155
2.89096666667
1.30033333333
1.21053333333
2.50523333333
1.0356
1.27446666667
0.983133333333
3.0541
0.834833333333
1.05513333333
0.649066666667
2.9074
0.867366666667
4.85453333333
2.709
1.02063333333
2.61626666667
0.9034
2.5551
3.3188
0.923533333333
1.44866666667
0.993433333333
1.10613333333
1.02506666667
3.2058
0.889666666667
2.853
0.744966666667
0.872733333333
SEC 6
2.88893333333
0.658333333333
0.739766666667
0.775866666667
1.46386666667
2.6916
1.70793333333
1.10603333333
2.8823
0.636566666667
1.33503333333
2.7881
0.768166666667
0.961166666667
2.9345
0.773233333333
0.755066666667
0.880866666667
0.818233333333
0.919933333333
0.985333333333
0.828566666667
0.7266
2.5977
3.017
1.60713333333
3.18993333333
0.848
0.8762
2.79733333333
2.88763333333
2.6485
SEC 7
1.1836
1.02226666667
1.1384
1.42243333333
1.11203333333
1.44053333333
1.008
2.94393333333
1.2832
2.69876666667
2.98083333333
2.71766666667
1.00343333333
3.15953333333
2.9909
1.6791
1.60706666667
0.975933333333
1.38763333333
3.637
1.74036666667
2.76316666667
3.53766666667
0.810866666667
5.3242
1.24103333333
1.09483333333
1.4645
3.61696666667
7.81153333333
3.60243333333
1.50823333333
SEC 8
0.8912
0.857333333333
0.690666666667
0.948833333333
0.892233333333
1.2008
1.1883
3.7948
0.816466666667
1.27253333333
0.843233333333
1.18596666667
0.959933333333
4.2722
1.2628
0.936666666667
0.902933333333
0.940866666667
2.7766
0.857366666667
0.870466666667
1.11443333333
0.866666666667
1.046
1.0157
2.86846666667
0.744133333333
0.851233333333
0.9163
1.019
1.12223333333
0.803366666667
SEC 9
3.79323333333
4.941
1.9726
2.53873333333
0.922033333333
3.7722
2.69133333333
1.02086666667
4.212
4.21826666667
1.7038
1.06796666667
2.10913333333
0.731833333333
3.97453333333
0.743666666667
1.54676666667
0.963433333333
0.697833333333
1.18963333333
2.902
1.20956666667
0.972933333333
2.55386666667
2.14706666667
1.0985
2.2873
2.85643333333
0.889033333333
1.79456666667
1.1364
1.21626666667
SEC 10
2.76206666667
1.0566
2.48866666667
1.23876666667
2.75433333333
3.26263333333
2.36806666667
2.09363333333
0.7709
5.37843333333
3.0366
1.33706666667
0.995466666667
3.2621
3.58273333333
3.22276666667
0.829833333333
3.67823333333
1.17373333333
1.04416666667
2.71843333333
1.21696666667
0.769733333333
1.63746666667
4.56316666667
0.5735
0.899133333333
4.9403
3.31343333333
2.81216666667
1.0535
0.880266666667
SEC 11
1.11146666667
0.7228
0.9402
0.9412
1.39756666667
0.79
1.0988
0.979233333333
1.159
0.7238
1.0605
0.999866666667
2.5355
0.6683
1.56113333333
2.5136
0.8149
2.70366666667
3.4601
0.892566666667
0.907933333333
0.933966666667
0.914366666667
0.720233333333
1.03843333333
1.13083333333
0.999
1.00006666667
0.876266666667
2.68946666667
0.959033333333
0.626466666667
SEC 12
1.009
0.7264
2.56676666667
0.983166666667
0.831766666667
1.08203333333
2.81133333333
2.91816666667
2.86243333333
0.997033333333
3.31593333333
3.13823333333
1.27946666667
0.908533333333
3.33273333333
3.03056666667
4.59093333333
1.0536
0.695766666667
3.40226666667
2.70336666667
0.649
3.04146666667
0.896133333333
4.99713333333
1.1465
3.03166666667
5.25713333333
2.81426666667
1.03516666667
3.40066666667
0.917733333333
SEC 13
3.1098
1.08703333333
1.1184
0.7598
2.74096666667
2.65236666667
2.65613333333
2.77803333333
3.16433333333
2.85166666667
0.6064
1.11506666667
1.0556
2.80816666667
2.6698
0.898966666667
0.738066666667
0.532366666667
0.851966666667
0.839766666667
0.763066666667
0.622133333333
2.7932
2.9753
1.234
2.37266666667
1.01326666667
0.7759
2.54933333333
0.682466666667
0.901333333333
0.658833333333
SEC 14
3.46073333333
2.61256666667
3.44913333333
3.75153333333
3.94936666667
1.65796666667
3.49736666667
0.908433333333
0.8667
0.858066666667
0.9088
0.925
0.671633333333
0.9579
1.2746
0.788833333333
0.9934
0.845733333333
0.787933333333
0.711733333333
3.00016666667
1.06003333333
0.778933333333
0.883933333333
0.7173
1.02093333333
0.942366666667
0.939
1.0374
0.653533333333
0.9494
0.776166666667
SEC 15
1.14923333333
1.5369
4.34276666667
0.913
1.07436666667
0.978
4.84806666667
1.12246666667
1.4415
1.28946666667
3.2311
2.8122
3.6932
0.991766666667
2.92883333333
0.779166666667
2.75426666667
3.1931
1.07346666667
0.8676
2.73146666667
1.6257
2.965
0.996133333333
1.2648
3.18073333333
0.725
2.16043333333
3.42976666667
1.36156666667
1.1639
0.913533333333
SEC 16
3.39783333333
1.14233333333
0.935533333333
1.1223
0.944
3.37456666667
2.94526666667
5.0932
1.60866666667
3.03273333333
0.881066666667
0.685266666667
3.09766666667
2.97813333333
0.644733333333
1.48803333333
2.72596666667
1.3262
1.1968
2.53703333333
3.61463333333
1.04313333333
1.1064
2.56133333333
1.3398
3.03416666667
0.880533333333
0.979633333333
3.20776666667
2.5204
0.959633333333
2.9141
SEC 17
2.70356666667
0.772
3.57506666667
1.0169
3.0356
3.5539
0.7795
0.744833333333
0.818733333333
0.7349
1.02833333333
0.634733333333
0.932833333333
3.07043333333
0.817833333333
0.561066666667
0.615433333333
0.716733333333
1.0862
1.10293333333
2.64873333333
0.735
0.850933333333
2.61663333333
2.7087
0.9839
0.968966666667
5.63643333333
2.73883333333
1.01973333333
1.20663333333
1.11783333333
SEC 18
1.17463333333
0.820866666667
0.659533333333
0.8669
1.12403333333
0.9373
0.718033333333
1.03163333333
2.78523333333
0.893466666667
0.751433333333
1.28913333333
1.0937
0.881166666667
0.732566666667
2.65116666667
0.916633333333
0.937533333333
1.1687
1.2363
0.611733333333
1.4077
0.866566666667
1.13103333333
0.7555
0.853333333333
3.31683333333
0.8082
1.78736666667
1.0976
0.8354
0.754666666667
SEC 19
0.817833333333
0.712366666667
2.84126666667
1.3397
1.05633333333
0.654666666667
2.7117
0.853033333333
0.7763
1.0572
0.989366666667
0.677966666667
1.0863
0.8363
2.8837
0.8936
0.880366666667
1.10146666667
0.767966666667
0.896866666667
0.828433333333
2.90933333333
2.78873333333
0.823033333333
0.968
2.95896666667
0.847366666667
3.15433333333
1.05233333333
0.7836
1.0299
1.1306
SEC 20
3.13166666667
3.1421
0.9148
2.9699
3.33526666667
1.1688
2.93036666667
3.2973
1.38226666667
3.1579
3.27256666667
0.733966666667
1.17473333333
0.9597
1.4207
0.710433333333
4.99253333333
1.4491
1.1892
3.15973333333
2.92086666667
0.897466666667
0.989233333333
1.48766666667
0.9741
1.34236666667
0.976666666667
3.1981
0.726266666667
1.26056666667
0.908066666667
1.2987
SEC 21
2.7545
1.03553333333
2.69276666667
1.1003
1.2106
0.871266666667
0.797933333333
0.9777
0.787366666667
0.975333333333
2.83886666667
0.919866666667
1.07253333333
0.8912
0.895033333333
0.7908
1.04726666667
0.7494
0.8049
0.8704
4.66663333333
3.0954
0.774566666667
1.15956666667
0.8504
0.914033333333
0.7807
0.732333333333
2.99133333333
0.793166666667
0.629066666667
2.9775
SEC 22
1.37146666667
2.63313333333
0.744533333333
3.66266666667
2.70433333333
1.06956666667
2.29496666667
2.7481
0.8521
0.939466666667
1.1202
0.922966666667
2.809
4.17893333333
1.18296666667
0.895766666667
0.889
0.801533333333
0.662066666667
0.786433333333
0.895433333333
2.30956666667
2.71313333333
2.22976666667
2.76893333333
0.775466666667
3.31256666667
0.785966666667
1.08083333333
1.21266666667
2.73153333333
2.6036
SEC 23
2.86396666667
0.5725
1.26273333333
2.80236666667
0.6897
0.920166666667
5.08696666667
0.6471
0.851
3.165
5.1208
1.03416666667
4.86223333333
0.840333333333
0.937
1.1496
2.60773333333
1.33946666667
0.9267
0.913766666667
0.933266666667
3.13096666667
2.55603333333
0.6025
3.14426666667
0.764766666667
2.87123333333
2.8454
2.89086666667
2.52203333333
2.66403333333
5.30566666667
SEC 24
3.0695
2.54566666667
1.3245
0.758266666667
2.0857
3.16536666667
1.5421
2.6507
4.59283333333
3.55923333333
3.055
4.10326666667
1.12893333333
3.44023333333
0.9992
0.717966666667
1.0943
2.30533333333
0.772933333333
2.1146
0.7547
1.20496666667
2.54566666667
2.85716666667
1.3695
1.19676666667
3.08176666667
1.50323333333
0.9582
2.9903
2.39753333333
1.62523333333
SEC 25
1.03083333333
1.63676666667
0.7291
1.06213333333
1.51316666667
0.7853
1.28673333333
2.6
1.40016666667
1.01713333333
1.03013333333
4.70183333333
1.07266666667
0.8207
1.12656666667
1.3746
1.01273333333
1.71963333333
0.8237
1.97406666667
0.968466666667
1.42243333333
1.32916666667
1.08696666667
0.9479
0.866666666667
0.975633333333
1.21323333333
2.7233
1.15243333333
0.825866666667
3.63233333333
SEC 26
1.2996
0.774466666667
0.991566666667
1.50176666667
3.39213333333
1.12506666667
0.680033333333
1.0384
0.711466666667
1.99056666667
3.31803333333
2.33943333333
1.2359
1.0499
0.836966666667
0.948433333333
0.960833333333
0.769366666667
1.59273333333
0.6668
2.9912
0.859833333333
2.8619
0.888033333333
0.7632
0.8693
1.60256666667
1.59206666667
1.71403333333
2.49073333333
1.9579
1.97533333333
SEC 27
3.3202
1.18036666667
2.78626666667
0.920066666667
1.14776666667
2.60976666667
0.890666666667
0.7849
0.8249
0.967733333333
1.06206666667
0.697433333333
0.9829
0.719833333333
1.86503333333
2.63693333333
0.985333333333
1.06006666667
0.9463
0.568033333333
0.9558
0.777433333333
0.980733333333
0.732433333333
1.0148
3.6204
0.9972
0.746566666667
3.62383333333
0.836733333333
0.942
0.816966666667
SEC 28
0.806466666667
0.9202
0.900766666667
0.738333333333
0.936433333333
2.59526666667
4.807
0.668666666667
2.67776666667
0.626066666667
0.814433333333
0.9373
0.9356
0.633533333333
2.736
0.852233333333
1.29696666667
1.04746666667
0.7793
4.6071
0.9029
0.7856
0.753133333333
1.06976666667
0.827733333333
0.959766666667
0.754666666667
3.11006666667
2.92226666667
0.9457
2.54173333333
2.6889
SEC 29
1.09793333333
0.933033333333
0.797366666667
2.9801
0.858666666667
0.9149
2.99116666667
0.959933333333
0.815966666667
0.813233333333
1.05306666667
0.9013
1.0749
3.45683333333
1.0216
1.1227
0.9934
3.2869
0.852433333333
3.32766666667
0.8411
2.99283333333
0.874766666667
3.25073333333
3.06746666667
1.14433333333
0.989133333333
0.910666666667
0.865733333333
4.91736666667
1.0564
0.6381
SEC 30
7.39563333333
3.1073
5.21026666667
0.965566666667
3.39336666667
1.11443333333
1.54806666667
2.7634
2.92836666667
3.29386666667
1.14226666667
3.454
4.10363333333
1.3919
1.69826666667
4.93896666667
3.5515
2.8331
1.2149
3.74423333333
2.53616666667
4.64313333333
0.5916
1.2166
0.8809
0.9263
4.54536666667
4.14166666667
1.28056666667
4.097
2.83906666667
2.87136666667
SEC 31
0.964633333333
1.73576666667
1.7357
1.2728
0.981866666667
1.09873333333
1.04776666667
3.96983333333
3.4297
0.908733333333
3.89316666667
0.9156
1.17036666667
2.95333333333
4.11276666667
1.04643333333
2.60963333333
4.4158
0.793133333333
4.9998
1.55823333333
0.919866666667
1.65313333333
2.52323333333
1.18116666667
0.9221
1.935
0.877666666667
0.741833333333
0.6432
2.94293333333
1.2216
SEC 32
0.741533333333
1.30763333333
0.741866666667
1.4355
0.729733333333
1.99476666667
1.0739
0.8429
1.14896666667
1.1668
0.996433333333
0.878733333333
1.4963
0.663666666667
1.18183333333
0.7425
2.06293333333
1.53216666667
1.37816666667
0.9839
0.751266666667
2.49556666667
2.76583333333
0.724333333333
0.873733333333
1.5613
0.526433333333
0.591866666667
1.71383333333
1.33303333333
1.3071
1.373
SEC 33
2.04563333333
5.1403
2.836
1.0968
2.17623333333
4.83
1.27846666667
2.69436666667
1.0798
1.48926666667
1.137
1.85653333333
1.36833333333
4.61556666667
3.1665
0.694733333333
2.07256666667
1.5216
3.60576666667
2.2507
4.10073333333
3.41153333333
1.6289
1.58856666667
2.58443333333
1.07836666667
2.76776666667
3.60113333333
3.63966666667
1.10323333333
1.14126666667
1.2051
SEC 34
1.75223333333
0.841666666667
1.87803333333
1.0026
1.0138
0.6465
1.07193333333
5.28153333333
0.636633333333
0.6525
0.9453
1.22256666667
2.1386
0.706266666667
1.37636666667
3.53036666667
1.32013333333
3.55146666667
3.5773
1.95886666667
0.748166666667
0.901266666667
2.64003333333
1.06473333333
0.750833333333
1.388
0.928833333333
3.2298
1.65673333333
4.03316666667
2.88286666667
1.18463333333
SEC 35
2.41173333333
2.82296666667
2.55873333333
1.08673333333
1.0642
2.98716666667
3.1321
1.88663333333
1.58416666667
1.69956666667
2.43903333333
1.80683333333
0.9804
1.65076666667
2.21956666667
3.03676666667
6.434
1.41206666667
0.929833333333
2.24446666667
1.309
3.18716666667
0.9847
0.667633333333
0.903733333333
0.964266666667
2.63466666667
1.01706666667
0.599133333333
1.6103
1.84613333333
0.876966666667
SEC 36
0.7774
0.859966666667
0.8994
0.967
0.763966666667
0.646433333333
0.940866666667
3.07876666667
0.9977
1.19623333333
0.8948
1.15546666667
0.817633333333
0.845033333333
1.05383333333
0.807933333333
0.774266666667
2.92426666667
0.9158
0.9534
2.7106
0.693833333333
0.818733333333
0.835166666667
1.03613333333
0.827966666667
0.814466666667
0.838233333333
1.00993333333
0.7989
0.995066666667
0.923733333333
SEC 37
0.935233333333
0.878933333333
1.15743333333
1.2404
0.9481
2.61033333333
3.10293333333
1.18056666667
0.7206
0.8447
3.11116666667
5.74556666667
0.832133333333
0.6927
4.8312
4.63666666667
5.73623333333
2.9673
2.5146
0.868133333333
2.5826
2.606
2.78873333333
3.59733333333
0.712066666667
3.87493333333
1.30683333333
3.2459
1.35226666667
2.64546666667
3.23473333333
5.1127
SEC 38
62.3060333333
2.8454
1.0102
66.2083666667
2.9507
6.72236666667
1.03446666667
59.1033333333
65.7961333333
0.806966666667
4.4864
1.1374
1.8917
1.34893333333
68.404
1.32506666667
9.83606666667
3.58333333333
2.9879
1.5279
63.6576333333
61.1856
6.83673333333
4.49863333333
2.6259
4.36086666667
3.05143333333
61.8329
0.910266666667
67.9536
1.18956666667
1.0278
SEC 39
3.6423
1.2615
1.14566666667
4.68596666667
0.877866666667
2.74793333333
3.6438
3.64226666667
1.1246
1.0465
1.22673333333
0.793066666667
1.13963333333
4.45446666667
1.03136666667
3.1679
0.727466666667
0.871566666667
3.25856666667
1.0921
1.06643333333
1.00583333333
3.65716666667
2.925
3.09906666667
1.0086
1.17836666667
0.624766666667
1.0041
0.758833333333
3.1605
2.9015
SEC 40
3.18553333333
1.29753333333
2.5034
2.70636666667
2.94236666667
3.1073
1.36263333333
2.8169
4.99776666667
2.83026666667
2.63796666667
0.768466666667
4.83906666667
2.71153333333
0.842066666667
4.45463333333
1.8451
4.92256666667
2.70293333333
0.926
2.9619
0.876433333333
0.796633333333
1.0114
1.0223
0.870133333333
2.6108
0.846966666667
3.17616666667
0.926666666667
1.57443333333
2.97433333333
SEC 41
1.19913333333
1.03006666667
0.7966
1.00576666667
7.98076666667
3.69783333333
2.68436666667
0.8276
0.938333333333
1.03933333333
0.901133333333
1.37353333333
2.2362
0.861033333333
3.0356
2.6173
1.10036666667
0.742433333333
0.7382
2.85646666667
3.2335
2.496
1.15083333333
1.13873333333
0.870833333333
1.1269
0.7893
1.23853333333
0.844066666667
1.37573333333
2.0028
2.9611
SEC 42
1.0633
1.26856666667
1.31413333333
1.04723333333
2.13326666667
3.15593333333
1.26563333333
1.15413333333
2.70433333333
1.46296666667
4.19623333333
2.48193333333
3.1449
1.24223333333
1.327
3.83576666667
5.46446666667
3.5088
0.7929
0.9596
3.56206666667
4.1831
1.79903333333
2.65596666667
4.09116666667
2.60576666667
0.898466666667
4.4473
4.08076666667
3.0606
3.02563333333
0.711133333333
SEC 43
0.803833333333
3.0372
0.6363
0.732966666667
1.37133333333
3.2167
0.705533333333
2.63346666667
4.3333
0.968866666667
3.0263
2.80316666667
2.77376666667
0.686633333333
2.72233333333
0.604766666667
0.6539
3.2609
2.61316666667
0.875966666667
8.1929
1.04963333333
3.21086666667
0.782
0.8406
1.06393333333
3.1296
2.59176666667
3.01863333333
1.4779
1.21423333333
0.7351
SEC 44
3.06586666667
1.2286
2.67743333333
5.3366
2.688
3.214
2.55173333333
3.8807
2.13773333333
0.620133333333
3.20333333333
1.20083333333
0.833566666667
3.22846666667
4.11736666667
0.9276
0.9284
3.40323333333
2.60706666667
2.92446666667
3.35026666667
3.13133333333
2.10076666667
3.87273333333
2.84306666667
3.02393333333
1.6892
2.60906666667
2.65283333333
4.4034
0.867766666667
0.7498
SEC 45
1.13913333333
2.92973333333
1.27346666667
1.1834
3.3353
1.30276666667
4.6495
2.90493333333
1.20533333333
1.1797
3.2573
0.988433333333
1.16126666667
2.56343333333
0.9625
3.4874
1.43946666667
0.951933333333
1.09996666667
0.814433333333
1.29186666667
4.8612
1.18776666667
3.13753333333
3.3103
1.59556666667
3.2278
3.27723333333
1.29866666667
1.08423333333
1.1076
1.27156666667
SEC 46
1.20286666667
0.976166666667
4.85233333333
1.1494
2.94893333333
0.9321
2.9934
3.20916666667
3.3504
1.17236666667
0.780933333333
1.2906
0.857033333333
0.6902
0.7702
1.1645
0.915633333333
0.881533333333
1.18626666667
1.40323333333
2.63293333333
3.58853333333
1.09436666667
3.22026666667
0.755233333333
3.70963333333
2.74083333333
3.43876666667
1.05226666667
3.57536666667
0.9357
1.05556666667
SEC 47
1.6096
1.04906666667
5.53723333333
0.973766666667
2.91136666667
2.8597
0.885266666667
0.9343
3.3648
2.88756666667
6.08356666667
4.17443333333
2.9332
0.970966666667
1.51753333333
3.73983333333
4.6975
0.750633333333
3.28236666667
4.14116666667
4.57153333333
0.902233333333
2.8072
5.7619
1.31226666667
1.1714
0.701233333333
1.26103333333
3.1434
1.24043333333
5.42643333333
1.0233
SEC 48
0.871333333333
0.678866666667
3.3351
3.06663333333
2.9321
1.1077
0.901833333333
0.7768
0.717633333333
2.9984
4.85333333333
2.85303333333
0.742333333333
3.0689
0.942733333333
2.91623333333
0.903766666667
3.08806666667
2.85523333333
2.9846
5.40883333333
2.9241
0.951733333333
1.12216666667
0.872766666667
5.0293
1.28566666667
0.9059
0.704633333333
0.983733333333
0.951233333333
0.677633333333
SEC 49
0.9477
2.9285
0.9934
1.23953333333
1.01306666667
1.99166666667
3.11206666667
0.953
0.8786
1.14483333333
2.985
1.80163333333
2.7776
1.13036666667
0.942
0.9443
0.7851
0.891033333333
3.89056666667
4.90356666667
15.0538666667
12.6558666667
0.8973
3.5997
3.28836666667
0.867833333333
3.27526666667
1.0484
0.991433333333
1.12476666667
5.67186666667
0.783133333333
SEC 50
1.31856666667
0.8541
4.8435
1.65716666667
1.55676666667
1.294
1.01433333333
1.07843333333
1.1948
1.31046666667
1.12066666667
0.896733333333
4.53533333333
0.7987
3.42136666667
1.07566666667
0.955366666667
3.3885
1.96453333333
1.0934
1.17026666667
1.0791
0.8433
0.716933333333
3.1431
1.24076666667
1.08206666667
3.0735
2.63036666667
1.10546666667
1.41876666667
4.84653333333
SEC 51
2.92143333333
0.7968
0.7015
0.737866666667
0.853666666667
0.9997
0.813766666667
3.20646666667
13.8053333333
0.6547
12.7937
13.8866333333
1.5613
13.9157666667
0.9815
0.843
1.01503333333
1.1021
0.9149
1.1841
13.7578333333
0.78
13.5926333333
4.147
0.8392
2.62503333333
1.023
0.873933333333
2.8496
0.812133333333
0.9703
13.8666666667
SEC 52
0.9209
3.08366666667
0.820833333333
1.066
0.6217
1.84773333333
1.23586666667
1.16986666667
1.28396666667
2.4626
3.01636666667
0.762466666667
0.837766666667
1.2192
0.8453
0.982166666667
2.84346666667
0.696866666667
3.0465
0.902433333333
2.79486666667
0.835333333333
2.8267
1.0003
1.5152
1.2607
1.9236
3.1908
1.05323333333
2.8316
2.67953333333
1.11316666667
SEC 53
1.0728
0.554633333333
0.645266666667
0.9179
0.931466666667
0.9125
2.87326666667
0.752766666667
0.7456
4.9477
0.581
0.616066666667
0.950766666667
2.65846666667
3.3537
1.02273333333
0.989766666667
0.687566666667
1.312
0.655166666667
0.9296
1.01666666667
2.79843333333
2.5948
3.26343333333
0.8957
1.15433333333
0.834333333333
1.451
3.13096666667
3.2015
3.248
SEC 54
0.883133333333
1.18143333333
0.853033333333
1.3505
0.757733333333
2.65143333333
2.96353333333
1.06073333333
0.575066666667
2.7595
0.805333333333
2.6412
2.88973333333
2.57033333333
2.68256666667
0.932933333333
0.6612
0.720333333333
0.7612
1.3976
2.7153
2.6318
2.67326666667
1.1608
1.24586666667
3.0143
0.795866666667
2.58273333333
2.58476666667
0.614133333333
2.75596666667
2.69396666667
SEC 55
0.896466666667
2.7294
1.23593333333
1.09583333333
2.9592
1.138
1.33316666667
2.91053333333
1.26636666667
0.933
0.5735
1.14423333333
1.35046666667
2.73253333333
2.77543333333
1.60873333333
2.8653
5.18973333333
1.225
1.35916666667
1.995
1.16553333333
2.0112
2.9303
0.749533333333
0.782566666667
0.957766666667
1.6593
1.71243333333
1.12123333333
0.809366666667
0.977133333333
SEC 56
3.44516666667
0.975466666667
0.877
3.2098
0.755266666667
2.92993333333
3.7486
1.05993333333
3.8443
3.15763333333
0.891833333333
6.43263333333
3.19453333333
0.964066666667
3.6013
1.06166666667
2.5836
0.682933333333
0.7683
3.28836666667
0.6943
1.15363333333
0.6249
1.465
0.5998
1.18563333333
0.9018
0.928966666667
6.25723333333
1.0872
3.39396666667
1.1248
SEC 57
3.29553333333
4.5763
1.60906666667
2.53926666667
0.884766666667
0.677333333333
2.4944
1.43243333333
0.625766666667
0.909466666667
0.939433333333
0.9933
0.618066666667
0.792266666667
3.0274
4.82706666667
0.740266666667
2.7463
2.9558
2.4794
1.59543333333
0.955133333333
1.21773333333
0.917366666667
0.666133333333
0.918033333333
1.838
0.7258
2.7674
0.776833333333
1.2448
0.789566666667
SEC 58
0.895233333333
1.24423333333
1.02553333333
0.8729
2.96733333333
5.39706666667
3.0828
2.77936666667
0.946333333333
2.81366666667
0.667533333333
3.10516666667
2.8074
2.5854
5.33786666667
0.980633333333
2.94256666667
2.969
1.03463333333
3.0535
2.76933333333
0.786533333333
2.87333333333
3.03806666667
2.18196666667
1.23973333333
2.70053333333
1.10213333333
0.909966666667
0.627366666667
2.64543333333
2.47056666667
SEC 59
3.16916666667
2.80506666667
2.5681
0.955733333333
1.2199
0.766033333333
1.59686666667
0.786633333333
2.7799
2.73663333333
1.02663333333
0.757166666667
0.680466666667
0.651533333333
0.8724
3.07656666667
3.35433333333
1.26993333333
0.778833333333
1.03453333333
0.890733333333
3.94793333333
0.8257
3.02336666667
1.19416666667
0.848466666667
0.925233333333
1.40253333333
2.74776666667
0.750366666667
1.07396666667
0.889266666667
SEC 60
3.0303
1.3021
1.13726666667
3.2813
0.947333333333
1.04976666667
4.37423333333
1.2101
1.56873333333
3.67393333333
0.661866666667
1.10053333333
3.41723333333
0.982733333333
4.9595
0.827033333333
0.5835
3.2175
5.3341
4.79926666667
5.25293333333
1.5306
0.793766666667
6.59326666667
0.960633333333
1.17343333333
1.17406666667
0.740766666667
0.780533333333
0.783433333333
2.94776666667
4.83746666667
SEC 61
0.711566666667
3.2441
1.16293333333
0.695466666667
0.8572
4.53803333333
1.03816666667
2.75526666667
5.00636666667
0.8193
0.888966666667
0.961433333333
2.73853333333
2.9074
1.027
2.94326666667
0.969266666667
1.0814
0.681233333333
0.8018
0.8592
2.5682
0.883333333333
1.02236666667
1.20116666667
0.7724
1.22806666667
0.987066666667
3.1153
0.967866666667
1.10546666667
3.1083
SEC 62
1.2604
0.732066666667
3.18593333333
4.9598
0.979133333333
1.45476666667
0.8018
3.6952
1.04923333333
1.23246666667
1.0589
3.48173333333
2.69556666667
4.79936666667
1.23206666667
1.00346666667
0.9001
1.06323333333
0.981766666667
2.83643333333
0.809266666667
0.872433333333
3.29336666667
0.8446
3.21393333333
4.6171
0.884666666667
0.735833333333
3.34256666667
2.86476666667
1.6182
0.866066666667
SEC 63
0.911833333333
0.988833333333
0.711133333333
0.729866666667
2.69106666667
0.758666666667
0.680066666667
1.25176666667
0.877866666667
4.38483333333
0.866
3.18733333333
0.685166666667
0.7813
0.7541
12.5291
3.07836666667
0.713033333333
0.943833333333
0.742566666667
2.66303333333
0.892166666667
0.920466666667
0.661533333333
0.733266666667
0.8411
0.733766666667
1.00483333333
1.02123333333
0.985866666667
0.694166666667
0.719733333333
SEC 64
0.9398
0.742133333333
2.45373333333
0.642066666667
0.7553
4.40976666667
1.93776666667
5.6917
4.1941
1.06636666667
2.79253333333
0.744
2.3939
0.8951
2.6086
2.57133333333
3.09913333333
0.8611
6.0498
3.0186
2.53816666667
6.3815
1.0383
4.7874
3.5637
0.7252
2.65146666667
0.707466666667
0.8194
3.09786666667
7.61613333333
1.72513333333
SEC 65
1.49273333333
1.4554
4.42533333333
0.959166666667
1.3821
1.47096666667
3.1656
1.53416666667
1.84263333333
1.3619
1.6741
1.58046666667
0.841666666667
1.26066666667
1.66873333333
2.61166666667
3.037
1.00106666667
3.87003333333
2.64773333333
1.15253333333
1.04276666667
1.3048
1.91436666667
1.04556666667
2.36746666667
2.554
3.22713333333
2.8652
2.0583
1.15286666667
1.3231
SEC 66
2.68136666667
2.6963
0.6566
2.87166666667
4.2879
1.0509
1.2474
4.79266666667
3.06366666667
4.42266666667
0.8596
2.9451
2.83633333333
1.1237
0.7145
3.01513333333
0.613566666667
1.04993333333
1.1608
4.96653333333
4.70663333333
0.721233333333
3.0828
1.34363333333
2.7389
0.7492
1.11263333333
0.871233333333
3.29806666667
0.9864
1.1967
0.687966666667
SEC 67
4.8533
1.05916666667
1.0071
5.14543333333
0.983833333333
1.29056666667
0.7899
2.72553333333
4.5393
0.7491
4.69283333333
2.51613333333
1.05046666667
2.85793333333
0.916366666667
2.74673333333
0.978966666667
4.56266666667
0.7529
2.7315
0.7231
1.21453333333
1.87466666667
1.37546666667
1.33286666667
0.834333333333
2.46963333333
1.08053333333
2.66806666667
1.181
2.98856666667
0.989166666667
SEC 68
1.2612
1.18213333333
2.5848
4.768
0.903666666667
3.38506666667
2.9874
2.7517
5.254
1.64573333333
2.80096666667
1.45073333333
1.05183333333
1.06643333333
1.38076666667
0.839533333333
0.8627
3.0238
3.48806666667
1.40093333333
1.3031
1.0768
0.998766666667
0.8962
1.17213333333
3.44586666667
3.47106666667
1.2947
3.19376666667
0.856533333333
0.753833333333
1.1564
SEC 69
0.982433333333
1.23806666667
1.02723333333
2.98023333333
2.84766666667
1.15276666667
0.6362
2.74773333333
1.1752
0.7555
2.16483333333
0.826466666667
1.7555
0.8571
2.16713333333
2.68356666667
1.0013
2.78633333333
2.06713333333
2.5125
0.9482
0.9824
0.931133333333
0.7992
0.8802
1.94043333333
0.903133333333
2.90446666667
0.560066666667
3.9229
0.770233333333
1.53406666667
SEC 70
0.886166666667
2.83713333333
0.891833333333
1.23003333333
1.15793333333
1.0948
2.59396666667
2.6952
1.06716666667
2.71873333333
2.61523333333
0.6773
2.66706666667
0.8822
2.67846666667
3.20843333333
0.8459
1.06536666667
0.7248
0.898266666667
3.3633
1.0597
0.8373
0.782866666667
1.33566666667
1.07873333333
0.832133333333
0.6277
0.960533333333
0.717833333333
0.6278
0.640666666667
SEC 71
0.7812
3.73073333333
2.67123333333
3.9908
1.20456666667
1.8939
2.1442
0.908666666667
0.8
2.51796666667
0.975466666667
1.10526666667
1.0079
1.5468
2.23316666667
3.24623333333
1.3656
1.81216666667
3.60643333333
0.798333333333
1.32136666667
0.6911
0.836866666667
1.31883333333
1.8109
1.59066666667
0.726066666667
2.36543333333
3.5319
1.7004
0.7722
1.5009
SEC 72
0.607366666667
1.402
1.17463333333
0.7809
3.57726666667
0.956433333333
1.29756666667
0.998966666667
1.1187
2.8106
0.757966666667
0.940933333333
1.0517
2.5179
0.962233333333
0.739533333333
0.956566666667
0.9609
0.9619
1.16433333333
1.21726666667
0.7292
1.14573333333
2.84303333333
1.354
1.03766666667
1.25423333333
1.55476666667
2.6216
1.0162
2.8712
1.33073333333
SEC 73
0.828566666667
2.54106666667
2.59726666667
4.25243333333
0.993633333333
0.771066666667
0.8968
0.813366666667
0.690533333333
1.1039
4.38336666667
0.6628
2.66586666667
0.517233333333
0.548866666667
0.527166666667
0.722733333333
0.798433333333
0.8271
3.39043333333
3.39846666667
0.531633333333
3.2732
0.737066666667
0.6548
0.898933333333
1.06696666667
0.758233333333
0.5035
1.00993333333
0.814266666667
1.2031
SEC 74
0.701033333333
1.28603333333
2.9196
0.8677
2.84606666667
0.837433333333
0.8145
0.829
0.945833333333
1.07343333333
0.907933333333
1.1873
0.9151
0.671966666667
0.753633333333
2.69303333333
0.7256
2.85823333333
2.9309
0.8438
0.7486
0.688866666667
0.670533333333
0.736166666667
2.82563333333
0.669466666667
1.07436666667
2.80923333333
0.867733333333
1.03093333333
2.60133333333
0.787
SEC 75
1.7468
2.26123333333
1.9266
1.48563333333
0.797666666667
0.703133333333
2.7649
0.872333333333
0.6917
0.821066666667
0.792333333333
0.886533333333
1.9594
0.884033333333
4.28416666667
2.0159
1.09216666667
0.752333333333
4.62106666667
0.915
3.74126666667
1.81103333333
1.0568
0.915833333333
3.9477
2.85483333333
3.11286666667
0.534866666667
1.76836666667
0.7472
2.94463333333
1.11733333333
SEC 76
2.7449
3.0016
2.56446666667
1.03696666667
3.12823333333
0.8117
3.1812
1.22866666667
0.788233333333
0.879066666667
1.2966
2.6494
2.871
1.1353
1.56843333333
0.868166666667
1.02793333333
4.79363333333
1.19853333333
3.38866666667
0.926033333333
3.25846666667
1.09633333333
0.9045
3.24103333333
2.7475
1.85903333333
0.8307
1.30396666667
1.8972
1.09476666667
1.0955
SEC 77
1.1343
1.52923333333
0.800666666667
1.3094
0.648966666667
2.02143333333
3.28486666667
2.66053333333
1.07803333333
1.10346666667
1.3714
0.733933333333
2.99646666667
2.98526666667
3.28106666667
1.2674
1.41186666667
3.0674
2.3271
2.63596666667
3.057
1.03886666667
2.8039
4.91693333333
0.915933333333
4.7748
0.788566666667
5.67196666667
1.17693333333
3.09043333333
2.74933333333
0.813966666667
SEC 78
0.9936
1.17576666667
0.912766666667
0.729566666667
1.3134
1.2484
0.9453
1.13866666667
1.68446666667
1.3883
1.14103333333
3.8591
3.0097
3.13976666667
0.638133333333
3.28576666667
3.4205
0.6589
1.0451
2.5854
3.22493333333
0.9547
1.4222
0.816766666667
0.986766666667
3.61333333333
3.50166666667
1.05243333333
0.813466666667
1.0627
3.45726666667
2.96516666667
SEC 79
5.74506666667
1.366
5.81473333333
1.412
0.944133333333
0.837433333333
3.7761
3.0661
1.05543333333
2.91693333333
0.898333333333
1.16796666667
0.78
0.935533333333
1.3815
3.1301
1.2524
3.87586666667
0.697066666667
0.783033333333
5.0366
3.8348
3.4131
0.976866666667
2.8586
2.6796
0.717366666667
2.89853333333
1.11496666667
2.86133333333
0.979866666667
3.26906666667
SEC 80
3.15656666667
5.99596666667
0.821533333333
2.7287
0.9627
0.763533333333
5.54076666667
2.7892
3.46086666667
2.66856666667
0.901066666667
1.17176666667
3.63863333333
0.834766666667
2.75366666667
1.14206666667
2.88506666667
3.1466
0.939066666667
3.39546666667
3.5735
3.90333333333
3.07896666667
2.84513333333
5.63106666667
3.235
5.44976666667
3.3487
5.058
3.1527
1.73673333333
0.879133333333
