1593095
1494062
1563723
1353739
1373388
1324734
1389513
1316344
1259603
1327166
1175848
1230584
1155191
1178078
1159305
1263428
1134869
1126140
1136850
1216426
1102209
1136930
1179247
1171855
1127529
1229656
1182831
1071611
1185090
1123217
1107551
1177062
1154804
1151561
1134096
1086589
1223965
1076801
1328700
1124535
1482235
1032506
1141249
1119450
1163480
1140540
1173481
1150717
1197814
1220443
1136586
1099878
1170736
1065304
1165835
1091988
1093955
1103534
1161993
1106629
1161160
1228807
1348200
1520199
1111230
1056846
1222201
1096907
1183465
1121495
1242042
1245257
1214323
1131191
1187583
1356880
1117287
1196808
1181026
1150719
1265796
AVG: 1181916.29577
