1616386
1655867
1427613
1231070
1224373
1345295
1193262
1376742
1180057
1371451
1140829
1211607
1186498
1471467
1230650
1196053
1159950
1198579
1251035
1245784
1158838
1126078
1268348
1110024
1194221
1132943
1185556
1092039
1194328
1241330
1222374
1127724
1120123
1276982
1193600
1172969
1285999
1478822
1241647
1411554
1229270
1165846
1181930
1204879
1214516
1272121
1236386
1243696
1287876
1162311
1146750
1305917
1177887
1151026
1208403
1120481
1129786
1117723
1114396
1223988
1188350
1176082
1226451
1105945
1144380
1158186
1222708
1291280
1120190
1311974
2761506
1239049
1216783
2701316
1183639
1146670
1096413
1144073
1067636
1275633
951521
AVG: 1254710.6338
