r=1, k1
135735
124464
157018
121599
237730
134801
84906
86983
81029
76023
128411
89698
86935
74262
95239
104622
101567
103877
71446
86584
125389
102434
80684
94409
87407
113285
71622
137889
97433
93096
91110
106048
147097
72642
112803
93811
99781
78488
84542
86594
103395
96055
101427
119831
103780
112262
72736
91903
119053
97736
135835
95318
80446
88403
88485
140547
100640
97352
92620
73631
92748
99226
80977
92385
105072
101818
87993
83185
104544
102995
102767
70151
94570
119477
109091
86954
106811
86843
95091
143288
AVG: 97734.3

r=2, k1
150463
158722
132186
169950
142138
218945
123356
144734
102527
113277
125543
75944
107709
138411
87774
88538
97337
96151
108687
84583
98881
152260
98582
138202
118701
121369
88111
119184
103568
92691
98400
77250
86062
101787
115662
99789
94532
95529
138596
68002
127369
79363
101199
171599
92992
90884
126603
126436
93528
96011
171501
88048
99163
97191
80195
94071
102926
96695
132635
157988
103921
129050
90988
99427
77269
135808
109281
105984
96511
87481
100858
112080
119222
93546
82551
82727
76681
88046
86774
90936
AVG: 108443.542857

r=3, k1
176869
173802
126870
201677
237523
115408
84120
112786
97405
118746
105209
101031
92089
88843
92824
115386
91884
123401
110542
72796
103249
160650
125088
104729
99898
81326
100757
79260
91310
122233
76096
100814
70700
112696
74039
99562
90350
89709
78500
81871
88208
85145
97066
113747
135140
84188
107262
79317
109200
96748
103323
111994
94806
84022
73294
94767
84931
81715
77295
94132
92140
108524
80382
97773
85804
87793
101481
154661
79502
78709
70201
95609
97120
93622
105431
89763
86566
78443
74500
79550
AVG: 97005.1285714

