122391
80275
72844
76746
82714
47636
51138
68130
70054
68099
52492
51996
77889
37785
36434
41132
34940
41964
37952
43944
48220
61475
34520
34344
33089
33190
36772
39196
30957
38079
37567
38100
39298
35853
37526
33808
34989
40151
32990
38710
36575
34846
50196
48917
34136
34994
33213
33570
35980
30710
38307
33318
33978
35605
30462
29777
35433
38615
36097
45142
36265
34075
46549
38832
32699
34210
37113
33674
32846
41529
37444
30117
37609
33995
35400
36426
37566
31544
37116
40229
AVG: 39894.9571429
