125365
74762
88714
67873
56606
60114
56679
43590
50558
118420
51827
97600
84698
26999
31091
43239
43974
34351
40442
37818
29006
42715
31858
50257
61283
49952
43255
41920
39823
42443
40069
36605
38541
36488
34939
40299
43460
37231
31824
37133
35787
33277
35486
35626
47203
34989
37951
34396
38216
53671
34088
33665
39307
38356
36050
39218
38387
36076
42603
34596
38209
35051
40184
36229
35362
34496
38660
34075
35797
35083
39880
37330
46378
53177
35382
37958
31556
40025
51446
28789
AVG: 42353.4571429
