1870812
1196298
701717
678150
831335
993204
472653
576019
448557
753397
521034
772782
565802
427941
307102
614364
481257
574774
506508
578472
460615
684008
371854
410983
591867
523123
746763
549330
535740
497906
765436
433497
390027
384898
379811
450614
315874
362699
343326
311762
507779
546692
593823
433112
660210
443720
421059
599172
624526
567579
610029
733286
616501
621983
460452
489448
521482
447636
529938
651979
748298
546721
528078
598746
477765
399588
446687
569414
641050
474897
583076
1119576
511864
665076
379942
500833
426929
478570
466439
325193
AVG: 541074.042857
