r=1, wt=32, c=32
1888998
678670
839263
879935
1510648
992595
535531
1242290
543983
867621
467970
277863
445127
421098
487305
733645
560112
840638
918628
541060
685910
593522
947227
284380
316974
506054
765415
612508
405992
718040
340123
597108
307325
881190
541669
595673
740088
473917
678038
386720
711299
509041
574010
657812
549382
576630
588410
566800
688949
774002
656456
756589
455104
651029
447476
909794
473117
555379
701883
1041021
515237
485397
593644
529758
431290
478189
549286
846547
821404
964803
736468
464064
723814
680060
1101596
962610
773745
991168
1046264
445070
AVG: 628843.985714

r=2, wt=32, c=32
984976
1124937
1127044
793749
1033732
651108
713181
737821
798954
717890
516963
629776
549219
909708
814514
609976
436551
541785
1460271
620208
565412
718822
587460
734446
537251
705098
539576
416305
745273
409027
513941
693664
928925
802949
735061
879060
728738
747092
527810
373262
480199
568706
522567
482394
629921
514154
470966
792701
800736
604288
693987
964336
841023
572380
823637
536430
477806
878917
449267
877823
799641
474695
1083169
791513
769034
812186
673475
680957
815876
624167
986047
636287
662196
554326
442097
1986371
865228
875277
929082
755580
AVG: 676928.585714

r=3, wt=32, c=32
1426644
853628
1135524
811808
1544558
956558
804081
521238
684513
940332
678925
629965
1115495
1530221
731615
755654
1560799
541243
657784
630228
776624
738004
904305
790635
962923
684698
775317
669202
553953
262115
704398
433923
325297
622854
320641
568817
900788
707149
470710
581790
840182
673304
715987
551003
491861
776275
600082
946197
709186
802559
343395
375569
344518
277184
476101
599121
600579
623337
757972
568079
552258
533050
583957
433994
422812
540559
959980
714186
639101
1299524
726232
718918
777742
835469
841246
799079
902288
968026
780453
611668
AVG: 687775.9

