r=1, wt=8, c=1
140766
107502
92975
64710
76943
56056
39378
35672
47767
43470
48293
57511
33782
29317
28339
27722
28844
28289
27507
30057
28119
23913
41874
37788
33081
32016
31016
31272
32846
33354
29861
32342
36106
29665
33937
36333
32765
45102
33744
35994
32754
35096
32674
32645
33805
33832
30738
28845
31850
34404
31157
31518
32060
37074
30024
34861
33159
26785
35275
35884
33196
34373
29745
31252
31131
39497
33714
34572
32483
32935
29654
33447
33167
33215
31201
32668
33895
34221
23583
40345
AVG: 34016.4857143

r=2, wt=8, c=1
67329
69851
94798
61288
117440
40972
56412
32773
47339
661964
210325
64447
71474
44215
28776
27882
27041
34321
34196
32654
33033
32449
31176
27097
32527
34338
32576
34002
31130
50162
37688
36078
34341
38981
36140
42820
34419
33574
34673
32988
32353
32999
34833
33397
34683
31818
33685
34293
35618
33715
32354
31676
32837
32587
33970
31580
32985
33416
31435
30453
31181
33716
34011
31853
31631
32643
32375
33352
31187
27104
31717
30421
34663
25788
33179
45607
36541
36137
44182
46885
AVG: 46435.5857143

r=3, wt=8, c=1
87376
89598
101527
54224
59529
52550
53437
67270
58083
38763
55774
58903
42965
34518
30244
30172
26740
28624
26045
29624
28682
50587
32341
32780
37641
29789
30955
32840
33201
34375
30990
32932
31427
33528
36773
32979
28947
33999
33294
33182
33455
31634
30620
33899
31960
32749
27403
32358
37048
31215
29481
32407
34354
35526
29323
31370
41573
34079
28477
29739
28994
30626
32605
28043
30965
33773
51904
32097
26757
31788
26379
33189
41326
33038
42281
30888
33085
29862
41114
32362
AVG: 35105.5571429

