r=1, wt=16, c=20
1861852
686512
743285
571562
624221
537112
693599
471856
784222
481641
334259
680916
477625
663472
487815
610139
648680
588674
606301
797055
537894
513086
515323
582103
515976
330743
446247
384261
694808
499242
486442
439754
418220
426081
492940
388052
373582
391569
309473
423363
383070
684789
608311
584978
546685
313512
573764
333068
363372
441018
489441
507390
352056
580870
403149
634142
664239
649101
450315
698616
442588
518680
438570
442406
354762
469319
375438
452175
615679
339291
460871
649788
620485
535512
532977
386662
385976
424110
380514
556017
AVG: 507756.457143

r=2, wt=16, c=20
1838153
1069086
1325838
413350
352461
422284
348482
416911
296011
226936
364981
454361
476355
189076
562558
458976
669889
564432
510326
980904
416520
509584
480394
380056
413600
463526
497892
445393
610442
552241
491723
436348
500722
557491
421647
529675
437166
476284
634479
565528
831172
671591
308660
439753
466660
563660
289149
355002
468716
626166
688091
575965
422054
443800
657975
517642
534692
488703
467198
607978
467972
660717
406059
518881
615479
500120
473730
460254
521338
614017
422431
469250
470890
629745
534855
700270
459872
515038
549409
512812
AVG: 499336.542857

r=3, wt=16, c=20
1804945
1078765
1442829
989146
1441797
1053719
417375
497362
605860
271772
265875
397970
380732
457584
360559
237465
670077
697083
376799
309524
413268
220776
292056
250305
283082
401387
456269
785472
480399
589500
484794
225728
494821
401836
447220
277933
366817
289766
691825
501225
301967
552473
444276
483036
479217
559639
812971
572054
543673
614583
344083
476264
475929
598205
518914
535315
534175
569822
462193
518054
499585
628798
609283
668808
529465
563448
544275
393430
497799
504769
563852
630535
652385
581008
586029
609200
414386
555083
700797
513675
AVG: 488636.385714

