2180433
1936709
1898599
2219593
1128358
861161
1509434
841763
1019890
756385
637759
803248
644881
856402
694285
794107
602398
428708
671062
615080
728832
622894
578490
685532
586168
700569
694116
619667
704348
743274
516364
503762
743628
832399
807439
544242
719991
729916
457775
610218
1089027
696661
826121
601359
1027561
765275
729167
640532
737173
738289
441525
500050
583593
1441296
531138
534122
584008
767391
583950
711823
720583
485943
602166
546687
720628
917080
590524
763232
730397
840656
814294
712967
612140
661832
662946
803106
648889
672803
524137
677643
AVG: 711118.9
