r=1, wt=64, c=4
169423
201870
143291
159484
150546
127705
117181
104729
102577
271594
80676
140910
105983
78442
150145
79373
96825
85259
127997
98726
96863
97767
74047
115090
110137
94680
77634
111090
142588
70127
118041
73721
111660
99025
87420
92402
89338
65504
83547
155524
98263
137999
122220
91323
79482
82683
81294
88519
117691
143796
101986
131546
111511
100388
91867
95960
96024
97313
110123
84633
89280
91946
86479
66633
89770
97029
90609
88078
83000
101933
109487
83083
111107
117342
106421
87998
109519
83140
81971
189753
AVG: 103016.357143

r=2, wt=64, c=4
194876
174045
265702
225057
143229
169005
100920
96947
179281
93023
82047
97164
90465
72527
69614
77232
110455
110748
136781
85900
122458
87449
119996
98713
93904
100200
94051
82723
81143
87866
99469
112440
116545
115870
80430
113638
93474
75138
124272
141488
156110
97863
116191
99820
98422
94975
88313
90033
90212
79892
83618
104475
110816
113809
140276
106492
105981
85148
62589
81729
94332
69867
100892
97106
87980
108321
103486
76937
81023
84084
101304
99134
126451
8741365
78187
116469
97821
75686
95880
129785
AVG: 223865.842857

r=3, wt=64, c=4
226319
206640
165813
209517
138363
184803
110051
117610
78968
246945
134803
100058
82434
124463
125500
85286
139974
113909
121132
61732
98624
82688
128402
80980
117017
96292
68338
122585
85788
71852
62584
122483
124697
69919
115570
125386
86881
96722
86029
76076
72089
92014
88889
69156
105913
95825
69309
91852
96391
87392
91431
91244
93388
81531
102743
117538
91449
83724
101406
74404
91880
103759
85890
87009
73624
62400
115613
80863
78911
83008
81760
100622
105204
78647
109540
81765
114510
73758
82620
111485
AVG: 98328.5571429

