r=1, wt=8, c=16
2039549
1935040
977133
975087
1013334
1220586
864983
761497
654171
786823
916170
723253
716914
649975
590404
538937
956120
531359
547408
648254
732658
939364
716896
704238
742387
651599
592124
573497
651215
509999
774397
713902
595422
564928
630005
483637
723012
677244
739492
685104
580698
630745
495798
778263
539920
752642
498577
583620
466143
427493
420311
717820
794160
495544
696713
914559
665147
630835
513212
680827
634507
462592
703621
501786
562703
685885
782183
612460
640720
622498
628130
677244
855841
531695
696476
667062
551353
612147
463410
649353
AVG: 662704.885714

r=2, wt=8, c=16
2180433
1936709
1898599
2219593
1128358
861161
1509434
841763
1019890
756385
637759
803248
644881
856402
694285
794107
602398
428708
671062
615080
728832
622894
578490
685532
586168
700569
694116
619667
704348
743274
516364
503762
743628
832399
807439
544242
719991
729916
457775
610218
1089027
696661
826121
601359
1027561
765275
729167
640532
737173
738289
441525
500050
583593
1441296
531138
534122
584008
767391
583950
711823
720583
485943
602166
546687
720628
917080
590524
763232
730397
840656
814294
712967
612140
661832
662946
803106
648889
672803
524137
677643
AVG: 711118.9

r=3, wt=8, c=16
3272305
1414692
1196782
1170942
1234871
1100118
814721
757722
781207
505422
594032
669666
660767
648254
545979
639274
735482
569991
972394
655722
668782
576315
464094
507350
694428
563333
450114
704433
576081
474741
439451
710717
1368160
511983
698581
547821
666169
614922
527427
581776
595188
668992
473456
583821
695177
441745
487848
469133
472650
504183
659599
610278
868615
614731
510101
535532
542229
593796
528951
645130
494448
660101
500919
391300
637490
574736
671017
605688
629686
433769
700547
613333
822796
809947
605001
608750
727497
776597
740183
842223
AVG: 623562.314286

