1343864
809946
1360454
826801
1072231
685662
664596
489059
522225
722433
789749
910927
816226
734970
635471
578169
875740
1103007
794726
672896
424745
858532
1022893
583311
959346
538729
522095
551151
690284
655811
810629
908833
1144858
713942
645453
762025
720342
853561
801037
729789
625391
680290
702508
835353
965962
553892
1235028
492883
468042
785557
728926
565977
626820
512933
484397
593117
699315
749395
782281
597445
349413
628305
808237
886383
707165
567003
477619
650657
1123979
673884
624320
541863
898539
398117
500958
549401
519303
804740
520981
748367
AVG: 705931.085714
