3982183
2793282
2162625
1879835
2877793
1297704
1414135
1007176
1429978
1603533
951860
1361078
5134566
676689
1628480
1007351
1475841
592177
1023123
723921
630898
728738
1046620
1080892
1312971
1000055
838903
594880
599093
805339
1046254
1131225
1033739
811842
759462
1050865
1039102
1066326
1568841
1364692
1535972
1062376
508071
806420
1137383
1307411
1371803
1293142
1553706
1081826
619798
1060463
1507877
1174246
1066376
948922
1586000
1767092
817089
623918
849505
1971350
1424116
1063808
1464215
1380728
1771806
1744988
2076730
1689037
1305712
741126
771589
1367185
1337570
1252306
1352881
1430498
1241632
986858
AVG: 1208967.21429
