1074971
689852
543680
454924
2360000
551954
520323
447951
483251
638449
479055
437700
539872
591362
589029
592563
716272
446443
462394
446223
467548
428831
489404
532497
532718
551232
466372
564436
490677
507852
494076
573531
458680
447937
433067
459921
489742
426088
532337
510933
436700
503265
439033
533929
482361
482213
552833
438507
486907
463665
474757
495698
471390
524701
573739
513700
447894
501979
536286
569729
507396
584969
479384
454701
510638
491720
443728
480161
590013
585430
485483
498834
571411
668579
601334
463236
575244
514406
433053
417354
AVG: 509768.385714
