715573
299740
264899
272213
301405
205392
197263
207334
221640
215721
247909
174875
188637
259645
209410
227830
207236
250822
183415
205567
204599
283597
210523
206781
231375
205353
198759
213166
225760
216605
185355
198055
219176
245798
203152
235092
184505
183298
196249
204016
215644
196021
202849
214959
208262
197732
209748
216971
186210
215378
211909
176465
172991
202555
204571
217631
185501
176836
225588
196530
221366
207781
244491
185989
189574
175277
209379
179025
187875
193393
199827
177491
210444
207720
212598
200470
205948
203444
165046
186909
AVG: 207007.014286
