r=1, wt=64, c=4
503691
196390
207696
174000
162865
157794
170562
118108
138803
107519
118853
115031
140853
126057
163403
125350
115839
125558
125319
125539
112216
119774
129553
114958
116058
119458
114004
122789
113604
131603
107251
111664
107125
107719
106814
106959
134407
111196
117180
118652
123307
123378
123129
119560
130349
105261
104672
103794
101078
122329
122346
122796
117292
103025
115673
124889
114444
118528
105018
131346
124322
114181
108863
101343
104838
138154
119729
125488
112993
101102
124091
124079
133194
117351
117905
123147
114905
104252
111532
113171
AVG: 119963.128571

r=2, wt=64, c=4
363552
209159
168021
180017
178922
162474
136812
133969
122158
124923
133769
119652
131464
135486
118564
119288
122245
129907
151652
124037
115834
126679
121020
122270
107297
142759
155865
119074
113435
116898
120587
124329
119433
139516
125586
123005
130544
139284
121886
128702
130941
149928
125185
112033
114758
109588
104629
119033
121975
130853
123550
112390
115485
110306
110983
127880
114353
113714
118971
98847
110189
102720
115925
116801
125375
109284
132604
137746
123440
123929
128806
143373
127880
110822
104221
106761
119758
127067
127120
134615
AVG: 123698.857143

r=3, wt=64, c=4
393462
206888
207129
196992
172523
166335
153396
91434
110464
130045
125135
139520
115035
109639
130461
139484
138072
135796
129730
120888
111708
103756
107988
106136
109656
120181
128623
109707
100957
120487
113128
129007
116138
114557
99399
117644
101436
107633
103905
96217
103004
122558
125117
108909
113678
102720
121800
121475
109807
117361
111369
103474
108520
104217
112434
123625
112289
122342
119248
120228
110282
105893
110516
113460
112772
107283
109081
108147
112597
113507
118491
139958
112123
109614
108303
123540
116614
117644
121788
114295
AVG: 116141.414286

