197180
155886
159381
116321
116615
111115
114077
125086
114827
97553
103449
92157
90324
115301
94993
91728
88816
72852
69364
55624
57799
54644
58121
57650
56265
56230
54348
55915
75388
56170
86927
58242
69199
61066
61731
57966
54907
59018
62016
90728
57317
59079
64566
84085
58997
62278
56145
63675
62431
57819
59286
63543
59487
61516
57507
67587
56985
55801
55697
55527
56215
60837
57127
55751
63822
56445
57106
60943
56307
55861
64501
59337
62110
57485
62608
64535
57348
61714
56527
55875
AVG: 68391.1285714
