826345
494183
397279
383621
447600
353496
330951
369322
409588
374267
348923
362689
378446
390864
362155
356844
451181
391410
367883
335904
359009
354994
371068
384241
377234
368427
558737
358995
510908
669676
660908
469295
549031
356769
326796
388041
338179
388898
476675
389460
375307
333636
375583
383844
366073
361480
417980
344373
404302
383915
341129
345894
348164
443340
402329
322621
343579
361417
391401
362956
361383
403274
341205
357219
350404
318880
347541
334010
366925
386975
345046
353080
405921
383471
361543
346997
377740
334044
356499
363219
AVG: 386678.057143
