475332
200557
192052
175413
145391
159650
113274
130112
104677
106186
101505
104106
110751
118103
134551
123916
108130
107481
108127
123360
109734
110048
133577
113587
115595
114089
103789
105474
105316
114146
115889
133949
116676
125951
128386
116088
105229
138178
95030
98137
112759
98054
112520
128007
139412
128812
117464
109352
148402
110091
108883
95623
127849
139769
92081
112404
96302
100397
97275
119529
131307
116773
104321
120703
118850
107516
101919
120437
110519
111595
99992
98669
110665
103470
125698
103574
112420
107501
104116
108086
AVG: 114717.371429
