408039
222212
227153
178130
167865
191642
132471
119107
130484
125440
143520
120828
103308
121846
147798
138322
135864
148038
158279
104518
114978
114665
106088
111884
103543
123430
106316
123800
104964
118077
118936
108055
145549
138816
108264
117740
100298
122576
116994
109973
128726
116386
125216
106404
120919
114948
127264
136098
150620
111129
116631
122447
116629
136173
113046
146865
138663
107852
104076
106204
140706
147171
135738
169988
122634
108933
127737
124671
128287
106666
122226
131937
119681
119138
113331
134698
115277
111754
148506
116898
AVG: 124307.871429
