803587
393622
350922
355995
310072
278243
253411
292005
274272
266996
292156
300193
312619
294863
324623
272300
255036
283267
267164
281751
322338
287660
297752
273286
271580
263318
294189
284385
283346
303509
246591
263143
258673
270253
237970
252966
242375
263829
277951
243884
306429
258533
301376
281777
347260
265898
260440
267999
231055
288721
235085
253352
254669
316584
255643
252463
259811
269329
297629
305795
252203
258842
239794
240932
239683
247111
258631
290795
265702
270434
295229
351517
262741
285993
303117
317239
285431
271540
289849
279490
AVG: 275149.557143
