191456
135794
160198
107401
99639
99796
99486
115988
105519
97137
137714
92030
91596
101806
95323
93210
92999
90880
88190
58246
58941
60485
60049
83165
57437
56794
58191
56653
56254
57380
82168
61459
64885
57876
61340
57772
80973
57852
57879
61557
58621
87037
61943
60424
62059
61675
70229
58155
58650
83361
60505
63938
55903
77041
54884
61712
56229
63794
58292
63440
72880
53741
60836
56820
54623
59099
72903
63419
56806
57119
65008
58600
55453
65595
56971
60824
61726
59375
74882
64479
AVG: 69954.2142857
