r=1, wt=32, c=32
1102454
578949
614986
583541
597998
495881
521219
488230
451982
517155
605312
554250
444142
504944
549846
559970
524888
475144
676746
444340
451658
447800
517596
511004
471659
537133
545710
468705
474189
641833
611230
572909
618938
669073
535923
452079
556909
449105
480887
560869
616701
536706
564696
563673
504411
753504
637885
597236
701215
593312
485693
512922
540281
548488
508057
629620
778394
555900
544117
584179
621821
568537
933917
798042
557970
529362
512205
539137
468255
588332
612674
731964
682918
494984
524979
651930
572833
634980
808517
682838
AVG: 561590.642857

r=2, wt=32, c=32
1294641
586917
655731
545524
955185
650305
540481
671829
589303
465976
1050809
575234
660819
705473
547331
657379
516260
541620
623916
507292
489907
596834
570758
607579
554181
513923
557217
599039
564824
608652
573108
498819
470842
513296
560230
562503
641726
694227
544390
553023
572435
515972
636024
562444
766827
622747
479059
556789
566869
545099
484706
546111
639645
640542
494106
659869
662411
647565
680842
695889
554199
656687
547484
491940
562840
586018
563591
653826
645410
506564
610939
546588
585677
592438
575337
619227
533306
557701
575726
493921
AVG: 589065.628571

r=3, wt=32, c=32
966156
503389
647127
591425
648184
513169
597778
492943
624371
610929
637349
518728
518646
512386
550075
494706
468333
641349
604222
734078
564284
652972
615807
546279
555423
677772
562254
557859
502592
512410
526696
487728
649653
616677
613785
484040
570930
628702
591517
607532
633083
474438
506345
530942
549648
487591
482237
561731
625257
530768
577117
547336
539762
545498
545936
729749
551895
482878
538651
497069
499559
478904
602157
598042
492939
552109
568343
575613
556281
549900
700919
492667
474407
507262
475879
527404
569413
512302
613329
530495
AVG: 558669.8

