r=1, wt=64, c=12
790189
399680
405120
363422
412029
362949
312484
387249
335731
301180
307937
286000
274650
343136
262597
268805
286875
406100
335930
307322
327453
351491
364009
332381
289278
335939
309075
299063
300876
276975
268968
271331
351759
295762
310595
354275
341036
365098
314579
320657
306646
319478
289952
281110
275237
309589
268871
359400
309535
264374
296668
303351
298968
311280
341389
308084
293956
275114
281744
281436
247551
273948
278882
302305
240832
304449
277024
318631
276669
358842
320252
271271
270703
276448
302725
248635
267519
308281
276942
284389
AVG: 306517.985714

r=2, wt=64, c=12
940735
342071
393948
346656
436753
272240
290520
344294
262531
260445
267398
271071
261946
255807
274821
355328
313239
304967
333248
280895
300058
310367
366081
288864
292609
321718
301762
279358
242515
303820
328247
324952
292169
316075
321102
305129
307625
327559
282814
270935
266095
280280
290837
302753
285296
326331
322584
271024
294531
348866
287274
312206
386493
276118
313521
270204
279579
269399
255580
277126
300408
290220
272651
321137
285022
308805
307428
361896
285600
285337
283017
272453
294811
312872
286719
311641
270832
270847
296943
288181
AVG: 297385.457143

r=3, wt=64, c=12
929160
357264
419313
289870
398504
350704
334949
350121
277156
298946
323216
392548
451146
405012
340292
360014
311226
317715
353414
309894
400095
362690
351217
331126
350434
303464
364185
370146
354879
355684
299917
304118
292710
270898
304106
329520
332308
334765
293186
313716
314564
336908
337177
380246
333406
292032
301334
276194
293998
279218
319139
329842
348671
364205
327894
350416
368982
346267
349859
322202
318896
310415
277491
275778
299552
305813
316156
355527
298543
341814
308998
369495
340371
355990
348772
314318
309418
340574
282744
316439
AVG: 331309.742857

