776043
390901
447787
423698
459938
353007
413234
316607
361273
335324
380843
339025
326099
348010
305768
328099
374544
309382
402697
355304
371988
445534
332423
356625
366738
417796
373094
346383
363162
322456
338915
357153
371073
389201
345877
381017
402692
389694
388812
414283
395560
357878
344592
396508
368842
350839
338842
420897
408314
393357
346798
397908
433867
400141
398747
460130
361710
390634
363178
340242
345977
349813
429688
425094
382192
346673
397282
399418
395042
386358
419974
391288
372820
369955
347770
336072
350760
381399
387607
383331
AVG: 373606.571429
