r=1, wt=16, c=32
895342
583427
684926
581188
742168
616106
502014
497262
480395
491715
479657
720155
500241
522001
466138
526306
577430
523537
544630
602004
530844
496209
542553
529405
575494
506033
579433
536991
555185
501264
528849
552332
528634
649699
592701
458190
537741
439159
481960
549650
473600
572508
559759
532132
545094
527868
603956
617824
576976
647153
484094
518784
504384
522753
481050
520723
578135
550344
496071
514391
535608
585697
579054
568567
568015
524172
508416
512889
506825
483825
471731
582240
591765
480541
495388
552277
608886
520602
567293
647579
AVG: 536346.414286

r=2, wt=16, c=32
1224058
525399
639401
550103
505577
582655
596089
565328
449780
548391
496373
594995
577193
602904
623172
596920
563439
503479
564072
434734
502565
558584
537924
502995
597758
501993
522158
626260
599808
621117
501929
516374
538729
511401
484590
577377
616246
554957
455555
550283
658278
568044
574966
598905
590453
647573
525233
497976
486888
573311
608575
594077
630177
526756
580941
533960
643688
606559
590133
659765
533155
513325
539296
540500
527488
552723
572411
495887
537875
509779
505796
624128
568379
556832
632495
553569
459399
460109
459232
516269
AVG: 558349.342857

r=3, wt=16, c=32
1133508
570923
644620
667229
594999
576144
557066
519258
562331
615733
757281
574505
482885
484582
632008
512597
633574
575724
585927
511021
636390
492910
505358
501558
488978
642779
566645
553010
481331
626644
580426
613342
619296
688796
513159
559252
603840
553852
521945
536219
592557
563573
565689
678052
577860
551752
588427
596144
727964
540526
523291
489244
523868
529993
578941
625837
594947
451649
551404
548831
645293
549358
547092
647943
497602
493800
507056
498634
530776
541141
649600
610532
542031
500131
600924
529044
499485
465225
577730
453250
AVG: 566126.114286

