WT0
176.333333333
281.333333334
334.0
373.333333333
395.33333333
432.66666667
443.66666667
437.33333333
428.33333333
436.33333334
433.33333333
449.33333333
427.33333334
432.0
433.66666666
465.0
468.0
452.33333334
408.0
454.66666666
447.33333334
443.0
436.33333333
449.66666667
437.00000003
442.6666666
423.6666667
442.0
445.3333333
453.6666667
464.3333333
437.0
462.3333334
423.3333333
435.0
393.0
417.6666667
448.0
453.6666666
443.6666667
440.0
439.3333333
421.6666667
426.0
449.0
466.3333333
481.6666667
450.3333333
430.6666667
441.6666667
448.6666666
464.0
449.0
432.0
458.3333334
468.3333333
447.3333333
446.6666667
431.6666667
438.0
474.0
478.6666666
458.0
448.0
385.0
419.0
453.0
462.3333334
470.0
449.0
409.3333333
457.6666667
450.3333333
442.6666667
472.0
462.3333333
423.3333333
473.0
445.6666667
WT1
176.333333333
294.333333334
326.0
371.333333333
400.33333333
414.66666667
441.33333333
436.66666667
427.0
431.66666667
446.0
450.33333333
429.33333333
436.33333334
419.33333333
472.33333333
455.66666667
459.66666667
419.0
447.0
441.0
449.33333333
445.33333333
459.33333334
450.66666663
432.0
433.6666667
445.6666667
436.3333333
460.0
442.3333333
448.3333334
454.0
419.3333333
446.0
393.3333333
414.6666667
425.0
446.0
466.3333333
438.6666667
429.3333333
418.0
451.0
469.6666667
464.3333333
486.3333334
458.6666666
442.6666667
432.3333333
458.3333334
460.3333333
442.6666667
459.6666666
470.0
465.6666667
447.6666667
449.3333333
429.0
458.0
471.0
499.3333333
479.6666667
439.3333333
388.6666667
403.6666667
451.6666666
469.6666667
478.0
445.6666667
418.0
450.0
454.0
453.0
473.0
450.0
426.6666666
457.3333334
439.3333333
WT2
172.666666667
291.666666666
334.0
362.999999997
406.0
417.33333334
446.66666666
434.66666667
423.33333333
444.0
430.33333334
444.0
441.33333333
433.66666667
436.33333333
469.33333333
450.0
445.0
419.0
442.33333334
448.0
440.66666666
439.33333334
455.66666666
429.33333337
435.3333333
426.3333333
436.0
441.3333334
462.3333333
468.6666667
435.0
472.3333333
420.6666667
448.0
391.0
406.0
433.0
446.0
441.6666666
437.0
445.6666667
431.6666667
431.3333333
462.6666667
456.0
474.3333333
454.3333333
436.0
439.0
455.0
469.0
447.0
444.3333334
459.3333333
474.3333333
444.6666667
453.3333333
439.6666667
449.6666667
460.6666666
482.3333334
462.0
436.6666666
389.0
415.6666667
459.0
457.3333333
473.0
442.3333334
414.3333333
438.6666667
458.3333333
449.0
479.6666667
459.6666666
422.6666667
466.0
436.0
WT3
178.666666667
303.333333333
333.333333333
369.333333337
394.33333333
435.33333333
448.33333334
438.33333333
433.0
454.33333333
429.33333334
454.33333333
412.66666667
419.0
426.0
479.33333333
466.66666667
448.0
424.66666666
458.0
451.66666667
456.33333333
437.66666667
454.3333333
434.3333334
428.3333333
417.3333333
439.6666667
440.3333333
449.3333334
468.6666666
448.6666667
458.6666667
421.0
437.6666666
384.3333334
404.3333333
439.0
443.0
443.0
431.6666667
446.3333333
415.6666667
443.3333333
460.6666667
469.6666666
480.3333334
451.0
432.3333333
434.3333333
467.3333334
462.6666666
455.6666667
449.3333333
462.3333334
464.0
451.0
449.3333333
429.6666667
458.3333333
464.3333333
477.0
469.3333334
434.3333333
396.3333333
411.0
455.6666667
466.0
467.0
427.0
436.0
451.6666667
437.0
451.0
461.3333333
459.0
423.3333333
460.6666667
434.0
WT4
171.333333333
289.666666667
334.0
367.33333333
397.0
431.0
442.66666667
442.66666667
438.0
448.66666666
431.33333334
452.0
407.66666666
431.66666667
428.0
471.0
447.33333333
450.33333334
411.0
443.0
442.33333333
448.0
440.0
458.33333333
438.33333337
427.3333333
423.3333333
443.0
439.3333334
455.3333333
461.3333333
464.6666667
474.3333333
430.6666667
435.0
400.0
417.3333333
432.0
440.6666667
448.0
447.0
427.0
414.0
417.6666667
471.0
469.3333333
477.3333333
460.6666667
432.0
455.3333333
447.6666667
464.0
452.0
441.0
468.0
468.6666667
456.6666666
463.0
437.0
451.6666667
469.6666667
479.0
473.6666666
431.3333334
382.3333333
423.6666667
460.6666666
466.3333334
470.6666666
457.6666667
413.0
449.6666667
447.6666666
450.6666667
467.3333333
462.0
403.6666667
451.3333333
424.3333334
WT5
179.0
293.333333333
330.333333334
371.666666663
411.33333334
430.66666666
452.33333334
438.33333333
425.33333333
449.66666667
444.33333333
456.33333334
428.66666666
424.66666667
418.66666667
477.33333333
453.66666667
448.33333333
426.33333333
444.0
446.66666667
462.33333333
432.66666667
455.3333333
435.6666667
428.0
424.0
437.0
437.6666667
460.0
468.6666666
453.0
451.0
419.0
431.6666667
394.3333333
431.3333334
431.6666666
447.3333334
430.0
432.6666666
440.6666667
414.3333333
429.6666667
448.6666667
466.6666666
485.0
460.6666667
438.6666667
439.3333333
462.3333333
457.3333334
440.0
441.3333333
453.6666667
475.3333333
436.6666667
454.3333333
427.3333333
437.0
457.3333334
484.3333333
472.0
427.0
382.3333333
413.0
452.0
465.0
465.3333334
447.0
430.6666666
468.3333334
457.6666666
444.6666667
461.3333333
446.6666667
419.6666667
464.0
443.6666666
WT6
179.333333333
310.0
337.666666667
362.0
393.66666667
434.33333333
436.33333333
439.33333334
431.0
432.66666666
442.66666667
453.33333333
415.33333334
425.33333333
431.0
465.66666667
446.66666666
446.0
426.33333334
446.0
450.66666666
458.0
430.33333334
457.66666666
436.99999997
427.0
431.6666667
431.3333333
437.3333334
455.3333333
450.6666667
447.3333333
459.6666667
414.0
447.3333333
402.6666667
404.6666666
433.3333334
443.6666666
458.3333334
448.0
445.6666666
423.0
423.0
463.6666667
468.3333333
484.6666667
452.6666667
424.6666666
445.6666667
463.0
455.6666667
448.3333333
465.6666667
476.3333333
477.0
452.3333333
444.6666667
412.3333333
456.6666667
472.6666667
487.6666666
461.3333334
439.3333333
383.3333333
401.6666667
471.0
463.0
469.6666667
436.6666666
439.3333334
453.3333333
462.0
443.3333333
475.0
465.6666667
414.0
470.3333333
442.3333334
WT7
174.0
288.333333333
322.0
372.333333337
391.33333333
428.33333333
447.33333334
432.66666666
429.66666667
438.0
425.0
458.33333333
411.66666667
425.0
429.0
470.33333333
447.0
443.33333334
405.66666666
456.0
450.0
456.33333334
444.33333333
463.0
434.0
435.6666667
423.3333333
443.0
444.3333333
451.6666667
456.3333333
454.6666667
458.6666667
426.3333333
437.6666667
397.0
417.3333333
432.6666667
451.3333333
440.0
446.0
446.0
411.0
428.0
473.3333333
462.0
461.6666667
455.6666667
434.0
438.0
464.0
461.3333333
447.6666667
452.6666666
445.0
461.3333334
448.0
460.0
432.3333333
443.0
469.6666667
475.0
463.0
431.3333333
382.6666667
412.6666666
459.0
444.0
464.3333334
446.0
426.0
444.0
464.6666666
439.0
459.3333334
460.6666666
419.6666667
463.3333333
444.3333334
