SEC 1
81.6666666667
82.6666666667
84.0
79.6666666667
81.0
84.3333333333
83.3333333333
81.3333333333
80.6666666667
83.6666666667
82.0
88.6666666667
90.6666666667
80.0
85.3333333333
85.0
SEC 2
225.333333333
239.0
231.333333333
231.333333333
235.666666667
237.333333333
238.0
236.666666667
238.666666667
232.0
232.666666667
244.666666667
246.666666667
237.0
250.333333333
236.333333333
SEC 3
439.666666667
423.666666667
426.333333333
434.333333333
426.0
435.666666667
432.333333333
441.666666667
432.0
425.333333333
430.666666667
441.333333333
440.333333333
442.333333333
445.666666667
441.0
SEC 4
613.333333333
613.333333333
616.666666667
625.666666667
611.0
622.666666667
621.333333333
632.666666667
620.0
629.0
609.0
634.666666667
629.0
633.666666667
629.0
634.0
SEC 5
834.666666667
815.333333333
824.0
833.666666667
825.333333333
832.666666667
813.0
845.0
826.0
832.333333333
828.333333333
833.333333333
836.333333333
832.333333333
835.0
845.0
SEC 6
1044.66666667
1060.33333333
1060.66666667
1053.33333333
1063.66666667
1064.0
1046.0
1076.33333333
1070.0
1060.66666667
1057.66666667
1073.33333333
1069.33333333
1053.0
1073.66666667
1078.33333333
SEC 7
1281.66666667
1283.0
1305.0
1299.66666667
1309.66666667
1302.66666667
1286.33333333
1327.66666667
1324.0
1297.33333333
1296.33333333
1312.66666667
1309.33333333
1307.0
1306.33333333
1324.66666667
SEC 8
1522.66666667
1500.66666667
1539.66666667
1537.66666667
1549.33333333
1546.33333333
1522.33333333
1565.33333333
1565.33333333
1526.66666667
1538.33333333
1555.0
1547.33333333
1561.0
1529.33333333
1549.0
SEC 9
1746.66666667
1748.33333333
1780.33333333
1776.33333333
1796.0
1779.33333333
1762.66666667
1795.0
1802.66666667
1771.66666667
1772.0
1794.0
1785.0
1792.0
1772.0
1787.66666667
SEC 10
1981.66666667
1985.33333333
2006.66666667
2010.66666667
2031.33333333
2012.0
2002.33333333
2030.0
2036.33333333
2004.66666667
1996.66666667
2035.0
2028.0
2029.0
2010.66666667
2018.0
SEC 11
2229.66666667
2219.66666667
2243.0
2244.66666667
2272.66666667
2237.66666667
2245.0
2266.66666667
2269.0
2224.33333333
2251.33333333
2274.66666667
2261.33333333
2253.66666667
2259.66666667
2259.33333333
SEC 12
2461.0
2451.33333333
2474.66666667
2478.66666667
2507.0
2474.66666667
2477.66666667
2493.66666667
2504.0
2490.0
2457.0
2506.33333333
2487.0
2483.33333333
2498.0
2490.0
SEC 13
2680.0
2683.0
2708.0
2699.33333333
2735.0
2703.66666667
2708.33333333
2724.66666667
2730.0
2711.66666667
2703.0
2728.33333333
2707.0
2703.66666667
2735.33333333
2719.66666667
SEC 14
2896.33333333
2932.33333333
2945.0
2940.33333333
2965.0
2930.33333333
2943.33333333
2967.0
2962.0
2921.66666667
2968.66666667
2961.33333333
2944.0
2964.66666667
2957.66666667
2957.66666667
SEC 15
3118.33333333
3142.66666667
3161.0
3153.33333333
3181.33333333
3142.66666667
3156.0
3183.66666667
3170.66666667
3165.66666667
3154.66666667
3171.33333333
3171.33333333
3173.0
3181.33333333
3168.0
SEC 16
3347.66666667
3314.33333333
3371.66666667
3363.66666667
3393.0
3345.66666667
3361.33333333
3389.0
3376.66666667
3382.33333333
3346.66666667
3381.0
3377.0
3373.66666667
3396.66666667
3375.0
SEC 17
3553.33333333
3568.66666667
3596.33333333
3589.0
3612.0
3567.33333333
3592.0
3620.0
3608.33333333
3582.66666667
3609.0
3615.66666667
3594.66666667
3607.33333333
3610.0
3599.0
SEC 18
3810.33333333
3789.33333333
3829.0
3816.33333333
3842.66666667
3800.0
3830.33333333
3849.33333333
3841.66666667
3836.0
3818.66666667
3845.66666667
3830.0
3837.0
3834.66666667
3829.66666667
SEC 19
3991.0
4043.66666667
4057.0
4054.0
4070.0
4010.66666667
4054.33333333
4072.66666667
4053.66666667
4070.33333333
4031.33333333
4066.33333333
4048.0
4070.33333333
4056.66666667
4057.0
SEC 20
4217.66666667
4246.0
4277.33333333
4261.0
4282.33333333
4227.0
4268.0
4291.0
4253.33333333
4287.66666667
4247.0
4268.0
4267.66666667
4280.66666667
4282.33333333
4284.0
SEC 21
4440.66666667
4485.0
4513.66666667
4496.66666667
4514.33333333
4465.66666667
4502.33333333
4531.66666667
4480.33333333
4481.33333333
4516.0
4502.0
4506.66666667
4514.0
4527.33333333
4513.0
SEC 22
4714.33333333
4670.0
4735.0
4719.0
4745.33333333
4682.33333333
4719.33333333
4747.66666667
4713.0
4706.33333333
4737.33333333
4719.0
4729.0
4747.66666667
4736.33333333
4738.66666667
SEC 23
4907.33333333
4961.66666667
4978.0
4971.66666667
4985.33333333
4928.66666667
4960.66666667
4987.33333333
4948.33333333
4993.33333333
4942.33333333
4967.0
4973.33333333
4981.66666667
4993.33333333
4977.0
SEC 24
5150.0
5209.0
5214.0
5215.66666667
5230.0
5166.0
5202.66666667
5225.33333333
5187.33333333
5213.33333333
5196.0
5204.66666667
5214.66666667
5222.0
5226.33333333
5211.33333333
SEC 25
5413.0
5437.0
5458.0
5460.33333333
5482.0
5415.0
5452.33333333
5467.33333333
5432.33333333
5424.66666667
5468.0
5448.0
5451.0
5451.66666667
5462.0
5451.66666667
SEC 26
5677.66666667
5669.33333333
5700.0
5708.33333333
5723.33333333
5654.66666667
5687.33333333
5709.33333333
5667.33333333
5677.0
5683.0
5684.33333333
5697.33333333
5684.33333333
5708.0
5682.66666667
SEC 27
5939.0
5889.0
5931.33333333
5946.66666667
5952.0
5887.0
5926.33333333
5945.66666667
5896.0
5912.66666667
5914.66666667
5914.66666667
5933.0
5919.0
5941.66666667
5915.33333333
SEC 28
6140.0
6141.0
6163.66666667
6167.66666667
6190.33333333
6109.0
6151.33333333
6178.0
6115.0
6144.66666667
6143.0
6151.33333333
6164.0
6131.0
6159.66666667
6141.0
SEC 29
6366.66666667
6400.66666667
6412.33333333
6415.33333333
6435.66666667
6357.66666667
6389.33333333
6432.33333333
6361.66666667
6369.33333333
6399.66666667
6390.33333333
6414.0
6400.66666667
6378.66666667
6391.66666667
SEC 30
6618.33333333
6583.66666667
6627.0
6650.0
6650.66666667
6592.0
6609.33333333
6651.33333333
6579.0
6600.33333333
6609.66666667
6608.0
6635.0
6619.0
6598.0
6609.0
SEC 31
6768.33333333
6872.66666667
6844.0
6886.0
6867.0
6815.66666667
6821.0
6868.33333333
6800.66666667
6838.33333333
6824.0
6832.0
6848.33333333
6829.66666667
6820.66666667
6843.66666667
SEC 32
7033.0
7061.0
7075.66666667
7107.0
7100.33333333
7045.33333333
7057.33333333
7101.66666667
7035.33333333
7046.0
7051.0
7057.33333333
7073.33333333
7043.33333333
7066.66666667
7077.66666667
SEC 33
7230.0
7330.0
7312.66666667
7338.66666667
7335.66666667
7282.0
7288.33333333
7336.33333333
7273.0
7280.66666667
7286.0
7293.66666667
7302.33333333
7285.66666667
7290.0
7309.0
SEC 34
7534.66666667
7442.0
7527.0
7556.66666667
7552.33333333
7490.33333333
7503.33333333
7548.0
7487.33333333
7494.33333333
7494.33333333
7514.0
7521.33333333
7496.33333333
7520.33333333
7530.66666667
SEC 35
7768.66666667
7658.66666667
7760.0
7781.33333333
7781.33333333
7718.66666667
7722.66666667
7771.66666667
7707.0
7727.33333333
7719.33333333
7743.33333333
7740.66666667
7733.0
7731.66666667
7748.33333333
SEC 36
7882.0
8001.33333333
7995.33333333
8002.0
8002.66666667
7940.66666667
7952.0
7990.66666667
7935.66666667
7951.66666667
7954.66666667
7980.66666667
7970.0
7969.33333333
7950.33333333
7971.66666667
SEC 37
8198.33333333
8168.0
8235.66666667
8232.0
8236.33333333
8180.33333333
8193.0
8223.33333333
8167.0
8194.0
8190.33333333
8216.0
8201.0
8192.66666667
8199.0
8218.66666667
SEC 38
8354.66666667
8472.0
8474.33333333
8468.0
8471.0
8402.66666667
8417.0
8458.0
8394.0
8419.66666667
8411.66666667
8437.0
8427.33333333
8432.33333333
8406.66666667
8447.66666667
SEC 39
8639.33333333
8660.66666667
8718.0
8709.33333333
8720.66666667
8645.0
8657.0
8693.33333333
8622.66666667
8669.0
8638.66666667
8655.66666667
8661.66666667
8663.33333333
8653.33333333
8692.66666667
SEC 40
8882.0
8902.0
8966.33333333
8949.0
8957.33333333
8883.33333333
8899.66666667
8932.0
8864.0
8888.66666667
8911.66666667
8898.0
8906.0
8874.0
8906.33333333
8941.0
SEC 41
9126.33333333
9110.0
9207.33333333
9173.0
9183.66666667
9111.0
9133.66666667
9174.0
9093.33333333
9135.0
9129.66666667
9132.33333333
9133.66666667
9101.0
9143.0
9169.33333333
SEC 42
9338.66666667
9365.0
9440.33333333
9408.0
9416.33333333
9347.33333333
9370.66666667
9412.66666667
9328.0
9367.0
9366.33333333
9364.66666667
9365.66666667
9369.33333333
9354.33333333
9405.0
SEC 43
9593.66666667
9566.33333333
9670.0
9648.66666667
9660.0
9590.0
9607.33333333
9668.0
9561.0
9601.0
9606.0
9592.33333333
9611.66666667
9596.66666667
9591.0
9638.33333333
SEC 44
9788.33333333
9820.33333333
9885.66666667
9874.66666667
9892.33333333
9805.33333333
9835.0
9890.0
9781.66666667
9833.33333333
9836.33333333
9819.66666667
9837.66666667
9768.0
9851.0
9865.33333333
SEC 45
9996.0
10028.0
10097.0
10090.6666667
10103.3333333
10014.3333333
10050.0
10104.0
10004.6666667
10060.0
10048.3333333
10021.0
10048.6666667
10003.6666667
10033.0
10075.6666667
SEC 46
10238.3333333
10249.3333333
10328.0
10323.3333333
10337.0
10243.3333333
10272.6666667
10339.6666667
10238.0
10293.0
10276.3333333
10255.3333333
10280.3333333
10288.3333333
10210.3333333
10313.3333333
SEC 47
10490.6666667
10475.3333333
10563.0
10561.0
10579.6666667
10484.6666667
10515.6666667
10585.6666667
10473.0
10520.0
10519.6666667
10488.6666667
10511.6666667
10468.3333333
10508.6666667
10547.0
SEC 48
10744.3333333
10719.0
10795.3333333
10804.3333333
10822.6666667
10716.6666667
10757.3333333
10828.3333333
10716.6666667
10775.3333333
10749.0
10718.3333333
10753.3333333
10733.3333333
10717.6666667
10776.0
SEC 49
11028.0
10864.6666667
11007.0
11014.6666667
11031.3333333
10929.6666667
10975.0
11057.6666667
10936.0
10978.3333333
10968.3333333
10929.0
10965.6666667
10893.6666667
10978.6666667
10999.3333333
SEC 50
11083.0
11242.6666667
11221.0
11228.3333333
11249.6666667
11146.3333333
11193.0
11279.0
11158.0
11195.0
11181.6666667
11148.3333333
11179.3333333
11191.0
11113.0
11214.3333333
SEC 51
11480.0
11327.6666667
11459.3333333
11467.3333333
11488.3333333
11387.6666667
11435.3333333
11510.6666667
11383.6666667
11432.6666667
11416.0
11382.3333333
11420.0
11420.6666667
11359.6666667
11459.6666667
SEC 52
11634.6666667
11652.3333333
11693.0
11701.3333333
11726.6666667
11620.3333333
11677.6666667
11738.6666667
11621.6666667
11674.0
11643.0
11612.3333333
11649.0
11669.0
11583.3333333
11699.3333333
SEC 53
11873.6666667
11896.6666667
11934.6666667
11942.3333333
11971.3333333
11857.6666667
11918.0
11970.3333333
11859.6666667
11917.0
11891.0
11862.6666667
11885.3333333
11900.6666667
11829.3333333
11931.6666667
SEC 54
12124.3333333
12147.6666667
12182.0
12200.3333333
12217.0
12112.3333333
12157.3333333
12208.3333333
12108.3333333
12171.3333333
12138.0
12115.3333333
12142.3333333
12124.6666667
12111.3333333
12177.3333333
SEC 55
12461.0
12291.0
12418.6666667
12448.6666667
12453.3333333
12362.3333333
12402.0
12445.3333333
12354.6666667
12370.3333333
12417.3333333
12360.6666667
12381.3333333
12352.6666667
12371.3333333
12421.6666667
SEC 56
12691.6666667
12529.0
12658.6666667
12690.3333333
12688.6666667
12600.3333333
12637.0
12688.3333333
12594.6666667
12613.6666667
12662.3333333
12606.3333333
12621.3333333
12586.3333333
12625.0
12657.3333333
SEC 57
12763.3333333
12920.3333333
12893.3333333
12912.0
12920.0
12828.0
12874.3333333
12924.0
12818.0
12836.3333333
12888.0
12836.3333333
12850.0
12853.3333333
12815.3333333
12895.0
SEC 58
12986.0
13173.3333333
13133.3333333
13149.3333333
13151.3333333
13067.6666667
13118.0
13155.6666667
13064.3333333
13076.6666667
13111.6666667
13069.0
13079.6666667
13026.6666667
13106.6666667
13121.3333333
SEC 59
13240.0
13396.3333333
13375.0
13394.3333333
13403.3333333
13312.6666667
13368.6666667
13399.0
13308.3333333
13374.6666667
13306.6666667
13312.3333333
13325.6666667
13266.6666667
13354.0
13360.6666667
SEC 60
13521.0
13578.6666667
13606.3333333
13632.3333333
13628.3333333
13542.6666667
13610.0
13632.6666667
13540.6666667
13547.0
13609.0
13540.3333333
13556.3333333
13497.6666667
13590.0
13598.3333333
SEC 61
13783.6666667
13740.0
13830.0
13852.6666667
13847.3333333
13750.6666667
13827.6666667
13849.0
13765.3333333
13775.0
13814.3333333
13761.6666667
13777.0
13741.3333333
13780.3333333
13819.0
SEC 62
13992.0
13997.3333333
14071.0
14088.6666667
14083.3333333
13990.6666667
14066.0
14087.0
14006.6666667
14046.0
14025.0
13997.3333333
14021.6666667
14042.6666667
13953.3333333
14055.6666667
SEC 63
14333.6666667
14116.3333333
14295.0
14316.3333333
14318.0
14217.3333333
14296.3333333
14317.0
14235.0
14239.0
14284.3333333
14223.6666667
14247.3333333
14187.3333333
14260.6666667
14284.6666667
SEC 64
14568.6666667
14345.0
14530.3333333
14543.0
14542.3333333
14440.3333333
14530.3333333
14544.0
14470.6666667
14479.0
14510.0
14454.0
14476.6666667
14505.0
14408.6666667
14520.0
SEC 65
14689.6666667
14685.3333333
14759.0
14756.3333333
14770.3333333
14666.3333333
14759.6666667
14777.6666667
14696.3333333
14729.0
14707.6666667
14679.0
14709.3333333
14699.3333333
14666.0
14759.3333333
SEC 66
15037.3333333
14801.3333333
14998.3333333
14989.6666667
15001.6666667
14905.0
14994.6666667
15013.0
14934.6666667
14938.0
14964.0
14912.6666667
14936.6666667
14949.6666667
14879.0
14991.0
SEC 67
15096.6666667
15165.0
15217.6666667
15212.6666667
15213.0
15125.6666667
15213.0
15230.0
15150.6666667
15137.0
15172.6666667
15131.3333333
15151.6666667
15151.0
15100.6666667
15210.6666667
SEC 68
15284.6666667
15461.3333333
15460.6666667
15446.6666667
15469.6666667
15368.6666667
15456.0
15472.3333333
15392.6666667
15379.0
15418.0
15377.3333333
15395.3333333
15353.6666667
15390.6666667
15448.0
SEC 69
15746.6666667
15487.0
15697.0
15688.0
15698.0
15602.3333333
15687.3333333
15714.6666667
15635.6666667
15617.0
15662.0
15619.3333333
15632.6666667
15623.0
15598.6666667
15691.0
SEC 70
15906.3333333
15811.0
15939.0
15929.0
15932.0
15836.6666667
15919.0
15955.3333333
15867.0
15871.0
15888.0
15859.6666667
15866.6666667
15863.0
15822.0
15928.0
SEC 71
16225.3333333
15965.0
16176.3333333
16166.0
16168.3333333
16077.0
16154.6666667
16192.3333333
16111.3333333
16141.0
16107.3333333
16099.0
16104.6666667
16075.6666667
16097.3333333
16167.3333333
SEC 72
16464.6666667
16189.6666667
16401.3333333
16392.6666667
16400.0
16299.6666667
16374.6666667
16409.0
16336.0
16334.0
16374.0
16327.3333333
16331.0
16326.0
16298.0
16393.3333333
SEC 73
16602.6666667
16504.3333333
16631.3333333
16624.6666667
16637.3333333
16527.6666667
16608.6666667
16636.6666667
16558.3333333
16560.3333333
16607.0
16562.0
16562.0
16524.3333333
16555.3333333
16615.6666667
SEC 74
16865.6666667
16713.6666667
16878.3333333
16860.6666667
16873.0
16762.0
16841.3333333
16880.0
16787.3333333
16850.6666667
16806.3333333
16805.6666667
16799.0
16797.6666667
16766.3333333
16853.6666667
SEC 75
16977.0
17078.3333333
17107.6666667
17093.6666667
17108.6666667
16995.0
17071.3333333
17114.0
17015.6666667
17038.0
17087.3333333
17042.6666667
17034.3333333
17018.6666667
17017.0
17087.0
SEC 76
17186.6666667
17324.0
17336.0
17326.6666667
17345.0
17223.3333333
17302.0
17346.3333333
17249.3333333
17273.6666667
17324.0
17275.6666667
17273.0
17231.0
17267.6666667
17320.0
SEC 77
17421.3333333
17551.6666667
17562.3333333
17560.3333333
17573.6666667
17453.3333333
17529.6666667
17583.0
17480.0
17543.3333333
17498.6666667
17497.0
17501.0
17482.6666667
17478.0
17544.6666667
SEC 78
17596.3333333
17823.6666667
17792.0
17785.6666667
17794.6666667
17684.3333333
17751.0
17816.0
17708.3333333
17720.3333333
17767.6666667
17728.6666667
17721.6666667
17685.6666667
17717.6666667
17758.0
SEC 79
17888.3333333
17993.0
18017.3333333
18004.6666667
18015.0
17904.6666667
17978.3333333
18036.0
17934.3333333
17945.3333333
18002.3333333
17946.3333333
17943.6666667
17942.6666667
17903.6666667
17973.0
SEC 80
18218.3333333
18073.0
18228.0
18213.3333333
18226.3333333
18113.6666667
18187.0
18249.3333333
18152.0
18161.0
18204.0
18162.3333333
18167.3333333
18129.6666667
18134.0
18180.6666667
