SEC 1
172.666666667
171.333333333
177.0
175.333333333
179.0
175.666666667
172.333333333
175.333333333
SEC 2
484.333333333
483.0
496.333333333
482.333333333
495.0
494.333333333
474.0
478.666666667
SEC 3
842.0
846.333333333
850.333333333
838.333333333
868.0
856.666666667
840.0
834.666666667
SEC 4
1255.0
1245.66666667
1242.0
1233.33333333
1272.0
1258.33333333
1242.66666667
1240.33333333
SEC 5
1683.33333333
1668.66666667
1660.66666667
1650.33333333
1681.0
1688.0
1656.0
1671.0
SEC 6
2124.0
2109.0
2116.66666667
2098.33333333
2129.66666667
2140.33333333
2104.66666667
2132.0
SEC 7
2592.66666667
2589.0
2590.66666667
2562.66666667
2603.0
2619.66666667
2568.0
2598.0
SEC 8
2948.0
2947.66666667
2954.66666667
2914.33333333
2965.66666667
2985.0
2930.0
2960.33333333
