SEC 1
41.6666666667
42.6666666667
44.3333333333
43.3333333333
40.3333333333
42.0
41.0
43.3333333333
40.3333333333
42.6666666667
41.0
41.0
43.3333333333
42.0
41.0
47.3333333333
41.3333333333
43.0
44.0
42.0
48.3333333333
39.3333333333
41.3333333333
45.6666666667
38.6666666667
39.6666666667
41.6666666667
41.3333333333
40.3333333333
39.0
45.0
42.6666666667
SEC 2
121.333333333
120.0
127.0
128.666666667
119.666666667
122.333333333
122.333333333
126.666666667
122.666666667
119.666666667
109.333333333
115.666666667
120.666666667
131.0
112.666666667
131.666666667
115.0
116.0
123.0
122.666666667
130.333333333
121.333333333
118.666666667
119.666666667
116.666666667
118.0
117.666666667
118.666666667
125.666666667
113.0
121.0
124.333333333
SEC 3
210.666666667
214.0
206.666666667
227.333333333
218.333333333
213.333333333
220.0
217.0
218.333333333
215.666666667
204.0
216.0
208.666666667
227.333333333
215.0
227.0
203.333333333
211.0
210.666666667
221.333333333
233.0
214.666666667
217.666666667
204.666666667
212.666666667
213.666666667
213.0
209.333333333
218.0
199.333333333
216.333333333
217.0
SEC 4
305.666666667
311.666666667
311.333333333
323.333333333
316.0
314.333333333
319.0
318.666666667
324.666666667
313.0
299.0
321.666666667
309.666666667
320.666666667
305.0
331.666666667
299.0
310.0
308.333333333
325.0
332.0
321.0
314.0
299.666666667
306.0
314.666666667
316.666666667
307.666666667
309.666666667
296.333333333
312.666666667
313.666666667
SEC 5
405.666666667
413.0
413.666666667
432.333333333
419.666666667
415.666666667
426.333333333
420.333333333
429.0
414.666666667
405.666666667
429.333333333
418.666666667
417.333333333
408.333333333
431.333333333
410.0
400.333333333
413.0
423.0
429.333333333
411.0
421.333333333
401.666666667
401.333333333
409.0
413.0
405.0
417.0
399.0
410.666666667
411.333333333
SEC 6
521.333333333
521.666666667
515.333333333
543.333333333
529.666666667
522.0
541.333333333
531.0
538.666666667
527.333333333
514.0
540.666666667
527.666666667
527.0
522.666666667
537.0
516.666666667
521.333333333
508.666666667
532.333333333
538.333333333
523.0
530.0
505.0
509.666666667
515.333333333
522.666666667
510.666666667
518.333333333
506.0
527.0
513.666666667
SEC 7
617.0
624.0
617.333333333
642.333333333
636.666666667
629.0
647.333333333
636.333333333
642.333333333
633.666666667
616.0
646.333333333
633.0
624.333333333
622.333333333
640.666666667
623.0
627.666666667
617.666666667
646.0
643.333333333
628.0
638.0
608.333333333
618.0
615.0
623.0
619.666666667
625.0
606.333333333
628.0
626.333333333
SEC 8
721.0
725.0
733.0
749.0
744.333333333
736.666666667
745.333333333
754.333333333
750.333333333
746.0
721.333333333
754.333333333
733.333333333
751.333333333
737.666666667
754.333333333
729.333333333
732.333333333
734.333333333
749.0
752.0
739.333333333
749.666666667
714.666666667
724.0
726.333333333
730.666666667
743.0
715.0
720.0
737.333333333
735.666666667
SEC 9
842.666666667
830.666666667
830.666666667
852.0
847.666666667
844.0
860.333333333
856.666666667
858.333333333
856.666666667
830.333333333
860.666666667
860.666666667
840.333333333
842.333333333
861.666666667
836.666666667
838.0
845.0
852.666666667
869.666666667
848.333333333
858.333333333
829.333333333
834.666666667
831.0
834.666666667
821.0
852.333333333
834.0
844.333333333
838.0
SEC 10
933.666666667
959.666666667
919.666666667
960.0
951.0
944.333333333
961.666666667
955.0
959.666666667
960.333333333
947.666666667
969.0
939.333333333
963.333333333
951.666666667
969.0
939.333333333
943.0
950.0
961.0
972.333333333
950.0
954.666666667
930.666666667
939.333333333
936.333333333
941.333333333
942.666666667
934.666666667
938.0
954.333333333
928.666666667
SEC 11
1046.33333333
1031.0
1058.33333333
1070.66666667
1066.33333333
1053.33333333
1055.0
1080.33333333
1074.33333333
1066.66666667
1054.33333333
1078.66666667
1054.0
1075.33333333
1075.0
1079.66666667
1051.66666667
1047.33333333
1061.66666667
1065.0
1091.0
1061.33333333
1069.0
1040.66666667
1052.33333333
1051.0
1046.0
1067.0
1035.0
1047.66666667
1038.0
1070.66666667
SEC 12
1163.0
1131.33333333
1142.33333333
1173.66666667
1164.33333333
1160.66666667
1167.66666667
1168.0
1176.0
1162.66666667
1151.0
1181.0
1175.0
1158.33333333
1177.66666667
1176.33333333
1151.0
1148.33333333
1162.0
1167.33333333
1193.66666667
1151.33333333
1184.0
1138.33333333
1145.66666667
1152.0
1145.33333333
1146.66666667
1156.33333333
1155.66666667
1166.33333333
1140.66666667
SEC 13
1254.33333333
1239.33333333
1260.66666667
1277.33333333
1273.0
1262.66666667
1279.0
1263.0
1285.66666667
1269.0
1253.66666667
1289.0
1286.33333333
1256.33333333
1281.0
1276.66666667
1259.33333333
1250.0
1268.0
1271.66666667
1302.0
1257.0
1292.66666667
1239.0
1252.0
1256.0
1248.33333333
1244.33333333
1266.0
1261.33333333
1246.0
1267.66666667
SEC 14
1358.33333333
1380.0
1354.0
1388.66666667
1382.66666667
1362.0
1377.0
1386.66666667
1395.33333333
1384.33333333
1356.0
1389.66666667
1392.33333333
1368.0
1390.66666667
1390.0
1366.0
1358.66666667
1379.0
1389.0
1417.0
1368.33333333
1395.0
1352.66666667
1369.66666667
1369.66666667
1354.66666667
1385.0
1336.0
1372.0
1373.0
1354.0
SEC 15
1450.66666667
1480.33333333
1487.66666667
1500.33333333
1487.66666667
1473.33333333
1487.33333333
1491.0
1502.0
1491.66666667
1465.33333333
1492.66666667
1486.66666667
1492.66666667
1501.66666667
1498.0
1474.66666667
1471.66666667
1481.66666667
1494.0
1518.0
1474.66666667
1505.0
1459.33333333
1474.33333333
1485.66666667
1465.0
1484.66666667
1451.66666667
1482.0
1467.33333333
1474.0
SEC 16
1609.33333333
1554.66666667
1573.33333333
1610.0
1595.66666667
1576.66666667
1592.0
1598.66666667
1604.33333333
1596.66666667
1572.66666667
1602.33333333
1614.0
1584.0
1611.33333333
1607.0
1579.0
1595.66666667
1569.66666667
1610.0
1636.33333333
1580.33333333
1606.0
1569.33333333
1588.0
1592.0
1576.66666667
1585.33333333
1563.66666667
1592.0
1597.0
1569.33333333
SEC 17
1693.33333333
1700.66666667
1685.0
1726.66666667
1707.66666667
1688.0
1703.0
1703.33333333
1711.0
1709.0
1681.33333333
1705.33333333
1720.33333333
1703.66666667
1725.66666667
1723.0
1699.66666667
1689.66666667
1699.33333333
1723.66666667
1742.66666667
1714.33333333
1693.33333333
1685.33333333
1699.0
1703.0
1686.0
1704.66666667
1656.0
1699.33333333
1677.33333333
1709.33333333
SEC 18
1804.33333333
1813.33333333
1801.0
1836.33333333
1822.66666667
1798.0
1800.66666667
1822.66666667
1824.33333333
1820.0
1796.0
1814.66666667
1835.0
1813.33333333
1838.66666667
1838.0
1813.66666667
1815.0
1802.33333333
1838.66666667
1847.66666667
1809.0
1827.66666667
1792.66666667
1811.0
1815.66666667
1789.66666667
1813.0
1770.0
1817.66666667
1813.66666667
1786.66666667
SEC 19
1890.33333333
1918.0
1933.33333333
1944.33333333
1934.33333333
1914.33333333
1926.66666667
1913.66666667
1935.33333333
1939.0
1906.0
1928.0
1924.0
1932.33333333
1954.0
1945.0
1928.33333333
1912.0
1920.66666667
1948.33333333
1955.33333333
1919.0
1935.33333333
1911.33333333
1919.33333333
1926.66666667
1897.0
1902.0
1900.66666667
1921.33333333
1913.0
1910.66666667
SEC 20
1994.33333333
2002.0
2029.66666667
2039.66666667
2021.0
2007.0
2001.0
2024.66666667
2029.66666667
2035.0
2003.66666667
2021.0
2031.0
2022.33333333
2049.33333333
2046.33333333
2022.33333333
1997.33333333
2017.0
2041.66666667
2047.0
2039.33333333
2007.0
2001.66666667
2018.0
2014.66666667
1994.0
2011.0
1976.33333333
2011.0
2004.33333333
2006.33333333
SEC 21
2094.66666667
2122.0
2137.0
2148.0
2121.66666667
2115.66666667
2120.66666667
2119.0
2140.66666667
2138.33333333
2102.33333333
2125.33333333
2132.33333333
2139.33333333
2154.0
2149.0
2120.66666667
2115.33333333
2115.66666667
2143.33333333
2154.0
2110.0
2151.0
2102.0
2126.0
2123.0
2101.33333333
2074.66666667
2111.33333333
2112.33333333
2106.33333333
2121.33333333
SEC 22
2212.66666667
2217.33333333
2252.0
2261.66666667
2232.66666667
2223.66666667
2223.0
2229.66666667
2245.0
2245.33333333
2221.0
2228.0
2236.33333333
2245.0
2274.0
2254.0
2240.66666667
2226.33333333
2228.66666667
2252.66666667
2256.66666667
2248.0
2233.66666667
2208.33333333
2231.0
2234.33333333
2209.0
2197.0
2206.66666667
2216.66666667
2231.66666667
2211.33333333
SEC 23
2335.66666667
2302.66666667
2369.0
2373.0
2339.0
2331.0
2346.33333333
2317.0
2347.66666667
2354.33333333
2329.66666667
2336.33333333
2355.0
2339.66666667
2379.0
2367.66666667
2348.66666667
2327.0
2340.66666667
2364.33333333
2365.0
2359.0
2340.33333333
2311.33333333
2336.33333333
2334.0
2319.33333333
2310.33333333
2314.66666667
2323.0
2324.33333333
2334.66666667
SEC 24
2431.33333333
2444.33333333
2409.0
2465.66666667
2435.0
2437.66666667
2426.66666667
2429.66666667
2436.66666667
2451.33333333
2427.66666667
2436.0
2433.66666667
2450.66666667
2473.0
2465.0
2443.0
2426.66666667
2437.66666667
2461.66666667
2461.33333333
2429.66666667
2451.66666667
2401.33333333
2428.0
2423.0
2409.33333333
2394.66666667
2424.66666667
2423.0
2433.33333333
2409.66666667
SEC 25
2509.0
2544.33333333
2544.66666667
2569.66666667
2525.66666667
2530.33333333
2499.0
2543.0
2537.66666667
2552.0
2523.33333333
2539.0
2557.66666667
2539.33333333
2561.0
2561.33333333
2543.66666667
2524.0
2536.0
2562.66666667
2559.33333333
2549.0
2529.33333333
2501.33333333
2525.33333333
2520.0
2517.66666667
2507.33333333
2504.33333333
2528.0
2511.66666667
2542.0
SEC 26
2648.0
2636.0
2653.66666667
2674.33333333
2634.33333333
2635.0
2626.66666667
2641.66666667
2640.0
2670.0
2637.66666667
2643.0
2657.66666667
2661.66666667
2672.33333333
2671.33333333
2653.66666667
2635.33333333
2643.33333333
2669.33333333
2668.66666667
2656.33333333
2643.0
2605.66666667
2642.33333333
2630.66666667
2629.0
2602.33333333
2634.0
2637.66666667
2623.33333333
2647.33333333
SEC 27
2756.0
2751.0
2749.66666667
2779.0
2741.66666667
2733.0
2754.66666667
2726.0
2746.33333333
2780.66666667
2746.33333333
2747.66666667
2776.33333333
2750.0
2771.33333333
2783.33333333
2760.33333333
2747.0
2753.33333333
2774.33333333
2774.66666667
2747.0
2769.66666667
2718.66666667
2747.66666667
2742.66666667
2731.33333333
2722.33333333
2724.66666667
2739.66666667
2747.0
2733.0
SEC 28
2833.66666667
2833.66666667
2880.33333333
2875.66666667
2834.0
2828.33333333
2822.66666667
2854.66666667
2853.0
2880.0
2847.33333333
2841.33333333
2858.0
2867.0
2874.66666667
2881.33333333
2855.66666667
2849.33333333
2847.33333333
2865.0
2877.66666667
2852.33333333
2865.33333333
2813.0
2839.66666667
2837.0
2825.66666667
2797.0
2837.33333333
2837.33333333
2829.0
2849.0
SEC 29
2944.0
2969.0
2948.0
2975.33333333
2936.0
2925.33333333
2948.0
2930.66666667
2954.33333333
2982.0
2945.0
2942.66666667
2951.0
2966.33333333
2968.66666667
2983.33333333
2955.66666667
2951.66666667
2939.66666667
2970.66666667
2978.66666667
2951.33333333
2966.33333333
2913.0
2937.66666667
2934.33333333
2925.0
2924.33333333
2904.0
2937.66666667
2928.33333333
2942.33333333
SEC 30
3076.66666667
3031.66666667
3088.0
3085.33333333
3056.33333333
3036.0
3063.0
3038.0
3068.0
3094.66666667
3053.66666667
3058.33333333
3078.66666667
3079.66666667
3075.0
3087.66666667
3068.0
3052.33333333
3064.0
3087.0
3091.0
3056.66666667
3086.33333333
3023.33333333
3046.33333333
3042.33333333
3040.66666667
3042.0
3010.66666667
3050.33333333
3033.33333333
3069.0
SEC 31
3198.0
3145.0
3185.33333333
3196.33333333
3166.0
3144.0
3166.0
3155.66666667
3185.33333333
3208.0
3160.0
3170.66666667
3191.33333333
3203.66666667
3194.33333333
3196.0
3176.0
3177.33333333
3171.66666667
3191.0
3199.0
3175.33333333
3192.33333333
3136.0
3160.0
3148.0
3149.66666667
3125.0
3144.33333333
3152.0
3162.33333333
3166.33333333
SEC 32
3283.33333333
3288.66666667
3307.33333333
3306.33333333
3276.66666667
3256.33333333
3279.33333333
3278.33333333
3295.33333333
3322.33333333
3275.33333333
3276.0
3307.66666667
3311.66666667
3306.33333333
3298.33333333
3282.33333333
3289.33333333
3288.0
3308.0
3307.0
3286.0
3302.33333333
3248.33333333
3266.33333333
3261.66666667
3261.0
3276.0
3224.0
3266.0
3287.66666667
3258.0
SEC 33
3370.33333333
3425.0
3415.0
3415.0
3389.33333333
3368.0
3408.66666667
3377.66666667
3404.33333333
3433.33333333
3381.66666667
3381.66666667
3426.0
3420.33333333
3415.0
3404.0
3392.33333333
3399.0
3402.66666667
3418.0
3411.33333333
3388.33333333
3413.66666667
3356.33333333
3377.66666667
3368.33333333
3368.33333333
3367.0
3349.33333333
3377.0
3387.0
3375.33333333
SEC 34
3518.33333333
3490.33333333
3545.33333333
3527.66666667
3503.66666667
3483.0
3529.33333333
3492.33333333
3524.0
3550.0
3493.66666667
3504.33333333
3539.66666667
3538.33333333
3533.0
3522.66666667
3522.0
3501.66666667
3528.66666667
3536.33333333
3527.33333333
3521.33333333
3511.0
3473.0
3494.66666667
3482.66666667
3488.66666667
3489.0
3468.0
3505.0
3489.66666667
3501.66666667
SEC 35
3585.0
3651.0
3642.33333333
3630.0
3610.0
3593.66666667
3651.0
3584.33333333
3628.66666667
3656.33333333
3604.0
3609.33333333
3649.33333333
3650.33333333
3643.33333333
3626.33333333
3629.0
3626.33333333
3616.33333333
3644.66666667
3631.33333333
3610.66666667
3641.0
3577.33333333
3600.0
3592.33333333
3594.33333333
3592.66666667
3576.0
3615.66666667
3589.33333333
3609.66666667
SEC 36
3720.33333333
3758.66666667
3726.33333333
3741.66666667
3721.66666667
3705.0
3733.33333333
3715.66666667
3739.66666667
3769.33333333
3716.33333333
3718.33333333
3760.33333333
3772.33333333
3745.0
3739.33333333
3741.33333333
3738.33333333
3724.0
3762.66666667
3734.66666667
3756.33333333
3714.33333333
3681.33333333
3713.0
3698.33333333
3708.0
3679.0
3704.66666667
3724.66666667
3709.66666667
3709.0
SEC 37
3829.0
3870.0
3832.66666667
3857.66666667
3831.33333333
3811.0
3804.0
3869.33333333
3857.0
3884.0
3823.66666667
3832.66666667
3875.33333333
3889.33333333
3851.0
3851.33333333
3849.0
3842.33333333
3845.0
3873.66666667
3845.66666667
3844.0
3855.0
3792.33333333
3829.33333333
3808.0
3829.33333333
3822.0
3795.33333333
3832.0
3815.33333333
3819.66666667
SEC 38
3910.33333333
3987.66666667
3988.66666667
3975.0
3948.33333333
3927.33333333
3953.0
3960.0
3977.0
4003.66666667
3945.66666667
3953.66666667
3980.0
4022.0
3978.66666667
3968.33333333
3976.0
3964.66666667
3975.0
3994.0
3966.66666667
3980.33333333
3966.33333333
3917.66666667
3948.0
3929.66666667
3955.66666667
3924.0
3935.66666667
3950.66666667
3934.66666667
3941.66666667
SEC 39
4095.33333333
4013.0
4089.33333333
4080.33333333
4060.66666667
4037.33333333
4090.0
4034.66666667
4082.33333333
4108.33333333
4060.33333333
4060.33333333
4083.0
4125.66666667
4088.0
4075.0
4078.0
4059.66666667
4075.0
4090.33333333
4065.66666667
4073.33333333
4089.33333333
4025.66666667
4060.33333333
4031.0
4062.0
4068.33333333
4008.66666667
4056.0
4050.0
4044.0
SEC 40
4196.0
4124.66666667
4204.66666667
4196.0
4171.0
4144.33333333
4202.33333333
4144.33333333
4190.66666667
4217.66666667
4177.33333333
4166.33333333
4191.33333333
4243.33333333
4202.0
4182.33333333
4187.66666667
4183.0
4177.0
4198.33333333
4177.66666667
4207.33333333
4174.0
4139.66666667
4165.66666667
4136.33333333
4169.66666667
4170.66666667
4116.0
4166.33333333
4166.0
4145.66666667
SEC 41
4284.66666667
4240.0
4310.0
4302.66666667
4285.0
4256.66666667
4297.33333333
4270.0
4312.33333333
4326.33333333
4290.66666667
4271.33333333
4310.33333333
4335.0
4315.33333333
4301.0
4296.0
4281.66666667
4279.66666667
4307.0
4291.0
4288.0
4302.33333333
4246.66666667
4266.0
4239.0
4274.33333333
4229.33333333
4277.66666667
4271.33333333
4267.0
4251.66666667
SEC 42
4364.0
4395.0
4373.33333333
4398.66666667
4385.66666667
4360.0
4350.66666667
4413.66666667
4409.66666667
4422.33333333
4390.66666667
4363.66666667
4402.0
4437.33333333
4405.33333333
4401.33333333
4390.33333333
4377.66666667
4381.0
4402.33333333
4390.33333333
4397.33333333
4381.0
4349.66666667
4368.0
4337.66666667
4375.0
4378.33333333
4328.0
4369.33333333
4344.66666667
4370.0
SEC 43
4500.66666667
4426.0
4521.0
4498.66666667
4488.33333333
4455.66666667
4513.0
4457.66666667
4513.33333333
4521.33333333
4494.66666667
4464.0
4541.33333333
4505.0
4507.0
4503.66666667
4495.66666667
4470.0
4491.33333333
4505.66666667
4491.0
4485.66666667
4501.33333333
4450.66666667
4472.66666667
4438.33333333
4478.33333333
4443.0
4453.66666667
4474.33333333
4465.33333333
4452.0
SEC 44
4574.0
4613.0
4585.33333333
4605.0
4591.66666667
4578.33333333
4599.33333333
4592.0
4618.0
4636.33333333
4603.33333333
4574.0
4619.0
4635.66666667
4618.33333333
4606.66666667
4608.66666667
4581.66666667
4597.66666667
4611.66666667
4598.33333333
4581.0
4622.33333333
4562.0
4583.0
4555.0
4581.0
4527.0
4591.66666667
4589.0
4554.66666667
4567.0
SEC 45
4634.0
4722.66666667
4738.0
4719.33333333
4705.33333333
4685.66666667
4726.0
4680.33333333
4725.0
4740.33333333
4717.0
4679.33333333
4759.33333333
4706.66666667
4729.0
4710.0
4720.33333333
4700.66666667
4687.0
4709.33333333
4709.66666667
4690.66666667
4732.33333333
4668.66666667
4687.33333333
4657.66666667
4687.33333333
4689.0
4642.33333333
4694.66666667
4649.66666667
4681.66666667
SEC 46
4836.66666667
4758.0
4826.0
4821.0
4805.33333333
4791.33333333
4787.33333333
4830.33333333
4829.66666667
4842.0
4824.0
4781.33333333
4832.33333333
4843.33333333
4833.66666667
4821.0
4820.66666667
4800.66666667
4785.66666667
4813.66666667
4813.66666667
4793.33333333
4843.33333333
4768.33333333
4792.66666667
4763.33333333
4793.66666667
4801.33333333
4743.66666667
4792.33333333
4767.33333333
4775.66666667
SEC 47
4912.0
4936.33333333
4908.0
4924.66666667
4913.33333333
4904.33333333
4931.0
4903.66666667
4931.33333333
4950.66666667
4935.33333333
4892.66666667
4937.66666667
4958.0
4951.66666667
4932.66666667
4938.66666667
4905.33333333
4901.33333333
4920.0
4925.33333333
4905.33333333
4951.0
4878.66666667
4913.33333333
4869.66666667
4908.66666667
4891.66666667
4870.66666667
4904.66666667
4882.0
4890.66666667
SEC 48
5049.33333333
4982.33333333
5065.66666667
5039.33333333
5024.33333333
5023.66666667
5038.66666667
5038.33333333
5045.0
5068.0
5052.0
5006.33333333
5082.66666667
5040.0
5068.33333333
5043.33333333
5052.0
5019.0
5014.33333333
5033.66666667
5041.66666667
5016.0
5064.33333333
4988.0
5032.33333333
4990.66666667
5030.0
4988.33333333
5004.66666667
5011.33333333
4990.0
5009.66666667
SEC 49
5124.33333333
5157.66666667
5163.66666667
5159.0
5134.33333333
5139.66666667
5159.66666667
5152.33333333
5156.0
5185.33333333
5166.0
5124.33333333
5148.0
5209.33333333
5181.66666667
5148.0
5167.33333333
5122.33333333
5140.0
5150.33333333
5152.66666667
5177.33333333
5132.0
5097.33333333
5142.33333333
5098.66666667
5143.0
5141.0
5080.66666667
5124.66666667
5127.0
5109.33333333
SEC 50
5226.33333333
5241.66666667
5292.33333333
5270.33333333
5235.33333333
5243.0
5256.33333333
5267.33333333
5264.33333333
5295.66666667
5274.0
5233.66666667
5253.33333333
5314.0
5287.33333333
5256.66666667
5277.66666667
5238.33333333
5249.0
5259.66666667
5263.66666667
5271.66666667
5250.0
5200.0
5248.66666667
5205.33333333
5244.33333333
5207.33333333
5228.0
5235.0
5226.66666667
5215.0
SEC 51
5409.0
5330.0
5331.0
5376.66666667
5339.0
5355.0
5354.66666667
5389.66666667
5372.0
5400.33333333
5387.66666667
5339.33333333
5361.0
5422.0
5395.0
5366.0
5387.33333333
5338.33333333
5357.33333333
5363.33333333
5368.33333333
5357.33333333
5377.0
5312.33333333
5357.66666667
5313.0
5358.66666667
5356.33333333
5303.66666667
5339.33333333
5340.0
5328.66666667
SEC 52
5480.0
5498.66666667
5415.66666667
5487.66666667
5445.0
5464.66666667
5503.0
5460.33333333
5486.33333333
5510.0
5498.0
5461.0
5493.33333333
5518.66666667
5504.66666667
5475.0
5499.0
5450.66666667
5461.33333333
5474.33333333
5483.66666667
5457.33333333
5501.33333333
5422.66666667
5467.66666667
5426.33333333
5471.0
5417.0
5470.66666667
5441.33333333
5432.33333333
5453.33333333
SEC 53
5515.33333333
5641.66666667
5588.33333333
5606.66666667
5556.33333333
5582.33333333
5639.0
5559.0
5602.33333333
5640.0
5616.33333333
5584.66666667
5611.0
5631.33333333
5618.66666667
5587.0
5614.66666667
5575.0
5561.66666667
5591.66666667
5597.66666667
5567.0
5622.33333333
5544.0
5592.0
5537.33333333
5589.66666667
5572.0
5542.0
5565.66666667
5575.33333333
5548.0
SEC 54
5670.33333333
5710.33333333
5684.66666667
5715.66666667
5665.0
5688.66666667
5670.66666667
5727.66666667
5704.33333333
5739.33333333
5717.0
5683.66666667
5699.33333333
5746.33333333
5723.33333333
5690.66666667
5718.33333333
5672.0
5672.0
5690.0
5698.33333333
5674.0
5735.66666667
5653.0
5694.66666667
5637.0
5690.66666667
5644.0
5684.66666667
5669.66666667
5656.33333333
5669.33333333
SEC 55
5759.33333333
5830.33333333
5809.33333333
5822.0
5768.0
5801.66666667
5792.0
5825.0
5814.33333333
5852.33333333
5825.33333333
5797.0
5824.66666667
5836.33333333
5821.66666667
5805.33333333
5824.66666667
5772.33333333
5783.66666667
5798.33333333
5815.0
5811.0
5811.0
5765.0
5805.66666667
5752.66666667
5807.33333333
5747.33333333
5800.0
5775.33333333
5790.66666667
5757.0
SEC 56
5945.0
5921.66666667
5874.0
5935.33333333
5878.33333333
5915.0
5901.0
5936.33333333
5924.0
5965.33333333
5936.33333333
5905.33333333
5923.33333333
5966.0
5934.33333333
5914.33333333
5933.0
5890.0
5889.66666667
5914.66666667
5919.66666667
5926.33333333
5921.66666667
5876.66666667
5918.66666667
5865.33333333
5926.0
5902.0
5873.0
5890.66666667
5869.33333333
5902.33333333
SEC 57
6025.66666667
6028.33333333
6015.33333333
6045.33333333
5991.33333333
6018.66666667
6008.0
6053.33333333
6037.33333333
6078.0
6044.66666667
6020.0
6031.33333333
6073.66666667
6043.33333333
6024.66666667
6047.66666667
6003.33333333
5993.0
6024.33333333
6024.33333333
6033.66666667
6032.0
5994.33333333
6030.0
5972.0
6028.66666667
6019.33333333
5983.33333333
5995.0
5997.66666667
5995.66666667
SEC 58
6103.0
6114.33333333
6166.66666667
6145.0
6093.66666667
6118.66666667
6136.66666667
6129.66666667
6151.0
6181.66666667
6142.0
6122.33333333
6126.66666667
6196.0
6149.33333333
6115.33333333
6150.33333333
6094.66666667
6106.0
6127.33333333
6135.0
6127.0
6141.66666667
6101.33333333
6131.66666667
6071.33333333
6133.66666667
6115.66666667
6102.66666667
6092.33333333
6087.33333333
6114.0
SEC 59
6238.33333333
6219.33333333
6265.0
6257.66666667
6202.0
6232.33333333
6287.0
6200.0
6261.0
6295.33333333
6249.33333333
6233.0
6293.0
6243.33333333
6261.0
6221.0
6254.33333333
6207.33333333
6212.33333333
6241.0
6251.66666667
6225.66666667
6260.66666667
6220.0
6242.33333333
6188.33333333
6241.33333333
6203.66666667
6245.33333333
6202.33333333
6219.0
6205.66666667
SEC 60
6374.66666667
6308.66666667
6389.66666667
6378.33333333
6312.33333333
6347.0
6378.33333333
6342.33333333
6382.66666667
6409.66666667
6367.33333333
6346.33333333
6387.66666667
6378.0
6375.0
6330.66666667
6378.33333333
6332.66666667
6318.0
6347.33333333
6365.0
6385.0
6330.66666667
6347.0
6366.0
6301.0
6359.66666667
6347.33333333
6330.66666667
6313.0
6331.0
6320.0
SEC 61
6512.66666667
6435.33333333
6447.0
6488.0
6425.33333333
6465.33333333
6471.0
6474.0
6489.66666667
6525.66666667
6481.33333333
6463.33333333
6513.66666667
6474.33333333
6487.66666667
6438.0
6483.33333333
6427.0
6447.0
6456.66666667
6477.33333333
6518.0
6428.33333333
6456.66666667
6479.66666667
6419.66666667
6469.33333333
6473.33333333
6430.66666667
6421.66666667
6429.0
6438.66666667
SEC 62
6519.33333333
6645.66666667
6572.33333333
6604.66666667
6546.33333333
6580.0
6623.66666667
6543.33333333
6604.0
6637.66666667
6596.33333333
6570.66666667
6586.0
6641.66666667
6604.66666667
6556.33333333
6598.0
6541.66666667
6564.33333333
6570.0
6589.66666667
6560.0
6615.66666667
6573.0
6594.66666667
6535.66666667
6584.33333333
6564.33333333
6568.33333333
6536.0
6562.33333333
6535.66666667
SEC 63
6697.66666667
6689.66666667
6692.66666667
6718.0
6663.66666667
6695.0
6714.66666667
6681.33333333
6716.33333333
6758.66666667
6713.0
6686.66666667
6714.66666667
6749.0
6719.66666667
6677.0
6724.0
6662.0
6680.33333333
6687.0
6710.66666667
6673.33333333
6731.66666667
6683.33333333
6707.66666667
6658.33333333
6701.0
6704.66666667
6660.33333333
6644.0
6655.33333333
6667.0
SEC 64
6872.0
6826.33333333
6736.33333333
6836.0
6777.66666667
6816.0
6795.33333333
6834.0
6836.0
6878.0
6825.33333333
6815.33333333
6826.0
6873.66666667
6842.0
6790.66666667
6848.33333333
6802.0
6770.33333333
6807.33333333
6822.0
6783.33333333
6866.66666667
6799.33333333
6829.0
6776.66666667
6818.0
6823.33333333
6767.33333333
6760.33333333
6766.33333333
6801.66666667
SEC 65
6962.33333333
6849.66666667
6972.66666667
6951.66666667
6893.0
6926.66666667
6914.0
6935.33333333
6945.0
6994.66666667
6937.33333333
6931.0
6997.33333333
6930.66666667
6951.66666667
6901.33333333
6964.0
6897.66666667
6905.0
6924.33333333
6931.66666667
6897.0
6981.33333333
6906.33333333
6940.0
6886.66666667
6930.66666667
6884.0
6937.0
6872.0
6913.33333333
6874.0
SEC 66
7066.33333333
6953.0
7086.66666667
7051.66666667
6990.66666667
7039.66666667
7019.0
7038.66666667
7049.33333333
7101.0
7047.33333333
7042.66666667
7055.66666667
7105.0
7054.0
7007.33333333
7071.33333333
7031.66666667
6987.66666667
7031.0
7032.0
7087.0
7005.0
7009.0
7045.66666667
6989.0
7036.0
7024.0
7010.0
6977.0
7015.33333333
6981.66666667
SEC 67
7108.0
7162.33333333
7179.66666667
7165.66666667
7109.66666667
7154.33333333
7193.66666667
7102.0
7164.66666667
7205.0
7167.66666667
7161.33333333
7175.0
7222.66666667
7171.0
7119.66666667
7187.0
7100.66666667
7148.0
7144.66666667
7148.66666667
7150.66666667
7177.66666667
7132.33333333
7161.66666667
7103.66666667
7151.0
7133.0
7127.66666667
7090.33333333
7096.33333333
7137.66666667
SEC 68
7292.66666667
7218.66666667
7291.33333333
7286.0
7223.66666667
7275.33333333
7309.66666667
7221.0
7287.66666667
7325.66666667
7280.0
7279.66666667
7318.66666667
7304.33333333
7294.0
7239.66666667
7307.33333333
7246.66666667
7237.66666667
7265.33333333
7276.66666667
7307.66666667
7257.33333333
7252.33333333
7281.0
7218.66666667
7279.0
7215.33333333
7279.0
7204.33333333
7261.33333333
7210.33333333
SEC 69
7440.66666667
7285.66666667
7383.0
7389.0
7315.33333333
7377.33333333
7379.0
7344.66666667
7393.66666667
7424.66666667
7381.0
7380.0
7431.33333333
7396.0
7389.66666667
7335.66666667
7413.66666667
7345.0
7344.66666667
7368.0
7382.0
7370.33333333
7392.66666667
7346.0
7376.33333333
7317.66666667
7380.33333333
7318.33333333
7387.0
7308.0
7313.0
7360.33333333
SEC 70
7424.0
7459.66666667
7556.0
7498.0
7413.0
7486.33333333
7510.33333333
7420.66666667
7499.66666667
7531.33333333
7482.0
7488.33333333
7544.33333333
7502.33333333
7501.66666667
7442.66666667
7516.33333333
7420.33333333
7475.33333333
7485.0
7489.33333333
7517.0
7465.0
7461.33333333
7488.66666667
7418.33333333
7488.0
7491.33333333
7438.66666667
7418.33333333
7446.0
7442.66666667
SEC 71
7604.33333333
7584.0
7583.66666667
7606.66666667
7525.0
7595.33333333
7571.66666667
7591.33333333
7613.33333333
7641.0
7589.33333333
7602.33333333
7635.33333333
7642.33333333
7612.66666667
7556.33333333
7631.0
7536.0
7590.0
7601.66666667
7601.66666667
7637.66666667
7578.33333333
7578.33333333
7601.66666667
7527.0
7608.66666667
7591.66666667
7586.33333333
7529.0
7543.66666667
7572.33333333
SEC 72
7660.66666667
7730.66666667
7718.33333333
7719.33333333
7632.66666667
7711.66666667
7740.66666667
7644.66666667
7719.66666667
7757.66666667
7696.33333333
7715.33333333
7719.66666667
7781.0
7725.33333333
7670.33333333
7744.66666667
7675.33333333
7680.0
7718.0
7710.0
7724.33333333
7719.33333333
7686.0
7715.66666667
7638.33333333
7718.0
7736.0
7666.66666667
7643.66666667
7702.0
7638.0
SEC 73
7870.33333333
7804.66666667
7762.33333333
7828.33333333
7734.0
7821.0
7786.33333333
7819.33333333
7827.33333333
7862.33333333
7807.33333333
7822.0
7880.33333333
7844.66666667
7826.66666667
7776.0
7853.66666667
7798.0
7781.33333333
7829.33333333
7819.33333333
7826.66666667
7820.66666667
7800.66666667
7826.0
7741.0
7823.66666667
7806.0
7811.33333333
7759.66666667
7786.66666667
7759.66666667
SEC 74
7924.33333333
7955.66666667
7915.0
7945.33333333
7854.66666667
7935.33333333
7886.0
7960.33333333
7941.33333333
7972.0
7921.66666667
7939.0
7943.0
8009.33333333
7939.0
7885.0
7967.66666667
7948.33333333
7862.33333333
7947.0
7934.0
7885.0
7992.0
7916.0
7950.0
7848.33333333
7932.33333333
7920.0
7932.33333333
7871.0
7923.66666667
7858.33333333
SEC 75
8036.33333333
8060.66666667
8040.33333333
8060.33333333
7959.33333333
8044.66666667
8030.33333333
8051.66666667
8056.33333333
8086.33333333
8037.33333333
8051.33333333
8107.66666667
8078.66666667
8059.66666667
8007.33333333
8083.66666667
8034.33333333
8011.0
8063.0
8047.33333333
8082.0
8030.33333333
8021.66666667
8074.33333333
7964.33333333
8043.33333333
8076.0
8003.66666667
7999.0
8001.66666667
8012.66666667
SEC 76
8147.33333333
8217.33333333
8121.33333333
8171.66666667
8069.66666667
8160.33333333
8163.0
8144.33333333
8172.0
8213.33333333
8146.66666667
8168.66666667
8209.0
8205.0
8178.0
8119.0
8195.0
8117.0
8155.33333333
8177.66666667
8167.66666667
8203.66666667
8146.66666667
8147.66666667
8194.0
8078.33333333
8153.33333333
8128.0
8176.0
8111.66666667
8124.33333333
8134.33333333
SEC 77
8218.0
8255.0
8350.0
8275.0
8181.66666667
8279.33333333
8309.33333333
8224.0
8285.0
8327.66666667
8262.33333333
8280.33333333
8350.33333333
8285.66666667
8293.33333333
8239.33333333
8307.33333333
8259.33333333
8247.33333333
8288.0
8281.66666667
8257.0
8316.0
8257.33333333
8301.66666667
8189.0
8268.33333333
8274.66666667
8259.0
8226.0
8236.0
8261.0
SEC 78
8442.0
8338.33333333
8390.66666667
8395.33333333
8301.0
8391.66666667
8367.66666667
8405.33333333
8400.66666667
8447.66666667
8380.66666667
8394.0
8400.0
8470.0
8407.33333333
8350.66666667
8420.33333333
8393.66666667
8344.33333333
8405.66666667
8394.66666667
8399.33333333
8405.66666667
8376.33333333
8420.0
8306.66666667
8397.0
8392.0
8380.66666667
8347.0
8345.33333333
8384.33333333
SEC 79
8500.66666667
8510.66666667
8491.66666667
8504.33333333
8407.33333333
8495.33333333
8485.0
8520.33333333
8511.33333333
8561.33333333
8495.0
8501.33333333
8521.0
8570.66666667
8519.33333333
8462.33333333
8536.66666667
8474.0
8496.33333333
8519.66666667
8507.0
8483.33333333
8550.33333333
8487.66666667
8529.0
8418.0
8517.33333333
8507.66666667
8495.66666667
8464.0
8524.66666667
8434.33333333
SEC 80
8521.66666667
8625.66666667
8661.33333333
8603.0
8511.66666667
8590.0
8638.33333333
8557.66666667
8612.33333333
8657.66666667
8596.66666667
8604.66666667
8675.33333333
8608.0
8618.66666667
8556.33333333
8630.33333333
8616.0
8544.66666667
8615.0
8604.0
8555.66666667
8672.33333333
8587.0
8633.66666667
8513.66666667
8614.33333333
8564.33333333
8633.66666667
8559.0
8534.66666667
8631.33333333
