SEC 1
17.6666666667
20.0
17.3333333333
16.6666666667
20.0
16.6666666667
16.6666666667
20.6666666667
18.0
15.6666666667
15.6666666667
18.0
18.0
15.0
17.0
18.3333333333
18.3333333333
16.3333333333
15.6666666667
19.6666666667
18.6666666667
16.0
19.0
18.0
16.6666666667
18.3333333333
13.6666666667
17.6666666667
17.6666666667
19.3333333333
19.3333333333
19.0
18.6666666667
18.0
16.3333333333
19.3333333333
23.6666666667
19.3333333333
16.3333333333
13.6666666667
16.0
18.6666666667
16.0
15.6666666667
18.6666666667
18.3333333333
17.6666666667
15.0
17.3333333333
16.3333333333
19.0
17.3333333333
19.6666666667
18.3333333333
17.3333333333
15.6666666667
20.3333333333
17.3333333333
20.3333333333
19.6666666667
18.6666666667
18.3333333333
16.3333333333
19.0
SEC 2
47.3333333333
54.0
50.3333333333
46.6666666667
51.3333333333
49.6666666667
50.0
53.0
46.3333333333
45.0
45.6666666667
46.6666666667
49.6666666667
43.0
47.6666666667
48.0
55.6666666667
45.6666666667
45.6666666667
44.6666666667
52.0
50.3333333333
42.3333333333
48.6666666667
47.3333333333
46.0
39.6666666667
41.3333333333
46.6666666667
48.0
49.6666666667
52.3333333333
51.6666666667
48.3333333333
54.0
49.0
47.3333333333
48.6666666667
46.0
46.3333333333
47.3333333333
50.3333333333
44.3333333333
45.6666666667
47.0
48.0
41.3333333333
42.6666666667
48.6666666667
45.6666666667
54.6666666667
48.6666666667
50.0
47.6666666667
50.6666666667
46.6666666667
50.3333333333
49.6666666667
53.3333333333
47.6666666667
48.0
50.6666666667
47.0
46.6666666667
SEC 3
82.3333333333
84.6666666667
83.0
80.6666666667
84.3333333333
79.6666666667
84.6666666667
85.3333333333
77.6666666667
75.3333333333
76.0
80.3333333333
76.6666666667
75.6666666667
74.6666666667
80.0
89.6666666667
75.6666666667
76.0
78.3333333333
81.0
76.0
81.0
81.6666666667
80.6666666667
76.3333333333
72.0
71.0
78.6666666667
85.3333333333
79.6666666667
83.3333333333
84.6666666667
84.6666666667
84.3333333333
81.0
79.0
81.0
80.0
75.3333333333
80.0
81.3333333333
78.0
77.3333333333
78.3333333333
78.3333333333
75.3333333333
76.6666666667
78.6666666667
78.3333333333
90.6666666667
77.0
79.0
77.3333333333
83.0
75.6666666667
86.0
86.0
79.3333333333
79.3333333333
75.3333333333
78.6666666667
78.0
82.6666666667
SEC 4
125.0
120.666666667
121.333333333
122.0
114.333333333
127.666666667
125.333333333
124.333333333
111.0
111.333333333
115.0
115.666666667
113.333333333
111.666666667
118.333333333
120.333333333
126.666666667
120.666666667
114.333333333
121.333333333
121.666666667
116.0
111.0
118.0
113.666666667
121.666666667
109.666666667
107.0
127.333333333
118.666666667
117.666666667
125.666666667
122.666666667
119.0
119.333333333
116.333333333
120.333333333
118.333333333
114.666666667
126.0
115.0
118.333333333
115.0
118.666666667
114.333333333
119.0
113.0
111.666666667
119.0
115.0
125.333333333
116.0
119.666666667
114.666666667
121.0
125.0
114.0
122.0
115.0
107.666666667
119.0
113.666666667
113.666666667
124.666666667
SEC 5
166.666666667
166.666666667
163.666666667
166.0
168.666666667
160.333333333
164.0
165.666666667
156.0
155.666666667
155.0
156.333333333
163.333333333
149.666666667
159.666666667
161.666666667
169.333333333
168.666666667
151.0
164.333333333
158.333333333
153.666666667
159.666666667
157.666666667
159.333333333
166.333333333
152.0
151.333333333
160.333333333
173.333333333
161.0
170.666666667
167.0
157.666666667
163.666666667
151.0
163.666666667
167.333333333
163.333333333
159.666666667
156.666666667
163.0
158.0
161.666666667
157.666666667
155.333333333
153.333333333
152.666666667
162.333333333
158.333333333
169.666666667
161.0
159.0
158.666666667
161.0
166.666666667
155.333333333
160.666666667
155.0
157.333333333
153.0
158.666666667
150.0
168.333333333
SEC 6
212.0
209.0
202.333333333
208.333333333
207.333333333
210.0
205.666666667
208.333333333
197.666666667
201.0
202.0
208.333333333
197.333333333
191.333333333
198.666666667
197.333333333
211.333333333
208.666666667
190.0
204.0
205.0
205.0
201.333333333
207.0
200.333333333
208.333333333
198.333333333
198.0
216.0
208.0
207.666666667
208.333333333
212.666666667
202.0
209.666666667
197.333333333
204.666666667
207.0
202.666666667
208.0
198.0
205.666666667
198.0
201.666666667
200.0
198.0
198.666666667
197.666666667
204.666666667
204.666666667
212.0
208.0
197.0
200.0
203.666666667
208.0
204.666666667
207.666666667
196.0
190.333333333
204.666666667
203.0
191.0
210.666666667
SEC 7
259.0
258.666666667
249.666666667
256.666666667
257.0
259.333333333
252.333333333
254.0
244.333333333
256.666666667
250.666666667
256.333333333
243.333333333
237.666666667
248.666666667
246.333333333
256.333333333
254.666666667
234.0
257.0
259.0
253.666666667
251.666666667
257.666666667
250.0
253.0
251.333333333
251.0
262.0
256.666666667
270.333333333
242.0
260.666666667
248.333333333
250.333333333
249.333333333
250.0
253.666666667
263.333333333
241.333333333
246.0
251.0
252.0
248.666666667
245.0
249.0
245.666666667
245.666666667
248.333333333
248.333333333
258.666666667
253.666666667
246.0
249.333333333
251.666666667
247.666666667
258.666666667
253.333333333
245.0
233.333333333
261.0
253.333333333
238.0
258.0
SEC 8
308.666666667
310.0
299.0
308.666666667
317.666666667
301.333333333
306.0
306.0
309.666666667
291.0
305.0
294.0
308.333333333
290.0
294.0
292.666666667
303.666666667
312.666666667
282.666666667
303.333333333
316.0
305.0
302.666666667
315.0
296.0
307.0
299.0
300.666666667
306.666666667
311.0
293.666666667
320.666666667
313.333333333
301.0
303.666666667
299.666666667
303.666666667
305.666666667
307.0
299.666666667
297.666666667
302.666666667
302.0
300.666666667
295.0
296.666666667
295.0
294.0
304.0
295.0
314.666666667
299.333333333
296.666666667
296.0
304.0
297.333333333
304.666666667
304.333333333
291.666666667
305.333333333
300.0
304.333333333
285.666666667
314.333333333
SEC 9
363.333333333
356.333333333
346.0
353.0
361.666666667
357.333333333
357.0
354.666666667
358.666666667
340.0
361.333333333
342.333333333
358.666666667
340.666666667
335.666666667
342.0
348.666666667
359.0
326.333333333
370.333333333
350.0
348.333333333
360.0
363.0
350.666666667
358.0
345.0
349.0
358.666666667
360.333333333
342.333333333
367.666666667
363.333333333
348.0
349.0
346.333333333
350.333333333
351.0
346.666666667
353.0
349.666666667
347.0
349.666666667
349.333333333
345.666666667
339.666666667
345.666666667
335.0
347.666666667
343.0
367.0
343.0
344.0
343.333333333
352.0
345.666666667
349.666666667
351.333333333
335.0
344.666666667
354.666666667
353.333333333
332.666666667
358.666666667
SEC 10
405.666666667
404.0
391.666666667
401.666666667
401.666666667
409.666666667
406.0
403.0
389.333333333
399.666666667
409.333333333
400.0
400.333333333
388.666666667
391.666666667
386.333333333
395.333333333
399.666666667
374.666666667
396.333333333
423.666666667
401.666666667
403.0
415.0
399.333333333
406.0
391.666666667
399.0
402.0
413.666666667
397.666666667
406.0
410.0
390.333333333
398.666666667
394.0
393.666666667
397.666666667
400.333333333
392.666666667
398.333333333
396.666666667
393.666666667
391.666666667
397.666666667
387.333333333
391.333333333
385.0
395.0
388.0
414.666666667
386.0
391.666666667
395.666666667
398.666666667
383.666666667
400.333333333
397.0
383.666666667
403.333333333
391.666666667
402.0
380.333333333
402.666666667
SEC 11
449.333333333
448.333333333
437.666666667
445.0
445.333333333
462.666666667
448.333333333
450.333333333
438.333333333
444.666666667
457.0
447.333333333
448.333333333
432.333333333
443.333333333
430.666666667
442.666666667
440.666666667
424.0
468.333333333
445.0
449.333333333
445.0
470.0
445.333333333
449.666666667
439.0
445.333333333
459.0
450.333333333
430.0
463.333333333
454.666666667
438.0
444.0
441.333333333
443.666666667
442.666666667
429.0
458.0
444.333333333
444.0
441.333333333
440.0
440.666666667
429.666666667
437.666666667
427.0
440.666666667
435.333333333
457.666666667
436.0
439.0
441.0
445.0
425.666666667
443.333333333
443.0
438.0
442.666666667
460.333333333
454.333333333
429.333333333
452.333333333
SEC 12
499.333333333
495.0
483.666666667
492.666666667
490.666666667
511.333333333
492.0
491.0
488.666666667
488.0
497.0
491.666666667
488.666666667
481.0
484.0
472.666666667
492.0
484.666666667
472.333333333
516.666666667
492.666666667
487.666666667
493.666666667
511.0
489.666666667
495.0
479.0
490.333333333
509.0
489.333333333
474.666666667
506.333333333
498.333333333
489.666666667
487.333333333
483.0
492.333333333
491.666666667
474.666666667
505.333333333
492.333333333
485.666666667
484.666666667
479.0
485.333333333
473.666666667
481.333333333
475.0
487.666666667
478.666666667
506.333333333
481.0
487.333333333
481.666666667
494.666666667
475.666666667
493.333333333
489.333333333
485.0
486.0
506.0
497.333333333
475.0
494.666666667
SEC 13
551.0
548.333333333
538.666666667
544.333333333
539.333333333
569.666666667
548.666666667
537.666666667
541.333333333
543.0
550.666666667
547.333333333
533.666666667
538.333333333
530.333333333
529.666666667
541.0
530.333333333
529.0
555.333333333
560.0
537.333333333
556.333333333
563.0
547.666666667
548.0
528.666666667
540.666666667
556.666666667
540.0
556.666666667
530.666666667
551.666666667
535.666666667
539.666666667
541.0
544.333333333
550.333333333
537.333333333
551.0
544.0
537.666666667
536.666666667
531.0
539.666666667
525.333333333
533.666666667
525.666666667
535.333333333
528.0
550.333333333
536.0
539.0
533.333333333
545.666666667
525.0
544.666666667
542.0
534.0
564.0
532.0
545.666666667
527.666666667
543.333333333
SEC 14
601.666666667
601.0
593.333333333
599.333333333
607.0
607.333333333
597.666666667
595.333333333
588.666666667
599.666666667
600.666666667
592.666666667
597.333333333
581.333333333
593.0
577.666666667
592.666666667
580.333333333
578.666666667
602.0
610.666666667
595.0
597.666666667
614.0
596.666666667
600.666666667
581.0
599.0
595.0
601.333333333
611.0
579.666666667
604.666666667
582.0
589.333333333
600.0
590.666666667
602.0
600.333333333
590.333333333
599.666666667
587.0
586.333333333
580.333333333
590.333333333
571.666666667
586.666666667
581.333333333
591.333333333
576.0
603.0
590.0
589.0
581.0
595.0
574.666666667
598.333333333
596.666666667
583.0
576.333333333
629.0
597.0
575.333333333
592.666666667
SEC 15
650.0
650.0
645.333333333
651.0
669.333333333
656.666666667
643.666666667
644.0
639.0
646.333333333
649.0
654.333333333
644.666666667
628.333333333
650.0
625.0
637.666666667
625.0
628.0
646.0
665.666666667
638.0
648.333333333
666.333333333
641.333333333
654.666666667
635.666666667
650.333333333
639.0
656.333333333
656.666666667
627.666666667
654.333333333
632.333333333
644.333333333
652.333333333
642.666666667
652.333333333
645.0
646.0
649.0
634.0
634.333333333
633.333333333
639.333333333
623.333333333
636.333333333
628.333333333
640.333333333
623.666666667
653.666666667
641.0
635.666666667
627.0
650.666666667
626.333333333
649.333333333
645.0
633.0
669.333333333
632.666666667
645.333333333
623.666666667
641.0
SEC 16
702.0
696.666666667
694.0
704.333333333
699.666666667
721.0
692.666666667
697.0
690.0
701.0
699.666666667
698.666666667
699.0
684.333333333
693.0
679.333333333
688.0
677.333333333
675.333333333
700.666666667
708.0
708.333333333
673.333333333
717.666666667
692.666666667
702.666666667
687.666666667
698.666666667
693.666666667
694.666666667
695.0
689.333333333
703.666666667
681.333333333
696.0
697.0
690.0
699.666666667
688.0
696.333333333
702.666666667
686.333333333
684.333333333
679.666666667
689.666666667
669.666666667
686.666666667
676.333333333
688.333333333
667.333333333
706.333333333
688.666666667
683.333333333
679.0
698.666666667
692.333333333
682.0
696.0
687.0
692.0
715.0
697.333333333
673.333333333
688.333333333
SEC 17
752.0
744.666666667
742.333333333
751.333333333
749.666666667
769.333333333
741.0
743.333333333
728.0
761.333333333
743.0
746.333333333
747.333333333
731.0
744.333333333
732.666666667
729.333333333
721.333333333
718.333333333
750.0
758.666666667
756.333333333
724.666666667
761.333333333
737.666666667
751.0
734.0
751.666666667
749.666666667
740.0
736.0
734.666666667
750.666666667
730.333333333
743.333333333
743.666666667
738.0
748.666666667
740.333333333
746.666666667
748.0
736.666666667
733.0
733.0
736.0
719.333333333
737.666666667
722.0
737.666666667
716.666666667
756.0
740.333333333
735.0
728.333333333
748.333333333
729.0
742.333333333
743.333333333
735.333333333
758.666666667
746.0
744.0
722.666666667
740.666666667
SEC 18
798.666666667
796.333333333
791.333333333
796.333333333
794.666666667
817.666666667
787.666666667
791.333333333
775.333333333
809.666666667
784.666666667
789.666666667
799.333333333
794.333333333
778.333333333
783.333333333
783.666666667
771.333333333
761.666666667
794.0
808.333333333
786.0
784.666666667
805.333333333
778.333333333
798.666666667
782.333333333
803.333333333
803.0
788.666666667
785.333333333
777.333333333
794.333333333
780.666666667
786.666666667
794.0
784.333333333
791.0
793.333333333
783.666666667
791.666666667
786.666666667
780.0
780.333333333
780.666666667
771.0
787.333333333
767.0
784.0
763.333333333
799.333333333
786.0
783.666666667
776.0
799.666666667
781.666666667
789.333333333
793.666666667
782.333333333
812.333333333
787.666666667
790.0
778.0
786.0
SEC 19
843.666666667
841.333333333
841.0
841.0
842.0
857.666666667
835.333333333
838.666666667
840.0
830.666666667
830.333333333
847.333333333
832.666666667
825.666666667
839.666666667
825.0
829.333333333
815.0
806.666666667
845.333333333
849.333333333
817.666666667
842.333333333
855.666666667
826.0
842.0
822.0
853.666666667
843.0
848.0
828.0
828.0
840.333333333
822.666666667
827.333333333
836.333333333
830.333333333
839.666666667
836.0
840.666666667
836.333333333
829.666666667
820.666666667
824.0
827.0
814.333333333
834.666666667
810.666666667
829.666666667
811.333333333
847.333333333
832.666666667
829.666666667
819.666666667
843.0
821.333333333
841.333333333
840.666666667
829.0
843.0
849.666666667
837.666666667
823.0
829.0
SEC 20
894.333333333
894.0
892.666666667
894.666666667
906.0
887.666666667
891.333333333
886.0
899.0
868.666666667
883.333333333
893.0
887.333333333
879.666666667
890.333333333
876.333333333
877.333333333
866.666666667
857.666666667
887.666666667
911.666666667
876.333333333
882.333333333
903.333333333
875.0
890.666666667
871.666666667
900.0
894.0
898.666666667
870.0
887.333333333
891.0
869.666666667
873.0
886.666666667
881.0
893.666666667
896.666666667
877.333333333
883.0
877.0
866.0
871.0
875.333333333
859.666666667
882.333333333
860.0
880.333333333
864.0
901.666666667
877.333333333
879.333333333
871.0
895.0
887.666666667
869.0
893.0
880.666666667
907.333333333
883.666666667
888.333333333
874.0
878.0
SEC 21
939.666666667
938.666666667
943.333333333
942.333333333
960.0
937.333333333
939.666666667
934.0
935.666666667
927.0
932.333333333
937.0
940.333333333
942.0
922.333333333
924.666666667
928.666666667
913.666666667
907.333333333
953.0
945.0
938.666666667
923.333333333
951.666666667
917.666666667
938.333333333
920.666666667
954.666666667
943.333333333
950.666666667
916.666666667
936.333333333
941.333333333
921.0
921.666666667
928.333333333
931.0
944.666666667
944.666666667
929.333333333
931.666666667
921.666666667
910.333333333
919.333333333
926.666666667
913.333333333
926.666666667
903.0
932.333333333
915.0
950.333333333
929.0
928.666666667
916.333333333
942.333333333
916.333333333
935.666666667
939.666666667
933.333333333
939.666666667
944.333333333
935.333333333
924.666666667
928.333333333
SEC 22
989.666666667
987.333333333
990.0
989.666666667
1012.0
979.0
990.333333333
984.0
997.0
963.666666667
982.666666667
979.666666667
991.333333333
991.666666667
970.0
970.0
978.0
962.0
957.333333333
999.333333333
996.666666667
971.333333333
979.333333333
1002.0
964.666666667
986.0
967.333333333
1006.0
1005.33333333
989.666666667
971.666666667
969.666666667
990.333333333
972.333333333
966.666666667
974.0
979.666666667
989.666666667
981.333333333
996.666666667
974.333333333
968.0
958.0
969.333333333
972.333333333
961.666666667
979.333333333
952.0
980.666666667
961.333333333
999.333333333
978.333333333
970.666666667
967.0
986.333333333
987.666666667
954.333333333
985.333333333
979.666666667
1001.0
979.333333333
985.666666667
973.666666667
974.0
SEC 23
1040.33333333
1038.0
1035.66666667
1041.66666667
1062.66666667
1034.66666667
1036.0
1034.66666667
1047.0
1014.0
1033.33333333
1036.66666667
1024.66666667
1025.33333333
1032.33333333
1020.66666667
1028.33333333
1010.0
1007.0
1052.66666667
1048.66666667
1023.33333333
1017.0
1051.66666667
1014.0
1033.66666667
1017.33333333
1059.33333333
1039.0
1055.0
1022.33333333
1017.66666667
1037.33333333
1019.0
1018.66666667
1023.0
1032.66666667
1038.0
1045.33333333
1034.66666667
1024.0
1016.33333333
1008.33333333
1016.0
1024.66666667
1006.0
1026.33333333
1001.33333333
1026.0
1007.0
1044.33333333
1026.0
1023.33333333
1017.33333333
1031.33333333
1010.33333333
1026.0
1030.66666667
1029.0
1036.0
1044.33333333
1035.0
1021.66666667
1024.66666667
SEC 24
1088.0
1086.66666667
1084.33333333
1089.66666667
1088.66666667
1114.33333333
1087.66666667
1082.0
1103.33333333
1059.0
1085.33333333
1090.33333333
1073.0
1079.66666667
1070.66666667
1069.0
1075.0
1062.0
1052.33333333
1101.33333333
1097.0
1059.33333333
1073.0
1100.0
1058.33333333
1080.66666667
1068.33333333
1110.0
1110.66666667
1084.66666667
1058.33333333
1075.0
1081.33333333
1065.66666667
1061.66666667
1073.66666667
1088.66666667
1087.66666667
1079.0
1096.0
1072.33333333
1071.0
1059.66666667
1064.66666667
1073.66666667
1050.0
1073.66666667
1049.0
1079.0
1053.0
1095.0
1074.33333333
1073.33333333
1065.66666667
1076.66666667
1073.0
1056.0
1077.66666667
1075.33333333
1096.33333333
1076.66666667
1087.33333333
1068.66666667
1068.66666667
SEC 25
1136.33333333
1134.66666667
1133.66666667
1132.66666667
1160.66666667
1131.66666667
1129.0
1128.0
1135.0
1123.33333333
1133.66666667
1130.33333333
1130.33333333
1127.0
1122.0
1118.33333333
1130.0
1108.0
1094.66666667
1147.33333333
1139.33333333
1126.66666667
1103.33333333
1148.0
1103.33333333
1130.33333333
1112.66666667
1160.66666667
1149.66666667
1146.33333333
1106.33333333
1125.33333333
1126.66666667
1113.66666667
1110.66666667
1123.66666667
1131.0
1136.33333333
1127.33333333
1139.66666667
1121.66666667
1126.0
1105.66666667
1105.0
1125.0
1100.0
1125.33333333
1096.66666667
1130.33333333
1101.33333333
1137.0
1124.33333333
1122.66666667
1117.0
1117.33333333
1136.66666667
1094.66666667
1129.33333333
1117.0
1140.0
1120.33333333
1135.66666667
1111.0
1115.33333333
SEC 26
1181.0
1180.0
1180.0
1174.33333333
1204.66666667
1179.66666667
1173.66666667
1175.0
1202.33333333
1159.33333333
1179.0
1191.66666667
1170.0
1173.66666667
1177.66666667
1165.33333333
1173.33333333
1159.66666667
1140.33333333
1187.66666667
1187.33333333
1163.66666667
1156.0
1195.66666667
1153.33333333
1174.33333333
1163.33333333
1209.33333333
1200.0
1188.33333333
1164.66666667
1163.33333333
1176.0
1156.33333333
1157.33333333
1168.0
1180.0
1183.33333333
1166.66666667
1191.66666667
1167.33333333
1171.33333333
1151.0
1158.66666667
1178.0
1145.66666667
1167.66666667
1140.33333333
1176.0
1146.66666667
1183.0
1172.0
1168.66666667
1163.66666667
1167.33333333
1172.0
1147.66666667
1175.66666667
1167.66666667
1169.66666667
1190.33333333
1178.33333333
1153.0
1162.0
SEC 27
1227.33333333
1235.66666667
1229.0
1229.33333333
1254.0
1230.33333333
1222.66666667
1225.66666667
1236.66666667
1221.0
1233.0
1242.33333333
1217.66666667
1222.0
1224.0
1216.33333333
1221.0
1211.0
1190.66666667
1249.66666667
1223.0
1213.66666667
1204.0
1243.33333333
1203.33333333
1220.0
1213.33333333
1262.33333333
1238.0
1252.66666667
1217.66666667
1213.0
1226.66666667
1211.0
1203.0
1217.66666667
1233.66666667
1235.66666667
1236.0
1227.66666667
1212.33333333
1221.33333333
1202.0
1207.33333333
1230.66666667
1192.0
1217.66666667
1189.33333333
1226.66666667
1197.0
1233.33333333
1220.66666667
1223.33333333
1214.33333333
1215.33333333
1199.0
1222.0
1226.33333333
1215.33333333
1216.33333333
1239.33333333
1227.0
1203.0
1213.0
SEC 28
1277.66666667
1287.0
1288.66666667
1279.66666667
1297.66666667
1278.33333333
1272.66666667
1278.66666667
1286.66666667
1267.33333333
1285.0
1280.33333333
1282.33333333
1271.66666667
1275.33333333
1266.0
1270.0
1264.66666667
1237.0
1307.0
1266.33333333
1251.66666667
1267.0
1293.33333333
1253.33333333
1275.66666667
1264.0
1315.0
1315.0
1279.33333333
1263.33333333
1262.66666667
1276.0
1261.0
1247.33333333
1267.33333333
1291.33333333
1286.0
1285.33333333
1293.0
1258.66666667
1271.33333333
1249.66666667
1257.0
1284.66666667
1247.33333333
1265.66666667
1245.0
1274.0
1247.33333333
1285.0
1272.0
1277.33333333
1265.33333333
1260.66666667
1255.66666667
1267.0
1273.66666667
1263.33333333
1258.33333333
1309.0
1274.33333333
1259.66666667
1260.0
SEC 29
1331.33333333
1334.0
1338.0
1322.0
1343.0
1332.66666667
1322.66666667
1327.33333333
1314.66666667
1333.33333333
1331.33333333
1327.0
1331.33333333
1318.66666667
1326.66666667
1311.0
1318.33333333
1309.66666667
1285.66666667
1347.66666667
1319.33333333
1301.33333333
1309.33333333
1345.0
1294.33333333
1323.0
1317.0
1368.0
1351.66666667
1343.33333333
1313.0
1320.66666667
1326.33333333
1316.33333333
1296.66666667
1315.66666667
1341.0
1337.66666667
1353.66666667
1331.33333333
1310.33333333
1321.0
1297.0
1300.0
1331.33333333
1300.66666667
1314.0
1292.33333333
1319.33333333
1298.66666667
1336.66666667
1320.33333333
1330.33333333
1311.0
1305.66666667
1297.66666667
1312.66666667
1322.66666667
1313.33333333
1338.33333333
1323.0
1327.33333333
1311.0
1310.66666667
SEC 30
1380.0
1384.0
1390.0
1372.0
1377.0
1392.33333333
1374.0
1378.0
1380.66666667
1364.0
1381.0
1381.33333333
1377.0
1370.66666667
1375.0
1357.0
1371.33333333
1359.66666667
1337.33333333
1365.0
1409.66666667
1361.33333333
1361.33333333
1396.33333333
1347.0
1378.33333333
1366.0
1423.33333333
1401.33333333
1394.0
1352.33333333
1380.0
1381.33333333
1368.33333333
1344.66666667
1366.33333333
1389.0
1382.33333333
1390.66666667
1400.0
1361.66666667
1370.66666667
1350.33333333
1351.66666667
1386.66666667
1352.0
1368.0
1344.0
1371.0
1344.66666667
1388.33333333
1368.33333333
1380.66666667
1362.33333333
1357.0
1336.33333333
1374.66666667
1372.66666667
1363.66666667
1378.33333333
1388.66666667
1374.0
1356.33333333
1362.0
SEC 31
1431.66666667
1435.33333333
1435.66666667
1419.33333333
1434.0
1443.66666667
1423.33333333
1425.0
1424.0
1421.66666667
1429.66666667
1421.33333333
1444.0
1422.0
1427.66666667
1409.33333333
1415.0
1403.33333333
1389.66666667
1437.33333333
1440.0
1397.66666667
1423.0
1441.0
1396.33333333
1433.0
1412.0
1483.0
1438.66666667
1448.0
1410.66666667
1425.66666667
1433.0
1415.66666667
1394.66666667
1418.33333333
1436.66666667
1427.0
1446.33333333
1451.0
1415.0
1418.66666667
1399.66666667
1402.33333333
1441.33333333
1401.66666667
1418.0
1392.0
1423.66666667
1387.0
1441.0
1419.33333333
1429.33333333
1412.0
1414.0
1383.0
1428.66666667
1418.66666667
1411.33333333
1428.66666667
1438.66666667
1426.0
1410.33333333
1411.66666667
SEC 32
1481.0
1486.66666667
1485.66666667
1471.33333333
1491.33333333
1478.33333333
1465.0
1471.66666667
1477.0
1473.33333333
1477.0
1476.0
1483.0
1465.0
1471.0
1455.0
1464.33333333
1454.0
1434.66666667
1487.0
1486.66666667
1451.66666667
1456.66666667
1492.0
1442.66666667
1480.0
1463.66666667
1533.0
1510.33333333
1469.33333333
1469.0
1464.0
1476.0
1465.66666667
1442.0
1465.66666667
1486.33333333
1470.33333333
1475.33333333
1519.0
1459.66666667
1464.66666667
1446.0
1451.0
1490.66666667
1446.33333333
1462.66666667
1442.33333333
1474.66666667
1438.0
1488.33333333
1471.66666667
1482.66666667
1459.0
1465.0
1446.66666667
1463.66666667
1469.33333333
1459.33333333
1486.66666667
1473.33333333
1473.0
1460.66666667
1460.0
SEC 33
1527.0
1528.33333333
1528.0
1518.66666667
1515.33333333
1540.33333333
1507.33333333
1509.33333333
1542.0
1502.0
1525.0
1531.0
1517.33333333
1515.66666667
1508.0
1502.66666667
1514.33333333
1498.0
1483.66666667
1547.0
1519.66666667
1513.33333333
1487.33333333
1538.66666667
1488.66666667
1529.0
1511.66666667
1575.0
1545.33333333
1531.66666667
1515.0
1514.66666667
1522.66666667
1510.66666667
1486.66666667
1511.66666667
1533.33333333
1516.66666667
1543.66666667
1544.33333333
1506.0
1509.0
1496.66666667
1492.66666667
1539.0
1492.0
1507.0
1483.66666667
1523.66666667
1485.0
1533.66666667
1524.0
1528.66666667
1502.66666667
1509.33333333
1504.0
1496.66666667
1516.0
1509.66666667
1533.0
1520.66666667
1518.0
1510.33333333
1498.66666667
SEC 34
1575.0
1573.0
1572.0
1569.33333333
1583.0
1557.33333333
1551.33333333
1557.0
1556.0
1586.66666667
1570.0
1581.33333333
1558.33333333
1558.33333333
1555.0
1551.66666667
1561.66666667
1550.33333333
1525.0
1571.66666667
1582.66666667
1549.33333333
1548.33333333
1583.33333333
1532.0
1575.33333333
1556.0
1623.66666667
1601.0
1563.0
1576.33333333
1548.33333333
1565.66666667
1556.0
1531.66666667
1556.33333333
1576.66666667
1560.33333333
1593.66666667
1584.66666667
1553.66666667
1555.0
1541.33333333
1539.33333333
1589.0
1540.0
1556.33333333
1530.66666667
1574.0
1530.66666667
1577.33333333
1567.33333333
1575.66666667
1547.0
1559.66666667
1562.66666667
1532.0
1566.33333333
1560.0
1554.66666667
1586.33333333
1566.66666667
1550.66666667
1548.0
SEC 35
1624.0
1619.66666667
1622.0
1616.0
1625.66666667
1610.66666667
1601.0
1609.66666667
1608.0
1634.66666667
1615.33333333
1628.66666667
1611.33333333
1606.33333333
1608.66666667
1603.0
1610.33333333
1598.66666667
1576.66666667
1646.66666667
1615.66666667
1595.0
1602.33333333
1633.33333333
1584.0
1626.66666667
1599.33333333
1673.66666667
1647.0
1607.0
1594.33333333
1627.0
1621.66666667
1605.0
1579.0
1608.66666667
1626.0
1613.0
1644.66666667
1636.33333333
1603.66666667
1606.0
1592.66666667
1585.66666667
1640.0
1589.33333333
1604.66666667
1577.33333333
1622.33333333
1573.66666667
1625.0
1615.33333333
1623.66666667
1598.0
1606.0
1609.33333333
1582.0
1614.66666667
1607.33333333
1602.0
1637.33333333
1613.0
1594.0
1594.33333333
SEC 36
1675.33333333
1668.0
1669.0
1669.33333333
1671.0
1660.0
1654.0
1656.33333333
1659.33333333
1683.0
1659.0
1681.0
1659.0
1647.0
1657.0
1651.33333333
1661.66666667
1644.66666667
1617.66666667
1696.33333333
1668.66666667
1645.33333333
1657.33333333
1683.66666667
1635.66666667
1675.66666667
1645.66666667
1723.33333333
1695.66666667
1664.33333333
1652.66666667
1660.0
1674.66666667
1657.0
1622.66666667
1656.33333333
1675.0
1659.33333333
1693.33333333
1684.33333333
1649.33333333
1654.33333333
1646.0
1640.0
1688.33333333
1639.33333333
1654.66666667
1626.0
1672.0
1622.33333333
1678.0
1670.0
1678.0
1645.0
1655.33333333
1643.0
1638.66666667
1666.66666667
1654.66666667
1640.0
1695.0
1669.66666667
1644.33333333
1640.66666667
SEC 37
1725.66666667
1713.66666667
1714.66666667
1716.0
1724.0
1705.33333333
1705.66666667
1707.0
1708.66666667
1729.33333333
1708.66666667
1720.0
1711.66666667
1706.0
1701.0
1700.66666667
1711.33333333
1690.66666667
1667.66666667
1712.33333333
1754.0
1714.66666667
1693.0
1737.33333333
1682.0
1728.33333333
1701.0
1769.0
1712.0
1745.0
1717.33333333
1687.66666667
1723.0
1709.33333333
1673.0
1704.33333333
1721.0
1707.66666667
1731.0
1737.33333333
1695.66666667
1703.33333333
1694.0
1689.66666667
1734.0
1693.66666667
1704.66666667
1680.66666667
1724.0
1670.33333333
1731.33333333
1718.33333333
1724.66666667
1688.33333333
1704.66666667
1687.0
1689.33333333
1712.33333333
1706.66666667
1751.66666667
1691.0
1721.0
1694.66666667
1695.33333333
SEC 38
1774.0
1759.66666667
1761.33333333
1765.0
1771.33333333
1750.0
1753.66666667
1759.0
1773.66666667
1759.66666667
1755.33333333
1775.66666667
1758.66666667
1749.33333333
1757.0
1744.66666667
1757.33333333
1739.66666667
1720.66666667
1774.33333333
1783.66666667
1756.33333333
1749.33333333
1784.66666667
1733.66666667
1778.0
1750.0
1818.33333333
1805.33333333
1755.33333333
1748.66666667
1754.66666667
1766.33333333
1760.33333333
1718.33333333
1749.66666667
1768.0
1756.66666667
1806.33333333
1759.66666667
1743.33333333
1754.66666667
1744.0
1743.0
1782.33333333
1739.33333333
1749.0
1733.66666667
1778.0
1719.33333333
1778.0
1770.66666667
1773.66666667
1735.66666667
1752.0
1758.66666667
1718.0
1759.0
1754.33333333
1794.33333333
1742.66666667
1768.66666667
1744.66666667
1746.0
SEC 39
1825.0
1810.33333333
1813.33333333
1816.66666667
1811.33333333
1800.0
1799.66666667
1809.0
1801.33333333
1833.0
1801.66666667
1808.33333333
1822.66666667
1807.0
1789.0
1792.33333333
1802.0
1791.33333333
1770.66666667
1853.33333333
1807.0
1808.0
1802.0
1826.66666667
1784.0
1826.0
1797.0
1863.66666667
1849.33333333
1810.66666667
1771.33333333
1824.33333333
1814.33333333
1806.0
1766.66666667
1798.33333333
1815.0
1801.33333333
1857.66666667
1798.66666667
1793.66666667
1802.33333333
1793.0
1796.0
1831.66666667
1785.0
1798.66666667
1782.66666667
1828.0
1763.66666667
1826.0
1819.66666667
1826.0
1787.0
1799.66666667
1759.66666667
1817.66666667
1808.0
1804.0
1832.66666667
1800.66666667
1814.66666667
1795.0
1792.33333333
SEC 40
1869.66666667
1855.33333333
1859.66666667
1869.33333333
1860.33333333
1845.33333333
1851.66666667
1858.66666667
1879.0
1848.66666667
1849.66666667
1851.33333333
1869.0
1854.33333333
1837.33333333
1840.66666667
1851.0
1838.33333333
1818.66666667
1883.0
1869.0
1857.33333333
1851.33333333
1870.0
1835.33333333
1870.0
1844.33333333
1908.33333333
1858.33333333
1902.33333333
1867.66666667
1830.66666667
1868.0
1855.33333333
1815.33333333
1849.33333333
1859.66666667
1846.33333333
1900.66666667
1848.0
1845.0
1850.33333333
1849.33333333
1850.33333333
1882.33333333
1832.66666667
1847.66666667
1833.33333333
1879.0
1811.33333333
1875.66666667
1865.66666667
1876.0
1836.0
1843.66666667
1867.33333333
1812.0
1853.66666667
1853.33333333
1845.0
1882.0
1858.33333333
1842.66666667
1838.33333333
SEC 41
1915.0
1905.33333333
1903.33333333
1916.0
1893.0
1904.66666667
1900.0
1904.0
1917.33333333
1899.66666667
1896.66666667
1906.33333333
1907.66666667
1886.33333333
1897.66666667
1884.66666667
1897.0
1884.0
1864.66666667
1912.0
1932.0
1899.0
1904.0
1919.33333333
1885.66666667
1916.0
1889.66666667
1955.0
1942.66666667
1909.66666667
1923.33333333
1868.66666667
1917.33333333
1898.0
1857.0
1898.66666667
1907.0
1895.0
1894.0
1943.33333333
1890.33333333
1896.33333333
1897.66666667
1893.0
1928.0
1883.33333333
1893.66666667
1885.0
1923.0
1855.66666667
1922.0
1913.33333333
1921.33333333
1884.66666667
1891.66666667
1893.66666667
1873.0
1902.0
1899.33333333
1921.66666667
1899.33333333
1911.0
1892.0
1881.66666667
SEC 42
1963.0
1956.66666667
1953.66666667
1965.66666667
1959.0
1945.33333333
1948.66666667
1954.0
1951.33333333
1967.33333333
1946.66666667
1948.0
1954.0
1937.33333333
1945.66666667
1931.0
1944.66666667
1928.66666667
1915.0
1950.0
1992.0
1958.33333333
1944.0
1964.66666667
1931.33333333
1962.66666667
1943.33333333
2002.33333333
1988.66666667
1964.0
1960.66666667
1928.66666667
1967.66666667
1947.66666667
1910.0
1947.66666667
1956.0
1942.0
1942.0
1994.33333333
1942.66666667
1949.0
1951.66666667
1944.0
1973.33333333
1936.0
1941.0
1938.0
1971.33333333
1906.33333333
1977.0
1959.66666667
1976.0
1934.66666667
1939.66666667
1944.66666667
1920.66666667
1955.0
1947.66666667
1960.66666667
1960.66666667
1959.66666667
1941.66666667
1933.0
SEC 43
2010.66666667
2006.33333333
2008.66666667
2018.33333333
1993.0
2007.33333333
2004.0
2002.66666667
2026.0
1999.0
2001.0
2012.33333333
1995.33333333
1998.33333333
1995.33333333
1980.0
1998.33333333
1977.0
1965.66666667
2008.66666667
2034.66666667
2003.33333333
1989.33333333
2019.33333333
1988.66666667
2010.0
1994.66666667
2058.0
2012.0
2047.0
1987.33333333
2009.66666667
2019.33333333
2000.33333333
1958.0
1999.0
2004.33333333
1992.66666667
2047.66666667
1988.33333333
1992.0
2001.33333333
1999.66666667
1996.0
2023.0
1988.66666667
1993.66666667
1986.66666667
2026.0
1956.66666667
2033.0
2008.0
2019.0
1986.66666667
1990.0
1964.33333333
2001.66666667
2008.0
2000.66666667
2023.0
1992.66666667
2008.66666667
1995.33333333
1988.0
SEC 44
2059.0
2055.33333333
2051.66666667
2068.0
2057.66666667
2044.66666667
2054.66666667
2053.0
2066.33333333
2059.0
2051.66666667
2042.66666667
2059.0
2051.0
2037.66666667
2032.0
2049.66666667
2024.33333333
2015.33333333
2090.33333333
2060.0
2040.33333333
2054.0
2071.0
2037.0
2058.66666667
2042.0
2108.0
2102.33333333
2054.33333333
2063.66666667
2041.66666667
2068.33333333
2052.0
2008.33333333
2047.33333333
2060.0
2048.66666667
2065.33333333
2064.33333333
2047.0
2056.33333333
2049.33333333
2048.0
2076.66666667
2034.0
2042.33333333
2039.33333333
2075.0
2006.33333333
2078.33333333
2059.66666667
2075.0
2034.0
2039.0
2022.33333333
2043.0
2057.33333333
2054.0
2079.33333333
2027.66666667
2056.66666667
2044.66666667
2040.0
SEC 45
2103.0
2107.33333333
2099.66666667
2114.0
2093.0
2098.33333333
2100.33333333
2102.33333333
2119.33333333
2105.0
2104.0
2110.66666667
2096.66666667
2094.0
2094.33333333
2082.66666667
2097.33333333
2067.66666667
2065.0
2134.33333333
2107.33333333
2107.66666667
2085.0
2116.0
2087.33333333
2108.33333333
2094.33333333
2162.0
2099.33333333
2144.66666667
2087.0
2116.66666667
2117.66666667
2098.66666667
2055.0
2095.66666667
2115.33333333
2094.33333333
2128.33333333
2105.66666667
2095.0
2102.0
2099.0
2102.0
2127.33333333
2085.33333333
2099.33333333
2086.33333333
2126.0
2052.66666667
2126.33333333
2110.33333333
2121.66666667
2086.66666667
2082.66666667
2073.33333333
2093.66666667
2107.33333333
2101.66666667
2090.66666667
2114.66666667
2102.0
2091.66666667
2080.66666667
SEC 46
2149.66666667
2159.0
2153.0
2164.33333333
2137.0
2147.33333333
2152.66666667
2153.33333333
2145.33333333
2174.66666667
2150.0
2160.66666667
2148.33333333
2146.66666667
2141.66666667
2130.0
2152.33333333
2116.66666667
2113.33333333
2151.33333333
2191.33333333
2151.33333333
2134.66666667
2166.66666667
2138.66666667
2156.33333333
2147.33333333
2213.33333333
2144.0
2198.66666667
2140.0
2158.66666667
2167.33333333
2151.33333333
2107.0
2147.0
2161.0
2142.33333333
2138.33333333
2198.0
2144.66666667
2149.0
2147.33333333
2153.33333333
2180.33333333
2129.33333333
2154.33333333
2140.0
2178.66666667
2102.33333333
2174.0
2161.0
2177.33333333
2141.66666667
2131.0
2122.0
2139.0
2158.0
2155.0
2126.66666667
2178.33333333
2151.33333333
2147.66666667
2129.0
SEC 47
2195.33333333
2204.33333333
2203.66666667
2205.33333333
2187.66666667
2193.66666667
2194.66666667
2198.33333333
2220.33333333
2186.0
2195.33333333
2194.33333333
2213.0
2184.66666667
2193.33333333
2177.33333333
2196.66666667
2166.0
2152.66666667
2207.0
2230.66666667
2200.66666667
2175.0
2209.66666667
2183.33333333
2199.33333333
2187.66666667
2258.66666667
2226.33333333
2213.33333333
2172.33333333
2210.66666667
2210.0
2197.0
2149.0
2188.66666667
2209.0
2186.33333333
2198.33333333
2229.33333333
2191.33333333
2197.66666667
2193.33333333
2196.66666667
2224.33333333
2178.0
2200.0
2187.0
2226.0
2147.33333333
2221.66666667
2208.0
2221.33333333
2189.33333333
2186.66666667
2170.66666667
2184.66666667
2204.66666667
2204.33333333
2189.0
2211.33333333
2201.66666667
2190.0
2172.0
SEC 48
2242.33333333
2250.33333333
2245.0
2247.33333333
2235.66666667
2241.0
2237.33333333
2249.33333333
2251.0
2249.0
2245.0
2235.33333333
2264.33333333
2238.66666667
2225.66666667
2225.0
2241.33333333
2209.66666667
2196.66666667
2284.0
2242.0
2237.66666667
2232.0
2256.66666667
2226.66666667
2249.66666667
2232.66666667
2309.33333333
2281.33333333
2247.33333333
2242.0
2230.33333333
2254.66666667
2242.0
2195.33333333
2234.66666667
2254.33333333
2233.0
2264.33333333
2252.33333333
2238.66666667
2249.66666667
2239.66666667
2238.0
2265.33333333
2226.0
2244.33333333
2231.33333333
2272.0
2188.66666667
2271.0
2260.0
2269.66666667
2234.0
2238.66666667
2204.66666667
2247.66666667
2256.66666667
2251.33333333
2260.0
2231.33333333
2249.33333333
2240.0
2219.33333333
SEC 49
2284.33333333
2297.33333333
2294.66666667
2289.0
2282.33333333
2280.66666667
2281.0
2301.66666667
2308.0
2277.66666667
2290.33333333
2291.33333333
2306.33333333
2284.0
2268.66666667
2268.0
2291.66666667
2254.33333333
2246.33333333
2336.66666667
2290.0
2281.33333333
2289.66666667
2302.33333333
2272.0
2294.33333333
2277.0
2359.66666667
2306.0
2315.66666667
2272.66666667
2292.33333333
2303.33333333
2288.66666667
2242.33333333
2280.66666667
2303.66666667
2277.33333333
2328.0
2288.66666667
2285.66666667
2295.0
2283.33333333
2282.66666667
2312.0
2268.33333333
2282.33333333
2277.0
2318.33333333
2230.33333333
2314.33333333
2302.0
2324.66666667
2276.0
2285.33333333
2290.0
2249.0
2301.66666667
2294.66666667
2286.33333333
2306.33333333
2295.66666667
2286.33333333
2263.33333333
SEC 50
2341.0
2346.66666667
2344.33333333
2340.0
2333.0
2327.0
2334.0
2351.66666667
2352.66666667
2332.33333333
2339.66666667
2356.0
2350.66666667
2330.33333333
2316.66666667
2316.66666667
2336.0
2306.0
2301.33333333
2381.0
2345.66666667
2332.0
2333.0
2347.0
2321.0
2338.66666667
2325.66666667
2415.33333333
2378.33333333
2344.0
2331.0
2336.66666667
2354.0
2341.66666667
2295.0
2329.66666667
2358.0
2329.0
2339.0
2371.33333333
2330.33333333
2343.0
2334.33333333
2332.0
2358.33333333
2318.0
2330.0
2324.0
2366.0
2278.33333333
2359.33333333
2354.0
2376.66666667
2323.0
2328.33333333
2321.0
2308.66666667
2350.66666667
2341.33333333
2319.0
2377.0
2340.0
2334.33333333
2308.0
SEC 51
2388.66666667
2392.66666667
2391.66666667
2388.0
2366.0
2379.0
2381.0
2399.33333333
2393.0
2390.66666667
2385.33333333
2408.33333333
2397.66666667
2365.33333333
2386.0
2365.33333333
2381.66666667
2352.33333333
2348.33333333
2395.33333333
2431.0
2373.33333333
2380.33333333
2396.0
2365.66666667
2393.33333333
2370.0
2467.66666667
2388.66666667
2428.66666667
2368.66666667
2396.66666667
2407.33333333
2389.33333333
2344.66666667
2373.66666667
2404.33333333
2375.33333333
2390.33333333
2420.33333333
2378.66666667
2391.33333333
2383.66666667
2378.66666667
2407.0
2369.66666667
2381.0
2368.33333333
2416.33333333
2324.0
2406.33333333
2399.0
2424.66666667
2377.0
2382.33333333
2380.66666667
2340.0
2394.66666667
2391.33333333
2360.0
2427.0
2386.33333333
2386.66666667
2362.66666667
SEC 52
2434.33333333
2436.66666667
2439.33333333
2438.33333333
2416.0
2419.33333333
2425.66666667
2446.0
2414.66666667
2455.33333333
2433.66666667
2459.33333333
2450.0
2426.33333333
2417.33333333
2410.0
2431.0
2397.66666667
2394.66666667
2443.66666667
2480.0
2419.33333333
2425.33333333
2440.33333333
2414.66666667
2440.0
2414.66666667
2514.0
2481.33333333
2430.0
2422.66666667
2437.66666667
2451.66666667
2432.33333333
2390.33333333
2419.66666667
2450.33333333
2420.33333333
2458.66666667
2439.33333333
2430.33333333
2439.0
2430.33333333
2424.66666667
2453.0
2418.66666667
2430.33333333
2416.66666667
2467.66666667
2372.33333333
2448.66666667
2444.33333333
2470.0
2421.33333333
2428.66666667
2421.33333333
2387.33333333
2446.0
2439.0
2451.33333333
2423.66666667
2433.66666667
2433.66666667
2405.66666667
SEC 53
2487.66666667
2487.66666667
2483.0
2491.66666667
2470.33333333
2469.66666667
2481.0
2492.33333333
2474.0
2494.0
2484.33333333
2509.33333333
2502.0
2459.33333333
2484.33333333
2456.0
2480.33333333
2447.66666667
2447.0
2494.33333333
2528.0
2478.0
2473.0
2486.66666667
2463.33333333
2487.66666667
2463.66666667
2563.33333333
2511.66666667
2491.0
2474.0
2483.66666667
2503.33333333
2478.33333333
2443.33333333
2468.33333333
2498.33333333
2475.0
2526.33333333
2482.66666667
2482.66666667
2484.66666667
2481.0
2477.66666667
2503.0
2464.0
2475.0
2466.66666667
2516.33333333
2424.66666667
2498.66666667
2496.33333333
2518.0
2474.0
2472.33333333
2455.66666667
2458.66666667
2499.0
2483.66666667
2469.66666667
2495.0
2484.0
2482.0
2452.0
SEC 54
2537.33333333
2534.66666667
2532.33333333
2543.66666667
2513.66666667
2521.0
2534.0
2544.66666667
2518.33333333
2546.33333333
2532.66666667
2553.33333333
2555.0
2508.0
2537.33333333
2507.66666667
2525.33333333
2495.33333333
2502.66666667
2576.0
2541.33333333
2513.33333333
2529.33333333
2539.66666667
2508.66666667
2538.33333333
2509.66666667
2610.0
2545.0
2548.66666667
2506.0
2551.33333333
2549.66666667
2533.33333333
2491.33333333
2518.33333333
2545.66666667
2518.0
2566.0
2539.0
2533.33333333
2532.66666667
2529.33333333
2523.0
2551.33333333
2510.33333333
2524.0
2517.0
2566.33333333
2468.66666667
2546.66666667
2541.0
2564.66666667
2521.0
2518.33333333
2489.33333333
2518.33333333
2546.66666667
2532.33333333
2520.33333333
2541.0
2535.33333333
2527.0
2502.66666667
SEC 55
2583.66666667
2582.33333333
2586.0
2591.0
2567.0
2556.0
2582.66666667
2592.33333333
2597.33333333
2555.66666667
2574.0
2600.0
2599.33333333
2561.66666667
2569.0
2550.66666667
2568.66666667
2543.66666667
2558.0
2618.33333333
2595.66666667
2568.0
2572.33333333
2587.0
2557.0
2581.33333333
2555.66666667
2655.66666667
2626.0
2566.66666667
2550.66666667
2600.33333333
2593.33333333
2582.0
2541.0
2567.0
2593.33333333
2559.33333333
2567.33333333
2632.33333333
2579.66666667
2579.66666667
2579.0
2570.33333333
2595.0
2557.66666667
2571.33333333
2567.33333333
2615.0
2518.66666667
2589.33333333
2588.33333333
2607.66666667
2565.33333333
2565.33333333
2533.33333333
2566.66666667
2590.33333333
2579.33333333
2567.0
2586.66666667
2586.0
2571.0
2549.33333333
SEC 56
2628.0
2624.33333333
2627.33333333
2633.0
2611.66666667
2606.66666667
2628.33333333
2642.0
2610.66666667
2625.33333333
2621.0
2648.33333333
2638.0
2618.33333333
2607.0
2599.0
2617.0
2585.0
2598.33333333
2661.66666667
2640.66666667
2616.33333333
2617.66666667
2633.33333333
2598.66666667
2628.33333333
2590.33333333
2701.66666667
2661.66666667
2624.66666667
2634.33333333
2611.33333333
2638.0
2624.33333333
2589.66666667
2612.33333333
2638.66666667
2601.33333333
2661.0
2619.33333333
2621.33333333
2625.0
2622.66666667
2614.66666667
2633.66666667
2600.66666667
2616.66666667
2613.33333333
2654.66666667
2561.0
2635.0
2635.33333333
2653.33333333
2610.0
2608.0
2611.0
2577.0
2635.66666667
2625.66666667
2651.0
2596.33333333
2633.0
2613.66666667
2593.66666667
SEC 57
2670.0
2667.66666667
2671.33333333
2683.66666667
2653.0
2653.33333333
2677.0
2689.66666667
2640.66666667
2679.0
2665.33333333
2681.33333333
2693.66666667
2647.33333333
2666.33333333
2644.33333333
2658.66666667
2630.0
2644.33333333
2705.0
2689.66666667
2670.33333333
2652.33333333
2675.66666667
2642.66666667
2668.0
2634.0
2742.66666667
2657.66666667
2717.66666667
2672.66666667
2659.33333333
2681.66666667
2670.0
2637.33333333
2657.0
2682.66666667
2647.0
2668.0
2698.0
2666.0
2666.66666667
2667.33333333
2663.0
2677.33333333
2646.66666667
2659.33333333
2663.0
2696.33333333
2604.33333333
2683.33333333
2675.0
2695.0
2658.0
2654.0
2653.33333333
2630.66666667
2674.33333333
2669.66666667
2692.0
2640.33333333
2676.66666667
2659.66666667
2635.66666667
SEC 58
2718.0
2722.66666667
2732.0
2737.33333333
2702.66666667
2712.33333333
2728.66666667
2740.0
2718.66666667
2700.0
2717.66666667
2741.66666667
2739.66666667
2712.0
2703.66666667
2697.0
2712.0
2678.66666667
2689.33333333
2733.33333333
2766.33333333
2713.0
2711.66666667
2730.0
2699.66666667
2721.0
2684.33333333
2791.33333333
2732.33333333
2750.66666667
2733.0
2705.33333333
2735.33333333
2723.66666667
2689.33333333
2714.0
2734.0
2694.33333333
2734.33333333
2739.0
2720.66666667
2722.0
2721.66666667
2715.0
2729.66666667
2697.66666667
2717.0
2716.33333333
2749.33333333
2656.33333333
2730.33333333
2723.33333333
2752.0
2709.66666667
2708.33333333
2713.33333333
2668.66666667
2727.0
2724.0
2738.66666667
2691.33333333
2734.33333333
2710.0
2689.66666667
SEC 59
2770.33333333
2772.33333333
2775.66666667
2794.33333333
2755.66666667
2750.66666667
2775.33333333
2789.33333333
2771.33333333
2738.0
2765.66666667
2790.0
2790.33333333
2768.33333333
2741.0
2745.33333333
2756.66666667
2724.33333333
2735.0
2789.66666667
2810.0
2766.33333333
2759.66666667
2779.66666667
2748.33333333
2771.0
2728.0
2835.0
2809.0
2769.66666667
2782.0
2749.33333333
2785.33333333
2768.33333333
2738.33333333
2767.66666667
2783.0
2743.33333333
2808.66666667
2758.33333333
2763.66666667
2773.0
2774.0
2762.66666667
2783.33333333
2747.66666667
2766.66666667
2768.0
2801.66666667
2705.66666667
2781.33333333
2775.33333333
2798.0
2752.33333333
2761.0
2745.33333333
2727.66666667
2775.33333333
2771.33333333
2751.66666667
2777.33333333
2782.0
2756.33333333
2739.0
SEC 60
2825.0
2820.66666667
2821.33333333
2839.0
2798.66666667
2806.0
2830.0
2844.0
2788.33333333
2813.66666667
2818.33333333
2834.33333333
2840.0
2804.0
2801.0
2790.0
2801.33333333
2769.33333333
2782.33333333
2856.66666667
2841.66666667
2814.66666667
2808.0
2830.0
2796.66666667
2820.0
2779.33333333
2884.0
2861.66666667
2811.33333333
2799.66666667
2831.0
2833.33333333
2819.33333333
2783.66666667
2820.33333333
2832.33333333
2796.0
2859.66666667
2804.0
2820.33333333
2822.66666667
2824.0
2811.33333333
2831.0
2799.33333333
2819.66666667
2815.33333333
2846.33333333
2753.33333333
2830.0
2820.33333333
2844.0
2802.33333333
2807.66666667
2791.66666667
2777.33333333
2827.0
2825.0
2828.66666667
2793.66666667
2829.0
2801.33333333
2785.0
SEC 61
2873.0
2869.66666667
2864.33333333
2890.0
2849.0
2846.0
2876.33333333
2892.33333333
2835.33333333
2854.33333333
2865.0
2891.66666667
2879.0
2855.66666667
2844.66666667
2840.0
2851.33333333
2816.0
2833.33333333
2903.33333333
2888.0
2866.66666667
2850.66666667
2878.33333333
2844.33333333
2870.66666667
2824.33333333
2932.66666667
2883.66666667
2881.66666667
2845.0
2882.0
2884.66666667
2862.0
2832.33333333
2869.33333333
2878.66666667
2845.0
2867.33333333
2892.66666667
2866.66666667
2871.66666667
2874.0
2859.33333333
2883.33333333
2842.66666667
2871.33333333
2863.0
2895.66666667
2800.66666667
2881.0
2867.66666667
2897.0
2846.66666667
2854.0
2808.66666667
2857.33333333
2875.33333333
2869.0
2870.33333333
2840.66666667
2884.66666667
2846.0
2831.66666667
SEC 62
2921.0
2918.0
2909.0
2933.0
2892.0
2894.0
2924.0
2934.66666667
2877.33333333
2898.0
2906.33333333
2934.33333333
2921.33333333
2898.66666667
2887.33333333
2885.33333333
2898.33333333
2860.33333333
2875.0
2923.0
2952.33333333
2899.0
2902.33333333
2921.33333333
2886.0
2915.0
2870.33333333
2976.66666667
2928.0
2925.33333333
2903.66666667
2910.0
2926.0
2908.33333333
2873.66666667
2910.0
2924.0
2891.33333333
2965.66666667
2883.33333333
2914.33333333
2917.0
2917.66666667
2905.0
2927.33333333
2889.0
2917.33333333
2908.66666667
2937.0
2840.0
2926.66666667
2912.0
2941.66666667
2896.0
2895.0
2897.33333333
2861.66666667
2921.0
2917.0
2917.66666667
2890.33333333
2930.0
2897.0
2879.33333333
SEC 63
2967.0
2960.33333333
2954.33333333
2978.66666667
2938.0
2940.33333333
2969.66666667
2978.0
2948.0
2911.33333333
2955.0
2971.0
2979.66666667
2946.33333333
2933.66666667
2929.33333333
2947.0
2905.66666667
2919.33333333
2980.66666667
2983.0
2946.33333333
2945.33333333
2960.66666667
2932.33333333
2960.0
2916.0
3024.0
2992.33333333
2953.0
2951.66666667
2954.33333333
2970.0
2951.0
2918.33333333
2958.66666667
2968.66666667
2935.0
3010.66666667
2928.33333333
2957.66666667
2957.0
2967.66666667
2956.0
2970.0
2937.33333333
2962.0
2951.66666667
2982.33333333
2885.33333333
2972.0
2962.0
2987.66666667
2937.66666667
2935.66666667
2923.0
2930.66666667
2962.33333333
2966.0
2959.33333333
2935.33333333
2975.66666667
2941.66666667
2919.0
SEC 64
3010.0
3006.0
3002.0
3025.0
2985.33333333
2991.0
3016.66666667
3024.66666667
2982.0
2965.33333333
2999.33333333
3021.33333333
3018.33333333
2975.0
2989.66666667
2980.0
2995.0
2953.0
2963.0
3030.66666667
3025.33333333
2988.0
2999.66666667
3007.0
2979.33333333
3012.0
2963.33333333
3068.0
3023.33333333
3018.33333333
3004.66666667
3001.33333333
3014.33333333
2993.33333333
2966.33333333
3005.66666667
3023.0
2982.0
3034.66666667
3001.66666667
3002.0
3006.33333333
3012.0
2995.66666667
3017.66666667
2982.33333333
3010.33333333
2997.66666667
3029.0
2936.33333333
3022.33333333
3012.33333333
3035.0
2978.66666667
2982.33333333
2945.66666667
2992.33333333
3012.33333333
3006.33333333
3020.33333333
2971.33333333
3025.0
2986.33333333
2965.33333333
SEC 65
3060.66666667
3058.0
3045.0
3071.66666667
3032.0
3046.0
3071.66666667
3074.66666667
3003.66666667
3041.0
3049.66666667
3055.33333333
3084.66666667
3020.66666667
3037.0
3032.33333333
3040.66666667
3000.66666667
3012.66666667
3074.33333333
3071.33333333
3046.0
3042.66666667
3053.0
3033.33333333
3060.0
3018.33333333
3119.33333333
3091.33333333
3061.66666667
3025.66666667
3077.66666667
3061.66666667
3044.33333333
3013.66666667
3057.66666667
3075.66666667
3029.66666667
3036.0
3098.66666667
3057.33333333
3053.66666667
3065.66666667
3047.66666667
3066.33333333
3027.0
3060.33333333
3048.66666667
3072.33333333
2984.33333333
3070.0
3065.0
3083.66666667
3023.66666667
3031.0
3015.66666667
3018.0
3062.66666667
3054.33333333
3032.0
3055.66666667
3069.33333333
3035.0
3013.33333333
SEC 66
3109.0
3107.66666667
3098.33333333
3118.66666667
3091.66666667
3081.0
3125.66666667
3121.66666667
3087.33333333
3058.33333333
3095.66666667
3125.66666667
3115.33333333
3079.0
3075.66666667
3086.33333333
3092.33333333
3055.66666667
3064.33333333
3137.66666667
3104.33333333
3090.0
3093.33333333
3104.33333333
3086.33333333
3103.33333333
3066.66666667
3160.66666667
3112.0
3144.66666667
3121.66666667
3084.33333333
3110.33333333
3099.33333333
3067.33333333
3105.66666667
3128.0
3082.0
3148.0
3090.33333333
3106.33333333
3107.0
3115.0
3100.33333333
3113.66666667
3083.33333333
3109.0
3099.0
3120.0
3038.33333333
3117.33333333
3119.33333333
3137.66666667
3071.0
3074.0
3077.0
3050.0
3112.66666667
3107.33333333
3076.66666667
3106.33333333
3120.33333333
3083.0
3061.66666667
SEC 67
3156.0
3158.0
3145.0
3167.33333333
3134.66666667
3132.0
3176.33333333
3175.33333333
3109.66666667
3134.0
3139.66666667
3170.33333333
3175.33333333
3120.0
3129.33333333
3134.33333333
3136.66666667
3106.33333333
3113.66666667
3157.33333333
3181.33333333
3135.33333333
3147.0
3155.66666667
3138.0
3149.66666667
3113.0
3209.66666667
3180.33333333
3171.0
3159.0
3144.33333333
3162.33333333
3150.33333333
3109.66666667
3159.33333333
3176.0
3133.33333333
3165.0
3170.33333333
3157.33333333
3157.0
3169.66666667
3145.66666667
3162.66666667
3133.66666667
3160.66666667
3144.66666667
3170.0
3088.33333333
3166.33333333
3166.0
3182.0
3124.66666667
3125.0
3133.66666667
3087.33333333
3159.33333333
3159.66666667
3133.66666667
3148.0
3175.0
3128.33333333
3108.66666667
SEC 68
3203.66666667
3206.0
3189.0
3213.66666667
3178.66666667
3187.66666667
3222.0
3227.66666667
3154.66666667
3181.0
3186.66666667
3208.33333333
3240.0
3175.66666667
3173.0
3179.66666667
3189.66666667
3153.33333333
3159.0
3224.33333333
3211.33333333
3184.0
3194.66666667
3201.0
3184.33333333
3196.0
3163.66666667
3256.33333333
3210.66666667
3237.66666667
3202.0
3201.0
3210.0
3197.66666667
3160.66666667
3209.66666667
3224.33333333
3180.66666667
3183.33333333
3247.33333333
3206.66666667
3199.33333333
3221.33333333
3190.66666667
3210.66666667
3181.66666667
3207.66666667
3194.0
3217.33333333
3137.0
3213.0
3211.0
3228.33333333
3176.66666667
3176.0
3159.0
3159.33333333
3205.0
3204.33333333
3208.66666667
3171.66666667
3227.33333333
3175.33333333
3153.33333333
SEC 69
3252.0
3254.66666667
3238.66666667
3258.66666667
3237.33333333
3228.0
3268.0
3274.0
3226.33333333
3203.0
3236.33333333
3256.33333333
3287.66666667
3221.66666667
3223.66666667
3225.66666667
3239.33333333
3203.33333333
3205.33333333
3266.0
3265.33333333
3225.66666667
3249.66666667
3248.0
3229.33333333
3242.33333333
3210.33333333
3299.66666667
3281.66666667
3263.66666667
3252.0
3250.33333333
3256.33333333
3248.0
3205.66666667
3259.33333333
3271.33333333
3231.33333333
3257.33333333
3268.0
3255.66666667
3246.0
3264.66666667
3237.33333333
3257.66666667
3225.33333333
3257.33333333
3240.33333333
3261.33333333
3186.33333333
3257.33333333
3265.0
3279.33333333
3221.66666667
3221.0
3192.33333333
3221.33333333
3253.33333333
3250.33333333
3248.33333333
3231.33333333
3281.66666667
3224.66666667
3198.66666667
SEC 70
3301.33333333
3304.0
3284.66666667
3304.66666667
3282.33333333
3276.0
3314.33333333
3322.33333333
3274.66666667
3245.66666667
3286.33333333
3337.66666667
3306.0
3284.66666667
3244.66666667
3268.66666667
3287.0
3249.0
3253.33333333
3309.0
3329.66666667
3284.66666667
3281.33333333
3290.33333333
3277.33333333
3291.33333333
3254.66666667
3345.66666667
3326.66666667
3310.33333333
3318.66666667
3280.33333333
3303.0
3296.33333333
3247.66666667
3304.0
3321.33333333
3280.0
3301.33333333
3325.33333333
3299.33333333
3292.0
3306.33333333
3286.66666667
3313.66666667
3272.0
3305.66666667
3284.33333333
3310.0
3239.66666667
3307.66666667
3315.0
3328.0
3268.0
3268.0
3269.33333333
3240.0
3297.0
3297.33333333
3296.33333333
3276.66666667
3331.33333333
3271.33333333
3246.33333333
SEC 71
3347.0
3351.0
3329.33333333
3353.66666667
3329.33333333
3329.33333333
3359.0
3371.0
3321.66666667
3293.0
3328.33333333
3368.33333333
3375.66666667
3333.66666667
3293.33333333
3315.33333333
3330.33333333
3302.66666667
3302.33333333
3365.0
3367.66666667
3334.33333333
3327.33333333
3339.33333333
3328.33333333
3344.66666667
3309.66666667
3395.33333333
3348.0
3383.66666667
3370.0
3321.33333333
3348.66666667
3343.33333333
3301.0
3351.0
3366.33333333
3329.33333333
3374.0
3347.33333333
3346.0
3344.33333333
3349.0
3338.33333333
3364.66666667
3319.0
3349.33333333
3333.66666667
3358.66666667
3285.33333333
3354.33333333
3361.33333333
3375.66666667
3317.33333333
3314.66666667
3286.33333333
3319.66666667
3345.0
3339.33333333
3354.0
3311.66666667
3377.66666667
3316.0
3293.0
SEC 72
3392.0
3403.66666667
3377.33333333
3401.0
3373.33333333
3378.33333333
3407.0
3427.33333333
3373.0
3344.0
3382.0
3419.33333333
3418.33333333
3378.33333333
3349.33333333
3361.33333333
3381.0
3356.33333333
3353.33333333
3419.33333333
3412.66666667
3370.33333333
3391.33333333
3390.0
3380.66666667
3393.33333333
3356.66666667
3444.0
3396.33333333
3429.66666667
3390.66666667
3406.33333333
3396.33333333
3391.33333333
3350.0
3404.66666667
3409.66666667
3374.33333333
3371.0
3445.66666667
3397.33333333
3394.66666667
3399.0
3385.66666667
3411.66666667
3369.66666667
3401.33333333
3387.66666667
3411.66666667
3336.0
3405.33333333
3413.0
3427.33333333
3365.0
3366.0
3350.66666667
3356.66666667
3393.33333333
3390.66666667
3355.0
3402.0
3429.33333333
3362.33333333
3341.33333333
SEC 73
3439.0
3456.0
3423.66666667
3448.66666667
3430.0
3415.0
3454.66666667
3474.66666667
3418.0
3400.66666667
3427.0
3471.66666667
3464.0
3405.66666667
3411.0
3408.0
3431.0
3406.33333333
3404.66666667
3473.0
3458.0
3432.0
3425.33333333
3438.0
3427.66666667
3445.33333333
3406.33333333
3494.33333333
3489.66666667
3431.33333333
3468.0
3424.66666667
3448.66666667
3439.66666667
3395.33333333
3460.0
3452.33333333
3423.0
3470.66666667
3448.66666667
3445.0
3444.0
3447.33333333
3431.0
3461.0
3419.33333333
3452.66666667
3441.33333333
3463.33333333
3380.33333333
3449.66666667
3460.66666667
3477.33333333
3413.0
3417.33333333
3411.66666667
3388.33333333
3442.66666667
3438.66666667
3450.66666667
3401.33333333
3477.0
3414.66666667
3395.66666667
SEC 74
3488.0
3505.0
3479.0
3496.33333333
3476.0
3467.0
3503.0
3525.33333333
3448.66666667
3472.66666667
3477.33333333
3521.33333333
3519.0
3462.66666667
3459.66666667
3467.0
3478.33333333
3455.33333333
3457.0
3512.33333333
3524.0
3484.0
3474.66666667
3484.66666667
3476.66666667
3496.33333333
3459.33333333
3544.0
3524.0
3508.0
3486.0
3513.33333333
3506.33333333
3487.0
3449.0
3504.0
3501.0
3474.0
3497.0
3519.66666667
3494.0
3494.33333333
3496.66666667
3484.0
3508.66666667
3470.33333333
3503.0
3490.66666667
3509.66666667
3432.66666667
3503.33333333
3517.33333333
3529.33333333
3464.33333333
3466.0
3454.33333333
3452.33333333
3502.33333333
3488.33333333
3453.33333333
3500.0
3524.0
3466.33333333
3447.0
SEC 75
3530.33333333
3552.66666667
3533.66666667
3540.0
3526.33333333
3507.33333333
3551.66666667
3575.33333333
3494.66666667
3518.66666667
3527.66666667
3551.33333333
3584.0
3527.33333333
3492.0
3515.0
3530.0
3501.66666667
3502.0
3560.0
3565.33333333
3551.66666667
3508.66666667
3532.0
3526.0
3547.0
3510.33333333
3594.0
3573.66666667
3549.33333333
3563.0
3523.0
3555.66666667
3535.0
3498.66666667
3552.33333333
3551.33333333
3523.0
3510.0
3607.66666667
3535.33333333
3546.66666667
3543.66666667
3528.0
3558.0
3516.66666667
3552.0
3538.66666667
3552.0
3480.66666667
3548.0
3561.66666667
3573.0
3509.0
3516.0
3496.66666667
3499.0
3549.66666667
3536.0
3533.0
3517.66666667
3565.66666667
3515.33333333
3491.0
SEC 76
3582.33333333
3607.33333333
3585.0
3593.66666667
3575.0
3566.66666667
3607.33333333
3625.33333333
3568.33333333
3544.66666667
3582.0
3616.33333333
3623.33333333
3577.33333333
3546.66666667
3560.33333333
3576.66666667
3555.66666667
3555.0
3610.0
3618.33333333
3596.33333333
3562.0
3581.0
3576.0
3599.66666667
3562.0
3645.66666667
3605.66666667
3621.33333333
3573.33333333
3617.66666667
3607.66666667
3586.33333333
3554.0
3605.33333333
3604.0
3575.66666667
3609.33333333
3613.66666667
3584.66666667
3598.0
3596.66666667
3576.0
3611.66666667
3566.33333333
3606.0
3591.0
3601.66666667
3531.66666667
3598.66666667
3608.66666667
3622.33333333
3561.33333333
3572.0
3576.66666667
3521.33333333
3593.0
3583.0
3601.0
3553.33333333
3615.66666667
3561.33333333
3541.0
SEC 77
3635.33333333
3659.33333333
3625.33333333
3644.0
3619.33333333
3616.33333333
3656.66666667
3681.33333333
3588.0
3620.0
3631.0
3661.33333333
3671.66666667
3607.66666667
3613.66666667
3608.66666667
3624.33333333
3605.33333333
3604.0
3665.33333333
3657.66666667
3626.33333333
3622.33333333
3630.33333333
3622.0
3644.66666667
3608.33333333
3688.33333333
3668.33333333
3650.66666667
3650.66666667
3637.66666667
3655.33333333
3631.0
3603.66666667
3656.33333333
3650.66666667
3623.66666667
3708.66666667
3610.33333333
3632.0
3644.0
3642.33333333
3621.66666667
3655.66666667
3606.0
3658.66666667
3641.0
3649.33333333
3581.66666667
3644.33333333
3651.0
3672.0
3605.66666667
3619.0
3569.0
3627.0
3640.33333333
3631.66666667
3631.33333333
3620.66666667
3657.66666667
3604.0
3589.66666667
SEC 78
3684.66666667
3707.66666667
3679.0
3691.66666667
3677.66666667
3658.33333333
3706.0
3731.33333333
3665.0
3644.33333333
3682.66666667
3700.33333333
3727.0
3661.33333333
3656.0
3657.33333333
3671.0
3652.0
3657.66666667
3716.66666667
3699.0
3683.0
3664.0
3679.33333333
3669.0
3693.0
3659.0
3734.66666667
3684.66666667
3732.33333333
3712.66666667
3672.66666667
3709.33333333
3676.0
3650.0
3700.0
3697.66666667
3669.33333333
3698.66666667
3715.66666667
3684.66666667
3691.0
3688.0
3671.66666667
3700.66666667
3657.0
3704.0
3690.0
3694.66666667
3630.66666667
3696.33333333
3699.0
3720.0
3653.33333333
3667.66666667
3623.33333333
3679.0
3685.33333333
3681.0
3654.33333333
3703.0
3707.0
3655.66666667
3633.33333333
SEC 79
3730.0
3750.33333333
3722.0
3733.33333333
3721.0
3703.66666667
3748.66666667
3774.66666667
3687.0
3708.33333333
3734.0
3753.66666667
3762.0
3706.33333333
3690.33333333
3705.0
3714.0
3691.33333333
3700.0
3752.66666667
3747.33333333
3719.0
3711.0
3723.66666667
3714.66666667
3739.0
3699.33333333
3780.0
3727.66666667
3772.33333333
3756.33333333
3716.66666667
3755.0
3716.0
3696.66666667
3740.0
3740.66666667
3714.0
3748.66666667
3748.66666667
3727.33333333
3733.66666667
3729.0
3713.66666667
3751.33333333
3698.66666667
3745.33333333
3737.33333333
3739.66666667
3676.66666667
3740.33333333
3742.33333333
3763.33333333
3692.66666667
3711.0
3691.33333333
3705.66666667
3728.66666667
3725.0
3744.0
3698.0
3749.0
3700.33333333
3677.33333333
SEC 80
3776.33333333
3795.0
3776.33333333
3780.33333333
3750.0
3773.66666667
3798.66666667
3815.66666667
3773.0
3720.0
3785.33333333
3814.0
3801.0
3726.66666667
3771.66666667
3752.33333333
3763.0
3740.66666667
3750.66666667
3791.0
3808.33333333
3766.33333333
3758.0
3767.66666667
3760.33333333
3785.66666667
3742.33333333
3828.0
3798.33333333
3808.0
3803.66666667
3763.66666667
3806.66666667
3761.66666667
3743.33333333
3788.66666667
3791.66666667
3764.66666667
3835.66666667
3764.66666667
3772.33333333
3782.0
3780.33333333
3762.0
3796.66666667
3744.0
3792.66666667
3786.66666667
3784.66666667
3726.0
3789.33333333
3789.66666667
3810.0
3742.33333333
3756.66666667
3755.66666667
3739.0
3775.0
3774.66666667
3796.66666667
3750.0
3798.66666667
3747.66666667
3725.0
