SEC 1
22.3333333333
23.6666666667
22.3333333333
22.3333333333
25.0
21.0
23.6666666667
23.6666666667
22.3333333333
23.0
24.3333333333
23.0
24.0
21.6666666667
21.6666666667
19.6666666667
21.6666666667
23.3333333333
24.0
25.3333333333
22.3333333333
22.6666666667
22.0
23.3333333333
19.0
20.3333333333
22.6666666667
17.3333333333
21.3333333333
23.3333333333
20.6666666667
21.0
27.0
21.3333333333
21.3333333333
22.0
21.0
22.0
24.6666666667
21.3333333333
21.3333333333
21.0
22.0
17.6666666667
23.0
22.3333333333
24.0
19.0
24.6666666667
21.0
22.6666666667
25.3333333333
18.3333333333
24.3333333333
21.0
19.0
24.3333333333
23.3333333333
18.6666666667
24.0
20.0
23.3333333333
20.0
23.0
SEC 2
57.6666666667
64.0
66.6666666667
60.3333333333
60.3333333333
55.3333333333
66.0
63.6666666667
65.0
61.0
63.6666666667
60.0
65.3333333333
61.6666666667
62.6666666667
58.3333333333
56.6666666667
60.0
61.3333333333
67.6666666667
74.0
62.3333333333
61.0
64.6666666667
62.3333333333
62.6666666667
66.0
55.6666666667
58.3333333333
65.0
65.3333333333
67.3333333333
66.0
62.0
64.6666666667
66.6666666667
59.6666666667
62.0
54.6666666667
66.3333333333
60.0
63.6666666667
67.3333333333
59.3333333333
64.3333333333
63.6666666667
63.6666666667
54.6666666667
65.3333333333
63.3333333333
60.3333333333
65.3333333333
54.3333333333
66.3333333333
68.6666666667
63.0
69.0
64.0
62.0
61.3333333333
66.0
64.6666666667
62.6666666667
62.6666666667
SEC 3
106.666666667
115.666666667
116.666666667
113.666666667
110.666666667
107.333333333
117.0
119.0
112.333333333
108.0
113.333333333
113.666666667
117.333333333
110.333333333
112.333333333
105.666666667
104.666666667
111.666666667
111.0
113.333333333
123.0
116.333333333
112.0
120.0
108.0
107.0
119.0
106.666666667
114.333333333
104.666666667
116.0
115.666666667
114.0
112.0
115.666666667
114.666666667
110.0
115.333333333
106.0
115.666666667
108.333333333
113.333333333
122.666666667
109.0
108.333333333
110.333333333
110.666666667
107.666666667
110.0
116.0
114.666666667
112.0
106.333333333
116.666666667
121.0
117.0
111.0
108.666666667
117.666666667
117.666666667
112.0
115.333333333
116.0
110.333333333
SEC 4
154.333333333
163.0
158.333333333
158.666666667
159.0
150.333333333
162.333333333
159.0
160.666666667
154.333333333
159.666666667
167.666666667
156.666666667
151.333333333
168.333333333
152.666666667
151.333333333
162.0
156.333333333
160.0
172.0
158.333333333
161.333333333
168.333333333
155.333333333
154.333333333
167.666666667
154.333333333
157.0
165.0
172.666666667
167.0
155.333333333
159.0
165.0
174.333333333
159.333333333
156.666666667
154.666666667
167.333333333
156.0
168.666666667
173.333333333
155.0
157.0
163.333333333
156.0
155.333333333
156.666666667
171.333333333
160.333333333
158.0
151.0
168.0
164.333333333
162.666666667
164.333333333
151.666666667
165.333333333
160.666666667
170.0
167.666666667
158.333333333
158.0
SEC 5
211.0
214.0
214.333333333
209.666666667
214.666666667
213.666666667
218.666666667
214.666666667
207.666666667
222.333333333
212.666666667
216.0
214.666666667
208.666666667
217.0
208.333333333
209.0
219.0
214.666666667
215.0
223.0
212.666666667
219.333333333
233.0
210.0
215.0
230.666666667
210.666666667
213.0
230.0
226.666666667
222.666666667
211.0
219.0
221.0
230.333333333
217.333333333
212.0
209.666666667
219.666666667
211.333333333
223.333333333
230.333333333
204.333333333
216.666666667
226.333333333
208.666666667
215.0
212.333333333
222.333333333
213.0
214.333333333
214.333333333
221.666666667
224.0
215.333333333
219.0
203.333333333
229.0
215.0
224.666666667
220.333333333
209.666666667
212.333333333
SEC 6
267.333333333
273.0
269.0
269.0
272.666666667
271.666666667
276.666666667
278.333333333
275.0
274.333333333
267.333333333
273.0
279.0
274.333333333
272.0
268.0
265.333333333
279.0
274.666666667
275.333333333
281.333333333
279.333333333
276.666666667
292.0
275.0
279.333333333
288.0
276.333333333
277.666666667
280.0
283.666666667
292.0
267.666666667
276.333333333
281.666666667
284.666666667
277.0
267.666666667
271.666666667
276.666666667
272.333333333
287.0
285.333333333
265.0
275.333333333
284.666666667
270.666666667
270.333333333
268.666666667
286.0
270.333333333
281.333333333
274.333333333
280.0
287.0
284.666666667
283.0
268.666666667
292.333333333
271.0
296.0
273.666666667
273.666666667
277.0
SEC 7
320.333333333
329.333333333
325.0
317.666666667
325.0
333.0
336.333333333
330.666666667
331.333333333
331.333333333
316.666666667
335.0
326.333333333
339.666666667
321.666666667
334.666666667
313.0
335.333333333
333.333333333
337.333333333
332.666666667
339.333333333
322.333333333
344.333333333
330.0
335.333333333
339.666666667
325.333333333
327.666666667
331.333333333
342.0
338.666666667
321.666666667
325.333333333
331.333333333
333.666666667
335.666666667
323.333333333
331.0
321.666666667
324.0
338.0
337.333333333
321.333333333
328.666666667
339.666666667
333.333333333
327.666666667
321.666666667
337.333333333
321.0
334.666666667
328.333333333
333.0
337.666666667
342.0
336.333333333
320.666666667
356.666666667
323.0
341.333333333
324.666666667
330.666666667
325.666666667
SEC 8
368.333333333
379.333333333
380.0
364.666666667
379.666666667
385.666666667
387.0
381.0
386.0
377.333333333
375.333333333
380.333333333
388.0
390.666666667
384.333333333
389.0
368.0
396.0
386.333333333
381.0
391.0
393.333333333
381.333333333
396.333333333
379.666666667
388.333333333
387.333333333
373.666666667
383.666666667
378.333333333
405.333333333
389.333333333
373.0
382.333333333
390.0
391.333333333
389.0
377.0
379.333333333
376.666666667
377.0
390.333333333
394.0
378.333333333
380.666666667
395.333333333
385.333333333
382.666666667
381.333333333
382.0
370.666666667
383.666666667
381.666666667
381.666666667
389.666666667
384.666666667
392.0
372.333333333
410.0
371.0
398.333333333
374.0
382.666666667
381.333333333
SEC 9
420.333333333
438.666666667
427.666666667
419.666666667
448.333333333
425.333333333
441.333333333
434.0
442.333333333
427.0
429.0
435.333333333
441.0
453.0
429.333333333
445.666666667
419.333333333
450.333333333
444.0
436.333333333
443.666666667
433.0
445.666666667
448.333333333
430.0
442.333333333
442.666666667
427.0
433.0
438.666666667
449.666666667
446.0
424.0
440.666666667
441.333333333
444.0
444.333333333
437.0
436.666666667
428.0
432.333333333
438.0
450.666666667
433.0
430.0
444.666666667
436.666666667
436.333333333
433.0
434.666666667
425.333333333
436.333333333
439.0
440.333333333
439.666666667
444.333333333
434.666666667
423.0
461.333333333
455.666666667
421.666666667
427.333333333
440.666666667
436.666666667
SEC 10
477.333333333
497.333333333
487.333333333
481.333333333
489.666666667
496.666666667
494.333333333
494.0
501.0
484.333333333
484.333333333
503.666666667
493.666666667
491.333333333
512.666666667
511.666666667
472.0
507.666666667
499.666666667
497.333333333
492.666666667
487.333333333
504.666666667
506.0
489.0
500.666666667
497.333333333
488.0
491.666666667
492.333333333
512.0
491.333333333
486.333333333
501.0
502.666666667
497.333333333
506.666666667
499.333333333
489.0
482.666666667
492.0
497.333333333
511.666666667
496.666666667
484.666666667
508.666666667
495.333333333
494.0
487.333333333
494.0
482.666666667
497.333333333
499.0
500.666666667
495.666666667
499.333333333
496.333333333
479.333333333
517.0
508.333333333
487.666666667
487.333333333
507.333333333
499.333333333
SEC 11
536.0
553.0
548.0
533.666666667
551.666666667
552.333333333
549.666666667
547.666666667
552.666666667
533.0
536.0
553.666666667
543.333333333
558.666666667
551.333333333
565.0
526.666666667
559.333333333
558.0
549.666666667
551.333333333
548.666666667
551.0
562.666666667
541.333333333
560.666666667
549.666666667
542.666666667
550.666666667
546.333333333
542.0
562.0
540.333333333
559.333333333
550.333333333
556.666666667
559.666666667
554.0
529.666666667
545.666666667
543.666666667
547.333333333
565.666666667
556.666666667
542.0
558.333333333
558.666666667
546.0
544.333333333
544.0
528.0
553.333333333
548.333333333
549.666666667
546.666666667
554.0
543.666666667
537.0
571.666666667
540.0
576.0
541.666666667
564.0
550.666666667
SEC 12
593.333333333
608.666666667
605.666666667
584.0
607.333333333
606.0
601.0
600.333333333
581.333333333
605.666666667
591.0
600.333333333
610.0
599.0
619.333333333
618.666666667
572.333333333
614.333333333
612.0
611.0
610.333333333
597.0
611.666666667
615.666666667
591.666666667
612.333333333
602.0
597.333333333
596.333333333
607.666666667
596.0
605.0
601.0
617.333333333
604.333333333
609.333333333
620.333333333
606.666666667
587.0
597.333333333
597.666666667
606.666666667
622.333333333
609.0
595.333333333
608.333333333
613.666666667
606.666666667
591.0
595.666666667
589.333333333
607.0
605.0
601.333333333
605.333333333
601.333333333
607.0
596.0
627.0
621.333333333
596.666666667
596.0
617.666666667
606.666666667
SEC 13
655.0
664.0
657.333333333
636.333333333
673.0
657.0
656.666666667
654.333333333
646.0
655.0
642.333333333
657.333333333
663.0
671.666666667
656.333333333
674.666666667
633.0
673.666666667
666.0
661.0
669.333333333
672.0
644.666666667
667.666666667
649.0
670.333333333
658.0
653.333333333
652.666666667
655.0
669.333333333
651.666666667
657.0
674.333333333
663.666666667
662.333333333
677.333333333
660.333333333
640.333333333
654.333333333
650.0
660.666666667
680.333333333
664.666666667
650.666666667
666.0
666.666666667
659.333333333
656.666666667
643.0
644.333333333
663.0
661.666666667
653.0
655.666666667
663.333333333
659.333333333
654.666666667
685.666666667
655.0
673.666666667
649.333333333
673.666666667
660.666666667
SEC 14
704.666666667
724.333333333
705.0
688.0
716.0
714.0
704.0
704.666666667
695.0
705.333333333
690.666666667
710.0
717.0
721.0
706.0
729.666666667
680.0
721.666666667
714.666666667
719.666666667
716.333333333
695.333333333
721.0
717.333333333
701.333333333
719.333333333
704.0
706.666666667
708.666666667
701.666666667
723.0
710.666666667
710.666666667
725.0
714.0
712.333333333
723.666666667
714.666666667
693.0
698.333333333
702.0
712.666666667
729.0
718.0
698.333333333
716.666666667
711.0
713.333333333
706.666666667
695.0
692.333333333
715.666666667
713.0
704.666666667
700.666666667
715.333333333
708.333333333
712.333333333
739.0
719.0
707.0
706.0
721.666666667
711.666666667
SEC 15
761.666666667
779.0
765.333333333
740.333333333
760.666666667
778.333333333
758.666666667
761.0
765.666666667
740.666666667
746.666666667
761.333333333
779.0
763.666666667
776.0
787.333333333
739.666666667
779.0
765.0
774.333333333
769.333333333
769.0
759.0
768.666666667
753.666666667
778.666666667
761.333333333
760.333333333
745.666666667
770.333333333
773.333333333
777.333333333
766.666666667
777.666666667
777.0
770.0
776.666666667
772.333333333
744.0
752.0
764.333333333
770.0
782.666666667
774.0
764.0
775.333333333
767.666666667
767.333333333
761.333333333
749.666666667
747.666666667
768.0
770.333333333
762.0
754.0
779.666666667
759.666666667
765.333333333
792.333333333
787.333333333
758.0
758.666666667
784.666666667
771.666666667
SEC 16
819.666666667
833.666666667
822.333333333
797.666666667
817.0
837.333333333
816.333333333
819.333333333
807.333333333
815.333333333
806.666666667
825.666666667
835.0
830.666666667
829.0
845.666666667
801.666666667
837.0
825.0
836.666666667
831.333333333
807.0
832.333333333
827.0
816.666666667
841.0
820.333333333
823.333333333
827.666666667
804.333333333
832.333333333
834.666666667
821.333333333
840.333333333
839.0
832.333333333
832.666666667
827.0
811.666666667
805.666666667
824.0
827.333333333
840.0
835.0
824.666666667
831.333333333
825.666666667
828.333333333
820.666666667
803.666666667
805.666666667
823.666666667
830.333333333
817.333333333
810.666666667
821.0
837.666666667
824.666666667
848.666666667
847.0
814.666666667
818.0
842.333333333
831.0
SEC 17
880.333333333
894.0
884.333333333
859.333333333
893.666666667
892.0
873.0
885.333333333
886.666666667
857.0
872.666666667
894.666666667
880.666666667
899.0
881.333333333
904.0
863.333333333
897.666666667
883.0
895.0
890.0
883.333333333
872.0
886.666666667
872.0
894.333333333
881.333333333
877.333333333
862.333333333
882.666666667
892.333333333
893.666666667
879.666666667
894.666666667
901.666666667
884.0
888.333333333
888.666666667
878.666666667
864.333333333
876.666666667
889.333333333
905.666666667
893.666666667
886.0
890.666666667
888.0
887.333333333
883.0
857.666666667
863.666666667
881.333333333
891.333333333
868.0
872.0
898.666666667
876.333333333
882.333333333
903.333333333
904.0
874.0
878.0
896.666666667
886.333333333
SEC 18
941.333333333
952.666666667
946.0
917.333333333
947.0
951.0
931.333333333
946.333333333
928.0
934.0
927.333333333
931.666666667
967.0
960.0
954.333333333
966.0
923.333333333
961.666666667
944.333333333
951.333333333
960.333333333
948.333333333
934.0
948.333333333
931.0
962.666666667
946.0
935.333333333
922.0
945.333333333
949.333333333
960.666666667
945.666666667
960.666666667
961.0
947.333333333
944.333333333
950.666666667
933.666666667
929.666666667
932.666666667
949.333333333
965.333333333
958.333333333
947.0
949.333333333
947.0
947.333333333
939.333333333
911.333333333
925.333333333
942.333333333
952.0
927.666666667
934.0
952.0
941.333333333
943.666666667
964.666666667
957.666666667
937.333333333
936.333333333
959.333333333
944.333333333
SEC 19
998.666666667
1007.66666667
1007.66666667
978.0
1013.66666667
1002.0
988.0
997.333333333
983.666666667
994.666666667
986.0
1020.33333333
991.333333333
1000.66666667
1024.66666667
1026.0
976.333333333
1022.66666667
1007.33333333
1006.0
1024.66666667
988.666666667
1007.33333333
1006.66666667
994.666666667
1020.33333333
1005.0
988.333333333
976.333333333
1004.66666667
1005.66666667
1023.0
1004.0
1018.33333333
1017.33333333
1006.0
1000.66666667
1007.0
986.0
999.0
985.666666667
1005.33333333
1025.66666667
1019.33333333
1004.66666667
1007.33333333
1000.33333333
1007.66666667
997.0
967.0
984.333333333
996.666666667
1009.0
980.666666667
991.0
997.333333333
1004.33333333
1002.33333333
1023.66666667
1012.66666667
997.0
994.0
1019.33333333
1003.66666667
SEC 20
1058.33333333
1062.66666667
1067.33333333
1028.0
1065.0
1063.33333333
1043.66666667
1051.66666667
1061.66666667
1029.0
1036.33333333
1063.0
1059.0
1051.66666667
1085.66666667
1082.0
1037.33333333
1076.66666667
1063.66666667
1075.66666667
1073.0
1043.33333333
1061.33333333
1065.33333333
1050.66666667
1074.33333333
1062.33333333
1044.0
1057.66666667
1032.66666667
1063.66666667
1083.0
1061.0
1069.0
1074.0
1060.66666667
1053.33333333
1064.33333333
1056.66666667
1037.66666667
1044.66666667
1060.0
1083.33333333
1079.33333333
1060.0
1061.33333333
1059.66666667
1062.33333333
1050.33333333
1022.0
1040.0
1050.33333333
1065.0
1043.0
1045.0
1065.0
1049.66666667
1055.0
1079.66666667
1042.66666667
1072.0
1049.33333333
1078.33333333
1052.66666667
SEC 21
1118.66666667
1131.0
1125.0
1092.0
1129.33333333
1115.0
1100.33333333
1114.33333333
1125.66666667
1089.66666667
1096.66666667
1128.33333333
1117.66666667
1130.66666667
1123.0
1140.66666667
1098.0
1135.0
1121.33333333
1143.66666667
1122.33333333
1113.0
1109.0
1128.0
1104.66666667
1136.0
1119.66666667
1107.66666667
1082.66666667
1121.0
1140.66666667
1130.0
1126.33333333
1129.0
1136.33333333
1113.33333333
1117.66666667
1126.33333333
1106.0
1112.0
1099.33333333
1123.66666667
1144.0
1145.0
1120.33333333
1118.66666667
1122.66666667
1121.33333333
1114.33333333
1079.66666667
1102.33333333
1114.0
1126.0
1101.33333333
1102.33333333
1118.66666667
1116.33333333
1117.66666667
1140.66666667
1127.33333333
1106.33333333
1108.33333333
1137.0
1115.33333333
SEC 22
1177.33333333
1190.0
1182.66666667
1147.33333333
1185.33333333
1175.66666667
1155.33333333
1172.33333333
1163.33333333
1168.66666667
1152.66666667
1186.33333333
1183.0
1181.66666667
1188.33333333
1197.0
1156.66666667
1190.33333333
1179.33333333
1193.33333333
1191.33333333
1164.0
1170.66666667
1188.0
1160.0
1193.33333333
1178.33333333
1164.33333333
1176.66666667
1146.33333333
1197.33333333
1192.33333333
1185.33333333
1186.66666667
1187.33333333
1167.33333333
1179.0
1179.66666667
1174.33333333
1162.66666667
1157.33333333
1181.33333333
1203.66666667
1201.66666667
1177.66666667
1178.66666667
1180.0
1182.0
1170.66666667
1133.33333333
1162.33333333
1166.0
1184.0
1151.66666667
1162.0
1186.66666667
1166.66666667
1177.33333333
1196.66666667
1185.0
1169.0
1169.33333333
1191.66666667
1172.66666667
SEC 23
1235.66666667
1245.33333333
1241.66666667
1202.33333333
1228.33333333
1242.33333333
1215.66666667
1234.33333333
1220.33333333
1226.66666667
1213.33333333
1240.0
1238.0
1247.66666667
1243.33333333
1254.33333333
1218.0
1252.33333333
1239.33333333
1247.0
1251.66666667
1244.33333333
1203.33333333
1252.0
1218.0
1256.33333333
1232.66666667
1220.0
1202.33333333
1233.66666667
1255.66666667
1247.33333333
1240.66666667
1245.0
1243.66666667
1229.33333333
1237.66666667
1243.0
1240.33333333
1210.66666667
1212.0
1230.0
1257.0
1259.33333333
1235.66666667
1236.33333333
1243.66666667
1240.0
1223.0
1186.0
1219.33333333
1223.66666667
1241.0
1207.66666667
1221.66666667
1237.66666667
1228.0
1237.33333333
1259.0
1221.33333333
1248.0
1227.33333333
1251.66666667
1237.66666667
SEC 24
1293.66666667
1297.66666667
1299.66666667
1260.33333333
1288.0
1302.0
1277.0
1286.66666667
1258.0
1302.0
1268.0
1297.0
1287.33333333
1285.66666667
1315.33333333
1316.0
1272.33333333
1306.66666667
1298.0
1315.33333333
1301.66666667
1258.33333333
1297.0
1310.66666667
1271.33333333
1312.33333333
1286.66666667
1269.33333333
1280.66666667
1261.0
1297.33333333
1318.33333333
1291.0
1306.66666667
1298.66666667
1283.0
1295.0
1300.66666667
1273.0
1291.33333333
1266.33333333
1279.0
1314.66666667
1314.33333333
1296.33333333
1293.66666667
1300.0
1295.66666667
1278.33333333
1244.33333333
1278.0
1276.33333333
1302.66666667
1263.66666667
1272.66666667
1297.0
1279.0
1290.0
1319.0
1301.33333333
1274.66666667
1279.66666667
1303.66666667
1298.66666667
SEC 25
1354.0
1355.0
1357.0
1317.33333333
1356.66666667
1346.0
1336.33333333
1343.0
1340.66666667
1335.66666667
1326.0
1350.66666667
1346.0
1344.0
1371.33333333
1379.33333333
1330.66666667
1371.0
1353.33333333
1355.33333333
1378.0
1314.66666667
1355.0
1370.0
1330.0
1371.33333333
1343.33333333
1334.66666667
1339.0
1322.66666667
1364.33333333
1367.0
1348.66666667
1365.66666667
1354.0
1346.33333333
1351.0
1355.0
1332.66666667
1337.0
1322.33333333
1336.66666667
1372.66666667
1373.33333333
1353.33333333
1356.66666667
1356.66666667
1354.66666667
1340.0
1295.66666667
1335.33333333
1330.0
1356.66666667
1320.66666667
1326.0
1349.33333333
1351.66666667
1346.33333333
1378.33333333
1332.33333333
1366.66666667
1337.66666667
1355.33333333
1357.33333333
SEC 26
1409.33333333
1415.0
1414.66666667
1372.33333333
1413.33333333
1406.33333333
1398.33333333
1393.33333333
1416.0
1378.66666667
1386.33333333
1407.0
1400.66666667
1422.33333333
1396.0
1438.66666667
1385.0
1425.66666667
1411.0
1407.66666667
1435.0
1374.0
1416.33333333
1427.33333333
1383.33333333
1426.33333333
1397.66666667
1388.0
1394.33333333
1379.0
1416.66666667
1429.0
1403.33333333
1425.33333333
1414.33333333
1408.0
1406.33333333
1414.0
1402.0
1380.33333333
1380.0
1395.66666667
1432.33333333
1428.66666667
1407.0
1412.66666667
1412.66666667
1415.66666667
1399.0
1353.33333333
1391.33333333
1384.66666667
1419.33333333
1379.66666667
1382.33333333
1410.66666667
1406.33333333
1404.0
1433.33333333
1423.33333333
1384.66666667
1397.33333333
1405.33333333
1411.66666667
SEC 27
1466.66666667
1469.33333333
1475.0
1431.66666667
1459.66666667
1468.0
1454.0
1449.66666667
1469.0
1441.33333333
1447.0
1462.33333333
1466.0
1488.0
1447.66666667
1496.66666667
1437.66666667
1483.33333333
1467.33333333
1477.66666667
1479.0
1446.0
1465.66666667
1483.0
1444.33333333
1479.33333333
1455.0
1446.0
1431.33333333
1461.66666667
1479.0
1490.0
1462.66666667
1477.0
1472.0
1461.66666667
1464.66666667
1470.66666667
1435.66666667
1467.0
1438.0
1451.66666667
1485.66666667
1486.66666667
1462.66666667
1475.66666667
1472.33333333
1474.33333333
1454.66666667
1412.33333333
1448.33333333
1445.66666667
1477.33333333
1433.0
1437.0
1476.0
1453.0
1460.33333333
1487.66666667
1479.66666667
1444.33333333
1455.66666667
1460.66666667
1469.0
SEC 28
1519.66666667
1526.66666667
1537.66666667
1490.0
1530.33333333
1519.66666667
1516.66666667
1508.33333333
1530.0
1500.66666667
1506.66666667
1527.33333333
1521.0
1551.66666667
1509.0
1555.0
1495.66666667
1536.0
1527.0
1521.33333333
1547.0
1518.33333333
1509.66666667
1543.33333333
1505.66666667
1541.0
1514.33333333
1501.0
1521.66666667
1486.66666667
1551.33333333
1531.33333333
1521.33333333
1536.33333333
1533.33333333
1522.0
1522.0
1530.0
1497.66666667
1526.66666667
1501.33333333
1516.66666667
1548.0
1542.66666667
1524.66666667
1535.66666667
1537.0
1531.0
1515.66666667
1467.0
1507.66666667
1503.33333333
1531.66666667
1496.66666667
1491.66666667
1528.33333333
1518.0
1521.66666667
1548.33333333
1532.0
1513.66666667
1518.33333333
1516.33333333
1533.0
SEC 29
1580.66666667
1580.33333333
1592.33333333
1546.33333333
1583.33333333
1590.33333333
1575.33333333
1564.66666667
1604.33333333
1547.0
1566.0
1586.33333333
1573.33333333
1612.66666667
1571.0
1616.33333333
1555.33333333
1594.66666667
1584.33333333
1585.33333333
1601.33333333
1579.66666667
1562.33333333
1599.66666667
1569.0
1597.66666667
1574.33333333
1560.33333333
1577.66666667
1546.66666667
1612.66666667
1591.0
1586.0
1592.66666667
1585.33333333
1575.0
1580.66666667
1590.0
1554.33333333
1588.0
1556.66666667
1572.0
1604.33333333
1602.0
1581.66666667
1592.33333333
1596.0
1590.33333333
1570.33333333
1532.33333333
1571.0
1568.0
1587.33333333
1554.66666667
1552.33333333
1582.0
1575.0
1577.0
1612.0
1600.66666667
1569.0
1572.66666667
1573.66666667
1601.33333333
SEC 30
1645.0
1636.66666667
1648.0
1605.66666667
1635.66666667
1640.0
1632.66666667
1624.0
1654.0
1610.0
1622.66666667
1625.33333333
1643.0
1649.66666667
1649.0
1679.66666667
1611.66666667
1652.33333333
1643.66666667
1668.66666667
1635.66666667
1645.33333333
1618.33333333
1654.33333333
1619.66666667
1663.0
1630.33333333
1620.33333333
1605.33333333
1630.66666667
1669.33333333
1651.66666667
1643.33333333
1649.66666667
1642.0
1639.66666667
1645.0
1653.66666667
1649.0
1614.0
1612.0
1634.0
1660.33333333
1661.0
1641.66666667
1652.33333333
1652.0
1654.33333333
1630.33333333
1594.0
1628.0
1627.0
1645.0
1613.0
1611.66666667
1637.66666667
1627.33333333
1635.66666667
1670.0
1625.33333333
1660.0
1631.33333333
1634.66666667
1659.66666667
SEC 31
1705.66666667
1696.0
1708.66666667
1667.66666667
1693.0
1703.0
1692.0
1683.0
1719.33333333
1671.33333333
1684.66666667
1705.66666667
1684.33333333
1708.66666667
1713.66666667
1737.66666667
1668.0
1707.0
1708.0
1720.0
1699.66666667
1683.33333333
1697.66666667
1710.33333333
1683.0
1724.33333333
1687.0
1680.0
1695.33333333
1658.33333333
1734.66666667
1700.66666667
1706.66666667
1710.0
1705.0
1705.0
1702.66666667
1713.66666667
1707.0
1675.66666667
1667.66666667
1691.66666667
1723.66666667
1715.33333333
1700.66666667
1714.0
1710.0
1710.0
1689.66666667
1652.0
1690.0
1686.0
1703.66666667
1669.33333333
1668.0
1693.0
1686.0
1700.0
1728.66666667
1700.33333333
1710.33333333
1691.66666667
1693.66666667
1716.66666667
SEC 32
1764.0
1756.66666667
1764.66666667
1725.66666667
1765.33333333
1745.66666667
1753.0
1740.33333333
1739.0
1773.66666667
1748.66666667
1765.0
1743.0
1749.66666667
1793.33333333
1795.0
1725.0
1767.33333333
1767.66666667
1771.33333333
1762.0
1740.33333333
1768.66666667
1770.0
1744.0
1786.0
1746.66666667
1738.66666667
1749.66666667
1718.0
1771.0
1778.66666667
1762.66666667
1767.66666667
1760.33333333
1764.66666667
1762.33333333
1777.0
1740.0
1765.0
1733.66666667
1755.33333333
1779.0
1775.0
1760.0
1773.0
1771.33333333
1774.33333333
1746.0
1712.0
1752.66666667
1743.0
1768.0
1731.33333333
1728.66666667
1748.0
1752.0
1764.0
1784.66666667
1755.33333333
1769.33333333
1750.33333333
1749.0
1778.0
SEC 33
1828.0
1823.66666667
1824.0
1789.33333333
1804.66666667
1835.0
1813.33333333
1799.0
1847.33333333
1783.33333333
1811.66666667
1816.0
1807.33333333
1826.33333333
1831.33333333
1850.66666667
1788.0
1832.33333333
1832.33333333
1822.33333333
1829.33333333
1815.0
1820.33333333
1829.66666667
1804.0
1851.33333333
1809.33333333
1798.66666667
1805.33333333
1784.66666667
1842.0
1827.0
1827.66666667
1832.33333333
1819.66666667
1822.66666667
1822.33333333
1837.0
1793.33333333
1823.33333333
1794.66666667
1819.0
1842.0
1830.33333333
1825.0
1829.33333333
1829.33333333
1837.0
1809.0
1776.33333333
1817.66666667
1802.33333333
1831.0
1793.0
1785.33333333
1810.33333333
1805.0
1821.66666667
1847.0
1809.33333333
1836.0
1813.66666667
1810.33333333
1836.0
SEC 34
1882.33333333
1880.0
1880.33333333
1850.0
1862.66666667
1885.66666667
1872.66666667
1854.33333333
1849.66666667
1895.66666667
1869.66666667
1859.66666667
1878.33333333
1868.0
1905.66666667
1914.33333333
1840.0
1888.66666667
1892.66666667
1878.33333333
1889.66666667
1876.33333333
1876.0
1885.66666667
1863.33333333
1909.33333333
1871.33333333
1851.33333333
1833.0
1868.33333333
1880.66666667
1897.0
1881.0
1888.33333333
1877.0
1879.66666667
1881.33333333
1894.33333333
1865.0
1866.33333333
1850.33333333
1876.66666667
1903.33333333
1891.33333333
1886.0
1886.66666667
1888.33333333
1895.66666667
1865.0
1831.0
1880.0
1859.33333333
1891.66666667
1848.0
1845.0
1860.33333333
1874.33333333
1875.66666667
1906.33333333
1906.0
1855.66666667
1868.33333333
1869.66666667
1888.66666667
SEC 35
1945.0
1948.33333333
1943.0
1908.66666667
1947.33333333
1923.66666667
1928.66666667
1912.0
1938.33333333
1932.0
1929.0
1932.33333333
1930.33333333
1956.33333333
1946.33333333
1977.33333333
1901.66666667
1955.0
1954.0
1929.0
1959.0
1944.33333333
1929.33333333
1952.66666667
1923.0
1974.66666667
1934.0
1916.0
1893.33333333
1928.33333333
1956.0
1947.33333333
1940.0
1947.33333333
1936.0
1944.33333333
1939.66666667
1951.0
1937.66666667
1915.66666667
1915.66666667
1947.66666667
1958.33333333
1954.33333333
1942.33333333
1955.0
1942.66666667
1955.0
1927.0
1892.66666667
1938.66666667
1919.33333333
1948.33333333
1904.66666667
1908.0
1931.0
1925.33333333
1934.33333333
1967.0
1960.33333333
1913.33333333
1926.33333333
1929.0
1950.0
SEC 36
2006.66666667
2006.0
2003.0
1969.33333333
1981.0
2014.0
1990.66666667
1978.66666667
1996.66666667
1995.66666667
1985.66666667
1993.66666667
2000.0
2008.0
2022.0
2039.33333333
1961.33333333
2011.0
2016.33333333
2009.66666667
1999.0
1997.66666667
2001.33333333
2014.0
1987.0
2036.33333333
1994.66666667
1978.66666667
1960.33333333
1979.66666667
2019.66666667
2007.66666667
1995.0
2011.0
1998.0
2002.0
1996.66666667
2008.33333333
1996.0
1985.33333333
1974.33333333
2003.33333333
2021.33333333
2010.33333333
2012.33333333
2015.33333333
2002.33333333
2015.33333333
1986.0
1952.0
1997.0
1981.66666667
2009.0
1961.66666667
1969.33333333
1990.0
1985.0
2000.66666667
2030.0
2016.66666667
1977.0
1985.66666667
1993.33333333
2010.33333333
SEC 37
2063.33333333
2059.66666667
2057.33333333
2030.66666667
2039.33333333
2073.66666667
2041.66666667
2036.0
2089.0
2020.66666667
2044.66666667
2073.0
2045.33333333
2065.33333333
2079.33333333
2099.33333333
2018.0
2075.33333333
2074.66666667
2051.33333333
2065.0
2048.0
2071.0
2072.66666667
2042.33333333
2095.66666667
2056.0
2041.0
2008.66666667
2048.33333333
2060.66666667
2079.66666667
2048.0
2065.0
2052.0
2059.66666667
2051.66666667
2070.66666667
2035.0
2059.66666667
2032.66666667
2065.66666667
2077.66666667
2067.0
2072.66666667
2072.66666667
2060.33333333
2069.33333333
2045.33333333
2012.33333333
2052.0
2039.0
2067.33333333
2018.33333333
2029.66666667
2046.33333333
2035.0
2054.0
2090.0
2053.33333333
2052.0
2039.66666667
2047.0
2069.33333333
SEC 38
2125.33333333
2115.33333333
2117.0
2086.66666667
2115.33333333
2117.0
2096.0
2099.33333333
2148.0
2075.0
2102.0
2105.33333333
2131.66666667
2135.33333333
2120.33333333
2157.33333333
2081.0
2128.66666667
2129.0
2106.33333333
2128.0
2115.66666667
2116.33333333
2127.33333333
2095.33333333
2150.33333333
2106.0
2101.33333333
2065.66666667
2112.66666667
2130.33333333
2124.33333333
2107.0
2123.66666667
2104.33333333
2118.33333333
2116.33333333
2128.66666667
2091.33333333
2120.66666667
2090.33333333
2119.0
2133.66666667
2120.0
2133.33333333
2130.66666667
2117.0
2129.66666667
2108.0
2071.66666667
2110.66666667
2099.0
2128.33333333
2079.0
2087.0
2095.66666667
2092.66666667
2108.66666667
2142.0
2107.33333333
2110.0
2092.0
2101.0
2125.66666667
SEC 39
2182.66666667
2172.33333333
2175.66666667
2148.0
2185.66666667
2167.0
2151.0
2155.66666667
2173.33333333
2170.33333333
2159.0
2168.33333333
2190.33333333
2183.0
2197.33333333
2218.66666667
2144.33333333
2185.66666667
2180.66666667
2159.33333333
2199.66666667
2190.0
2166.66666667
2188.66666667
2150.33333333
2206.66666667
2162.66666667
2159.66666667
2131.0
2170.0
2179.0
2186.0
2167.66666667
2183.33333333
2161.0
2175.66666667
2179.66666667
2186.0
2173.0
2154.33333333
2147.33333333
2183.33333333
2194.33333333
2180.33333333
2191.33333333
2190.0
2173.33333333
2185.66666667
2163.66666667
2131.0
2177.0
2155.66666667
2185.33333333
2138.33333333
2141.33333333
2161.33333333
2148.66666667
2170.0
2202.0
2156.66666667
2175.66666667
2151.0
2161.0
2187.66666667
SEC 40
2246.0
2228.0
2236.66666667
2206.0
2223.33333333
2242.66666667
2209.33333333
2214.33333333
2188.33333333
2278.0
2214.66666667
2237.33333333
2243.33333333
2249.0
2244.0
2272.66666667
2211.33333333
2246.33333333
2237.0
2256.33333333
2218.66666667
2222.66666667
2250.0
2246.33333333
2208.0
2273.66666667
2218.66666667
2221.0
2204.33333333
2202.0
2223.0
2259.66666667
2219.0
2238.66666667
2218.33333333
2230.33333333
2240.33333333
2247.66666667
2203.66666667
2235.66666667
2209.33333333
2244.0
2252.33333333
2244.66666667
2247.0
2254.33333333
2229.0
2245.0
2224.0
2189.66666667
2237.66666667
2213.33333333
2238.0
2198.66666667
2203.66666667
2201.66666667
2217.33333333
2235.0
2257.0
2207.66666667
2242.0
2207.66666667
2221.0
2248.66666667
SEC 41
2306.66666667
2286.0
2292.0
2260.0
2290.0
2292.0
2263.33333333
2269.0
2270.66666667
2310.66666667
2276.33333333
2283.33333333
2309.66666667
2278.66666667
2326.33333333
2327.33333333
2269.66666667
2309.66666667
2291.0
2290.33333333
2307.33333333
2283.66666667
2307.33333333
2303.66666667
2263.0
2329.66666667
2279.0
2277.33333333
2272.33333333
2246.33333333
2285.0
2316.0
2274.33333333
2298.66666667
2278.0
2284.33333333
2297.0
2302.33333333
2290.33333333
2257.66666667
2266.0
2294.33333333
2310.0
2297.66666667
2306.33333333
2306.33333333
2290.0
2301.0
2279.33333333
2239.66666667
2292.66666667
2272.0
2296.33333333
2257.33333333
2261.0
2261.33333333
2267.33333333
2286.66666667
2314.66666667
2261.33333333
2302.66666667
2266.0
2274.33333333
2308.66666667
SEC 42
2359.0
2339.0
2351.0
2310.0
2330.33333333
2362.33333333
2313.33333333
2327.33333333
2342.66666667
2351.33333333
2325.66666667
2364.0
2342.0
2358.33333333
2367.33333333
2380.0
2327.0
2360.33333333
2347.0
2355.33333333
2354.0
2343.66666667
2366.66666667
2360.33333333
2318.66666667
2386.0
2337.33333333
2334.66666667
2316.66666667
2309.33333333
2343.33333333
2377.66666667
2329.33333333
2350.66666667
2335.33333333
2339.66666667
2357.66666667
2358.33333333
2332.66666667
2319.0
2321.0
2347.33333333
2366.33333333
2354.0
2364.66666667
2363.66666667
2346.33333333
2355.33333333
2330.66666667
2298.33333333
2349.0
2326.33333333
2352.66666667
2314.66666667
2319.33333333
2321.33333333
2313.33333333
2344.0
2375.0
2313.0
2359.66666667
2320.0
2328.33333333
2366.0
SEC 43
2415.33333333
2399.33333333
2412.0
2367.66666667
2398.33333333
2405.66666667
2368.66666667
2393.33333333
2430.33333333
2381.0
2384.0
2411.66666667
2403.33333333
2419.0
2417.0
2434.0
2384.33333333
2415.66666667
2403.33333333
2412.0
2411.66666667
2418.0
2401.0
2410.66666667
2371.33333333
2443.66666667
2396.66666667
2393.33333333
2367.66666667
2365.33333333
2423.33333333
2418.33333333
2383.0
2409.0
2388.66666667
2398.33333333
2419.33333333
2420.66666667
2369.33333333
2400.33333333
2382.33333333
2404.66666667
2422.33333333
2412.33333333
2419.66666667
2418.66666667
2409.66666667
2412.66666667
2388.33333333
2351.33333333
2414.0
2383.0
2412.0
2371.66666667
2376.33333333
2379.66666667
2370.33333333
2397.33333333
2432.0
2403.66666667
2391.0
2377.66666667
2385.33333333
2425.66666667
SEC 44
2475.66666667
2458.66666667
2469.66666667
2430.33333333
2462.66666667
2455.0
2429.0
2456.0
2461.33333333
2464.66666667
2449.33333333
2479.66666667
2465.33333333
2489.33333333
2468.0
2491.33333333
2449.0
2473.0
2467.0
2473.66666667
2471.0
2486.66666667
2449.33333333
2467.0
2432.66666667
2502.66666667
2457.33333333
2453.0
2408.33333333
2439.66666667
2484.0
2474.66666667
2440.0
2462.66666667
2450.0
2455.66666667
2474.33333333
2482.66666667
2460.0
2433.33333333
2441.33333333
2465.33333333
2480.33333333
2476.0
2480.66666667
2482.0
2466.66666667
2474.33333333
2454.33333333
2411.0
2478.66666667
2439.66666667
2475.0
2428.33333333
2430.66666667
2432.66666667
2435.33333333
2456.0
2492.33333333
2483.0
2431.0
2439.0
2445.66666667
2482.66666667
SEC 45
2535.0
2516.33333333
2529.0
2493.33333333
2487.33333333
2542.33333333
2487.66666667
2511.66666667
2536.66666667
2501.0
2504.0
2518.33333333
2527.66666667
2543.0
2521.66666667
2547.33333333
2502.66666667
2533.66666667
2524.33333333
2536.0
2527.66666667
2541.33333333
2502.0
2521.66666667
2486.0
2560.0
2513.0
2502.33333333
2440.0
2517.0
2528.33333333
2539.33333333
2492.66666667
2519.33333333
2502.66666667
2511.66666667
2529.66666667
2546.0
2515.33333333
2490.0
2498.33333333
2527.66666667
2536.33333333
2531.0
2540.33333333
2536.66666667
2515.0
2526.0
2513.33333333
2461.66666667
2539.33333333
2490.66666667
2533.33333333
2484.33333333
2490.66666667
2478.66666667
2504.33333333
2516.33333333
2551.0
2515.33333333
2499.0
2493.0
2501.33333333
2541.66666667
SEC 46
2595.33333333
2573.0
2583.66666667
2551.33333333
2560.33333333
2583.66666667
2546.66666667
2572.0
2603.0
2555.0
2564.33333333
2568.66666667
2596.0
2594.33333333
2581.66666667
2605.0
2560.33333333
2601.33333333
2581.0
2604.66666667
2580.33333333
2557.66666667
2598.66666667
2587.0
2544.66666667
2617.33333333
2562.66666667
2563.0
2557.0
2520.66666667
2608.0
2577.33333333
2548.0
2580.0
2558.66666667
2568.33333333
2592.33333333
2604.33333333
2546.33333333
2575.0
2555.66666667
2588.33333333
2596.66666667
2592.66666667
2601.66666667
2600.66666667
2572.0
2582.33333333
2578.33333333
2520.66666667
2597.33333333
2551.0
2587.0
2542.0
2549.33333333
2550.0
2553.33333333
2580.0
2615.0
2573.0
2557.0
2548.66666667
2565.66666667
2602.0
SEC 47
2652.66666667
2627.0
2648.66666667
2611.0
2624.0
2644.33333333
2604.0
2626.66666667
2655.33333333
2616.0
2622.33333333
2648.0
2641.0
2683.0
2617.0
2660.33333333
2621.0
2663.66666667
2643.0
2678.33333333
2629.66666667
2640.33333333
2636.33333333
2644.33333333
2605.33333333
2674.0
2626.66666667
2626.66666667
2634.33333333
2562.66666667
2655.66666667
2652.0
2605.33333333
2642.33333333
2622.33333333
2630.66666667
2651.33333333
2670.66666667
2610.33333333
2635.66666667
2614.66666667
2642.33333333
2661.33333333
2657.33333333
2662.33333333
2660.66666667
2633.33333333
2643.0
2641.33333333
2585.66666667
2656.66666667
2610.33333333
2653.0
2600.33333333
2608.0
2613.66666667
2610.66666667
2644.0
2680.0
2603.66666667
2653.33333333
2604.66666667
2627.0
2662.0
SEC 48
2710.0
2682.66666667
2704.33333333
2663.0
2686.66666667
2704.66666667
2658.33333333
2683.0
2672.33333333
2716.33333333
2676.0
2696.33333333
2705.0
2724.33333333
2691.0
2718.66666667
2673.0
2722.33333333
2703.0
2705.66666667
2713.66666667
2699.66666667
2691.33333333
2705.33333333
2661.0
2734.66666667
2687.33333333
2686.0
2662.0
2648.66666667
2735.0
2691.66666667
2661.33333333
2699.0
2678.33333333
2690.0
2709.0
2727.66666667
2695.33333333
2674.0
2670.33333333
2701.66666667
2720.33333333
2713.66666667
2716.33333333
2722.33333333
2688.0
2700.33333333
2698.66666667
2648.33333333
2716.0
2670.0
2716.33333333
2658.33333333
2664.33333333
2673.33333333
2666.33333333
2703.33333333
2737.33333333
2679.66666667
2690.66666667
2661.0
2686.0
2723.33333333
SEC 49
2770.0
2746.66666667
2763.0
2714.0
2745.66666667
2763.0
2714.0
2737.0
2771.33333333
2733.66666667
2741.33333333
2763.33333333
2753.66666667
2776.66666667
2756.66666667
2780.0
2737.0
2775.66666667
2767.66666667
2745.0
2796.66666667
2748.33333333
2765.0
2761.33333333
2713.0
2794.0
2741.33333333
2742.66666667
2739.0
2691.0
2775.33333333
2765.0
2718.33333333
2762.0
2735.66666667
2745.33333333
2769.66666667
2788.0
2757.66666667
2727.0
2727.0
2763.33333333
2779.66666667
2774.66666667
2776.33333333
2780.33333333
2747.0
2765.33333333
2758.33333333
2711.66666667
2775.66666667
2729.33333333
2780.33333333
2711.66666667
2725.0
2724.33333333
2737.0
2763.33333333
2794.33333333
2750.33333333
2738.66666667
2714.66666667
2743.0
2774.66666667
SEC 50
2831.33333333
2812.0
2828.0
2776.66666667
2823.33333333
2805.0
2773.0
2793.33333333
2849.33333333
2773.0
2802.66666667
2821.33333333
2814.33333333
2844.33333333
2807.33333333
2841.0
2794.0
2846.66666667
2823.66666667
2837.66666667
2826.66666667
2808.0
2824.33333333
2827.0
2774.33333333
2860.0
2806.66666667
2801.33333333
2752.0
2802.66666667
2814.33333333
2843.33333333
2780.0
2827.33333333
2802.66666667
2804.66666667
2835.33333333
2849.0
2826.0
2778.0
2790.33333333
2823.33333333
2838.0
2831.66666667
2841.66666667
2840.33333333
2800.66666667
2825.0
2818.33333333
2772.0
2843.66666667
2790.0
2837.33333333
2776.66666667
2778.0
2786.33333333
2790.33333333
2817.33333333
2855.66666667
2830.0
2775.66666667
2775.0
2804.33333333
2835.66666667
SEC 51
2887.0
2872.66666667
2888.66666667
2836.33333333
2860.0
2882.33333333
2834.0
2853.0
2879.0
2872.0
2858.33333333
2892.0
2858.0
2903.0
2864.33333333
2899.33333333
2852.66666667
2902.66666667
2890.33333333
2898.0
2885.33333333
2894.66666667
2857.66666667
2885.33333333
2830.66666667
2921.33333333
2869.0
2859.0
2861.33333333
2810.66666667
2865.33333333
2917.33333333
2838.66666667
2889.0
2858.33333333
2868.0
2893.0
2912.66666667
2846.0
2875.33333333
2851.33333333
2880.66666667
2896.0
2890.0
2894.66666667
2898.33333333
2857.66666667
2877.33333333
2877.66666667
2830.33333333
2907.0
2850.0
2895.33333333
2832.0
2834.0
2850.33333333
2847.66666667
2877.33333333
2917.66666667
2830.33333333
2889.0
2837.0
2863.66666667
2896.66666667
SEC 52
2940.66666667
2931.0
2952.66666667
2895.33333333
2935.0
2914.0
2892.0
2903.66666667
2970.66666667
2895.33333333
2914.0
2939.0
2922.33333333
2924.33333333
2959.33333333
2959.33333333
2912.33333333
2951.66666667
2951.33333333
2934.33333333
2956.33333333
2922.0
2952.0
2950.0
2893.0
2983.33333333
2932.33333333
2912.33333333
2917.66666667
2869.66666667
2932.0
2974.0
2895.66666667
2947.0
2914.66666667
2925.33333333
2949.66666667
2976.0
2928.33333333
2897.33333333
2910.66666667
2936.0
2953.66666667
2949.33333333
2954.33333333
2960.66666667
2915.33333333
2931.33333333
2938.0
2887.0
2966.33333333
2909.66666667
2951.66666667
2889.33333333
2887.0
2895.33333333
2916.0
2935.0
2974.66666667
2910.0
2922.33333333
2897.0
2922.66666667
2957.0
SEC 53
2995.66666667
2984.33333333
3004.66666667
2952.33333333
2986.33333333
2978.0
2941.66666667
2956.0
2967.66666667
3005.66666667
2965.66666667
2977.0
2991.33333333
2999.33333333
2989.33333333
3011.0
2970.66666667
3004.66666667
3001.66666667
2987.33333333
3008.0
3001.33333333
2979.0
3001.66666667
2946.66666667
3040.33333333
2985.66666667
2967.33333333
2978.33333333
2917.66666667
3015.66666667
2999.33333333
2950.0
3001.66666667
2972.33333333
2974.33333333
3002.0
3031.66666667
2945.66666667
2988.0
2963.33333333
2992.33333333
3012.33333333
3006.66666667
3009.66666667
3019.0
2968.66666667
2985.66666667
2994.0
2938.0
3016.0
2965.66666667
3008.33333333
2943.66666667
2943.33333333
2955.0
2967.33333333
2991.33333333
3027.0
2940.0
2999.66666667
2957.0
2981.33333333
3004.0
SEC 54
3051.0
3035.33333333
3059.66666667
3000.33333333
3001.0
3068.66666667
2997.66666667
3009.0
3060.66666667
3019.66666667
3013.0
3047.33333333
3025.0
3016.33333333
3075.0
3060.0
3022.33333333
3056.0
3053.33333333
3060.66666667
3040.66666667
3037.0
3048.66666667
3057.33333333
3000.0
3097.0
3041.0
3026.0
2969.33333333
3037.0
3041.66666667
3073.66666667
3007.33333333
3048.0
3023.0
3033.33333333
3050.0
3083.0
3038.33333333
2998.33333333
3019.66666667
3045.33333333
3068.0
3057.0
3063.0
3067.33333333
3021.33333333
3041.66666667
3040.66666667
2990.66666667
3069.66666667
3020.33333333
3058.0
2992.33333333
3004.33333333
3007.33333333
3023.33333333
3047.66666667
3081.33333333
3026.33333333
3016.0
3011.0
3038.66666667
3057.33333333
SEC 55
3107.66666667
3093.0
3112.66666667
3057.0
3122.0
3055.66666667
3052.66666667
3068.33333333
3098.66666667
3086.66666667
3070.33333333
3092.66666667
3088.33333333
3106.33333333
3100.0
3112.0
3074.66666667
3115.33333333
3115.0
3114.66666667
3102.66666667
3098.0
3097.0
3113.33333333
3054.0
3151.66666667
3095.0
3084.0
3084.66666667
3029.33333333
3120.0
3105.33333333
3067.0
3101.33333333
3075.0
3087.66666667
3097.33333333
3138.66666667
3097.66666667
3051.33333333
3075.33333333
3100.66666667
3120.33333333
3114.66666667
3122.33333333
3128.33333333
3079.0
3104.0
3096.0
3042.66666667
3122.33333333
3072.66666667
3113.33333333
3043.33333333
3060.66666667
3055.66666667
3084.0
3106.0
3136.33333333
3103.66666667
3047.33333333
3060.33333333
3094.33333333
3111.33333333
SEC 56
3161.33333333
3144.33333333
3170.33333333
3109.66666667
3115.66666667
3183.66666667
3112.33333333
3123.66666667
3157.66666667
3138.33333333
3123.0
3160.0
3136.66666667
3161.0
3160.0
3170.33333333
3133.0
3172.66666667
3171.66666667
3175.33333333
3160.66666667
3158.0
3150.33333333
3167.66666667
3111.33333333
3208.33333333
3153.33333333
3139.33333333
3128.66666667
3087.33333333
3155.0
3179.33333333
3122.33333333
3157.66666667
3135.33333333
3140.66666667
3149.0
3197.0
3154.0
3108.66666667
3136.33333333
3154.66666667
3176.66666667
3167.66666667
3176.33333333
3187.0
3135.0
3154.33333333
3158.0
3099.33333333
3177.33333333
3131.33333333
3172.33333333
3098.66666667
3113.0
3130.66666667
3119.33333333
3159.33333333
3182.66666667
3158.66666667
3107.0
3112.33333333
3149.66666667
3165.66666667
SEC 57
3215.0
3201.66666667
3230.33333333
3167.66666667
3175.66666667
3245.33333333
3173.33333333
3185.33333333
3237.0
3173.66666667
3178.33333333
3218.33333333
3204.0
3206.33333333
3226.66666667
3227.66666667
3191.0
3229.33333333
3229.33333333
3231.33333333
3225.33333333
3203.33333333
3231.66666667
3225.0
3168.66666667
3265.66666667
3213.66666667
3191.66666667
3188.66666667
3142.0
3209.66666667
3237.66666667
3180.33333333
3220.66666667
3193.66666667
3196.0
3205.0
3256.66666667
3211.33333333
3161.66666667
3190.0
3217.66666667
3235.66666667
3229.33333333
3235.0
3248.33333333
3201.33333333
3209.0
3218.33333333
3152.33333333
3237.66666667
3193.33333333
3230.66666667
3159.66666667
3174.0
3197.33333333
3171.33333333
3216.66666667
3240.33333333
3222.0
3170.0
3177.33333333
3214.66666667
3218.66666667
SEC 58
3269.33333333
3257.0
3284.0
3219.66666667
3240.66666667
3292.0
3224.66666667
3242.66666667
3250.66666667
3272.66666667
3232.33333333
3255.0
3282.33333333
3267.0
3270.33333333
3286.33333333
3242.0
3282.66666667
3287.66666667
3256.66666667
3302.0
3291.0
3256.66666667
3276.33333333
3219.66666667
3318.33333333
3270.33333333
3244.66666667
3205.66666667
3238.0
3250.33333333
3309.66666667
3235.33333333
3276.33333333
3250.66666667
3256.0
3260.66666667
3308.66666667
3228.0
3263.0
3249.66666667
3277.66666667
3290.0
3285.0
3291.33333333
3299.0
3261.33333333
3270.0
3274.0
3204.33333333
3292.33333333
3246.33333333
3282.0
3215.33333333
3233.0
3233.66666667
3245.0
3268.66666667
3288.66666667
3278.33333333
3225.0
3230.0
3269.66666667
3278.0
SEC 59
3322.0
3316.0
3338.33333333
3278.0
3366.0
3285.66666667
3281.0
3299.0
3325.66666667
3319.66666667
3289.66666667
3310.33333333
3342.33333333
3351.66666667
3307.33333333
3347.0
3294.66666667
3345.0
3346.66666667
3363.0
3316.66666667
3318.0
3353.0
3332.66666667
3274.33333333
3380.0
3330.66666667
3301.33333333
3264.0
3305.0
3345.33333333
3328.33333333
3293.33333333
3328.66666667
3315.66666667
3319.33333333
3318.33333333
3366.66666667
3275.33333333
3329.33333333
3306.66666667
3333.33333333
3348.0
3339.66666667
3353.33333333
3350.66666667
3317.0
3334.0
3327.33333333
3257.33333333
3349.33333333
3309.0
3346.0
3273.0
3288.66666667
3294.66666667
3313.33333333
3316.66666667
3342.0
3286.0
3339.66666667
3290.33333333
3328.0
3332.0
SEC 60
3373.0
3372.0
3396.66666667
3333.66666667
3418.33333333
3339.0
3334.66666667
3351.0
3388.0
3371.33333333
3346.66666667
3389.33333333
3375.66666667
3384.33333333
3382.33333333
3403.66666667
3346.66666667
3395.33333333
3402.66666667
3420.33333333
3373.33333333
3408.0
3378.66666667
3384.66666667
3339.33333333
3434.66666667
3386.0
3351.66666667
3363.33333333
3314.0
3394.33333333
3393.33333333
3347.66666667
3377.66666667
3364.66666667
3380.66666667
3378.33333333
3414.66666667
3374.0
3338.66666667
3355.66666667
3388.0
3399.66666667
3390.0
3411.0
3405.33333333
3372.66666667
3390.66666667
3383.66666667
3303.0
3406.33333333
3360.33333333
3397.0
3326.0
3343.33333333
3366.33333333
3350.0
3368.33333333
3401.66666667
3339.0
3389.66666667
3346.33333333
3383.66666667
3387.66666667
SEC 61
3426.66666667
3428.66666667
3454.0
3392.33333333
3420.66666667
3446.0
3386.0
3415.33333333
3434.0
3438.0
3401.66666667
3417.33333333
3463.66666667
3441.33333333
3445.33333333
3459.0
3407.66666667
3453.0
3457.33333333
3433.0
3477.66666667
3465.33333333
3440.33333333
3444.0
3398.0
3491.66666667
3443.33333333
3408.33333333
3421.33333333
3372.0
3449.33333333
3447.66666667
3401.66666667
3435.33333333
3421.0
3438.33333333
3430.33333333
3469.0
3401.33333333
3430.0
3412.66666667
3444.0
3456.33333333
3447.33333333
3465.0
3463.66666667
3431.33333333
3446.33333333
3439.66666667
3362.66666667
3462.0
3421.66666667
3449.33333333
3386.66666667
3402.66666667
3422.66666667
3407.0
3429.66666667
3457.66666667
3393.66666667
3448.66666667
3404.66666667
3443.0
3445.0
SEC 62
3479.0
3479.66666667
3515.66666667
3445.66666667
3484.66666667
3498.0
3437.66666667
3470.66666667
3464.66666667
3514.66666667
3453.0
3506.33333333
3486.66666667
3493.66666667
3502.33333333
3511.0
3468.0
3510.66666667
3507.0
3499.0
3524.33333333
3513.0
3507.0
3500.0
3451.66666667
3548.66666667
3494.33333333
3462.0
3417.66666667
3487.33333333
3505.66666667
3504.66666667
3456.33333333
3496.0
3473.0
3497.33333333
3482.66666667
3523.0
3496.33333333
3441.0
3469.66666667
3501.66666667
3518.0
3502.66666667
3525.0
3515.0
3487.66666667
3503.33333333
3493.33333333
3416.33333333
3522.66666667
3478.0
3508.66666667
3442.66666667
3458.0
3457.66666667
3474.33333333
3482.0
3511.33333333
3485.33333333
3473.33333333
3461.33333333
3503.33333333
3501.33333333
SEC 63
3541.66666667
3543.33333333
3576.33333333
3501.0
3527.66666667
3578.66666667
3497.0
3528.0
3576.0
3530.33333333
3513.0
3563.66666667
3551.66666667
3554.0
3558.66666667
3579.33333333
3524.33333333
3566.0
3566.33333333
3549.33333333
3603.33333333
3582.0
3555.33333333
3559.33333333
3517.33333333
3604.0
3553.33333333
3519.66666667
3476.0
3544.66666667
3541.66666667
3589.0
3520.0
3555.33333333
3530.66666667
3560.66666667
3540.66666667
3581.0
3498.33333333
3554.66666667
3528.66666667
3561.33333333
3578.66666667
3558.0
3582.0
3577.66666667
3552.33333333
3560.66666667
3556.0
3483.33333333
3582.33333333
3539.0
3569.0
3505.0
3521.0
3518.0
3526.33333333
3536.33333333
3571.66666667
3574.33333333
3515.66666667
3521.33333333
3564.66666667
3559.66666667
SEC 64
3600.66666667
3608.33333333
3639.0
3561.66666667
3603.33333333
3613.33333333
3552.66666667
3581.66666667
3611.66666667
3614.33333333
3568.0
3607.66666667
3622.0
3586.33333333
3639.66666667
3637.33333333
3585.0
3624.33333333
3621.66666667
3651.33333333
3622.66666667
3632.0
3620.0
3617.33333333
3575.0
3666.33333333
3617.33333333
3573.66666667
3535.33333333
3602.33333333
3634.33333333
3613.0
3579.66666667
3610.33333333
3584.66666667
3614.66666667
3606.0
3637.0
3558.66666667
3613.0
3592.66666667
3621.33333333
3641.0
3616.33333333
3640.66666667
3636.66666667
3609.33333333
3623.66666667
3617.33333333
3539.33333333
3636.0
3594.33333333
3627.66666667
3560.66666667
3579.33333333
3591.33333333
3575.33333333
3591.33333333
3624.33333333
3606.33333333
3600.0
3581.0
3620.66666667
3613.33333333
SEC 65
3662.66666667
3664.66666667
3699.33333333
3623.66666667
3664.66666667
3678.0
3617.0
3638.0
3674.33333333
3673.66666667
3628.0
3668.0
3677.33333333
3696.33333333
3638.66666667
3693.33333333
3640.0
3684.66666667
3687.0
3689.33333333
3713.0
3683.33333333
3683.66666667
3672.0
3644.66666667
3729.33333333
3676.33333333
3634.33333333
3650.0
3610.33333333
3686.33333333
3690.66666667
3645.33333333
3674.33333333
3647.66666667
3676.0
3665.66666667
3692.33333333
3662.33333333
3640.66666667
3657.66666667
3677.66666667
3702.66666667
3675.33333333
3703.66666667
3693.0
3670.0
3679.33333333
3679.33333333
3601.66666667
3698.0
3656.0
3688.0
3616.66666667
3636.66666667
3630.33333333
3646.66666667
3649.66666667
3686.0
3670.66666667
3662.66666667
3640.0
3682.66666667
3669.66666667
SEC 66
3721.0
3719.0
3759.33333333
3686.33333333
3718.0
3746.0
3676.0
3700.66666667
3734.0
3736.33333333
3683.0
3734.0
3731.33333333
3724.66666667
3729.0
3749.66666667
3698.33333333
3746.66666667
3744.0
3731.33333333
3778.33333333
3745.33333333
3742.0
3733.0
3709.33333333
3793.33333333
3732.0
3691.33333333
3724.0
3651.33333333
3740.33333333
3761.66666667
3707.66666667
3740.33333333
3706.33333333
3736.0
3720.0
3762.0
3735.33333333
3686.66666667
3712.33333333
3734.66666667
3763.0
3736.33333333
3762.66666667
3751.33333333
3730.0
3729.0
3739.66666667
3658.66666667
3761.33333333
3719.0
3752.33333333
3679.0
3693.66666667
3705.0
3693.33333333
3711.66666667
3745.66666667
3729.0
3719.0
3697.66666667
3741.66666667
3732.66666667
SEC 67
3778.0
3778.33333333
3815.33333333
3743.66666667
3775.0
3806.33333333
3734.33333333
3755.66666667
3771.33333333
3824.0
3736.66666667
3797.0
3781.0
3752.0
3812.0
3804.33333333
3752.33333333
3804.66666667
3800.66666667
3782.33333333
3836.0
3806.33333333
3793.0
3788.66666667
3769.33333333
3846.0
3789.33333333
3748.33333333
3710.33333333
3776.33333333
3801.33333333
3812.66666667
3765.66666667
3795.66666667
3761.0
3792.33333333
3772.0
3815.66666667
3746.0
3794.66666667
3762.33333333
3791.33333333
3816.33333333
3793.33333333
3818.66666667
3804.0
3784.0
3784.0
3797.33333333
3714.33333333
3820.66666667
3774.66666667
3814.0
3732.66666667
3752.0
3744.0
3764.33333333
3768.66666667
3804.66666667
3742.0
3815.0
3757.33333333
3799.0
3791.33333333
SEC 68
3828.66666667
3833.0
3870.33333333
3796.0
3814.33333333
3878.66666667
3789.0
3807.0
3856.0
3846.0
3791.66666667
3838.66666667
3849.33333333
3850.33333333
3829.33333333
3855.33333333
3807.0
3861.66666667
3857.0
3891.66666667
3845.0
3861.0
3843.66666667
3837.66666667
3818.33333333
3905.0
3848.0
3799.33333333
3828.0
3764.33333333
3868.33333333
3851.66666667
3814.33333333
3852.0
3818.33333333
3845.0
3823.66666667
3875.66666667
3802.0
3845.66666667
3808.0
3847.66666667
3874.0
3850.0
3880.33333333
3856.0
3840.66666667
3843.0
3848.0
3775.33333333
3875.66666667
3826.66666667
3867.33333333
3786.0
3805.0
3801.66666667
3815.66666667
3827.0
3863.0
3842.66666667
3820.66666667
3817.0
3859.66666667
3845.66666667
SEC 69
3889.66666667
3892.0
3933.33333333
3851.66666667
3910.66666667
3886.0
3844.66666667
3855.33333333
3887.66666667
3931.66666667
3846.33333333
3881.0
3905.66666667
3926.0
3859.66666667
3911.66666667
3862.33333333
3920.66666667
3906.0
3896.0
3949.33333333
3920.33333333
3893.33333333
3901.66666667
3873.66666667
3961.0
3908.0
3854.66666667
3829.0
3875.66666667
3927.33333333
3905.0
3869.0
3903.33333333
3875.33333333
3895.66666667
3885.66666667
3930.66666667
3874.0
3894.0
3863.33333333
3910.66666667
3933.0
3906.33333333
3943.33333333
3913.66666667
3903.33333333
3898.33333333
3903.0
3827.33333333
3932.0
3884.33333333
3922.33333333
3839.66666667
3861.66666667
3875.33333333
3858.66666667
3884.0
3915.66666667
3884.0
3884.66666667
3869.0
3915.33333333
3902.0
SEC 70
3955.33333333
3943.66666667
3985.33333333
3904.66666667
3988.33333333
3925.66666667
3902.66666667
3916.0
3945.0
3992.0
3903.33333333
3955.0
3958.33333333
3969.66666667
3929.33333333
3967.66666667
3919.66666667
3984.66666667
3962.0
4005.33333333
3960.66666667
3952.33333333
3984.0
3957.33333333
3929.33333333
4016.33333333
3968.66666667
3906.66666667
3875.66666667
3949.0
3958.33333333
3979.66666667
3926.66666667
3959.0
3936.66666667
3955.66666667
3942.33333333
3986.0
3921.33333333
3965.33333333
3919.0
3964.66666667
3988.33333333
3963.66666667
4004.33333333
3966.33333333
3953.33333333
3952.0
3962.33333333
3887.0
3999.0
3944.33333333
3981.33333333
3892.0
3920.33333333
3916.0
3940.33333333
3940.66666667
3973.33333333
3901.66666667
3983.33333333
3920.66666667
3973.66666667
3962.0
SEC 71
4006.33333333
4000.0
4039.0
3961.0
3997.0
4024.66666667
3959.0
3969.66666667
4010.33333333
4044.0
3955.66666667
4018.0
4002.66666667
3986.33333333
4024.33333333
4024.0
3977.33333333
4037.33333333
4016.33333333
4056.0
4022.33333333
4029.0
4015.33333333
4014.0
3985.66666667
4073.66666667
4024.33333333
3968.33333333
3927.33333333
4005.0
4023.33333333
4016.66666667
3992.66666667
4019.0
3994.33333333
4013.66666667
3995.66666667
4039.33333333
3975.66666667
4019.66666667
3977.33333333
4013.66666667
4036.0
4018.66666667
4061.33333333
4017.0
4008.33333333
4005.0
4018.33333333
3937.66666667
4056.66666667
4001.33333333
4033.0
3944.33333333
3975.66666667
3979.66666667
3988.66666667
3990.0
4030.66666667
3956.33333333
4039.0
3972.33333333
4028.33333333
4018.0
SEC 72
4065.0
4049.66666667
4088.66666667
4013.33333333
4061.33333333
4072.0
4012.33333333
4032.33333333
4084.0
4085.66666667
4005.33333333
4082.0
4053.0
4033.33333333
4078.0
4085.33333333
4032.0
4093.0
4074.0
4075.33333333
4112.0
4076.0
4078.0
4068.0
4039.0
4130.0
4076.33333333
4015.33333333
4048.33333333
3991.33333333
4077.66666667
4075.0
4046.0
4071.0
4040.0
4063.0
4056.33333333
4096.66666667
4016.66666667
4081.66666667
4031.0
4066.0
4086.33333333
4082.0
4120.33333333
4073.33333333
4062.0
4061.0
4072.0
3998.0
4110.33333333
4054.66666667
4087.33333333
3993.66666667
4033.0
4046.0
4026.33333333
4044.33333333
4094.66666667
4061.66666667
4045.0
4029.0
4079.0
4079.66666667
SEC 73
4125.0
4109.66666667
4140.66666667
4072.33333333
4103.0
4138.66666667
4071.0
4092.33333333
4150.66666667
4136.0
4069.33333333
4124.66666667
4122.33333333
4142.66666667
4075.0
4143.33333333
4085.66666667
4152.33333333
4127.33333333
4132.0
4163.33333333
4133.0
4139.33333333
4124.33333333
4092.66666667
4180.66666667
4135.66666667
4069.0
4039.66666667
4112.66666667
4146.33333333
4121.33333333
4103.66666667
4127.33333333
4104.33333333
4114.33333333
4113.0
4149.66666667
4108.33333333
4097.66666667
4086.66666667
4123.66666667
4139.66666667
4138.66666667
4177.66666667
4127.33333333
4120.33333333
4118.66666667
4128.0
4053.33333333
4164.0
4106.66666667
4142.66666667
4049.33333333
4092.33333333
4093.33333333
4084.33333333
4102.0
4151.66666667
4109.33333333
4114.66666667
4089.0
4134.33333333
4134.66666667
SEC 74
4177.33333333
4174.66666667
4196.33333333
4137.0
4174.0
4186.66666667
4130.33333333
4147.66666667
4212.0
4193.0
4123.33333333
4177.66666667
4180.0
4147.33333333
4178.0
4201.0
4137.0
4210.33333333
4186.66666667
4193.33333333
4220.0
4189.66666667
4200.33333333
4181.33333333
4154.0
4237.0
4195.33333333
4129.33333333
4161.0
4105.33333333
4210.0
4180.66666667
4162.66666667
4188.0
4164.66666667
4173.66666667
4166.66666667
4204.66666667
4165.33333333
4153.66666667
4139.33333333
4179.66666667
4195.33333333
4200.66666667
4240.33333333
4180.33333333
4173.66666667
4171.0
4188.0
4108.66666667
4221.66666667
4168.0
4210.0
4108.66666667
4150.66666667
4139.33333333
4152.33333333
4160.33333333
4212.33333333
4175.33333333
4161.66666667
4152.33333333
4195.33333333
4185.66666667
SEC 75
4228.66666667
4226.0
4251.66666667
4190.0
4259.0
4208.33333333
4180.33333333
4200.33333333
4265.0
4251.33333333
4177.66666667
4229.0
4229.33333333
4233.33333333
4200.0
4253.33333333
4194.0
4271.66666667
4238.33333333
4239.33333333
4284.66666667
4254.33333333
4246.66666667
4233.66666667
4208.66666667
4292.66666667
4250.66666667
4177.33333333
4213.0
4160.33333333
4267.33333333
4236.66666667
4210.33333333
4237.33333333
4219.66666667
4227.33333333
4226.66666667
4258.66666667
4220.0
4210.0
4190.33333333
4236.33333333
4243.0
4251.66666667
4298.33333333
4232.0
4227.66666667
4224.66666667
4240.33333333
4165.0
4273.66666667
4217.66666667
4265.0
4160.66666667
4206.0
4203.66666667
4191.33333333
4218.0
4268.0
4220.33333333
4221.66666667
4211.0
4243.33333333
4244.66666667
SEC 76
4283.33333333
4289.66666667
4309.66666667
4244.66666667
4312.0
4275.33333333
4236.66666667
4256.66666667
4305.33333333
4319.66666667
4235.33333333
4282.0
4282.66666667
4285.33333333
4253.66666667
4307.33333333
4250.66666667
4326.66666667
4290.33333333
4299.33333333
4340.66666667
4313.0
4307.33333333
4289.33333333
4260.66666667
4348.0
4306.0
4230.33333333
4209.0
4271.33333333
4336.0
4282.33333333
4261.66666667
4294.66666667
4276.0
4284.33333333
4282.0
4315.33333333
4276.33333333
4267.66666667
4243.0
4299.66666667
4301.0
4305.0
4354.33333333
4285.66666667
4286.66666667
4285.33333333
4298.33333333
4221.33333333
4330.33333333
4270.33333333
4324.33333333
4216.0
4265.66666667
4254.66666667
4252.66666667
4276.33333333
4326.66666667
4277.0
4281.0
4271.33333333
4296.0
4296.33333333
SEC 77
4340.0
4339.0
4365.0
4299.66666667
4355.66666667
4352.0
4293.0
4316.33333333
4347.66666667
4380.0
4296.66666667
4349.33333333
4330.66666667
4344.66666667
4305.33333333
4367.66666667
4312.33333333
4385.33333333
4349.33333333
4400.0
4355.66666667
4366.0
4358.66666667
4347.0
4318.66666667
4399.33333333
4359.66666667
4284.33333333
4253.33333333
4328.33333333
4367.66666667
4357.0
4315.66666667
4350.0
4332.33333333
4342.66666667
4342.33333333
4372.66666667
4346.33333333
4310.66666667
4300.0
4354.66666667
4355.33333333
4361.33333333
4406.0
4339.66666667
4345.0
4340.66666667
4355.66666667
4280.0
4388.66666667
4329.33333333
4382.66666667
4273.0
4322.0
4305.66666667
4321.0
4334.66666667
4378.0
4335.66666667
4334.33333333
4328.0
4350.0
4352.33333333
SEC 78
4396.33333333
4402.0
4422.66666667
4356.0
4415.0
4412.66666667
4352.33333333
4372.0
4448.0
4396.66666667
4352.0
4396.66666667
4395.66666667
4398.33333333
4363.0
4428.0
4377.66666667
4440.66666667
4403.0
4422.0
4448.0
4419.0
4428.33333333
4403.33333333
4374.0
4458.33333333
4417.0
4340.33333333
4382.66666667
4307.66666667
4413.33333333
4430.66666667
4366.33333333
4405.66666667
4393.66666667
4402.33333333
4404.33333333
4431.66666667
4404.0
4370.0
4363.0
4414.33333333
4412.0
4423.66666667
4466.0
4399.66666667
4397.66666667
4403.66666667
4413.33333333
4339.33333333
4446.0
4385.0
4440.33333333
4332.0
4379.66666667
4364.66666667
4385.0
4391.33333333
4435.33333333
4439.0
4352.0
4383.0
4410.66666667
4407.0
SEC 79
4456.66666667
4459.66666667
4476.33333333
4409.0
4464.0
4478.33333333
4408.66666667
4432.66666667
4498.0
4460.66666667
4415.33333333
4455.66666667
4458.33333333
4432.0
4441.33333333
4483.0
4440.0
4497.33333333
4456.0
4475.66666667
4502.33333333
4486.0
4473.66666667
4456.33333333
4433.33333333
4515.66666667
4474.66666667
4402.0
4433.33333333
4374.0
4508.0
4448.0
4421.66666667
4465.0
4453.33333333
4464.33333333
4464.0
4487.66666667
4421.0
4472.66666667
4417.33333333
4470.33333333
4470.0
4480.66666667
4520.66666667
4450.33333333
4459.66666667
4457.66666667
4472.66666667
4395.0
4500.33333333
4439.66666667
4500.0
4386.33333333
4436.0
4426.0
4439.66666667
4449.33333333
4492.0
4445.33333333
4461.66666667
4433.66666667
4469.33333333
4463.66666667
SEC 80
4512.0
4512.0
4528.0
4462.66666667
4517.66666667
4531.33333333
4464.66666667
4485.0
4505.33333333
4559.66666667
4473.0
4531.66666667
4492.33333333
4504.33333333
4468.66666667
4535.33333333
4493.0
4548.0
4516.0
4561.0
4521.33333333
4531.33333333
4528.33333333
4504.33333333
4483.0
4570.0
4529.33333333
4449.0
4416.66666667
4497.33333333
4559.66666667
4502.33333333
4471.66666667
4520.33333333
4509.33333333
4514.0
4521.66666667
4536.33333333
4507.0
4487.33333333
4472.33333333
4522.33333333
4525.66666667
4529.66666667
4572.66666667
4495.33333333
4511.33333333
4514.0
4522.33333333
4453.0
4549.66666667
4487.33333333
4549.66666667
4435.0
4491.33333333
4493.66666667
4480.66666667
4502.33333333
4540.0
4509.0
4509.0
4488.66666667
4529.33333333
4513.0
