WT0
172.666666667
311.666666666
357.666666667
413.0
428.33333333
440.66666667
468.66666667
WT1
171.333333333
311.666666667
363.333333333
399.333333337
423.0
440.33333333
480.0
WT2
177.0
319.333333333
354.0
391.666666667
418.66666667
456.0
474.0
WT3
175.333333333
307.0
356.0
394.999999997
417.0
448.0
464.33333334
WT4
179.0
316.0
373.0
404.0
409.0
448.66666667
473.33333333
WT5
175.666666667
318.666666666
362.333333334
401.666666663
429.66666667
452.33333333
479.33333334
WT6
172.333333333
301.666666667
366.0
402.66666667
413.33333333
448.66666667
463.33333333
WT7
175.333333333
303.333333334
356.0
405.666666663
430.66666667
461.0
466.0
