SEC 1
60.3333333333
62.6666666667
59.3333333333
54.6666666667
61.3333333333
60.3333333333
65.0
62.3333333333
59.0
58.0
59.6666666667
61.6666666667
63.6666666667
55.6666666667
60.0
61.6666666667
SEC 2
153.333333333
150.333333333
152.333333333
141.666666667
154.0
155.333333333
158.333333333
148.333333333
150.0
145.666666667
145.333333333
146.0
153.0
146.666666667
148.666666667
152.333333333
SEC 3
261.666666667
259.666666667
256.0
248.666666667
261.0
262.333333333
269.333333333
256.0
252.666666667
249.666666667
249.0
246.333333333
264.0
248.333333333
256.0
257.0
SEC 4
366.666666667
372.666666667
366.333333333
361.666666667
372.0
366.666666667
376.333333333
362.666666667
364.333333333
359.333333333
356.333333333
368.333333333
379.0
357.333333333
368.666666667
361.0
SEC 5
493.0
487.0
482.333333333
484.0
485.666666667
480.0
495.666666667
482.666666667
480.666666667
476.333333333
478.0
487.0
498.0
482.666666667
483.0
485.666666667
SEC 6
618.333333333
602.333333333
604.0
606.0
606.0
594.333333333
620.333333333
596.666666667
597.333333333
600.333333333
597.666666667
608.0
615.0
605.0
608.333333333
605.666666667
SEC 7
745.0
731.666666667
734.666666667
738.666666667
737.333333333
725.333333333
756.333333333
736.333333333
732.0
729.333333333
727.0
740.333333333
742.333333333
739.666666667
735.333333333
738.333333333
SEC 8
866.0
879.333333333
865.666666667
870.333333333
869.333333333
859.666666667
893.333333333
876.0
868.0
855.333333333
863.0
879.333333333
878.666666667
872.666666667
865.0
864.333333333
SEC 9
1003.33333333
1009.33333333
998.666666667
1007.66666667
1003.0
999.333333333
1025.33333333
1008.33333333
1000.0
995.0
992.333333333
1011.0
1009.33333333
1009.66666667
997.666666667
1000.0
SEC 10
1135.0
1154.33333333
1144.33333333
1153.66666667
1141.66666667
1143.0
1168.33333333
1149.0
1141.0
1132.33333333
1134.66666667
1151.33333333
1151.33333333
1149.0
1142.0
1141.0
SEC 11
1288.33333333
1299.0
1293.0
1299.66666667
1289.0
1290.66666667
1316.0
1294.0
1285.66666667
1275.33333333
1282.66666667
1297.66666667
1299.0
1284.33333333
1304.33333333
1291.66666667
SEC 12
1431.0
1427.0
1426.33333333
1430.0
1426.33333333
1431.0
1445.33333333
1426.0
1420.0
1408.66666667
1417.0
1426.33333333
1431.66666667
1437.0
1420.66666667
1425.0
SEC 13
1564.33333333
1570.0
1567.0
1566.66666667
1561.33333333
1572.33333333
1583.0
1561.33333333
1557.0
1554.66666667
1546.0
1565.0
1573.33333333
1569.33333333
1570.66666667
1567.66666667
SEC 14
1711.66666667
1697.0
1701.33333333
1709.66666667
1699.66666667
1712.33333333
1725.66666667
1698.66666667
1690.66666667
1682.0
1691.66666667
1703.66666667
1709.66666667
1709.66666667
1706.66666667
1705.33333333
SEC 15
1836.33333333
1848.33333333
1833.66666667
1843.66666667
1832.0
1851.0
1858.66666667
1828.0
1826.0
1824.33333333
1819.33333333
1838.66666667
1842.0
1839.0
1844.66666667
1834.0
SEC 16
1977.66666667
1965.0
1973.0
1972.33333333
1966.33333333
1980.0
1991.66666667
1957.66666667
1957.0
1948.66666667
1950.66666667
1970.33333333
1974.33333333
1973.66666667
1977.0
1969.66666667
SEC 17
2104.66666667
2114.66666667
2108.66666667
2106.33333333
2104.33333333
2119.33333333
2125.33333333
2099.0
2090.33333333
2086.33333333
2094.0
2105.33333333
2112.0
2114.0
2114.33333333
2110.33333333
SEC 18
2254.66666667
2260.66666667
2253.66666667
2253.33333333
2245.66666667
2264.66666667
2272.0
2242.0
2230.33333333
2241.33333333
2233.0
2253.0
2261.0
2256.33333333
2261.0
2257.33333333
SEC 19
2412.0
2395.66666667
2401.66666667
2406.0
2394.66666667
2412.33333333
2419.33333333
2394.66666667
2379.66666667
2383.33333333
2393.66666667
2405.66666667
2410.66666667
2409.33333333
2407.33333333
2408.0
SEC 20
2542.33333333
2534.66666667
2536.66666667
2546.0
2526.33333333
2551.0
2553.0
2528.33333333
2515.33333333
2523.33333333
2532.66666667
2542.66666667
2542.0
2551.33333333
2544.0
2546.66666667
SEC 21
2681.33333333
2679.66666667
2683.33333333
2691.66666667
2673.66666667
2695.33333333
2686.33333333
2675.66666667
2655.33333333
2666.66666667
2667.66666667
2688.0
2682.66666667
2704.66666667
2687.0
2687.0
SEC 22
2823.33333333
2825.66666667
2834.66666667
2830.66666667
2820.33333333
2837.33333333
2832.0
2819.0
2801.33333333
2806.0
2812.66666667
2833.66666667
2825.33333333
2850.33333333
2838.33333333
2833.66666667
SEC 23
2976.0
2969.66666667
2989.66666667
2983.33333333
2978.66666667
2990.0
2983.33333333
2965.33333333
2944.0
2960.66666667
2962.66666667
2986.0
2971.33333333
2996.33333333
2993.33333333
2987.0
SEC 24
3119.33333333
3110.33333333
3128.33333333
3129.33333333
3125.33333333
3135.33333333
3127.33333333
3112.0
3080.66666667
3108.0
3103.0
3133.33333333
3119.66666667
3135.0
3140.66666667
3133.0
SEC 25
3248.66666667
3255.33333333
3271.0
3271.33333333
3258.66666667
3280.33333333
3270.33333333
3258.33333333
3219.66666667
3256.33333333
3226.66666667
3276.0
3262.0
3273.33333333
3279.66666667
3278.66666667
SEC 26
3396.0
3402.66666667
3413.33333333
3410.33333333
3409.0
3427.66666667
3416.0
3405.33333333
3367.0
3403.33333333
3377.0
3424.66666667
3407.33333333
3417.66666667
3413.33333333
3417.33333333
SEC 27
3549.33333333
3534.66666667
3558.0
3553.0
3557.0
3571.0
3561.0
3545.0
3514.66666667
3533.66666667
3542.0
3572.33333333
3551.0
3568.33333333
3552.0
3561.0
SEC 28
3692.0
3684.33333333
3708.66666667
3698.0
3704.66666667
3719.66666667
3714.0
3695.66666667
3664.33333333
3694.33333333
3685.66666667
3713.33333333
3698.33333333
3698.0
3728.66666667
3708.0
SEC 29
3835.33333333
3840.66666667
3858.66666667
3842.33333333
3851.66666667
3863.66666667
3862.66666667
3846.0
3808.33333333
3850.33333333
3829.33333333
3866.33333333
3843.66666667
3862.0
3860.33333333
3854.66666667
SEC 30
3975.0
3981.33333333
3999.66666667
3978.66666667
3996.33333333
4006.0
4004.33333333
3991.66666667
3957.0
3996.33333333
3969.0
4011.0
3985.0
3987.33333333
4019.66666667
3997.0
SEC 31
4100.33333333
4101.33333333
4123.66666667
4100.33333333
4119.66666667
4128.66666667
4128.0
4114.0
4077.0
4090.66666667
4124.33333333
4131.33333333
4106.0
4132.33333333
4122.33333333
4120.66666667
SEC 32
4241.0
4238.0
4262.0
4237.33333333
4262.33333333
4266.33333333
4265.66666667
4254.0
4213.66666667
4260.0
4225.33333333
4274.33333333
4242.0
4276.66666667
4257.66666667
4254.66666667
SEC 33
4384.33333333
4388.33333333
4412.0
4384.66666667
4403.0
4410.66666667
4411.0
4402.33333333
4363.0
4404.0
4378.0
4420.33333333
4387.0
4402.33333333
4425.33333333
4397.33333333
SEC 34
4539.33333333
4547.33333333
4569.0
4538.66666667
4561.0
4567.33333333
4561.33333333
4556.33333333
4516.66666667
4561.66666667
4528.33333333
4575.0
4547.33333333
4550.66666667
4580.0
4549.66666667
SEC 35
4681.66666667
4683.66666667
4709.0
4684.0
4697.33333333
4713.0
4704.33333333
4694.0
4656.66666667
4678.66666667
4695.33333333
4713.0
4683.0
4710.66666667
4694.33333333
4686.0
SEC 36
4832.66666667
4837.66666667
4853.66666667
4830.66666667
4850.66666667
4859.0
4852.66666667
4846.0
4805.66666667
4843.66666667
4825.33333333
4857.0
4837.0
4838.33333333
4861.0
4835.0
SEC 37
4967.33333333
4991.33333333
5001.66666667
4977.0
4994.66666667
5006.33333333
4996.33333333
4993.66666667
4946.66666667
4968.0
4989.33333333
5005.33333333
4983.0
5008.0
4986.0
4980.66666667
SEC 38
5121.66666667
5116.33333333
5143.0
5118.33333333
5134.0
5142.0
5133.66666667
5131.66666667
5090.66666667
5136.0
5095.0
5135.33333333
5116.33333333
5149.33333333
5119.0
5125.0
SEC 39
5251.33333333
5256.0
5279.33333333
5248.33333333
5273.0
5280.0
5271.0
5265.66666667
5222.0
5272.0
5235.33333333
5271.66666667
5249.66666667
5255.66666667
5284.33333333
5255.0
SEC 40
5434.66666667
5396.66666667
5431.33333333
5404.66666667
5430.33333333
5432.66666667
5427.33333333
5416.33333333
5377.33333333
5414.66666667
5395.33333333
5427.66666667
5399.66666667
5417.66666667
5429.33333333
5407.66666667
SEC 41
5566.0
5567.0
5586.0
5562.33333333
5582.66666667
5583.33333333
5580.33333333
5569.33333333
5529.0
5563.33333333
5546.0
5580.0
5554.66666667
5552.33333333
5591.0
5560.66666667
SEC 42
5689.0
5717.66666667
5728.66666667
5701.66666667
5723.33333333
5721.66666667
5722.66666667
5709.0
5671.33333333
5674.0
5717.33333333
5727.33333333
5690.33333333
5728.33333333
5692.33333333
5697.0
SEC 43
5858.33333333
5828.0
5868.0
5839.33333333
5868.66666667
5869.33333333
5865.66666667
5855.0
5813.0
5813.66666667
5860.0
5870.0
5833.0
5844.0
5861.66666667
5837.33333333
SEC 44
5993.33333333
5990.66666667
6019.0
5988.0
6017.0
6013.33333333
6011.33333333
6005.0
5959.0
5995.66666667
5978.0
6021.66666667
5989.33333333
5985.0
6014.66666667
5983.33333333
SEC 45
6133.33333333
6130.66666667
6164.0
6133.33333333
6158.66666667
6156.66666667
6154.33333333
6146.66666667
6106.0
6125.0
6139.0
6171.0
6132.33333333
6140.66666667
6138.0
6128.0
SEC 46
6292.0
6250.0
6297.33333333
6265.33333333
6301.33333333
6298.66666667
6293.66666667
6284.33333333
6239.0
6256.0
6281.0
6306.66666667
6271.66666667
6279.66666667
6265.33333333
6262.66666667
SEC 47
6370.33333333
6417.0
6422.0
6389.0
6429.66666667
6426.33333333
6413.66666667
6409.0
6362.33333333
6377.33333333
6402.0
6423.33333333
6391.33333333
6398.33333333
6389.66666667
6383.0
SEC 48
6554.33333333
6540.33333333
6574.66666667
6535.33333333
6574.33333333
6575.33333333
6565.0
6563.0
6512.33333333
6550.0
6525.0
6570.33333333
6539.66666667
6549.66666667
6550.0
6533.0
SEC 49
6689.66666667
6694.0
6717.0
6681.0
6717.0
6720.0
6713.66666667
6712.66666667
6654.33333333
6678.66666667
6685.0
6718.33333333
6681.33333333
6715.0
6675.33333333
6679.0
SEC 50
6831.33333333
6825.33333333
6854.66666667
6822.33333333
6851.33333333
6858.33333333
6848.0
6848.33333333
6783.33333333
6810.33333333
6834.0
6849.0
6812.33333333
6837.66666667
6819.33333333
6810.0
SEC 51
6964.0
6990.0
7012.66666667
6963.33333333
7000.0
7005.0
6993.33333333
6994.0
6932.33333333
6969.66666667
6960.66666667
6998.33333333
6956.66666667
6967.0
6976.66666667
6954.0
SEC 52
7124.33333333
7093.0
7145.66666667
7098.66666667
7139.66666667
7140.33333333
7135.0
7131.66666667
7075.66666667
7105.0
7098.66666667
7128.66666667
7090.33333333
7096.0
7115.66666667
7089.33333333
SEC 53
7250.66666667
7233.33333333
7275.0
7228.66666667
7276.33333333
7273.33333333
7259.33333333
7261.0
7206.0
7225.33333333
7244.33333333
7265.0
7224.0
7221.33333333
7247.33333333
7216.33333333
SEC 54
7375.0
7380.33333333
7408.66666667
7369.0
7417.0
7413.66666667
7398.33333333
7393.33333333
7342.33333333
7367.0
7383.33333333
7401.0
7361.0
7362.66666667
7375.0
7357.33333333
SEC 55
7534.33333333
7527.0
7557.33333333
7519.0
7574.33333333
7567.66666667
7546.33333333
7546.33333333
7494.33333333
7540.33333333
7510.66666667
7556.0
7514.66666667
7494.33333333
7548.33333333
7512.0
SEC 56
7677.0
7692.0
7711.66666667
7671.33333333
7725.33333333
7721.66666667
7695.0
7695.0
7641.0
7678.66666667
7682.0
7706.0
7665.33333333
7680.33333333
7666.0
7663.0
SEC 57
7818.33333333
7834.33333333
7852.66666667
7808.33333333
7864.66666667
7861.0
7835.0
7830.66666667
7785.66666667
7816.0
7827.0
7849.33333333
7807.33333333
7808.66666667
7819.33333333
7799.66666667
SEC 58
7959.33333333
7976.66666667
8001.0
7948.66666667
8006.33333333
8004.0
7976.0
7976.0
7924.33333333
7964.66666667
7960.33333333
7989.33333333
7956.66666667
7940.66666667
7968.33333333
7945.66666667
SEC 59
8092.0
8117.0
8137.66666667
8081.33333333
8144.66666667
8142.33333333
8112.33333333
8110.66666667
8060.0
8100.33333333
8098.33333333
8127.66666667
8087.66666667
8088.0
8095.66666667
8081.0
SEC 60
8249.33333333
8238.66666667
8275.66666667
8214.66666667
8281.33333333
8279.33333333
8251.66666667
8251.66666667
8202.0
8236.66666667
8234.0
8260.66666667
8222.0
8236.66666667
8228.0
8216.33333333
SEC 61
8381.0
8374.66666667
8417.0
8344.0
8406.0
8415.66666667
8385.0
8386.66666667
8342.33333333
8372.66666667
8367.33333333
8392.66666667
8355.33333333
8390.33333333
8345.33333333
8348.66666667
SEC 62
8523.33333333
8513.66666667
8561.0
8483.33333333
8545.33333333
8554.66666667
8531.33333333
8523.0
8489.33333333
8496.0
8533.66666667
8538.33333333
8498.66666667
8503.33333333
8520.33333333
8496.66666667
SEC 63
8659.66666667
8664.66666667
8704.33333333
8629.66666667
8689.33333333
8700.0
8672.0
8664.33333333
8632.33333333
8682.0
8645.33333333
8680.66666667
8645.33333333
8654.66666667
8660.33333333
8636.33333333
SEC 64
8812.0
8813.33333333
8845.66666667
8770.66666667
8834.66666667
8847.0
8816.66666667
8808.0
8777.33333333
8808.0
8811.0
8832.33333333
8790.66666667
8798.0
8806.33333333
8776.66666667
SEC 65
8946.33333333
8945.33333333
8978.0
8915.66666667
8968.0
8983.66666667
8951.66666667
8939.33333333
8916.33333333
8926.33333333
8963.33333333
8970.33333333
8922.66666667
8910.66666667
8956.66666667
8910.66666667
SEC 66
9086.66666667
9084.0
9114.33333333
9056.0
9113.66666667
9120.33333333
9088.66666667
9082.33333333
9058.0
9082.66666667
9090.0
9109.33333333
9056.33333333
9067.66666667
9080.0
9047.0
SEC 67
9229.33333333
9237.0
9259.33333333
9204.0
9262.66666667
9267.33333333
9233.66666667
9232.33333333
9203.33333333
9233.66666667
9236.0
9255.33333333
9209.66666667
9220.0
9226.33333333
9190.33333333
SEC 68
9369.33333333
9369.66666667
9400.66666667
9341.66666667
9407.33333333
9406.33333333
9370.66666667
9371.33333333
9349.33333333
9347.66666667
9399.0
9397.0
9353.33333333
9334.66666667
9385.0
9332.0
SEC 69
9506.66666667
9504.33333333
9537.33333333
9481.66666667
9547.33333333
9545.66666667
9508.0
9511.0
9484.33333333
9519.66666667
9506.66666667
9535.66666667
9492.0
9516.33333333
9468.0
9465.0
SEC 70
9652.0
9662.0
9690.33333333
9635.0
9698.33333333
9694.33333333
9667.0
9661.66666667
9633.66666667
9686.0
9647.0
9691.33333333
9648.66666667
9634.66666667
9656.33333333
9608.33333333
SEC 71
9800.0
9805.0
9841.66666667
9783.33333333
9846.66666667
9839.0
9816.0
9811.0
9778.0
9833.0
9802.0
9842.66666667
9802.66666667
9797.0
9788.0
9754.33333333
SEC 72
9945.66666667
9943.66666667
9977.33333333
9926.33333333
9987.33333333
9973.33333333
9953.66666667
9951.66666667
9920.33333333
9957.33333333
9958.0
9979.66666667
9944.0
9947.0
9916.0
9894.33333333
SEC 73
10089.3333333
10089.0
10125.0
10070.3333333
10127.0
10117.3333333
10099.3333333
10094.0
10065.3333333
10099.0
10099.6666667
10125.3333333
10086.3333333
10073.3333333
10084.3333333
10038.0
SEC 74
10240.3333333
10238.6666667
10273.0
10220.0
10280.6666667
10267.3333333
10249.0
10247.3333333
10215.3333333
10235.0
10272.0
10282.6666667
10239.6666667
10215.0
10249.6666667
10188.6666667
SEC 75
10382.3333333
10373.6666667
10411.3333333
10358.3333333
10414.0
10406.6666667
10387.0
10386.0
10350.0
10379.0
10408.0
10418.6666667
10377.0
10366.0
10374.0
10327.0
SEC 76
10512.3333333
10510.0
10544.0
10488.0
10540.0
10535.0
10517.6666667
10510.6666667
10478.6666667
10508.6666667
10532.6666667
10542.0
10509.0
10530.3333333
10479.3333333
10449.6666667
SEC 77
10643.0
10651.0
10686.6666667
10626.3333333
10680.3333333
10675.6666667
10664.0
10651.0
10617.0
10657.6666667
10665.3333333
10680.3333333
10656.0
10619.3333333
10667.6666667
10588.3333333
SEC 78
10788.6666667
10784.3333333
10827.0
10769.3333333
10820.3333333
10818.0
10805.6666667
10789.0
10757.3333333
10807.6666667
10799.3333333
10819.6666667
10792.3333333
10764.3333333
10809.3333333
10726.0
SEC 79
10946.6666667
10934.0
10979.0
10921.0
10973.6666667
10969.0
10957.0
10939.0
10911.3333333
10955.0
10958.3333333
10974.3333333
10949.0
10959.3333333
10916.0
10883.0
SEC 80
11071.3333333
11066.3333333
11109.0
11050.0
11102.3333333
11100.3333333
11089.6666667
11065.6666667
11039.0
11091.3333333
11087.6666667
11107.3333333
11074.0
11080.0
11064.3333333
11008.0
