r=1, wt=32, c=4
672815
253562
278033
242617
234439
161677
171710
215078
181393
201024
175631
209540
195589
187450
200050
184713
158453
168050
171629
170511
174859
187287
182292
171634
182681
190690
209136
189909
200240
173658
182530
163252
167835
162876
184968
223779
178543
201981
155512
180381
188648
204582
229386
209749
201286
166314
190003
177638
168703
197212
173328
187918
187356
222877
181447
231339
181126
205655
203503
186554
175832
192413
180778
188768
185944
165271
169825
184156
174324
217581
177032
164828
202440
202556
228870
202733
173275
195789
183701
160785
AVG: 187454.042857

r=2, wt=32, c=4
844259
386994
306596
268394
262149
252916
165450
220080
223747
233818
214771
180781
212580
218389
228454
228876
220975
193810
213268
183351
217693
185546
186797
172718
207317
157646
169050
196711
305275
221811
197869
218175
169597
189295
206790
172996
186022
196151
201628
211023
194873
176250
178191
192729
187619
216197
203627
190059
179563
182875
191727
177229
176352
183090
209372
195957
216166
230579
201497
167957
232142
200039
202969
196990
172105
200595
193092
168445
184069
199712
203266
183987
201038
197441
173138
174218
227535
198969
182484
179202
AVG: 198890.185714

r=3, wt=32, c=4
732653
284750
309983
274423
240851
190694
161553
226319
231693
179185
203446
230312
228696
172374
225143
215253
184248
204629
184115
205399
188920
260093
194954
210743
223513
196487
237265
249293
178364
188449
308539
191547
169885
188084
160310
175034
182220
243847
200711
178458
164609
217226
196613
191016
202590
233590
187221
183936
171043
194840
172021
184218
178386
216503
185025
208580
186715
214582
176031
208551
211664
207511
181166
181988
169164
170425
169065
226379
206881
193382
222340
200060
234273
204757
196489
265000
197206
192142
189223
177671
AVG: 200265.928571

