r=1, wt=8, c=12
934510
459518
455435
423346
402074
333939
335232
398166
427133
379306
386514
363905
348399
363021
360884
331094
356147
345970
332992
451944
384183
352141
363011
461389
360829
324782
340378
350798
326683
329614
392839
363372
325242
318579
353252
349379
393343
524839
429814
345427
325798
329107
349440
326358
329654
341908
338282
350480
369402
349279
365027
341918
343702
433300
345443
371596
349373
336105
371148
354247
342956
411552
323159
337433
385192
379321
366504
355172
373808
363988
390174
340215
328957
295936
356665
326233
378258
311775
331771
407752
AVG: 361101.985714

r=2, wt=8, c=12
824234
480780
473799
402603
580082
446941
366356
406349
428979
398787
379352
344087
335285
386439
382147
386858
398423
355411
368410
341383
384806
371857
339505
361262
367223
347950
333435
303656
365799
336103
294932
440441
460272
394625
314146
368534
345206
354989
434479
374809
316998
344439
348727
327386
316128
322720
364126
360197
329697
360560
331965
341128
363955
382339
381292
330725
337252
349636
320582
376058
377888
359758
367078
340491
336610
376378
394490
350203
355038
341098
313542
412356
336874
363325
400819
331702
362032
364453
331582
351421
AVG: 362158.485714

r=3, wt=8, c=12
874368
406209
524136
411725
404474
398151
380647
347634
371585
386544
415440
353928
342893
372435
320634
328495
314447
365232
364195
358364
332762
361188
365072
365572
354824
384622
339187
362034
335217
352573
323971
338250
339274
382435
338374
344723
380263
375516
372531
352999
347756
335215
386228
336253
321665
322196
381799
368230
368846
317853
351493
402183
387303
381186
388901
372083
360877
360491
345473
325528
391762
375030
384042
372583
384994
341849
353264
384276
376660
385490
397733
335813
353748
332231
345537
339621
357679
396652
364197
360716
AVG: 359979.742857

