r=1, wt=8, c=32
1119435
388675
489982
453971
467561
374156
426383
376775
420390
359609
357213
420441
394957
330336
400795
441425
372576
358366
359899
354039
344995
384602
414439
410030
347246
365120
429324
508949
357765
425675
429629
338574
425581
454673
336536
355531
377274
425296
446787
408198
342113
348150
428871
336342
373050
404615
378191
336477
354140
361381
377937
372960
343292
454643
372071
352576
354911
361595
371453
424341
408130
336879
342066
351821
313027
352637
349584
409328
441276
365146
382242
373734
351035
348203
356845
413067
358454
373953
321673
388655
AVG: 380923.514286

r=2, wt=8, c=32
1003592
582247
562411
415421
403945
390835
333019
390964
410440
427963
385649
440262
412634
429909
391326
410190
470369
378604
385158
405937
398862
375941
406247
404437
412036
390505
328295
380870
384559
380666
392924
505402
400598
366905
362783
360026
314688
320369
381892
439353
489115
377849
417504
420954
385677
493621
493347
372056
386102
357165
380788
364950
369188
427882
426923
350274
355523
399724
381187
386059
348944
395149
315794
346089
386470
335162
351976
406126
383495
395515
350540
348977
430190
395477
377918
400915
438623
342085
352697
337242
98780
AVG: 391200.591549

r=3, wt=8, c=32
1045131
505892
442234
385301
436375
405874
409763
388569
400984
383302
356696
348359
402827
361868
378926
436972
404820
396382
384416
402548
364271
358978
380318
388244
464601
384593
349014
466071
359936
402633
394903
476291
383026
371085
409495
366298
343972
378536
357369
382890
364614
394694
387867
398967
371683
367204
453814
373675
339803
375159
360967
368982
394210
387859
400707
356398
345250
478804
420794
387244
390441
467267
380410
361856
357678
366170
388569
367349
423182
420553
354735
380181
448850
395175
394846
407312
474950
393012
361002
368039
AVG: 389582.671429

