r=1, wt=64, c=24
1368176
853674
1073328
653150
732613
668301
753141
638101
635913
733245
778510
734010
668789
784636
764307
710575
647107
900375
618327
670290
593344
769756
649472
628375
863961
813766
616620
573030
720215
630197
637476
830825
752719
632038
582930
670609
674702
567136
651640
727712
748466
756797
879412
805130
790192
683448
831831
823117
630582
646470
668770
633270
658952
720619
845467
695528
734078
686531
841315
734959
750066
766041
929708
617178
746797
913734
767390
861122
700151
859310
741978
602300
628158
714642
778005
804285
745104
898671
723447
675459
AVG: 721195.2

r=2, wt=64, c=24
1093250
774543
780323
699737
825141
788054
613453
735708
739496
665211
700305
641531
905927
764005
616389
613998
759060
700241
768789
671813
763953
603398
550831
577602
647192
652693
612845
739788
730428
619553
774722
706960
761777
783453
624331
782898
657840
598224
620685
629626
680706
646413
792764
736353
663614
744211
800696
777040
693770
825398
703559
726414
568241
606557
683482
679214
724623
722180
602886
636873
605614
808502
704859
867945
816693
821173
658454
673098
588325
624166
562035
535754
881989
796141
619387
577293
880133
749896
889000
675505
AVG: 695741.542857

r=3, wt=64, c=24
1051102
658854
755596
671011
912867
873757
692886
646296
661594
684995
768186
688799
664508
751263
710265
621638
690023
646138
845283
700185
774856
624739
493289
701021
604470
612813
527620
724523
821183
625463
558372
588162
744168
854545
771963
766144
696789
702976
587732
635562
725858
585994
797284
609750
582288
694413
635855
738762
817703
797363
888053
837045
590770
502641
717754
696765
597572
683752
675340
666169
594896
674813
588852
706680
692206
805642
607240
649237
877545
610759
628482
686098
708898
791714
737650
663315
716294
743691
663274
842321
620220
AVG: 689117.802817

