r=1, wt=32, c=24
1372434
745507
811163
778227
785454
951608
738719
630347
693528
589527
688154
713092
667261
862052
872216
774848
711595
749980
699809
780521
717156
1009017
765146
854834
690294
610425
753132
605980
748902
717993
569168
678617
699336
753862
794444
662102
1041659
684437
689207
779028
610024
607531
757718
694176
741332
676105
811117
1053566
758911
735740
735070
886397
672148
725912
681745
720543
660838
716840
585080
755771
619219
682811
685743
716122
684546
693838
999171
670639
629393
696648
629367
611522
650322
807132
822420
603279
640383
757330
778677
616779
AVG: 730477.9

r=2, wt=32, c=24
1002725
814309
795849
702020
745897
705199
741717
782504
653049
741372
553203
624466
600091
701223
640663
608536
730606
877441
673746
907736
743692
832305
813014
794778
845644
683611
609988
664161
724833
654765
820338
785544
694274
541352
692981
955459
739044
818645
999308
799191
799432
635966
630389
856145
688519
861327
773266
781713
641175
671680
860663
771612
837057
833380
703371
738259
741668
645954
703484
654288
693924
837338
837535
671070
769490
976324
815205
694953
828422
767542
624134
678873
643347
668204
737751
644491
914765
723293
667472
648130
881390
AVG: 739048.309859

r=3, wt=32, c=24
1324935
921558
737954
757211
821594
796186
819670
726268
721674
664843
674076
642977
705443
604735
703950
811397
672378
730377
589739
780274
645121
808339
784027
960767
618267
671881
644211
791448
689621
764420
854533
867885
765873
689898
737303
748040
788708
839377
956687
644774
702292
673653
695705
601957
682535
754695
838483
767864
713273
810755
695981
753741
805853
832578
674901
716673
683395
708490
729035
599600
810664
677174
831794
722622
806476
741182
805874
864051
838430
699946
628822
669382
725835
654966
750584
832198
852463
677945
707980
767781
AVG: 736920.4

