r=1, wt=16, c=1
239822
161127
138020
132724
134313
120290
148849
125809
139216
133190
101081
91267
94485
97008
125824
99295
98392
100814
96594
114568
91730
89897
100307
110917
128852
88825
96447
91501
97167
111546
100146
106835
95246
89822
86369
87333
102087
82251
82742
94602
87514
85065
87990
88528
92206
94109
95107
94471
82071
89435
87436
104357
88589
95167
89937
87764
92323
95068
98912
90389
91672
91000
98500
83417
96820
86218
88842
83954
84594
83807
93664
88962
91541
86407
94252
85143
91168
87416
102915
86245
AVG: 97019.8857143

r=2, wt=16, c=1
201715
170372
154368
135191
130744
128086
123816
124211
120998
125478
93478
80237
97795
101372
101509
106771
95387
103622
95579
95721
95730
96507
98647
85218
85420
90405
85784
85277
93189
96713
93487
89793
97627
99204
101085
103868
87608
86241
91082
83588
122113
90371
86720
83892
79843
86812
80207
96961
85903
93151
86089
81813
88824
83878
98268
93597
81838
87569
88629
86191
93809
86855
80615
93965
80821
87348
86939
92588
87461
102048
92614
81881
81331
93125
95783
89083
86542
92389
80684
103084
AVG: 93719.7857143

r=3, wt=16, c=1
226995
157593
126499
140442
125579
116895
123147
118369
119571
106748
97089
89749
90005
114400
104763
97467
93460
107100
104889
92616
110228
86946
84685
83369
81527
89446
95789
82597
97329
102659
82948
92551
84383
80526
85650
78593
89065
89989
84426
84189
91665
83960
79301
88305
86853
102087
109817
87027
96337
94205
80461
82095
83130
82010
101468
93101
89676
90683
83295
86221
82603
89293
86019
94475
94019
87879
94720
95941
100258
87197
95337
85801
81173
80588
78221
87633
86901
82450
93872
87848
AVG: 92405.4857143

