r=1, wt=64, c=8
1446
2186
2748
2888
3614
3707
3633
3448
3845
3941
3449
3592
3603
3361
4067
2988
3314
3588
3348
3641
3618
3803
3982
3853
4010
3762
3890
3714
3881
4033
3570
3993
3579
3642
3578
3718
3732
4105
4214
4051
4060
3520
3338
3870
3828
3897
3833
3328
3744
3447
3714
4018
3831
3953
3926
3604
3638
3681
3750
3912
3657
4022
3568
3803
3232
3621
3873
3782
3962
3892
3850
3846
3286
3669
3879
3214
3483
3498
3554
3552
AVG: 3729.81428571

r=2, wt=64, c=8
1380
2429
2796
2983
3208
3529
3257
4108
3638
3791
3925
3689
3398
3581
3675
4085
3658
3232
3574
3632
3263
3821
3918
3832
3897
3725
3988
3524
3566
3885
3856
3525
3722
3635
3213
3307
3759
3860
3641
3644
3985
3613
3581
3516
3964
3875
3691
3768
3874
3660
3302
3832
4048
4024
3804
4018
3886
3657
3682
3777
3804
3664
3684
3693
3766
3517
3969
4115
3303
3899
3818
3798
3387
3687
3092
4063
3482
3764
3645
3492
AVG: 3701.51428571

r=3, wt=64, c=8
1464
2437
2801
3425
3505
3946
3208
3296
3437
3793
3862
4097
3087
4257
4114
3882
3381
3735
3807
3630
3888
3762
3686
3401
3857
4247
3787
4001
4023
3276
3812
3499
3878
3974
3142
3721
3829
3362
3317
3848
3882
4011
3790
4027
3920
3871
3468
3960
3991
3700
3803
3604
3784
3707
3852
4173
3967
4000
3906
3853
3757
3401
3646
3108
3583
3746
3529
3491
3413
3476
3807
3949
3958
3970
3602
3820
3492
3567
3663
3604
AVG: 3736.38571429

