r=1, wt=16, c=24
1224
2519
2599
3575
3818
3611
3401
3636
4103
3713
3713
3611
3430
3573
3683
3885
4027
3558
3524
4135
4077
3968
3951
3803
3453
3736
3791
3793
3629
3790
3726
3789
3508
3946
4077
3442
3823
3951
3721
3659
3513
3269
3852
3659
3525
3890
3893
3307
3834
3785
4062
3930
3730
3558
3691
3597
3912
3638
3239
3406
3507
3686
3445
4003
3890
3686
3987
3535
3841
3653
3665
3827
3924
3636
3526
3052
3633
3534
3850
3735
AVG: 3719.1

r=2, wt=16, c=24
1432
2545
3293
3091
4127
3898
4088
4162
3791
3460
3938
4052
4128
4020
3892
3973
3708
4318
4259
4253
4212
3588
4299
3974
3997
4331
3800
3833
4240
4110
3925
3864
4075
4323
4158
4302
4030
3471
4021
4162
4264
4015
4075
3540
3843
3860
3751
4321
4085
3976
4245
4101
4080
3922
3752
4400
4166
3853
4062
4089
3851
3632
4296
4204
4115
4220
3059
4238
3838
3903
4146
4197
3708
3692
3796
3822
3653
3425
4122
4050
AVG: 3999.28571429

r=3, wt=16, c=24
1194
2578
3506
3188
3552
3691
3847
3732
3399
4112
4195
4190
4036
3246
4100
3952
3771
4234
3987
3919
3852
3984
3835
3707
3701
4284
3713
4020
3717
3764
3167
3782
4147
4008
3370
3863
3959
3420
3696
3944
3986
3880
3683
3634
3601
3842
3403
3500
3566
3817
3810
3867
3651
2543
3915
3976
3867
3953
4040
3865
3577
3769
4072
4148
3743
3724
3856
3867
3425
3960
3928
3996
4127
4138
3872
3766
3592
3899
4017
3837
AVG: 3813.5

