1526377
1272951
1157027
1104393
988536
1115784
932097
903842
952163
918888
928638
957620
934328
987723
887932
862831
963270
918760
872739
812629
817002
808230
772472
791602
813781
779403
841388
834098
859059
780880
795928
860960
856150
869879
829708
905620
820098
814303
825495
763597
773849
821531
836431
852907
795156
828706
830620
872715
803556
849981
853677
848457
805144
837713
837452
822807
815073
852907
853060
813805
815861
820765
918613
848253
823813
854101
865903
806773
906081
807471
790137
780856
885554
935119
834678
780711
845502
891102
862472
794232
