2482369
1496792
1253952
1438258
1237977
1153315
1094246
1129387
1090533
1087263
1116843
1165207
1035017
1002157
968007
956759
1003160
1014482
1282654
1211671
1081216
988068
1014652
1065410
992520
1119241
1163468
994375
1012181
966820
959713
1021632
1024318
1148685
1116135
1102796
980546
1113448
1084251
1076623
1106598
1217609
1072545
1028638
995447
990194
954183
968507
1176539
1128663
1021343
971122
1028154
1047253
1054198
1103220
1145927
1016237
993531
914061
934035
965507
934753
1071171
1125223
1024157
1077340
1196263
1019184
1031659
1112484
1191183
1033513
956457
980896
961220
1029740
1013702
1246772
1240458
