6619795
4972243
5231406
4903806
4411043
3851103
4280745
3451864
3842824
3699221
3586732
3462143
4799118
3543452
4082746
3454884
3741902
3922835
4395795
3968553
3896744
4179475
3849058
3843200
3613448
3552026
3545532
3833883
3882184
4056016
3792272
3687803
4014539
3771391
4038055
3690411
3944421
3863516
3770478
3626165
5484121
3674667
3507488
3630137
3968198
3797368
3719538
3993768
4217649
3894954
3814328
3957921
5004699
3721295
3924838
3877482
3926094
3779799
3955778
4014894
3690072
3636245
4070835
4115078
3846548
3637999
3889079
3845525
3687294
3709920
3499279
3584316
3642392
3851531
4176226
3707440
3774536
4114215
4327342
4041847
