3714323
2194388
1929712
1713853
1737502
1362414
1334877
1310855
1927722
1432568
1331460
1407213
1468971
1574501
1476245
1443649
1536652
1287779
1413647
1449700
1396093
1387967
1362321
1411549
1529538
1421080
1431146
1479892
1563638
1587200
1564331
1766000
1409357
1429380
1376384
1329611
1517424
1516083
1548460
1517251
1377312
1438148
1578735
1469562
1503500
1445652
1648871
1413279
1400981
1321710
1408237
1429605
1442294
1479148
1564219
1368923
1415275
1520853
1488591
1465394
1468043
1613301
1346124
1379766
1594335
1382500
1501753
1447505
1452228
1459039
1417096
1488883
1476198
1577307
1577017
1407299
1735629
1417422
1360544
1410581
