376765
564572
371769
353509
566203
329788
252162
376795
345068
296411
387821
302455
414261
298527
312639
324339
366781
351927
293255
359548
325285
251391
293617
286810
263678
293579
429642
321448
292366
387902
474502
434668
355750
398544
408489
290616
257877
333704
285219
269024
283965
336402
377546
311999
323341
402429
307924
359809
440468
540521
434081
368197
299486
340640
386036
318057
449408
382250
302594
325697
381921
528989
306462
337456
502585
356784
320707
334405
315758
338265
378897
462558
625064
359060
366738
409893
422873
404546
472240
568539
