489457
607312
710686
567634
768674
553307
625733
562624
784153
538460
874777
651715
680802
506980
727362
554391
510250
772104
678890
956605
592190
730489
742120
724287
770067
941163
554228
747905
652180
541918
670704
612401
679157
706583
697755
500085
564648
823436
714507
710554
731025
571848
556356
452570
636246
573512
735147
681456
728360
669564
564787
790556
653001
727279
538701
733711
614821
741419
587644
538225
551783
615315
832478
761883
563006
663899
719124
701850
723852
635420
967265
650808
750218
505976
599711
629413
656297
536669
720104
574130
