205669
180967
129725
116534
95138
93133
110759
159816
123061
103260
108689
125613
142540
112281
140148
161196
96004
122287
103403
107614
107586
107331
146282
123430
113608
94753
136465
134760
114162
119468
126195
133966
121768
100473
97607
100019
102622
141583
133186
91423
103176
132517
124861
103755
122816
142724
123270
102007
120592
97709
97277
105269
118875
132652
96492
91819
99731
113377
111846
123446
151653
94277
99681
106650
98643
101799
110638
130802
152696
101475
106286
153727
103933
124725
121033
132668
94988
95666
107422
99940
