2180306
1830403
1657184
1628986
2179300
1519193
1495296
1668225
1503484
1452945
1249287
1255956
1350788
1748593
1259627
1409275
1505775
1450689
1411812
1702099
1358673
1582230
1361669
1625003
1536223
1393200
1352210
1383388
1329776
1264950
1838503
1944301
1388006
1283719
1472232
1605447
1614638
1504034
1601375
1348567
1423820
1297490
1321998
1150229
1405088
1319262
1562963
1411965
1332915
1323389
1367751
1315928
1294445
1534137
1273444
1272246
1316205
1209392
1332188
1735439
1174114
1482568
1389264
1280614
1403179
1239837
1385836
1501793
1668342
1384581
1871614
1456446
1339241
1118646
1263599
1254237
1348104
1458696
1446703
1507772
