461492
684910
399631
521084
546141
522748
415445
491431
435835
452975
413473
586844
507214
520994
516929
668202
609331
512015
463633
366146
382719
493407
786463
644488
423250
428134
470916
537871
522058
489298
695793
431710
420887
408878
416371
448594
421575
468628
588415
484314
454489
557861
444697
497468
424406
623789
417915
391233
418348
474584
388452
362999
523969
563433
510438
420769
471046
581580
508667
373379
694281
405957
526653
532976
470965
443831
378651
716813
415024
474825
407343
474764
512268
475679
593206
804197
344349
602019
384169
400091
