1223365
346733
422027
310361
343990
250521
208237
227362
221055
251677
253759
255717
274355
234700
225899
214283
205123
203485
221875
247445
238291
234038
246572
224247
277732
256909
239736
224945
272795
229121
247516
210135
249073
212649
212541
279685
267899
251665
229967
259701
249663
226656
279862
257557
232947
228257
211652
237913
214923
254617
259988
231446
238011
267222
272301
248211
211253
277620
233101
238829
233238
238158
212143
219866
217551
262509
227402
215141
261377
246024
282845
223895
296835
235870
234528
235530
255481
230655
259159
257239
