1151678
417033
303015
293780
281412
259025
315152
223007
223921
245277
211320
216726
242134
250394
214985
212887
183266
215991
202179
204022
221329
221426
208722
224056
233941
239373
274427
265442
287379
241693
203173
222256
270392
213988
271480
206922
229837
188101
190367
216717
225705
214429
249113
249194
232705
178584
226066
197810
205338
234708
212380
211122
205633
219005
222332
226813
215995
210735
253941
199282
186625
200568
208404
196448
222218
228853
264445
219245
203707
219834
218210
228092
206668
252284
226900
199323
206333
217304
223546
194186
