1960551
1117791
1009568
966462
836336
783299
837319
884001
627813
625781
765129
819835
653097
700958
851281
649083
664178
721744
640224
649480
869194
939806
771336
693639
685205
745289
1164495
877739
795817
876572
685044
696320
755003
746157
686898
671303
812838
940906
782284
642937
745805
1099619
939676
705708
854747
694576
740481
649813
710808
980724
650294
895944
897815
730950
754180
860462
742107
724858
723722
897242
652290
700209
717016
724258
670547
728262
981853
901110
709299
731543
833347
705113
850887
838854
1099068
681671
728347
691033
838352
757164
