1662285
909129
931822
757461
721903
793326
636299
573461
596586
596114
680958
599529
660414
661687
563445
594294
725269
621713
732135
643365
720856
658380
724552
578537
557960
612030
621161
687961
861900
639019
585813
655936
697345
779407
708863
761273
612423
599628
633830
628407
623321
640423
647175
712935
625985
618875
613034
692211
578477
607978
631793
661768
632090
591707
667364
591228
594521
703281
565078
596582
626667
664600
703559
621535
667462
783963
557981
652387
622343
644659
560253
599698
678787
710989
620073
637007
666549
612700
679185
689012
