1386936
460071
333654
301869
297948
244130
243369
244826
248762
261145
268250
214150
243012
267889
256184
276542
248670
295583
256242
240758
242835
369539
294467
236826
276194
254783
233421
240839
286001
271763
240270
256953
270253
259654
235020
279821
231716
236669
234861
236296
247584
229106
235716
288728
263488
231329
239365
260121
244093
245046
254099
235754
241569
259389
250270
271527
245162
242620
243917
256928
281636
238880
265688
230244
251673
222178
239537
211833
225487
243347
254910
251755
222297
269375
250590
275606
239386
258298
226149
251995
