1718973
676152
726775
615944
590817
515121
477814
515127
490384
502160
512002
436195
425460
516036
536433
507916
479986
496525
557214
577462
541264
516384
478212
530636
445989
648941
470482
502032
529854
499899
451355
528513
507731
636583
546285
536899
520218
485964
469309
513356
517714
466112
486551
449625
501497
479779
519503
479794
504772
543841
653591
493085
454449
475700
506214
476991
480980
467503
531356
504815
499693
547477
461235
554342
578338
569839
571351
525264
543568
512914
498304
535817
546852
539432
532602
498960
544711
518745
520294
550070
