1471340
677622
805363
735619
663850
691725
559187
551489
620952
631342
561447
571266
580028
532994
572066
522472
568113
531879
480732
575843
708058
540939
530698
607880
611243
596952
542364
648119
556779
579742
511406
510812
526172
563602
539806
563522
623781
609784
561715
568966
537336
572358
609747
557896
493838
509911
563600
538958
485645
509273
674460
543023
548790
536472
618008
560870
653251
663781
648220
526134
573979
480457
529641
620987
567828
707118
498263
527923
657744
565599
557675
594529
685696
566938
530492
583713
564659
566289
541448
626379
