1478484
528441
628192
522929
450725
415914
392883
418516
374831
385191
405381
426191
371142
388982
402223
411815
412404
389721
462398
406882
397038
348615
428970
367994
380457
359946
406740
381645
381855
420913
419370
407516
454945
408975
385579
444462
415212
400687
369913
359793
377688
391928
412742
437000
417423
367742
413311
397018
434265
413811
401327
440093
436147
369747
432741
389152
431390
440442
437431
436786
389291
416424
451276
438167
432823
419481
445272
429248
418683
366318
406645
442564
410677
403114
418010
553456
491712
425984
554455
437738
