2510551
946136
654193
858284
707083
641378
671310
621705
583970
570408
562179
575191
609976
585999
714202
622506
593257
667907
641811
627461
604604
576061
630353
526135
558517
577500
611125
580505
600545
661433
641084
575187
563974
613512
692338
605461
599027
629897
514209
562256
641747
562430
558359
519177
661340
671937
572258
648114
688883
657286
633050
630876
686110
629646
598320
568177
576806
596231
633097
691257
753980
531885
626565
629888
613665
649274
723808
650546
598219
621331
595221
626633
623861
683640
640754
602420
565997
532226
579430
698890
