1016504
1045280
995797
928979
927824
904386
810952
1415787
818065
884137
868938
887470
944051
858176
768280
845285
1251111
788249
840772
836320
863756
841894
761186
879420
861002
1013461
863926
893777
804789
919345
919837
898630
739913
813918
724633
710069
749406
690045
808404
696408
700866
712146
887708
728462
686239
678239
775273
752180
712681
698135
720149
727858
751045
713290
706995
709848
663464
801131
775485
703740
686586
723060
712084
732460
757476
830783
813679
722660
728625
853065
851587
837098
915068
700228
733726
791659
760403
731929
687240
771738
