891025
1227651
920669
912224
948889
852373
806482
831718
982946
841199
840674
788636
739219
780430
826802
749041
855489
807641
795651
853127
896797
843299
837300
848737
858321
829400
782688
839363
828615
820017
761813
906586
842519
797448
1036572
814299
788090
1320827
884932
850923
880033
739478
841814
779633
833064
826373
764181
843895
1032388
878666
872511
680805
811761
855175
817552
955775
814470
791198
782333
998622
758917
690812
706471
790288
890132
844727
874583
845690
906077
813572
898412
1611240
867237
845759
829656
838478
898142
844644
895503
894034
