921312
1383836
1092027
1175789
1658573
1105930
1083961
949048
899010
906888
1009329
994809
1056223
1032000
940679
999766
943708
882600
956367
913569
1002750
1049111
2042342
914765
1353075
1012194
1034379
1388769
1184421
880671
863817
934701
1031576
1059345
931483
925969
1007355
942729
996533
967894
1055152
955735
942610
988999
902971
894195
989198
1089455
1246901
1111593
1258012
1079956
1034763
929748
827730
948457
944962
1071586
1042962
988192
862737
948729
1025422
1015540
898784
885853
1106919
1931644
968578
979693
881848
938912
968352
1008104
838923
877678
941832
1051450
1122274
1099676
