966156
503389
647127
591425
648184
513169
597778
492943
624371
610929
637349
518728
518646
512386
550075
494706
468333
641349
604222
734078
564284
652972
615807
546279
555423
677772
562254
557859
502592
512410
526696
487728
649653
616677
613785
484040
570930
628702
591517
607532
633083
474438
506345
530942
549648
487591
482237
561731
625257
530768
577117
547336
539762
545498
545936
729749
551895
482878
538651
497069
499559
478904
602157
598042
492939
552109
568343
575613
556281
549900
700919
492667
474407
507262
475879
527404
569413
512302
613329
530495
