653533
306653
348925
328637
357751
220187
200980
205617
199658
248398
242317
243393
208863
250780
236468
248950
238609
216813
191841
216649
209208
242595
222223
198834
211734
242382
203991
232514
239208
220822
222194
235128
221195
239444
225174
238665
195403
219765
223464
225119
233442
225135
210936
217397
201346
208757
206828
217755
212415
232094
216181
244590
227981
217911
254859
210391
223074
195524
234496
210684
223176
224581
221590
246032
223485
222597
214047
214422
213240
216717
220762
198967
216494
229182
214113
235923
216243
210068
211547
213946
