647151
363336
414986
373621
367299
348756
312411
330284
383290
368961
323804
339664
330524
334270
342436
338350
328057
321139
308515
319796
347392
321570
320586
347646
330038
324449
347475
364028
365752
279676
307323
339361
308903
328985
370569
313287
319650
320977
346626
336620
352232
369899
377007
319797
346246
312778
350971
298397
315362
336149
324311
300520
337618
345660
349819
370356
339899
348986
297217
371267
323497
338533
316209
302091
335558
438768
330354
308686
343950
313688
296972
332113
333628
288088
306467
306078
326147
329393
320330
307579
