968109
109713
102183
99738
95855
75487
79743
113246
74637
82266
110859
66297
81907
103391
86741
84100
122726
72964
75676
82971
76358
116056
95780
83889
67045
79188
106943
111304
86259
76751
84786
80251
88722
64904
111253
81350
92591
139603
81454
103994
96972
83576
119779
87422
84430
95173
105796
111328
112079
102282
95354
72546
102007
106918
90908
101333
113354
72902
97002
75701
155777
80230
71149
89663
76405
72630
99949
101014
91089
128700
117390
103432
111018
77069
80446
101314
122297
82596
74497
99798
111084
AVG: 93318.7183099
