1225845
610466
778469
382577
791789
684312
548484
448421
364599
431595
366003
495106
308202
428546
493332
344208
321981
262276
348617
330894
550064
476159
359888
362220
1126072
369281
281540
354199
300921
272065
286356
306239
281366
380373
346861
310027
341503
286416
374126
434426
386755
305183
336331
348422
264491
357531
486193
325624
338800
301816
361836
355096
302496
282781
290429
347279
339355
348741
269973
371197
355076
674115
559388
401811
419703
334637
571913
456963
293095
325262
308503
350640
330889
484348
396350
340466
356502
382332
265623
236934
AVG: 385138.571429
