257941
230921
207721
286316
172134
208686
144494
132787
171291
101923
118100
167128
126138
148534
131713
122626
125394
107323
129682
134739
105044
118034
116323
95545
90735
78248
66252
95115
78879
78703
64858
83393
73221
63880
73581
96804
74473
76710
94513
78313
72081
70788
82787
75743
74373
77816
81760
77218
65176
76664
68565
90359
79186
75756
74435
95816
73835
75205
74739
81022
78216
71151
89042
77488
73079
98716
74051
72725
73868
76306
69172
70173
73736
68417
74488
76864
74341
70835
66126
72805
AVG: 92244.7714286
