885824
406021
267720
281424
339031
356349
314794
171378
290703
270719
180100
191167
171609
161370
204291
204799
175403
192576
212776
280743
192984
340002
254142
243318
217054
174317
198049
194631
283669
245083
157363
176204
131390
128402
247983
198181
219987
348309
172265
213475
189291
150556
160155
199317
168643
179834
161347
140148
211631
168733
175057
142703
192268
178998
196418
217004
203450
196011
165958
151250
194506
217267
251006
396220
324906
210039
174977
163029
191645
195764
311184
391964
244581
191526
303080
268293
215864
223063
157926
247575
AVG: 214657.871429
