820595
579354
371393
435790
701395
381019
332205
720953
474769
313364
305737
405334
298026
339287
723152
329260
271710
388080
332894
331113
335098
374575
483503
323093
910484
675853
644830
741889
542275
373665
524780
354424
335205
380692
367062
350892
458855
574633
432572
268468
794561
378869
466415
517376
351591
494012
443786
427356
461137
310716
435341
317390
377887
349388
301321
424401
339352
446318
302287
714944
351973
415105
388873
492890
324151
405100
386128
472366
340883
418558
520597
373959
304680
474042
507039
484844
625551
577106
492487
489561
AVG: 431864.9
