r=1, wt=8, c=8
499004
311320
321587
284846
196510
330428
144466
158966
131990
144802
156977
127348
130011
124059
323178
137968
175167
477581
176597
289516
155044
131799
129317
215570
181873
141592
271982
227476
222407
274500
186632
147103
205453
212612
170944
111552
83719
148706
136921
166367
155884
150145
136802
137182
254603
185641
169977
247284
104307
111712
138960
186079
169605
165838
126886
117817
129609
181281
175291
203286
119150
184452
172525
200476
261398
133026
162646
95758
118520
141925
119980
133697
107731
148393
195294
182442
156389
182060
141507
135019
AVG: 172768.328571

r=2, wt=8, c=8
617627
343377
387112
245082
257360
264226
276443
417442
116724
156732
225461
143250
191414
117386
195874
109340
152619
184787
101039
141342
163690
290457
151179
235918
114294
134414
161754
129360
119891
101438
104252
135966
142370
330267
135011
163028
136792
165724
181439
156997
193898
249232
137276
123181
207912
153497
121600
211046
142715
191666
128194
157923
142455
127123
164872
454324
177463
194166
130503
171703
130384
138541
217545
185688
111232
310278
128831
226171
174544
208908
227263
165327
182725
190622
132929
161782
156309
159659
176596
134916
AVG: 176572.242857

r=3, wt=8, c=8
727934
420730
147186
280011
350545
360269
222488
170178
122667
232357
237085
153836
157486
154763
157949
277667
165892
181626
217943
171297
176337
165877
182198
173165
160111
131177
223551
177191
155032
163469
193976
180924
124583
125429
190249
147676
147373
181595
109414
128524
166026
184413
133491
174823
180561
197620
158449
167483
121629
164145
180966
121174
195465
128748
116222
555716
159563
236462
216885
206707
171015
168261
157575
198785
279457
281192
124169
232106
182643
227856
157523
196189
244463
149709
176194
185854
204718
198917
173507
232415
AVG: 184786.271429

