854985
550096
445240
361990
589136
337938
454385
448993
462080
426401
367822
433777
369838
420572
371592
303797
354860
428896
443912
380695
353920
363161
457242
391262
339524
323548
346648
329692
382643
268479
292670
332234
395365
331989
422057
376106
297032
328358
282995
395219
275363
412594
330858
336147
403664
383386
507438
301127
244395
297603
263447
365341
272189
325538
263964
417690
369181
428597
301865
350347
394678
311203
372646
361375
302045
422451
265390
294290
400873
291490
296960
733995
325505
411799
350221
286066
341119
295578
303442
271425
AVG: 362876.528571
