r=1, wt=64, c=4
343569
189584
229934
222654
313168
270934
141793
130709
121661
137384
124379
138901
105517
127600
108778
138157
93329
130699
133461
168297
94206
158362
124994
117212
140901
138212
99313
130820
143734
180035
123092
109987
132378
155271
123500
134815
173503
134865
139537
121328
141594
212511
120339
129085
126185
165364
114260
100973
150585
120264
151208
151834
118276
125726
154799
120578
113377
121059
77586
143699
133342
121532
98455
122155
107516
111711
129423
168747
102923
119120
118735
109356
121902
75555
103387
114013
99732
97721
145895
146660
AVG: 130726.071429

r=2, wt=64, c=4
250489
275917
201339
206772
196927
141122
122997
144092
168888
94743
128104
67836
196899
104005
99987
94684
102710
121048
90226
164214
70654
93768
119900
88049
122154
133012
113982
110468
134416
89476
174410
128934
97752
104652
90370
136700
98112
109575
110247
98305
126536
91341
119591
135036
147472
99390
122599
111127
131416
117494
175703
159382
121329
119264
150961
109204
125313
85123
126026
110543
100122
114306
113205
93258
106891
138572
127045
143546
102091
99070
61142
99589
136186
86056
53556
130275
105081
84752
136152
167680
AVG: 116085.371429

r=3, wt=64, c=4
309864
267873
194419
152257
161662
218235
233038
177605
180060
153416
145429
146098
121856
136082
70102
230462
135941
94134
130291
149738
123091
94530
102090
105955
118461
146001
169992
116958
143439
131578
225215
138353
177133
152998
132781
92168
112311
134675
127448
156215
86404
120861
110421
183985
166589
205514
127315
170389
148419
127076
122685
145111
106231
120840
153061
100343
122253
88839
261666
116949
115980
96176
117411
137471
91886
121512
129138
159843
113735
155647
85670
117608
164216
126522
102167
151743
117182
141739
112053
118929
AVG: 137768.742857

