422900
204728
148161
200584
214312
235504
182835
135149
257835
255681
238570
185416
190989
309533
207480
176992
175173
502027
186945
204091
228145
134171
137650
129328
230282
254518
170408
145297
176172
195684
179215
283706
174897
155889
173646
323617
154450
154154
233330
224470
214840
281751
265409
223472
175282
128477
188101
213890
170226
195286
286539
125505
276512
208847
157930
186775
295639
296930
482941
473235
172926
154697
136039
242103
274279
201152
154214
265681
246549
210466
310425
278032
314980
212397
189637
177658
177104
187049
169971
255625
AVG: 221634.471429
