r=1, wt=8, c=20
975
1736
1822
2343
2317
2208
2841
3010
2162
2830
3027
3051
2545
2743
3256
3335
3235
2935
3166
2965
3156
3151
3183
3198
3080
2707
3133
3052
2845
3009
3295
3337
3141
3250
2411
2906
3026
3088
2635
2749
3031
3226
2994
3060
3117
2269
3164
3281
2997
3052
3378
3273
2795
2769
3050
3173
3393
3120
3249
3163
3423
3018
3312
3346
3361
3168
3471
2968
3040
2847
3004
2639
3019
3224
2636
2600
3286
3094
2759
3102
145107
249149
AVG: 3024.15714286

r=2, wt=8, c=20
932
1566
1690
1954
2487
1941
2593
2816
2725
2693
2903
2951
2889
2022
1871
2833
2515
3146
2593
2701
3006
2838
2950
2989
2653
2902
2774
3001
2902
2812
2963
2832
2987
2809
2707
2952
3163
2833
3097
2937
3061
2970
2959
2860
3126
3004
2900
3156
2700
2690
2981
2385
3110
2991
2723
2729
2892
2877
2872
2980
2782
2495
2788
3145
3018
2440
2773
3194
2939
3034
3175
3560
3115
2678
3431
2842
2859
2681
2951
3324
149590
260018
AVG: 2854.74285714

r=3, wt=8, c=20
1096
1749
2100
2490
2480
1583
3134
3015
3073
2535
2046
2972
2837
3083
3024
3268
3207
2870
2966
3514
2997
2905
2351
3152
3216
3139
3092
2752
3121
2762
3471
3180
2867
3125
3123
3505
3480
3185
3640
3198
3781
2902
3795
3388
2760
3555
3353
3533
3224
3411
3516
3187
3989
3253
3165
3392
2766
3128
3593
4121
3192
2931
3512
3874
2916
3470
3323
3652
3641
3230
3173
3564
3313
3394
3375
3086
3529
3431
3193
3142
146472
AVG: 3196.57142857

