r=1, wt=8, c=24
1408
1813
2374
2690
2445
3026
3035
3002
2872
3423
2620
2862
3207
3252
3304
3248
3151
2855
3372
3074
1984
3374
2975
3071
1911
3048
2515
3091
3136
2521
3123
2787
2817
2936
3141
2959
2893
2879
2761
2530
2021
2283
2804
2973
2824
3060
2962
3095
2935
2942
3017
3150
2915
3172
3348
2890
3230
2906
3103
2770
2999
2888
2914
2887
3159
2961
2547
2778
2830
2519
2881
2863
2430
2497
2774
3202
2726
3020
3174
2448
151258
AVG: 2901.17142857

r=2, wt=8, c=24
958
1701
2115
2596
2173
2569
3206
2824
3079
2772
3086
3053
3094
3101
3230
2912
3162
3112
2968
2832
2994
3399
3081
3061
2882
3422
3172
3279
3204
3149
3282
3294
2529
2419
3300
2832
3012
2838
3244
3259
3364
3393
3156
3251
3169
2994
3006
3084
3169
3233
3182
3245
3066
3192
2638
2732
3105
3220
3233
3303
3428
3521
3328
3323
3256
3200
2994
3150
3348
2462
3580
3164
3271
3224
3383
3320
3388
3206
3117
2843
154948
224075
AVG: 3114.55714286

r=3, wt=8, c=24
964
1254
2350
2614
2710
2864
2487
2506
2843
2568
2697
2517
2982
2649
2869
3043
3026
2324
2877
2947
3063
2973
2669
2937
3167
2896
2946
2040
2889
3014
2790
2767
3059
3085
2751
3016
3010
3166
3088
3233
3048
1369
2922
3185
3301
3390
3517
3305
3023
2690
3316
3250
2096
3041
2685
3174
3165
3239
3069
3113
3155
3363
3172
3288
3100
3388
3408
3404
3369
3313
2839
3247
3195
2888
3757
3382
3824
3674
3258
3816
76524
AVG: 2979.17142857

