r=1, wt=16, c=1
756
758
852
1023
1001
1131
1202
1010
1002
1051
1056
1358
1113
1193
1188
1201
1160
1061
1149
1168
1100
1182
1088
1180
1112
1212
1147
1267
1189
1195
1144
1109
1227
1099
1118
1131
1223
846
1191
1147
1054
1132
1262
1205
1083
1243
1099
1112
1208
1223
1173
905
1150
1139
1170
1191
1239
1079
1087
1228
1198
1124
1114
874
1055
1121
1058
1116
1117
1143
1111
1114
1057
1107
1168
1225
1197
1060
1097
1130
110527
193217
AVG: 1134.41428571

r=2, wt=16, c=1
737
627
829
934
928
980
1111
855
927
913
909
1151
1213
980
1070
1240
1225
1107
1214
1244
1159
1250
1036
1024
1112
1073
1157
1018
1340
1173
1139
1130
1159
983
1131
1005
1103
1078
1065
1130
1322
1104
1310
1132
1169
1081
1033
1066
1006
1074
1270
1263
1254
1167
1201
1250
1308
1282
1220
1247
1371
1214
1171
1185
1353
1273
1252
1149
1169
1164
1165
1107
1092
1103
1032
1088
1290
1117
1063
1166
115713
197900
AVG: 1142.32857143

r=3, wt=16, c=1
716
672
780
911
834
958
1121
1101
1137
1112
1099
1075
1239
1267
1247
1068
1277
1159
1113
1139
1083
1162
1241
1336
1211
1135
1238
1304
1093
1113
1128
1125
1206
1285
1321
1064
1046
1247
1093
1190
1202
1256
1086
1333
1215
1132
1123
1191
1173
1264
1199
1231
1251
1215
1332
1274
1352
1061
1134
1179
1205
1254
1387
1132
1177
1325
1110
1165
1184
1212
1287
1193
1143
1131
1162
1138
1331
1284
1195
1138
120699
AVG: 1185.75714286

