r=1, wt=16, c=20
981
1320
2660
2988
2721
4099
2852
3349
3643
3692
4173
3584
3490
3973
3814
4180
3280
3744
3042
3703
3709
3943
3585
3676
3580
3963
3186
2959
3851
3841
3713
3445
3680
3542
3692
3906
1811
3273
5205
4760
3381
5452
4246
3972
4299
4967
4399
2943
4634
4426
4666
4340
4402
3736
4243
4053
4113
4536
3972
4104
4566
3869
3688
4068
3860
3875
3854
4101
4247
3496
3986
3360
3809
3584
4094
3987
3482
3251
3640
4026
152876
AVG: 3875.41428571

r=2, wt=16, c=20
1633
1817
2642
3239
2807
3733
3522
2894
3416
3473
3830
3899
4439
4198
4088
3792
3865
3760
3340
3202
3357
4054
3250
4060
3597
3957
4408
3902
3573
3140
3765
3856
3419
4388
4179
3999
3889
3581
2082
3932
3938
3640
4177
4145
4247
3730
3963
3200
3788
3796
4525
4611
3862
3217
3215
3297
1827
2755
4063
3888
3008
3863
3141
3771
4208
4122
3450
4082
3225
3302
4044
3938
3693
3963
3850
3318
3951
4122
3838
3554
151196
255167
AVG: 3705.47142857

r=3, wt=16, c=20
1080
1720
2842
2741
2478
3707
4038
4069
3863
4307
3801
3571
3676
1987
4242
4341
3776
4068
4033
4300
4062
4079
3652
4271
3836
3883
3781
4058
4074
4458
4287
4593
3447
4221
4538
4395
4130
4064
4747
4081
3129
4140
3758
4172
3826
4277
4243
3773
4439
3673
3388
3371
3623
3888
3347
3516
3700
3822
3360
3629
3379
3765
3862
3497
3401
3383
4053
3649
3884
3641
3911
3423
3589
3765
3406
3639
3743
3520
3838
3819
143385
AVG: 3858.82857143

