6225340
3277599
3602717
3884887
4545414
4220280
3354172
3720194
2846916
3403620
3383493
3676661
3746245
3435888
4201147
3966044
7598557
3595761
4258093
3352054
3024514
6007388
3128679
3245041
3399464
4027880
3743494
3185666
6214673
3829274
3607430
3441989
3491565
3934314
3722854
4124099
7454317
3521591
4214533
3442811
3723500
3806975
4962820
4036100
3601781
5103730
4426222
3908392
4560312
12495673
3440355
3693371
3821470
3096172
2874489
3434845
3703634
3755495
4216949
3239782
3340395
4263401
4431308
4087740
2931912
3382612
4143311
2951064
3554706
3461678
3654574
7570412
4612858
3880000
3586890
3816134
4021691
3207901
3645560
4544860
1445340
