3425118
3903594
3689154
4314261
4648127
3186111
3020571
2993364
3378590
2946582
3071780
2375285
3533893
3418055
3312198
2970546
3197011
3340014
3600652
3447804
3487138
2912021
3382481
3544551
3076931
3738868
6186666
4378562
2815693
3304401
3178928
3504861
3787586
3688476
4073302
2969917
3067463
5199378
6987263
3328520
3283403
3655156
4736896
3325373
2960076
3076158
3217822
2926770
3805190
3558320
2787352
3011767
2863200
3613467
4475326
2730391
3391849
3099396
3329759
2633270
3112959
3240925
3222977
3843390
3422156
3691865
3051063
7913809
3854192
3080140
3283279
5332064
3314470
3496786
3630780
3260526
3417848
3745825
3931545
3864582
2425288
