38545743
28337299
21680963
19338054
22300404
21475765
17204670
20298793
16827238
21331188
17292355
17312474
18220225
16849381
16410237
18295696
17331924
18158423
18909642
19975601
18806182
16795998
17892937
18682179
19919398
14996844
18092873
16579653
16848602
18668964
17054578
17365322
23046420
24029359
15716662
19168204
19279137
18363543
16933995
17345956
16900487
16891800
17927835
16655118
16871952
19410706
18367799
19354746
17958725
17412635
16879913
16815612
18549491
16249124
21755397
20550533
17794991
16670535
17612750
16881996
16542480
16075686
16818497
16882222
18577153
17870518
19199028
18174515
17003421
24243674
15699649
17764944
15281504
18044492
17279049
16335656
14745274
17407064
17506066
18368464
