8135106
4027501
4014224
3746246
3674161
3239147
3452757
5097759
4185051
3776793
8978172
4803008
4218912
4430322
4760763
5662740
3894786
3838650
3760813
4544552
5356849
48404726
51547228
102929129
161387733
8531084
4892596
3666684
7576199
3603048
3626380
4770058
5011929
3171301
3315714
3616776
4230755
4121836
4321749
6037262
3465084
3587403
3512426
6747199
4159051
4354570
3108169
4059447
3742279
3198960
4660746
4365985
4503108
4096310
4194367
3578939
3206378
3345054
4367009
4419861
4325575
3659357
4034288
4140170
3426731
4323046
5041196
3851612
3554315
4306821
3169915
4249869
3829569
4056839
4235631
3440753
3918309
3353333
4695435
4618815
5306565
