2031478
1526014
1444543
1593223
1299434
1312764
1552572
1328136
1162922
1090881
1138689
1101906
988972
1093904
1078758
1114254
1115944
979346
1046540
1009647
1051366
1133411
1074415
1031665
1102326
991295
1076769
1164133
1151706
1078817
955299
1166981
1178797
1084734
1093828
1062645
1013757
1077867
1097171
1116254
1150335
1157423
1207078
1040027
1029109
1086406
1193507
1091343
1167608
1032971
1799751
1075227
1074674
1039588
1193967
1102739
1330171
1243910
1087745
1119623
1149163
1198860
1120998
1086176
1072351
1150635
1189513
1129728
915422
1018589
1019032
972709
1090038
1081501
1048435
1352500
1033218
1027318
1140150
1079928
