12200105
8945907
8132445
8059855
8311893
19588000
14595848
8131523
9161156
7725370
8332623
8588970
8967195
10953742
8267822
6142367
7245383
7389054
5959104
11367676
8876961
7088790
7282660
25737544
6732791
6933318
10205417
4799396
9329920
8421639
8029457
8067878
11808021
9169434
11500503
10914624
7654534
8143168
8102178
10385185
7987423
7860371
7763265
5933421
7227265
5751667
7510169
7355356
12507979
5457642
11596095
7572003
8264763
9806403
8524796
8408528
7911558
9037854
16618941
11150818
9664293
10205454
8039079
7433172
8295586
9043566
9598665
8693229
11353108
14700029
8873986
9091934
11806864
9899439
12815966
8673387
10194314
11962722
7697550
10584850
