22405163
43203799
21444677
21280859
21023334
19945549
22672150
23000818
18966014
22567261
21395768
23877202
19238081
19513304
20442435
17614579
18331926
25053996
17826516
19374705
19052412
18946768
20244145
19852687
17326708
18337503
18258237
27872080
20327431
18967222
20702300
21069542
17912144
18411505
20056377
18595239
19025593
18011393
18643194
17904018
18887830
44767436
18742238
18517335
18195404
17640413
16139446
15838942
20254126
22001616
17226070
17818787
21754179
25304173
21960303
18667311
18123168
17685633
20523220
18810765
19282605
17487154
18456292
18189283
19305692
17149453
17074825
16596092
17156347
17053217
20325806
16681941
16554955
18692652
14482117
16861429
15051134
15884419
18609465
15150703
2140796
