7322736
4553233
5835172
4140753
6213891
6184687
4728534
6173253
8031374
7210250
6858170
6656346
7059498
5523543
5755649
4877360
6126529
6223896
5665660
5222107
6313734
6079025
5641662
5301347
5589794
5198603
4119378
5486482
5577751
5836151
5074858
6206940
5675135
6800032
6075384
5866905
6100213
6671508
7424366
9536892
6790988
6727241
6829314
5882561
6456674
5947425
5458174
5718558
5557575
5505366
6154780
6541536
4785849
6052063
6818267
5721585
5517681
5254640
5109316
8346076
5932828
5717741
5156135
6062231
5350160
4930688
5629363
5372228
6125547
5002303
6256344
5222943
7186551
5836627
6056602
5080106
5886496
5708586
5911635
7891643
1984634
