1357807
858834
768888
552297
296621
573277
359973
272314
339923
383996
274995
388537
466325
369989
365001
344922
282674
330472
307700
383173
339961
348337
330464
218839
459762
246055
309590
348621
374516
367981
318404
306688
365509
313017
338360
256415
240677
315786
327708
340183
411420
288017
303131
329007
411896
235890
456291
300652
274069
395706
208746
221153
277617
277903
373700
502561
317091
263833
340362
401089
253363
194358
292642
325299
292491
351588
235483
384243
244597
469903
345469
312582
256625
275149
252350
247303
264829
159976
236948
295528
62226
