5653408
6050555
2393830
2959629
2397462
2313615
1587839
1703390
1789220
1764103
1775455
2000809
1985558
2146973
2227664
2096715
2066201
1719975
1615933
2602121
1940833
2461282
1890250
1446232
2267423
1713919
1820800
1778722
1649200
1641469
1670652
1936306
1692238
1526384
1589756
1744203
2829188
1733998
1837873
1509552
1372477
1633297
1756687
1595694
1973662
1667418
1511166
1558854
2041008
1513825
1966533
1336525
1449463
1506816
1780352
1466881
1877691
1700000
1430996
1782919
1473277
1582628
1600287
1545339
2352905
2005988
2102913
1692398
1459377
1509216
2031810
2209291
1685089
1794355
1912604
1712603
2333897
2068350
1704572
2048804
71154
