799925
4697108
2396446
1173086
1443539
1037117
964649
951573
702098
1043420
1073686
1514015
680908
968653
654570
1320546
401052
1232457
934354
500256
1285057
1082570
1739791
865766
634763
1599679
761139
860729
996463
628738
1220448
1086666
976483
998707
1583537
1281767
1021511
1420384
2609001
1358609
904520
38020818
2089039
1257638
1663351
1209078
1333380
1210460
1814305
1473179
1201608
938267
1273215
1698011
792778
714308
334855
846522
871390
869628
735686
685240
1018010
1758629
1136861
1778998
937282
2116381
1140136
995713
774529
998996
1357010
1484177
965362
1492591
999638
1437729
1273837
1376214
31524
