2396523
2565432
2955471
4550608
5416955
5516548
3983782
4425129
5870796
5305301
3515726
2827033
4710928
6187669
4366067
4881519
6267130
4319355
4521231
5125785
5332198
5311558
6130883
6235561
9158583
4084569
5187109
4205363
8104353
8570234
2803193
4272776
6059298
5157497
5040084
4355289
5128941
5823630
5234220
26860015
2304304
9441997
6368420
3219748
5226201
4256646
4799321
3269678
3403548
4795373
5375935
3781222
4849980
3921432
3600750
5030226
6520306
11043490
4319509
3998020
4352001
3854348
3690492
5543584
5233487
4809839
5427960
3103034
4617318
3522793
3943779
4212951
6131926
4661698
5489551
4089201
6606000
7103031
4088194
5442018
339743
