899826
814070
527306
565577
495384
467488
283976
242901
280379
234694
238524
378586
302145
350710
374290
305015
307326
421655
421473
277201
274272
279185
362320
367970
274228
414924
314014
448176
278193
298132
327403
335661
269373
335171
303553
305458
385067
380650
389786
304909
367136
539665
394092
333155
305479
291236
332477
408709
276483
347156
313464
273990
368497
294038
414060
363312
488327
358583
550462
306925
395313
448370
279819
343642
270567
269700
292222
457507
279359
400315
316895
288933
350759
282181
301700
264401
430052
351031
341277
391635
38757
