1093961
2455036
3206142
1972019
2855439
2144401
2040522
1528338
2115094
2064065
2153713
2616697
2267351
2384368
1478077
1913858
1976320
1669018
2171864
1712414
2425813
3653170
1780800
2310682
1428897
2821787
2190804
2740530
2088194
2329484
1941437
2115930
2279528
4088952
2147024
2034725
2651341
1545025
2277433
2234733
2828199
1966214
2247581
1825093
2495242
6963787
1902253
2176427
2369539
1498024
2137250
2373287
2557122
1970582
5775566
2856825
2902982
2415328
4680535
1556529
2729614
2203721
2812298
2424690
2098793
3109821
2576659
2080481
2274884
4153737
2231814
2360860
1761086
1684971
1947160
1836075
2545349
2596938
2671660
2033672
