190561
79286
147345
68592
75436
128274
94906
125636
85488
135830
135107
123858
83735
138897
89202
141832
161990
126351
129803
79093
87812
96909
104800
184183
85276
85188
182340
111841
94160
186261
179475
158396
70278
80669
74282
84316
99246
111874
129618
133897
118642
93855
82921
66586
89302
189661
207495
151398
94970
165512
85454
191869
95200
87942
94742
74271
85426
94633
119537
92791
121026
157721
167930
131522
154112
92156
88152
109076
71756
104643
127225
83307
77107
87201
117983
111612
106996
97998
105917
66075
100611
