817639
188386
208437
293921
301956
232051
244571
231976
329947
225003
289693
146243
218364
183517
268337
271293
211046
170997
213132
225978
347167
171184
280280
306334
266604
243344
195983
299933
227710
268608
201652
268686
497022
390583
217681
267769
250982
325035
289707
207586
234867
266670
170746
254577
237970
272431
162974
521093
298299
204448
225185
270678
160386
160558
253772
296369
181321
242338
239118
216745
326299
274204
212055
234267
250583
287511
345136
246507
312488
217697
303282
219240
262434
264369
226372
389635
373679
201220
352048
333158
52485
