353452
73875
137888
206085
131734
142383
168229
205568
208595
129691
119086
90881
120203
140346
107636
133062
214777
90541
126784
96134
163120
83312
118621
150399
120511
147144
194191
255149
178504
103780
109751
147373
170487
133466
193715
205760
176415
81968
90864
115487
73923
87701
79140
140172
173499
93319
74181
95009
73741
206604
72282
109567
92183
156651
95146
108338
81998
130884
104296
164814
109353
95442
92877
116330
190056
142929
109950
188922
162123
111678
142403
188356
169637
176832
193926
103796
206451
159785
157101
166532
25983
