1000833
375040
310821
324858
253523
286188
253099
252663
287169
306774
252546
250628
246154
195533
253284
310941
201578
320349
278165
329906
258446
301882
264194
229509
252247
247250
228397
303972
236522
249078
260632
263390
302926
291607
225408
287987
241802
495078
339167
230798
239250
226405
290842
290018
334108
218841
279047
237782
241220
222583
260164
252764
326249
282991
248679
232064
304247
265887
288948
268625
222467
233546
265470
245568
249692
328862
284984
265770
237275
334369
345659
279521
335816
239797
225942
219775
328076
194632
220252
224483
233830
