349493
168289
103765
124064
195218
206503
184130
177022
145266
189604
145889
118241
125052
176448
112753
131601
123189
121867
105424
139571
192737
133021
151970
200167
201759
87123
129057
130301
114375
78165
74298
145416
113704
224198
107449
90414
88252
83568
87248
101093
123156
123512
167145
133354
87067
120953
137574
101945
137303
150877
103817
109774
144883
218822
131008
133278
96621
129529
199193
139949
78047
83357
123904
106025
172310
145401
97983
140138
73285
75116
84460
128505
180329
156958
175379
172325
156128
154823
78618
111808
42501
