913859
424264
393213
261726
494791
325083
351172
347916
298740
263272
228250
252826
169087
169303
152685
328791
213509
311406
280228
286341
208721
233725
306215
217332
226649
353949
312614
240936
223287
207870
212118
166106
275140
320470
329484
271512
196570
198465
145524
242516
223625
277646
315842
234026
290200
281508
302316
274357
261621
312703
268833
288208
256213
305699
285383
262100
240832
274505
272318
286415
594396
238602
216173
238715
303871
317395
328400
308825
244957
253716
276117
311351
300721
315416
351401
273878
306381
298063
339525
364060
