1928287
1643776
1423623
1420511
1517081
1956547
1520249
1550677
1369345
1390119
1407120
1508487
1386339
1575455
1490227
1624118
1693184
1282883
1469239
1922307
1551507
3731239
1700919
1375839
1332190
1414073
1483528
1429904
1469772
1392772
2000290
1489113
1457390
1243664
1452710
1747332
1424485
1506517
1694063
1434843
1451830
1395077
1453363
1450523
1269736
1591476
1859717
1818047
1349135
1596625
1503794
1410665
1432230
1689035
1396297
1396820
1321479
1326480
1375999
3074492
1261877
1307319
1342967
1162284
2542405
1280839
1811413
1464532
3397661
2065785
1304541
1389351
1527335
1409104
1592873
1232875
1798568
1409341
1380129
1249571
689137
