2081915
2571410
1633967
1683135
1856290
1801675
1701675
1756473
1717503
1532398
1936366
1782621
1697570
1584382
1620121
1600060
1602571
1907713
1524929
1717744
3127446
1516954
1732731
1736893
1975598
1775163
1735940
1721339
1764137
2010801
1819074
1890590
2020885
1755440
1812017
1890849
1893028
1945224
1962570
1903862
2554795
2408488
1744229
1868203
1898584
1740854
1845928
1751186
1698957
1770970
1782384
1773218
1846808
1622317
1676231
1874712
1574076
1796677
1681225
1650268
1541930
1564621
1608667
1658243
1640541
1715555
1889718
1895435
1837778
1976202
1775983
1667519
1640963
1720382
2017709
1575561
1805262
1679235
1760409
2059809
1206238
