1474612
1367246
1562896
1211487
1198907
1249840
1012340
1293713
1303407
1084452
1108329
1154525
1116335
1164015
1131066
1053887
1024125
1068479
1489478
1045250
1247322
1064959
1167325
1096920
1109921
1227808
1170136
1098891
1165954
1191716
1215157
1221447
1544332
1401207
1207119
1204155
1405519
1223517
1094159
1134012
1087468
1391064
1084690
1331300
1104974
1152781
1207255
1262908
1371080
1102664
1227185
1094806
1147202
1311437
1285072
1324455
1217857
1210602
1217576
1303513
1210622
1190535
1137263
1147647
1103432
1254872
1855793
1426809
1120350
1299669
1219450
1116483
1533533
1174255
1219084
1732046
2222405
1168340
1072036
1173426
748503
