1218439
1206152
863846
837913
866182
737225
748893
757387
788619
664596
793315
691004
674153
665689
653298
751393
723109
693510
690150
710686
743574
762535
758108
707552
712607
679647
703714
757937
927652
706887
714181
724200
837703
821113
824274
734686
739055
653390
702626
715205
716348
693748
735492
677562
672656
690571
724679
702190
1910989
2130134
723741
821097
908407
731832
800101
786089
752019
776952
781550
707570
760042
750684
773887
733097
729465
773156
774552
717701
709938
700403
699222
738576
724019
739246
798656
710431
732211
728854
705284
621782
972068
