2493567
2189079
1324248
1421765
1827789
1590293
1528872
1847153
1374515
1735531
1481277
1616996
1376647
1476455
1620170
1282834
1418403
1586247
1422237
1458259
1512131
1386498
1390013
1763117
5018960
2224587
1542683
1614569
1414895
1307871
1286388
1619565
1515444
2448364
1437849
1764382
1417354
1378966
1556226
1627454
1267948
1397770
1329255
1663375
3384035
1301289
1504029
1632591
1224815
1582986
1453343
1420763
2007143
1335343
1571398
1436701
1233631
1626517
4683780
1567938
1704373
1454877
1468753
1430234
1363626
1494726
1537982
1547973
1426540
1486677
2229702
2044653
1291490
1554971
1545106
1615482
1409933
1803524
1498194
1432681
921978
