2308780
1838624
1589465
1441210
1585374
1487311
1599562
1319448
1385065
1647467
1285577
1336590
1699254
1320830
1264231
1245485
1314691
1382605
1375208
1353537
1253317
1347386
1177843
1132006
1320466
1178652
1322650
1091813
1249661
1250233
1209566
1255593
1406576
1311864
1285448
1231671
1373105
1250232
1234679
1214078
1517403
1273243
1262680
1419825
1311888
1239450
2188411
1321431
1184921
1152566
1040230
1122750
1086479
1098197
1330453
1315882
1193225
1072530
1071257
1140832
1158995
977548
1147191
1258685
1145333
1124888
1193029
1291996
1128640
1689449
1249338
1092782
1200856
1100815
1014449
1082489
1215172
1119030
1045148
1221267
499318
