1304798
612228
629420
975874
1092847
1104771
549193
1074414
992102
1245597
939481
753532
490551
769781
460781
553563
602238
961600
768964
874867
954958
616766
594298
358713
760609
579861
610634
810760
464884
756850
894055
997078
828499
619006
998819
1224687
620590
781264
586033
924471
724475
572652
553224
978615
1369391
732290
692266
663708
618270
489708
462157
594429
644889
493456
533282
647858
820469
677667
648891
837774
984657
1104798
558866
506408
796022
850261
577276
512724
682668
474089
489548
748481
642116
423113
617455
522177
884742
393523
541417
1002394
