302417
179595
150028
135182
109403
106748
107726
140042
126485
90207
79599
113964
88609
80380
94181
87209
113700
105876
98625
126755
124337
81452
89376
110440
101385
121566
88385
101714
100811
85758
96718
126720
94328
102314
102505
88365
119389
81409
103051
136650
140715
100186
101876
89659
103700
93224
107968
103613
107721
91213
132403
100554
142953
123577
146875
166823
108825
188733
96933
99986
122229
94471
111151
84801
114768
94634
94612
104529
89767
131725
84358
112193
116216
102786
82996
83438
105960
114354
126722
125047
65951
