1615299
657323
868621
520132
1251619
759993
882327
826481
801835
738199
697502
865471
438893
374485
391865
768364
533693
734966
821754
743099
877302
734766
572913
535733
503797
800545
735671
636095
531933
587324
470772
455701
568573
716109
615412
698975
647482
538251
461874
605053
496354
708290
698970
628657
706853
688630
716239
771829
611246
991115
702475
666960
581239
663621
818227
634191
682405
631904
643796
965421
877600
671723
629746
843250
681467
861647
734409
649535
722674
653423
810448
801374
695596
724863
981349
751011
778433
652084
730306
1057662
