651366
254854
178251
135693
216520
190366
206742
376162
172253
199735
189711
185641
178759
150799
178380
245573
142290
180804
157951
157705
165931
199548
149944
182184
186264
170921
171765
190707
142188
160289
228713
161315
167187
156816
169661
184927
165971
177984
130902
173426
161469
213591
212333
197120
168209
157838
175689
181832
140301
134502
161346
177308
694248
146756
156078
178551
134999
131213
186522
231170
231013
170904
209891
181865
171022
142749
165403
191558
128354
145658
154478
234036
155991
147852
124425
130907
194981
182876
152410
145023
159277
