785336
252962
273288
400567
302277
212853
213903
252130
177136
294827
282685
177573
336555
275620
218394
196356
190501
216446
196658
210737
201049
167353
201618
152611
221173
192248
281838
243526
399435
254829
302422
460873
137650
178142
226340
157842
197510
198789
179167
162375
257695
202935
146752
313010
255614
173902
177588
190458
392757
311883
285913
176447
234652
187433
197487
365708
224834
272216
265781
221643
225980
421395
778615
268492
242732
243848
247372
208969
277974
250120
168535
261563
217878
234047
272573
220462
219907
213316
163415
236649
