499031
262817
194030
234620
200728
157439
161977
288524
188429
153139
183547
155471
173970
162713
128373
158839
243626
159256
139324
164292
201442
216513
178307
147628
149201
160813
154279
166003
193382
176535
196004
172821
166302
196589
167360
213652
143144
133514
155436
144182
183206
271885
142935
201171
158469
167717
234955
198998
151767
139312
181285
147293
151013
174808
206640
141080
164503
187575
133584
138525
158704
134855
142978
175590
132486
142333
178745
132986
143572
124926
117033
122993
135099
128952
116626
145593
166632
133414
170460
149572
56215
