973712
308515
326498
408199
402365
306046
247956
257770
343630
277978
265382
222999
301288
376268
281150
433330
324195
242976
258319
312581
344626
491507
317444
238274
212932
226836
416076
196694
251667
397865
283197
262198
554028
245647
266300
280465
291886
268615
279009
286152
267300
342891
376358
262453
261256
240659
243077
234737
351208
225315
297813
251669
236542
307251
296891
366370
372726
323387
302614
273956
362461
315482
258944
328193
252140
283653
278676
299092
374908
269467
215358
360488
2114684
1082687
274291
209492
232057
265496
201930
380100
806042
