r=1, wt=32, c=12
973396
492933
602007
476038
440810
395891
357316
327250
342779
372632
405723
375153
315508
400198
355572
345107
406873
427367
378779
375776
361079
332279
366605
379783
405112
351007
363930
337754
391768
426988
398811
401286
417242
376452
387639
367771
364868
375327
422055
412554
436535
405040
333084
432445
393823
384527
457390
418523
371538
376850
364583
349890
339241
378897
406447
444173
364700
342421
404744
403146
382008
400961
444598
354932
346943
342813
336119
380575
354697
369711
360718
373968
331498
365751
431529
365518
389957
443354
374140
364712
AVG: 380100.742857

r=2, wt=32, c=12
920338
445412
469459
500673
417256
356849
357303
359150
359860
359544
341771
333118
516340
374537
375371
402494
387300
369692
415911
438043
405140
349837
375658
389768
357374
377469
386641
384477
370343
381086
390955
368303
358284
396810
436076
385146
358962
374744
374711
396538
325306
368657
412202
383703
349173
382787
334025
400698
370435
418209
369910
323208
433390
400039
384412
370649
372854
439884
365901
376348
410085
373046
386144
387655
436226
352948
362256
367705
394503
372334
389732
366675
400563
422836
380222
366159
423744
363954
362607
489332
AVG: 382147.5

r=3, wt=32, c=12
968393
520419
630231
710541
453966
412169
422717
343962
322869
344115
380668
341673
340611
327705
389837
431932
376480
401025
443796
384613
397709
350568
396229
347528
382071
395581
394482
366125
407743
395311
370735
396278
371913
468569
365181
378947
365071
347004
366222
439776
428426
464165
332589
389520
460674
453524
421862
375402
474166
373512
399852
394988
395248
393170
454932
462816
423734
376665
412521
400193
350058
401074
402226
464227
403387
372334
380154
379714
399955
389468
437475
447838
364867
392155
450081
453600
421688
411947
561722
368742
AVG: 395574.1

