r=1, wt=16, c=24
814951
571665
778240
604015
483661
412015
483972
550129
551791
452337
440401
413671
432337
462283
466782
434490
447943
509601
473868
446813
455345
424495
461675
457997
433699
451308
426433
433182
443935
385458
458671
418658
540846
403919
399200
470533
424183
476448
446543
491481
459127
436599
434792
389576
482646
425388
472694
549704
463499
440424
443648
421844
452198
518205
487062
462221
427705
420671
402877
459655
462902
418472
492064
436360
465025
431927
435094
437237
451093
405644
431522
438406
399804
398809
371851
455485
460379
384192
486479
427328
AVG: 448702.671429

r=2, wt=16, c=24
831361
604374
635838
573318
418610
394563
417161
477854
448435
443388
405177
457422
392509
394726
396147
397833
404722
395706
400452
353366
405906
490077
533292
468195
457681
440686
519450
433319
419773
362514
443750
453420
436353
435681
474373
406698
433317
478578
466095
449408
417181
431240
389012
461051
460082
439006
426806
434875
454772
467860
430637
433131
416300
486270
443731
433221
452269
432561
425923
400322
441206
391393
426805
486834
464937
401930
429745
490039
426570
435764
475793
448049
421559
450950
422092
458010
457146
440185
482663
423045
AVG: 436256.328571

r=3, wt=16, c=24
758913
523260
720690
669173
534978
446383
473522
481222
427881
467151
512204
462273
432255
441547
483698
441401
472145
435528
462388
418611
494852
517780
453307
420966
500026
487638
457048
429437
486901
444297
404073
437445
438727
446788
429446
441723
456000
467161
451184
466126
469130
417816
455278
465833
420705
446064
452741
414472
430957
428290
428402
407571
387948
408790
477655
470638
431260
424424
418429
462401
427596
395535
419874
459225
424865
417518
463263
418315
386861
422136
506080
397482
402714
410532
429128
487614
448270
402693
475870
420883
AVG: 444129.457143

