r=1, wt=8, c=16
895017
396659
416532
353178
300467
252485
249443
317434
253407
267838
279527
248234
221225
238654
253964
236983
235488
238937
241326
236856
268887
253612
245154
245659
250823
246876
250176
252820
234007
259898
226419
257472
269703
231899
233047
258143
251480
240886
228318
258303
243997
250371
246159
216470
264774
212043
239671
255475
235367
227885
253436
253338
238266
255793
247945
241861
256903
252761
236417
249616
250764
239161
209382
238380
249652
220430
250470
255802
234026
256292
254476
244683
256816
252465
224185
243346
235503
241272
237976
226610
AVG: 246441.642857

r=2, wt=8, c=16
795649
484575
433114
364057
317992
256766
267622
267456
238243
289697
265504
260142
257276
245683
284018
253660
250004
280020
257507
242220
261827
281329
263617
245020
239953
301031
235321
245760
236936
235150
247286
258889
278100
242543
235344
275151
248720
271022
259610
252153
272988
249763
233778
251646
235284
253170
265178
268303
276579
204315
246981
281502
289032
259202
272895
275537
243970
247509
255379
260960
244580
266478
241195
244800
247738
278222
272750
256657
249334
263004
242932
267432
239699
241047
256220
247936
249906
231297
245479
255606
AVG: 256951.985714

r=3, wt=8, c=16
957149
477821
457980
419416
439249
267808
257496
263808
259923
232723
239718
298975
250968
279712
259861
277237
271995
242705
273358
275383
247684
244657
255419
255116
265384
239929
260079
265707
243942
259900
247170
243427
253497
257843
258752
228796
241024
258863
231095
255088
251182
269904
268345
240895
244332
241848
246242
242543
244252
270256
257650
248350
262825
281618
227503
245221
258280
254946
258366
215637
237211
240887
252864
252298
270499
277225
247354
276142
249764
241609
248237
258289
252099
268556
235829
264233
244023
250653
275098
240123
AVG: 254344.285714

