r=1, wt=8, c=8
692755
322277
358228
315563
297757
214274
279530
256100
231719
253503
230246
245572
241158
207575
229869
230016
229666
219816
280575
282769
244682
233969
245457
243274
232916
213183
236166
231302
256275
198593
232827
224933
209828
210317
232867
272652
208655
229163
231315
235904
227129
223462
212705
230331
228002
232598
213948
216755
225669
230767
210457
208711
233539
219566
231944
218007
246707
219068
271516
238245
216981
203762
225011
199855
247583
210808
248774
238881
210540
217678
217670
226573
220608
244009
245663
232163
223582
234315
230103
232320
AVG: 231002.685714

r=2, wt=8, c=8
738594
376697
339322
360863
349245
260499
229981
279743
257322
241687
259051
270805
248474
242088
232592
231763
272527
246175
222647
249738
248333
241699
245913
237101
261609
236199
242247
225574
235531
258833
236850
222437
252765
254265
231183
246198
249153
247448
245639
230170
238495
227941
248514
229875
181575
231640
232281
237400
209338
273805
240587
265415
250703
254710
223229
248205
239833
222931
233978
256620
231205
239073
250259
240085
247043
238900
227373
249542
232411
216619
224041
224639
256332
227292
234441
269181
249250
247206
234262
254647
AVG: 241150.985714

r=3, wt=8, c=8
605056
372503
356152
333404
267006
250093
262066
254492
230231
246093
243039
228810
214789
222053
275409
214409
253814
241171
234540
240615
251297
221494
245543
246338
227333
242306
236351
236011
211697
236772
214326
226884
238010
225367
239950
229234
241565
248204
217649
242174
214404
244332
223379
237383
235451
230160
215378
210100
234309
242780
240214
234435
226775
266238
229238
239082
239634
225433
237709
210947
213328
265501
241169
243002
236778
230352
245259
267172
244042
219800
235714
222864
230323
230684
226269
232387
234754
240264
227271
246296
AVG: 235425.242857

