1602411
649163
700747
672815
642053
435260
456501
437445
399897
436537
444751
411103
423196
475608
477513
431327
476075
518846
521789
459948
544434
457834
467636
627427
534860
449934
545408
501555
592442
561292
507816
565938
538939
599305
579073
804542
526386
526550
525087
504285
509630
501338
542642
558373
503266
484660
533065
572466
540840
584164
548838
510938
473522
513315
580476
452414
516219
571797
536285
486141
487175
534859
511718
517820
514138
536273
603432
511616
589953
562293
535041
494842
466364
514951
499348
506336
518099
461045
518612
546871
AVG: 516667.871429
