1892769
524864
518363
475495
355437
372546
330480
315101
342761
332482
348409
340197
338068
342969
376864
347611
314693
339190
341135
346660
302352
323502
342773
395049
322471
326319
352922
384986
342029
323036
327846
322827
339402
338135
333671
299273
329667
364746
349199
298392
318352
358146
363321
362385
317701
359818
351370
340195
323481
316253
319586
345232
332811
309794
326988
321561
341565
347836
329625
346069
381757
349742
345427
343704
345335
325794
331467
360136
347155
336490
312367
325447
305530
328754
340142
346578
347595
342108
354070
329722
AVG: 337987.128571
