1371003
544479
606387
537029
437480
366095
361066
355068
360342
356336
370462
392904
352951
377116
369230
375874
363169
320951
353292
339815
337211
344410
404924
367175
374429
333491
381389
347668
347356
335220
327651
344957
355948
344990
374148
322843
326819
367807
363226
346510
340037
371318
334416
357120
357048
326304
349198
320117
389849
320330
357593
318898
350897
391357
379427
357503
320097
318342
333245
340575
336004
375668
374364
362658
342929
314706
337805
370649
351716
365946
379792
372433
362710
340896
348636
334886
368065
318729
357223
359969
AVG: 353334.657143
