255884
147722
122891
109539
103953
106284
103186
97127
93882
60657
65705
61174
56533
52401
70147
56013
71682
54548
53007
46482
40255
47213
45344
37516
33588
37064
37238
33184
35412
32838
39005
34064
32699
35379
35076
30525
36093
30929
31039
37849
38413
40760
33349
33455
35070
35197
34446
32020
36175
35829
35298
33405
33008
31691
32451
30933
36817
30485
30056
33357
31205
39587
33675
43697
31921
32930
36111
30082
32582
33936
31766
37150
34634
32892
38563
34553
37638
42654
44116
37871
AVG: 42486.9142857
