r=1, wt=32, c=20
1986218
952112
676689
695216
841361
575664
594520
681271
715757
620457
607758
643501
623275
566255
575285
640059
700393
600679
640276
700796
666180
634888
793504
801345
735790
693290
564803
632389
654717
569139
654016
753182
573797
624646
671024
713246
632307
721101
682056
664095
626737
608589
542821
623057
614794
766366
857953
659231
698873
867951
625836
591435
742520
749667
525480
604970
598740
645372
627928
628857
624637
704532
695730
606110
727773
562701
690952
630323
734024
662385
660578
726281
668211
581715
645270
775790
624744
679500
665815
716114
AVG: 657855.142857

r=2, wt=32, c=20
1598880
884931
988934
798221
678333
544606
496379
485970
483442
502322
574940
586158
541335
498815
603335
544957
606842
606897
542834
554401
548534
587958
620283
581549
574951
582514
621538
627013
522109
663058
612535
659249
649291
646539
550472
604173
621725
570650
570042
761373
568523
728198
654458
571482
698356
710999
1029439
719759
677017
580743
629698
593686
627630
614499
578915
667162
649717
669406
621031
619443
582464
700577
692855
739582
584036
557652
664951
677695
595379
630339
584831
704491
678456
687154
661682
682343
642890
718644
673355
700363
AVG: 618587.057143

r=3, wt=32, c=20
2137649
732336
980074
989143
719202
516501
550066
509136
554928
552297
608028
627474
548269
580404
642653
725113
639729
561960
607801
592892
780754
550126
517721
508251
569265
658581
605368
588285
534434
669262
673500
652125
561291
631427
528713
554759
589866
538421
614707
613342
623029
677051
620314
557051
578439
627841
597980
599208
731025
609357
570067
577144
535093
622991
554657
622505
641460
585863
584491
595612
599338
668784
574968
792972
586209
688864
626513
602101
618522
594610
647217
730372
622834
703029
701378
776601
687023
738144
763557
577299
AVG: 608947.685714

