1229007
436382
293292
299270
256438
210840
230447
209119
258569
252762
251836
238224
223640
238668
240188
227433
253025
209469
223156
209608
230083
241300
203759
289117
246639
237121
240937
272624
297549
236157
236187
252042
255979
242334
227673
269827
277733
270159
283941
246066
258302
266388
248821
274186
242909
282611
239768
224857
238338
225848
228782
207880
239991
246846
234490
241648
242062
251272
255759
238446
243381
239404
233826
242318
205802
217527
230215
231131
251892
238931
215774
232031
234870
250803
245231
268951
234221
227612
220705
230794
AVG: 241950.728571
