2221498
930261
1023159
878481
846658
744641
727271
633266
616849
571561
626317
590509
673421
583564
794367
643920
589791
730639
782952
791153
734184
706774
840076
619148
580928
648298
705679
681458
737643
767978
759923
642200
679309
616471
745261
849142
698768
813269
692594
665476
606109
711721
588784
626399
733600
660786
653658
639750
686988
761504
727482
683039
833483
681195
661952
649863
634492
675104
727209
799786
786423
671898
586946
778770
738098
692444
701097
761158
738913
689842
683162
684941
612163
604833
838937
692309
618893
645459
723905
943712
AVG: 694247.557143
