149466800
115393736
124181395
182302954
174564122
175619761
190309534
214885823
213972109
209355207
200483295
191616617
182870254
188765228
198407213
164621586
153016359
160945611
183136323
225079031
213986503
184533176
217178883
230485305
148402162
191699842
132947308
175539633
194168366
180911829
194292017
192511203
176371643
177636644
211097405
187061541
200172025
189846778
182225680
210508332
185432636
208550954
199535335
192206507
205386236
196143490
129139459
160201032
192493811
196181436
192332468
147429811
190582926
195496890
219351320
175299960
213205218
190762362
200780156
159369523
136520909
146450094
198163724
207085792
216819146
240224409
192846629
207610670
203390088
119849941
161100706
165295919
162133924
164941256
137689543
188795052
174805054
162778155
182138666
181780719
177617551
AVG: 186527599.408
