1978798
1985590
1623875
1585642
1467176
1728782
1367125
1442885
1301821
1417479
1370417
1383325
1391193
1287906
1379867
1321015
1559221
1272601
1268176
1361382
1316673
1384298
1326096
1376697
1738444
1346781
1307903
1251032
1377285
1363048
1299366
1270307
1264940
1259563
1289206
1250983
1511285
1451412
1379769
1265812
1293689
1320450
1461648
1360106
1300992
1457677
1357233
1268985
1344522
1322621
1364428
1436584
1269810
1509987
1380369
1333244
1255960
1292960
1290305
1469613
1283637
1334107
1235076
1267250
1580511
1493194
1365253
1342730
1326741
1370814
1361150
1449967
1300986
1313101
1382339
1230078
1230287
1255296
1311215
1399295
1090538
AVG: 1360735.38028
