r=1, wt=64, c=16
1419691
1668093
2400278
1231511
1548748
1314958
1344154
1263562
1273300
1466902
1434090
1292968
1326748
1416790
1330279
1319328
1410941
1501446
1774364
1305385
1125128
1162248
1448664
1288842
1448430
1335701
1210683
1401684
1415979
1282470
1325650
1304051
1328016
1179848
1233190
1190245
1230123
1225962
1273507
1962672
1376408
1218720
1236988
1237108
1184820
1193234
4600158
1248613
1215210
1452365
1315404
1294930
1256536
1304164
1197875
1202419
1232793
1305254
1213319
1321285
1224833
1251078
1207739
1228261
1425999
1379769
1177934
1371825
1365427
1296727
1451776
1209941
1218582
1211979
1303680
1287869
1278624
1188358
1143719
1278271
AVG: 1358306.58571

r=2, wt=64, c=16
1256975
1494816
1300586
1314043
1328648
1263560
1266752
1374645
1322439
1368144
1181055
1350345
1167667
1353860
1315086
1239366
1339354
1334590
1210854
1247941
1209820
1280214
1463817
1370422
1242559
1081586
1260296
1231477
1254813
1305830
1207024
1225450
1210528
1338854
1257016
1834389
1298687
1311778
1318001
1340505
1404124
1734860
1323282
1247268
1271481
1221527
1319935
1272191
1248212
1569322
1620710
1181709
1624161
1238671
1550170
1174483
1254114
1147867
1257612
1313474
1080429
1142851
1300513
1191762
1160214
1184877
1204762
1033315
1279142
1149139
1247864
1287937
1225198
1270977
1342707
1202536
1104602
1380039
1221791
1328126
AVG: 1292222.62857

r=3, wt=64, c=16
1264170
1625070
1291403
1449251
1261535
1787173
1303930
1281511
1306384
1407277
1672322
1137227
1227800
2145173
1195944
1162505
1217131
1340788
1426637
1364910
1301208
1476502
1184771
1288074
1760542
1217501
1260775
1251763
1293313
1240365
1245209
2004867
1367029
1277215
1367301
1234883
1274765
1307563
1296767
1442633
1313863
1257580
1971581
1338491
1408375
1251271
1367306
1243801
1337739
1284953
1378509
1541010
1254033
1184779
1428621
1264465
1404438
1318310
2457066
1284117
1372490
1467394
2202000
1227369
1493484
1377358
1225203
1234206
1190346
1263157
1389228
1425226
1216143
1338878
2526813
1292404
1942175
1742794
1316578
1332624
AVG: 1404419.44286

