r=1, wt=16, c=4
1636441
1260978
962095
1045448
1132053
1052853
1036997
921912
945209
780252
721852
813185
827698
907421
768595
767281
845608
835890
930548
985765
845965
893567
834517
840394
877338
1032486
883784
835590
985952
901787
855676
861433
884854
907340
864965
837304
791397
966195
823481
844392
840064
876043
843129
959060
891180
906329
730275
783045
871056
805712
884293
786223
932785
880743
862835
868273
861079
984102
923087
845646
942360
854350
797572
797570
779640
834013
879649
863247
811453
1007722
974213
945450
804113
926568
833044
943198
838098
1028769
967927
822102
AVG: 872791.514286

r=2, wt=16, c=4
1435956
1212032
1329275
1228668
1163330
1110157
1185871
965940
1065613
1031781
879418
1141991
946366
972589
1116632
1007583
975516
928737
1012249
967398
928459
1488569
968257
1092842
886138
861852
1063025
950540
948110
995549
1002664
991257
1086480
1054279
792437
952360
872921
969557
1123685
1040189
1031809
1738565
1003976
1028153
1018776
885414
855373
1010606
1035731
964685
880635
1014979
959100
963704
1045769
1031221
981925
1176412
994124
890599
894765
976633
863974
827955
917715
938818
1175773
928888
936830
947129
921483
944773
963192
906889
1001828
981233
927096
975893
921942
977292
AVG: 1000503.02857

r=3, wt=16, c=4
1551160
2496010
1079531
1026994
1298917
1140220
896372
1005628
1021691
908640
1048984
815135
790375
890861
1735045
19717488
923447
900527
1018272
971105
983926
1014975
926359
911733
989820
962542
855564
1119074
1018143
930196
954373
871364
836739
861614
942128
942971
950322
902117
1074583
937608
1042839
931594
956805
888297
949933
1057903
1101535
912940
952186
1051431
1004035
1041044
938048
1193200
928063
1015108
865792
964997
919665
855727
1110204
984149
890566
1064285
1321643
984996
971751
893459
924281
996502
910848
970387
947424
1099227
936409
900954
1003265
923896
861717
933065
AVG: 1247817.34286

