1799024
1523926
1548908
1195909
1323965
1378503
1241159
1233979
1191310
1228824
1301347
1212931
1251081
1362764
1370091
1327327
1217017
1247883
1254607
1180555
1262415
1281233
1377689
1285135
1273902
1252315
1400803
1303010
1299412
1459179
1287765
1255468
1209601
1387350
1314854
1395222
1236090
1180414
1177146
1394773
1292874
1306668
1304064
1307104
1430405
1280046
1319968
1300439
1250470
1291909
1145161
1255120
1328416
1369263
1131379
1569672
1314009
1205316
1303791
1290017
1175347
1515592
1636061
1238623
2152669
1437203
1592640
1475439
1544775
1745219
1957133
1253827
1638871
1359887
1383834
1198848
1421808
1415600
1343995
1419076
AVG: 1344805.21429
