4217715
1808458
1804877
1660865
1609545
1678008
1638765
1298789
4246431
1340701
1317078
1273302
1239076
1134681
1158716
1175109
1213396
1178548
1294766
1525295
1299111
1298862
1284227
1335594
1362870
1270138
1139130
1048145
1170960
1092686
1176323
1227219
1207709
1201767
1147471
1335316
1243310
1199746
1203680
1377289
1503968
1766421
1221212
1114311
1166435
1151823
1229775
1151382
1362478
1186716
1350556
1303837
1169528
1357324
1356018
1434474
1203206
1248485
1213978
1343307
1178221
1095152
1219987
1169525
1147775
1050692
1965325
1659146
1181013
1246237
1042848
1250307
1194926
1275763
1154630
1252180
1161662
1209316
1291789
1421536
AVG: 1314299.92857
