970900
911799
763954
752290
759772
884684
772707
762908
716551
811128
720629
759834
812832
728901
772709
664408
693585
703030
670586
703782
681378
676833
658988
628428
642761
654247
639997
647278
670838
663523
665511
663614
642284
669220
648412
676690
643300
677142
621697
677487
700537
686669
654553
683074
667293
713521
651071
662088
675814
656294
663660
645495
664904
646873
666371
653249
689683
670782
658651
675013
657582
672316
654740
631037
702035
643505
689461
668148
671271
651239
662530
690908
665524
659696
647708
660174
669136
656354
653171
650015
AVG: 681159.957143
