r=1, wt=64, c=24
1247173
2161324
1426322
1340300
1614087
1279986
1346799
1134276
1311667
1416522
1312720
1266623
1527705
1274039
1384095
1255477
1616643
1301135
1329229
1258827
1461548
1647841
2994490
1345690
3805658
1375272
1210520
1195417
1178075
1227501
1700574
1406166
1346130
1386614
2085521
1381157
1652391
1376708
1394976
1211128
2260461
1635511
1430666
1369634
1125238
1126888
1441269
1339332
1321532
1318211
1514266
1419050
1243285
1301771
1813471
1345325
1458453
1397275
1970463
1447818
1525085
1428525
1729800
1774289
1362428
1261789
1191660
1261829
1437820
2523183
1191357
1222926
1377887
1564568
1373692
1173818
1392868
1521710
1421537
1447432
AVG: 1484369.67143

r=2, wt=64, c=24
1498302
1186655
1440017
1198499
1519257
2082837
1189849
1277978
1491345
1332247
1500527
1886660
1528311
1445739
1407381
1492911
1320207
1291809
1615774
1495531
1476325
1593215
2038902
1347569
1319201
1299605
1435145
3989694
5618214
1446640
1605129
1295037
1237171
1405941
1384161
1644334
1371359
1158179
1275997
1222919
1369758
1406051
1371484
1283576
1347954
1295964
1409380
1171543
1239528
1244136
1433122
1269186
1417708
2468753
1254024
1288264
1551388
1189309
1467238
1327854
1334438
1844990
1271098
1226187
1425685
1355468
1403190
1301232
1209051
1196311
1223998
1769521
1669574
1451074
1362594
1360697
1431847
1347115
1168538
1234246
AVG: 1519635.34286

r=3, wt=64, c=24
1356407
9501752
1586735
1258596
1403025
1274759
1314034
1343331
1466592
1395922
1237663
1160852
1311593
1740155
1467760
1435622
2090721
1122003
1303757
1133739
1254867
1413594
1637838
1163667
1138907
1470395
1366562
1114148
1397832
1290384
1195982
1279482
1079319
1287812
1311567
1293452
1622820
1883031
1431020
1327277
1399490
1285052
1279594
1422795
1191846
1455668
1439533
1299165
1446053
1300695
1285575
1157711
1424237
1338323
1465757
1306455
1293168
1186724
1362656
1271480
1326200
1391614
1288080
1430653
1355371
1770091
1424995
1558764
1373307
1231811
1452439
1340773
1360404
1387979
1541409
1339697
1378451
1295501
1316266
1452821
AVG: 1365776.08571

