r=1, wt=32, c=16
3812344
2494591
4681729
2773396
2670163
2961105
2115529
2612563
2285865
2043765
2236267
2628710
2431253
2101698
2130573
2375425
2176493
2523799
1862322
3119613
2143559
3786730
2099633
2026264
1951961
2550038
1843445
2003146
5907190
2747602
1905949
2194994
4805968
1799735
1743236
1773821
1971938
2472991
1970125
2466837
1776947
2262483
1996364
2455920
2247029
1975001
2255888
1879911
2588312
2375484
2402468
2242868
2303605
2317710
2361550
2287263
2365000
2546533
2609192
3069060
2417983
2162007
2093394
2357111
2102056
2272537
2399486
4058306
2383907
2152139
4399794
2694766
2618590
2379588
2181864
2086793
1938710
1982226
2399840
2656873
AVG: 2439460.82857

r=2, wt=32, c=16
2921898
2493792
2843846
2163753
2215920
1943298
2729527
2403637
2024648
2601937
2101173
2159506
2083175
2091889
1951386
2128706
4363700
2486233
2662285
2606372
4451367
2446286
2450038
2557631
2460940
2115097
2390961
2174683
5919227
2842606
2358356
2439441
2288281
2229357
2078613
2282873
2215471
2128701
2304265
2447129
2278870
2462228
2143190
2496809
2526612
2159815
2086506
2602962
2817997
2171028
2387930
2100420
2228417
2151166
2150823
1899752
2163622
1985159
2143746
2040500
2066588
2218354
2203199
2145036
1927027
2440740
2302624
2147367
1889637
2034115
2525909
2257512
2846567
2522684
1991041
2205278
2066325
2115390
2095743
2012881
AVG: 2391924.95714

r=3, wt=32, c=16
4090531
3290772
2805621
2459722
2686937
2281671
2322319
1945907
1989564
2291876
2164929
2415440
2817318
2245384
2081534
2238531
2104361
2085301
2053876
2407363
2298847
2194421
1681165
2660098
3872644
3755169
1947535
2348672
2175856
2323131
2324243
2479262
2259758
2621701
2115546
2756948
2634707
2842443
2137450
2184086
2215077
1861068
1691572
2354200
1718608
1883734
2160081
2558795
1544726
1819560
2055473
2019668
1939920
2197913
1995047
2421433
4151880
1942402
1874530
2025626
2408129
2017581
2487950
1961982
4688788
3276280
2282280
2554786
2519641
2884251
2811708
2207673
2268574
1927896
2187815
1984776
2124943
2073189
2537000
2409143
AVG: 2342510.04286

