2786500
2006531
2192083
1925092
1942345
1792789
1928027
1619430
1778546
1778664
2283923
1990176
1646745
1852125
1658299
1519939
1837960
2116777
1811654
1675419
1979949
1666389
1515681
1526161
1685502
1742037
1713809
1680277
1596504
1673158
1589483
1957886
1758996
1288475
1554913
1833469
1521946
1655951
1778101
1811315
1718656
2286356
1809917
1790579
1565051
1658719
1624555
1818268
1702207
1704923
1831601
1477547
2016697
1747323
1674707
1658972
1988142
2038022
2256354
2821992
2255148
1448311
1552154
2117804
1926191
2051858
1575178
1729680
1831296
1954163
1925894
1946749
1829402
1769065
1568557
1510915
1693413
1745474
1594921
1860827
AVG: 1792750.18571
