2002678
2054144
1883101
1742085
1526412
1443501
1347289
1143365
1318773
1138918
1134668
929948
1130812
1082583
1025872
1027537
1133590
1217002
1115036
1163785
1103701
1088164
1076782
1070061
1079632
1190308
1042192
1203790
1142729
1040097
1224797
1211083
1076257
1101741
1095653
1183435
1072803
1010805
1224222
1237494
1248281
1018284
1089860
1136672
1215580
1160271
1206225
1168181
1110883
1075659
1283194
1230777
1192770
1072312
1415577
1305156
1142574
1045850
1148976
1036201
1035404
1141239
1186363
1083561
1152155
1084033
1214800
1137008
975689
1059568
998803
1097556
1306428
31389883
939665
1154960
1090081
1190007
1119188
1154635
AVG: 1570483.75714
