4041422
3774801
3600731
7965225
3942582
2738918
2335712
2516125
2834044
2354401
2269165
2475533
3281998
2948456
2729288
2870594
2684115
2699601
2618225
2995693
2979001
2833673
11389668
2712878
2896721
2969855
3122600
2880488
2377238
2655409
2296888
2551453
3127616
3003957
3241325
2990949
3076735
3046051
2900240
3114860
3281168
2832709
2702131
3122686
3222453
4464284
2680750
2369681
2706297
2708097
3970973
2964352
3064004
3654764
3158527
2615449
5968968
2979085
2873681
3026705
4352441
2884410
4013625
3313496
4192727
5989609
3800268
3155534
2797779
2385744
2793383
3791943
3158508
3154252
2948048
4153389
2741676
2550398
2794805
3461310
AVG: 3194542.91429
