r=1, wt=32, c=32
5557480
3109568
4043365
3271152
4502256
3978992
2625691
4978607
3365418
3717859
2637170
2566392
2779846
2974893
2914987
3249540
3372687
5848780
3477535
3289427
3648316
3175459
3844134
2809399
2412659
2896905
3576121
5357140
5020576
3589129
2393850
2818897
3215782
3149714
2857906
3648002
3253589
2998478
3263171
3449287
3499949
2564967
2851346
3324701
3115161
2966090
2824742
2895259
3221531
3095238
5570707
3290099
2988898
2863409
2680852
6123260
2965246
2964046
3396686
3732116
2699833
2521773
4944327
3056096
4208829
2667558
2867508
3538360
3265349
3263964
2866946
2605948
3042436
3195008
3352180
3484548
3679373
3948982
4029122
2735092
AVG: 3345525.08571

r=2, wt=32, c=32
4143207
3397287
3633474
2862027
3619827
3009099
3119092
3028600
3095275
2819375
3011746
3033688
3003417
3487922
3237027
2823103
2933495
2847908
4527334
3095455
3200588
2965293
2478868
3112783
3285458
3058481
2655062
2629476
3042991
3114040
2688783
3043329
3531029
2847112
3397657
3310725
3214832
2943939
2564029
2758858
2901733
2770090
2782677
2895828
3437842
2907141
2925325
3464282
3560007
2894689
3629115
3576436
3392121
3058797
3061953
2642896
2536191
3782144
2651483
3416743
3153219
3850865
4336475
3560306
3922998
2982874
3281506
3230699
3059295
2666136
3420000
3104966
2614015
2877479
3222745
6235191
3688730
5260612
3656720
3125101
AVG: 3121242.0

r=3, wt=32, c=32
6169364
3687389
3712174
3270573
4293962
4020527
3425378
2966857
3153309
3500139
3409522
3259170
3766547
4344599
3345528
3412543
4743216
2694777
3400133
2896579
3719524
3266405
3526409
3346477
3483709
3450876
4624925
2975054
2757656
2783869
6280325
2505756
2536512
2772156
2409978
3258555
3479433
3115964
3450350
3062096
3332764
3513194
3207630
2750259
2898410
3730297
3272238
4079804
3366600
5510148
2822345
2467955
2550731
3196549
2898200
2650426
3084120
3055173
3084051
3026626
2834012
2868231
2647962
2726357
2647666
2671726
3767361
4822903
2741862
6335302
3088442
2783489
2655612
2923215
3050724
3284763
3066370
3407978
3126992
2970025
AVG: 3317246.24286

