6169364
3687389
3712174
3270573
4293962
4020527
3425378
2966857
3153309
3500139
3409522
3259170
3766547
4344599
3345528
3412543
4743216
2694777
3400133
2896579
3719524
3266405
3526409
3346477
3483709
3450876
4624925
2975054
2757656
2783869
6280325
2505756
2536512
2772156
2409978
3258555
3479433
3115964
3450350
3062096
3332764
3513194
3207630
2750259
2898410
3730297
3272238
4079804
3366600
5510148
2822345
2467955
2550731
3196549
2898200
2650426
3084120
3055173
3084051
3026626
2834012
2868231
2647962
2726357
2647666
2671726
3767361
4822903
2741862
6335302
3088442
2783489
2655612
2923215
3050724
3284763
3066370
3407978
3126992
2970025
AVG: 3317246.24286
