3409345
2809723
2036843
2092051
2100297
2934882
1886839
2310008
2079844
1841198
1572920
2604043
1676751
1708737
2067237
2075322
1913296
1804557
1861981
1897233
2009784
1535121
1706339
2077452
1831607
1685429
1594239
1627370
1607067
1634589
1817200
1761968
1593383
1717333
1899002
2024039
1736730
1929360
1746807
1614529
1659357
1641133
1575736
1413985
1528435
1522174
1515070
1586430
1449389
1308037
1508916
1761449
1737821
1700935
1553607
1582574
2781675
1802945
1405754
1487107
1465573
1609501
1488796
1589401
1735243
1649581
1606066
1472549
1467619
1540885
1421331
1625898
1830926
1566237
1692925
1736598
1696030
1664899
1704266
1907497
AVG: 1738132.22857
