9054139
8217754
8935141
5408236
5006446
4976151
4483973
3817120
4571927
4415071
3369290
3685595
5538068
4154220
4287394
4149409
4058232
5912229
5084510
4480567
4124288
3963324
5050079
3849861
3405363
4994832
4026055
4108666
3724490
4119723
3711389
2995024
4499974
4262144
5799483
4674018
3780196
3979895
5857202
3906254
4514851
3625552
3288663
4348753
3816064
4459475
4009708
3385218
3815343
3504890
3231624
4234697
6401127
3763353
3755590
3963099
3611817
3779437
4609023
3937874
4020274
4028895
6822798
4056716
3896685
4020751
3452176
3760827
3753743
3788018
4110306
4066591
4824399
3859645
3844736
3260151
3648436
3433891
3868441
3692598
AVG: 4202553.34286
