r=1, wt=32, c=24
6952857
4104885
3001198
3175998
3730351
3741189
2545606
2884466
2741398
3383754
3052264
3223782
2813522
2412043
2426827
3148199
2962076
3018105
2867931
2966739
2682791
3675288
2540223
2359312
2717404
2459979
3060065
2698659
2776740
2718120
3312020
2591002
2323952
2500285
2704485
2732795
2597342
2562431
2492147
2611934
2765696
3418733
3317862
2794021
5762011
2845329
2863464
2932297
2900838
3146586
3527579
3753295
3310697
2715145
2610293
2755283
2607031
2751653
2743748
2990838
3515783
2908131
2915677
4083737
2373661
2492228
2493980
2908599
3078875
2748792
3097784
4514867
2404273
2878381
2968502
2616510
2665587
5130275
2592610
2572974
AVG: 2945722.05714

r=2, wt=32, c=24
4333131
2887210
3484547
2432872
3254380
3179552
2465404
2229725
2320777
2460207
2495307
2583308
2521145
2642602
2558766
3130427
2626374
2291667
2718553
2274048
2268130
2228850
2148655
2437554
2473778
2392450
2728937
2070786
2303968
2812916
3231615
2902904
3097398
2822601
2370649
3393939
2597859
2648734
2431770
2818329
3641110
2702920
2884672
9559642
2417355
3013662
3000166
3628714
2929320
3124539
2677487
2496806
2477135
2652598
2941499
2701385
3381748
3014780
3317177
2446900
3037416
2604571
4425160
2791620
2568419
2569501
2582811
3278435
7934993
4905571
3769194
2935842
2239076
2852652
3251364
4745022
2586979
2927027
3069851
2631654
AVG: 2963370.34286

r=3, wt=32, c=24
3992300
3289382
3994244
2727434
3318781
3385395
3167204
2743115
2870410
2902345
2833890
3234696
2973809
2708518
2782021
2864438
2750971
2818719
2780841
2538049
2479723
2448618
2394239
2424282
2423371
2602421
3166358
3190452
2646147
2640348
2623964
2920110
3226341
2684896
2712376
2750942
2677475
3215509
2376950
2451783
3242585
2585618
2651888
2831592
3454499
4919945
2193531
2109946
2395157
2266788
1859364
3175460
2492431
2810275
2464205
2783546
2485401
2094458
2321672
2909939
2865402
2707446
2671770
2926867
3703321
3515479
3848344
2984977
2647628
2421244
2872955
3009018
3191421
3155745
3261659
2292915
2888666
3251986
3234866
2877980
AVG: 2817747.17143

