2449882
1923034
1850261
1569297
1551179
1814577
1537712
1429030
1536134
1564878
1066080
1266716
1133999
960474
1238516
1396073
1425888
1169989
1122927
1272769
1142434
1081512
1143751
1414075
1393900
1411810
1192045
1202487
1242978
1205075
1213425
1288484
1339735
1426144
1277966
1120027
1238150
1198653
1498946
1055636
1825042
1308371
1495154
1468192
1474169
1403086
1427803
1294169
1082960
1483816
1723478
1270583
1495546
1552222
1539718
1450294
1589725
1476634
1547936
1698584
1347040
1208147
1216615
1444947
1176281
1422277
1447057
1479494
1453312
1235843
1170632
1337256
1440239
1463413
1539967
1383177
1285711
1471326
1450743
1384435
AVG: 1357328.52857
