1909822
1674192
1437733
1331141
1296469
1294107
1216268
1177195
1257454
1304776
1192054
1128655
1026926
915016
975615
887540
855074
932216
986524
985596
887104
927691
797965
813539
815671
821026
812842
809491
766431
817153
827766
798851
794761
784676
801484
810252
802275
830891
762005
745572
790813
745855
731662
702634
759720
758915
771149
846116
874291
811390
804189
812892
800832
800520
819926
815030
888073
801982
802054
785860
844599
742817
779521
837461
854567
784283
827972
806561
802073
805042
827973
785934
819657
806189
850428
816968
836899
835180
819064
803206
AVG: 863734.885714
