r=1, k6
249259
233356
208013
185472
184258
131034
209595
252926
110600
140322
122379
111673
121160
114834
96659
99002
97850
105670
113925
131173
98707
163797
125783
124873
142216
150875
103139
96847
104419
140049
124634
83466
93067
100584
96715
116506
124667
97234
125594
127818
130772
98784
94856
96576
112754
132002
147768
105949
112357
114881
103618
103641
106051
93502
112152
118557
99043
131379
77874
102464
104107
100660
109806
109488
107212
109663
83700
106817
99517
106696
140087
121927
107117
88318
103477
118316
107709
104815
121858
117841
53404
AVG: 115657.464789

r=2, k6
242837
164429
191715
176242
130666
246814
159459
191160
126277
192937
120470
121404
101564
122770
152140
167189
112849
119564
99677
114722
183232
97708
101736
102768
135865
119964
135583
114287
94921
112591
149186
92312
111255
112903
89251
126415
140561
147766
90987
145101
120572
150415
111656
95431
121548
113240
112571
92223
88247
97296
96835
87475
146690
94173
114829
88768
115823
99141
112163
115626
120986
113884
81717
90394
123855
128026
102239
107260
93219
109595
106129
118685
98505
149799
96015
143673
108652
102208
92049
89283
87300
AVG: 119888.605634

r=3, k6
181208
339998
179810
204858
134522
244669
143142
285740
147150
147549
100233
172980
100592
114561
112284
116511
113158
138300
84304
84454
88714
104585
122674
155842
138055
106640
134252
90170
150367
107164
95671
125439
128423
110947
110594
107146
101371
91355
101470
116780
88769
117847
90022
104875
122763
134299
115762
101690
80914
101372
94452
108674
118543
141854
152977
106393
106411
124888
140183
114459
116850
140241
177231
94225
120744
110165
100121
117302
114650
131316
101228
123800
87056
140982
129288
157023
139857
111311
80201
92535
AVG: 120937.6

