601661
345841
275667
244843
189589
215709
177672
149122
171319
131965
174272
171869
159873
170656
165812
164608
167818
161036
146537
144207
196932
137615
177787
183829
172858
150313
120220
125498
210965
150272
174677
139163
159473
156035
181639
178355
153835
143603
155187
157399
145585
164585
162688
139458
158003
158570
141293
146204
143816
145647
205153
147251
140845
163179
184696
133405
164857
173282
166133
129477
168079
167164
155002
174525
178807
155513
139286
127540
174811
171722
169869
105147
138754
163928
139690
161621
164687
160223
188547
162586
AVG: 159172.771429
