675346
334259
361909
289684
292412
298443
192112
152416
229355
162063
174359
183664
169179
212958
145936
152743
174233
165443
182573
178276
139560
227627
187784
152868
176305
163040
154546
183117
144563
170450
160998
149162
176702
134124
146974
194287
176092
188647
171687
170317
187647
222811
199858
177559
164538
139417
175782
175238
164869
155584
172705
150043
169489
187150
168122
192529
153940
161740
185183
176887
170415
173352
201033
212421
156198
169453
180432
172838
196031
202414
185146
171480
180847
161131
136280
157495
156201
150269
151782
163375
AVG: 175616.642857
