r=1, wt=64, c=4
359320
80443
144874
120469
125959
79686
117369
103919
109940
97002
89417
90116
72268
73292
87863
97892
79566
74575
64729
62210
76091
85105
60860
84233
70374
78620
88658
85448
56755
78748
67104
56323
71662
63415
85682
58816
71084
88218
85379
64083
64243
79016
64351
89255
64504
70088
49667
73435
66135
82012
104851
62342
66270
68742
68837
79333
73052
88768
88762
76880
71022
81809
73291
80562
57421
56859
70424
71806
65423
105006
76440
64399
50822
72968
77710
83048
96516
77317
68570
93429
AVG: 76185.8142857

r=2, wt=64, c=4
488615
143052
105870
81375
69370
101367
149978
108981
77373
67650
57558
56325
63516
58999
81039
67368
69656
75866
52803
58227
63013
69111
71313
66544
58559
67604
56235
84046
62387
68334
53143
74320
75021
67091
77530
66836
56524
58942
47475
73946
74156
75477
69440
64741
65301
78866
61222
71101
66694
63189
81298
53708
63893
65326
83388
85660
45848
75835
67757
55628
71805
78344
64205
74683
74905
86135
58979
83110
64915
73241
61713
58369
79712
69744
48574
72684
66090
66679
73814
71784
AVG: 69737.7428571

r=3, wt=64, c=4
434828
101156
108825
93238
82256
78179
75309
86444
77684
56635
64528
73448
53250
69274
54726
64644
66050
55766
79721
85328
61402
72307
62602
69135
68450
86419
75098
63792
122487
61830
64979
86196
46477
72951
55706
64391
55216
62233
70738
47506
73720
80506
70234
56970
65163
59451
73513
53766
82499
85149
66834
79907
69229
60914
80276
71740
53631
63446
60097
70061
49150
72787
51603
50642
64837
65394
62384
80878
64662
52782
75668
76708
61452
64068
66943
77807
63817
62611
63590
71462
AVG: 67828.0714286

