359320
80443
144874
120469
125959
79686
117369
103919
109940
97002
89417
90116
72268
73292
87863
97892
79566
74575
64729
62210
76091
85105
60860
84233
70374
78620
88658
85448
56755
78748
67104
56323
71662
63415
85682
58816
71084
88218
85379
64083
64243
79016
64351
89255
64504
70088
49667
73435
66135
82012
104851
62342
66270
68742
68837
79333
73052
88768
88762
76880
71022
81809
73291
80562
57421
56859
70424
71806
65423
105006
76440
64399
50822
72968
77710
83048
96516
77317
68570
93429
AVG: 76185.8142857
