r=1, wt=64, c=1
450918
273979
193675
179413
159414
86111
166117
119103
229666
186118
90014
75909
197557
152391
75217
77056
97129
90613
78341
91326
63890
170086
129025
67205
77477
55407
24750
29358
37585
30906
28763
46434
26850
37421
28681
27874
25460
81410
27254
54292
25615
24311
68871
31780
52711
35788
46046
38951
39225
111938
61596
24910
29416
28877
25246
64161
89519
65175
26241
26574
32226
28416
68742
46011
41573
26634
63600
29518
42548
27249
36399
41751
33113
29978
33691
25902
38386
56064
41884
35204
AVG: 62588.5142857

r=2, wt=64, c=1
496574
181920
189480
213382
102336
100543
92570
130387
159738
62514
143526
39428
98441
60940
50418
53961
44868
63733
63101
90287
122131
61921
78231
48182
50159
30132
27289
54609
23581
25656
43000
28586
26001
27945
25038
43872
24127
25408
37224
23320
37784
54697
72190
34938
29942
28842
55094
48935
25110
38257
27153
53056
27014
25467
26357
25426
26924
43096
27111
57556
33085
55030
51556
27312
39359
27853
34142
26256
69501
37780
26946
31209
23886
38388
26659
94625
29310
26910
24720
66650
AVG: 48496.8285714

r=3, wt=64, c=1
472741
207982
361486
225847
174512
108620
119509
75144
131358
130501
250614
128315
114355
164250
112771
78855
71253
41323
180170
42798
89367
68936
66071
79732
41030
31624
28544
28761
40415
32682
24569
37070
40272
25122
25365
31224
30206
30353
49181
134020
367553
32505
38998
25332
36387
38067
38797
26603
28268
56785
28544
95772
22743
28666
38333
39921
34950
33186
29059
38062
29911
31702
35733
41541
28567
26131
26471
25971
81585
28012
41637
29471
43527
60330
27055
39904
53381
40158
23497
40238
AVG: 61722.2142857

