569050
433693
279236
293455
300780
323018
221530
202206
173847
174617
187524
184467
194563
170860
189293
188910
177549
196602
171722
162473
167817
180104
166281
134560
189112
167043
192496
203453
177519
152945
185279
185112
166074
171480
178790
173903
159259
159223
197189
194106
181065
196248
199526
202529
210490
194464
203280
184444
189399
175253
184472
188090
158860
175896
206521
167301
166451
193783
187846
157608
228074
176666
161258
150859
188299
213342
175567
158902
181244
184294
179112
259410
207986
167349
184719
214772
168767
186246
170410
200728
AVG: 185164.757143
