574264
312486
365121
322915
299188
191040
219920
181585
171328
165785
223625
176189
174061
211335
165135
173907
214279
206816
205694
210601
188301
188150
178855
187566
157869
160706
184482
227520
213556
197402
152612
224565
247359
152966
188915
172423
173465
261562
145761
175848
216769
193002
223361
189326
236883
193717
194647
272900
156165
202969
166725
198448
221212
204210
183599
163688
189662
195500
193581
205849
233474
207036
239158
184156
264103
172761
232390
270807
207671
211303
225141
198911
185093
202844
256012
197638
222418
231290
192215
271399
AVG: 199489.371429
