674433
403434
439256
317741
259287
275015
143704
173374
162017
189852
180162
194344
144584
173379
229207
178587
143848
215711
166508
174320
172949
150150
135903
139502
180465
169518
195966
136752
132818
183091
186232
164704
175262
151835
200651
177617
199629
192090
168604
172059
166876
189691
175423
167457
184830
157405
164881
167944
197496
171885
210096
159666
186029
196003
190470
176865
202743
168496
162200
180895
210209
183175
165657
166745
179599
165027
180330
222699
146906
207628
171006
143839
190935
224845
198241
181006
163250
174280
164160
168201
AVG: 178065.728571
