357664
171869
137977
146394
154784
129599
213100
98458
108127
88962
75725
88872
86969
73601
89057
106837
129438
95782
123994
141483
74548
97456
102809
79072
82060
101409
99517
95029
86924
101121
108318
89069
92720
85880
92009
82750
92218
92361
78120
1035957
97848
109158
72151
78437
116898
92063
92686
101379
88797
88277
89956
80829
92653
89277
97520
93896
84540
94282
88646
81497
75303
103811
82368
91268
81422
107086
88039
79525
94731
106418
82623
88002
87283
97068
83108
132028
66601
86618
91208
93846
AVG: 108545.657143
