r=1, wt=8, c=32
630004
354455
377403
398319
327857
293584
189576
185819
166141
232740
170340
170675
220816
190911
188021
192435
209445
185022
234034
194608
178253
209280
186913
256507
204832
188437
183457
184158
217173
215315
225402
213371
249997
266604
225501
238315
227904
220755
215713
193070
200809
194651
215831
214788
198710
200070
194103
199435
169178
205636
164051
152665
186650
212243
193843
190642
198100
198242
205659
167120
185857
200552
165274
221843
188842
206923
195726
221805
237331
198111
178055
197417
245841
236725
204813
163995
222875
196876
213574
147477
AVG: 203895.214286

r=2, wt=8, c=32
631790
484185
376913
335957
291893
326153
217697
156978
183018
185709
182274
173590
182469
166855
150020
192903
156481
189216
165122
171872
187781
185771
226692
169267
151598
169498
185161
194776
172313
158243
183035
184407
167007
206718
225202
171048
173105
178163
153292
244916
198146
152435
140061
209347
193224
180171
184018
219352
133816
151343
172424
185090
170098
177455
214690
192419
215242
164291
157194
161746
205703
174896
165905
186679
189195
159199
212181
199401
166840
201953
173313
205297
211587
198069
195466
189459
177622
205886
195461
217187
AVG: 184379.942857

r=3, wt=8, c=32
569050
433693
279236
293455
300780
323018
221530
202206
173847
174617
187524
184467
194563
170860
189293
188910
177549
196602
171722
162473
167817
180104
166281
134560
189112
167043
192496
203453
177519
152945
185279
185112
166074
171480
178790
173903
159259
159223
197189
194106
181065
196248
199526
202529
210490
194464
203280
184444
189399
175253
184472
188090
158860
175896
206521
167301
166451
193783
187846
157608
228074
176666
161258
150859
188299
213342
175567
158902
181244
184294
179112
259410
207986
167349
184719
214772
168767
186246
170410
200728
AVG: 185164.757143

