688319
469733
318428
257980
257093
241403
234830
153631
135611
202603
166044
190398
160978
191431
188107
162881
186930
173969
164134
160588
218305
180846
163075
203078
178648
152311
147355
191487
181532
177626
181820
387434
140433
150940
164838
150493
220933
184359
168871
155403
163467
210388
170050
186802
174681
165270
177533
143940
184468
187983
193523
192973
167788
201289
162775
156020
200048
150056
182122
168398
168356
173959
149615
167565
175405
145799
172326
132201
182681
186449
179281
180337
164050
202770
167250
170774
148489
159713
137596
194035
AVG: 178584.9
