785154
419265
494709
386439
353219
387039
356563
273723
293125
321832
312622
338246
360834
310047
348513
420250
298028
334984
359500
324822
318855
304985
295453
299517
324529
333595
308204
329375
308743
384330
339145
404384
403773
321677
339672
327118
274364
347057
332434
323030
296557
269643
320624
274501
376752
378757
341313
297304
315643
358750
383051
304294
317579
319667
328293
305045
285583
436213
400486
391381
312789
301420
270909
309800
266439
328353
271800
286386
286636
304232
282871
245867
324476
272924
327008
319265
295379
302316
264467
320868
AVG: 325053.057143
