429290
168759
80351
89046
76835
85426
76091
83507
94167
64323
104695
59465
82866
80004
201318
225024
68547
75744
82592
87067
95051
67016
72120
69404
85278
64188
69944
96268
88581
71029
62260
85015
53935
60578
69432
76033
70292
80660
90518
66091
102005
89556
63120
72276
73858
68622
62459
67770
62480
85040
87749
92232
65221
65419
84092
70184
121488
89474
87764
78129
78048
100980
59978
92776
86566
80031
83401
85745
68422
100834
73106
82096
86111
94573
89307
73547
87096
46394
77818
84274
AVG: 83077.7285714
