477019
238784
231629
142415
175152
241619
188140
116287
145150
199353
119742
171542
120444
136179
132036
143782
123091
138653
135632
115202
119634
146010
104592
123234
121325
115203
115687
170100
122254
107955
117644
114750
139943
134354
139531
135376
190865
111156
141175
112824
140449
111055
112263
111169
116530
127278
146404
139563
97108
126108
136070
133135
108653
141549
120162
113260
150248
100331
131196
144350
115950
125920
120626
110407
127247
125017
123157
143754
113513
174830
95613
104515
136659
144424
129144
119964
146642
147810
124529
126371
AVG: 131544.585714
