SEC 1
1.23226666667
1.84133333333
5.44623333333
0.873466666667
0.7423
1.1426
1.4457
1.16736666667
3.3625
3.0674
5.5438
0.767833333333
1.3324
1.12953333333
0.7738
3.28043333333
3.0139
1.2906
5.2191
0.813866666667
1.53973333333
1.2427
1.06616666667
3.72893333333
3.28813333333
2.8499
3.79296666667
1.8404
1.0624
1.2506
1.2704
1.17313333333
1.80016666667
0.754066666667
4.13083333333
0.901133333333
2.1578
1.2382
0.8904
0.6751
3.09776666667
0.945533333333
0.806033333333
1.28476666667
1.65433333333
2.9379
3.3722
1.47866666667
3.17676666667
0.884066666667
3.9965
0.672633333333
2.90186666667
2.1878
1.52576666667
1.41953333333
3.03576666667
2.33803333333
0.866266666667
3.45406666667
2.8055
2.34063333333
3.4599
1.221
SEC 2
0.7266
0.891166666667
1.05316666667
0.910033333333
0.672
2.509
0.877833333333
2.60626666667
2.96973333333
2.0717
2.851
2.9286
3.0077
2.3888
1.04956666667
0.946233333333
5.07313333333
3.1052
0.8404
0.8096
4.21293333333
0.931266666667
4.74526666667
0.721966666667
3.32006666667
0.7145
4.59483333333
3.08786666667
0.783766666667
4.3693
3.30503333333
0.8431
2.32353333333
6.16706666667
2.6106
3.0044
5.2993
4.73856666667
1.25376666667
2.50346666667
0.781166666667
2.89456666667
2.99573333333
2.46966666667
6.38316666667
0.920766666667
0.909966666667
6.38586666667
2.77733333333
4.59856666667
8.32956666667
2.48716666667
3.2554
4.9992
0.8851
4.73003333333
3.85443333333
1.1028
3.23456666667
6.1969
2.5924
1.80583333333
2.56193333333
2.58393333333
SEC 3
10.6418
4.14423333333
0.886366666667
1.34146666667
5.23953333333
3.42856666667
4.29213333333
0.997933333333
0.7563
2.65906666667
2.9954
1.09353333333
0.992233333333
3.23163333333
0.901766666667
0.8767
1.02496666667
9.14253333333
1.87953333333
11.3201333333
0.780466666667
3.5706
3.64423333333
0.733133333333
10.9945333333
1.32103333333
3.46126666667
0.650266666667
3.16436666667
10.6434
0.6949
3.20543333333
2.79496666667
1.4208
7.698
0.927133333333
0.774966666667
1.0433
0.8771
0.876333333333
0.863633333333
3.11596666667
1.07343333333
4.20696666667
6.6772
1.22016666667
1.3068
3.4169
4.98393333333
3.09363333333
0.963133333333
0.729733333333
1.2253
3.73576666667
1.36256666667
3.04793333333
1.43863333333
1.2939
0.796933333333
10.7959
1.48363333333
13.2603
1.86456666667
7.58583333333
SEC 4
2.87696666667
3.0256
5.39416666667
0.753233333333
0.956266666667
1.24823333333
1.43706666667
2.54933333333
3.2403
2.3154
3.0999
1.0355
6.82976666667
4.4408
5.36846666667
3.1042
1.16946666667
1.02606666667
3.53363333333
5.76186666667
3.37456666667
3.1226
1.28406666667
2.63753333333
1.16133333333
2.9877
0.610966666667
1.23363333333
2.98646666667
5.37953333333
1.11216666667
1.27753333333
3.36766666667
4.3439
3.25216666667
3.08896666667
0.804333333333
5.90336666667
4.68996666667
2.47166666667
2.87383333333
5.06796666667
3.0293
7.62166666667
0.668266666667
3.0235
1.24236666667
3.29753333333
6.90616666667
5.0041
3.81053333333
5.72936666667
4.5456
3.2615
5.19776666667
1.29986666667
3.77196666667
4.93446666667
3.3604
0.7377
2.56233333333
0.8552
4.65466666667
1.39656666667
SEC 5
1.08653333333
1.03303333333
3.948
2.9435
1.1831
0.821866666667
3.64196666667
0.931966666667
3.47366666667
2.35556666667
1.4144
1.02963333333
4.22506666667
2.1026
2.98053333333
5.47406666667
2.9189
1.12306666667
1.1931
1.29666666667
3.72443333333
3.94873333333
0.677
3.20713333333
1.3785
5.02903333333
2.09513333333
3.22533333333
3.44123333333
3.70583333333
2.06443333333
3.17473333333
2.72953333333
4.4473
5.06473333333
4.79206666667
0.948266666667
1.41813333333
1.81096666667
0.625933333333
6.99516666667
3.01666666667
1.05056666667
1.30803333333
2.805
2.75996666667
1.0052
3.2582
1.04346666667
2.44473333333
1.0351
3.17546666667
2.19283333333
3.36783333333
4.25653333333
2.87266666667
0.880733333333
0.8393
0.970333333333
3.01903333333
0.908733333333
2.8993
3.8459
1.97763333333
SEC 6
2.73223333333
0.784433333333
3.1132
1.76443333333
3.153
3.1602
1.11626666667
1.00106666667
4.8859
2.73443333333
1.8315
2.78806666667
3.31666666667
4.61256666667
0.826066666667
2.64006666667
2.76933333333
0.912533333333
1.13503333333
0.783333333333
0.978833333333
0.965033333333
2.82066666667
3.1114
0.895333333333
0.910866666667
3.11096666667
2.5289
3.18663333333
0.568766666667
2.30583333333
0.7436
1.47026666667
0.665233333333
2.74943333333
3.2693
6.03913333333
5.5627
0.751233333333
2.95956666667
2.27183333333
3.0965
2.50676666667
3.3126
2.9839
0.570766666667
0.922033333333
2.50523333333
2.58796666667
2.38986666667
2.64823333333
1.79343333333
1.00763333333
2.94166666667
0.898533333333
0.788266666667
0.550133333333
2.91313333333
0.860166666667
1.61616666667
6.9272
3.4826
2.76796666667
1.37933333333
SEC 7
0.6669
1.12616666667
3.5637
2.77856666667
1.4328
0.748966666667
1.08906666667
0.6292
0.9777
0.766
3.12536666667
0.5263
3.3877
5.1967
2.38713333333
0.694866666667
0.9404
5.10013333333
2.77563333333
2.9501
1.5935
0.863033333333
0.881766666667
3.12923333333
0.668033333333
0.7379
0.893066666667
0.568333333333
1.05626666667
0.948
0.7326
1.42316666667
3.47346666667
1.65923333333
3.43686666667
1.1295
0.757166666667
2.6893
0.5929
0.985966666667
0.925866666667
2.75996666667
4.33813333333
2.68526666667
2.56606666667
1.38293333333
0.7202
1.6738
0.8021
3.01453333333
2.8312
3.2074
0.612266666667
3.53103333333
0.900833333333
0.994166666667
0.824166666667
0.533233333333
1.51766666667
0.991033333333
3.58113333333
0.629666666667
2.4109
3.27306666667
SEC 8
2.466
1.09366666667
3.61186666667
3.50726666667
0.721433333333
5.2154
2.55886666667
5.7531
0.827166666667
0.892133333333
0.721633333333
8.7543
5.53973333333
8.51533333333
3.06633333333
0.9509
2.90333333333
3.86526666667
3.21653333333
2.68223333333
4.1049
5.43043333333
1.22496666667
3.0196
5.07933333333
0.617866666667
7.7582
3.80763333333
3.4685
5.96633333333
5.6333
3.10596666667
3.56316666667
5.7853
4.25613333333
5.1889
4.67296666667
4.1636
3.65693333333
2.90083333333
5.6788
3.35853333333
3.11623333333
7.34626666667
2.55466666667
0.8834
6.14916666667
5.40373333333
2.56743333333
3.53036666667
6.03963333333
5.71073333333
3.65966666667
5.3406
0.8691
0.512566666667
0.709866666667
2.46163333333
1.2441
3.47516666667
3.54766666667
3.3029
0.6169
3.19406666667
SEC 9
2.3911
0.782133333333
2.01376666667
1.8509
0.959433333333
1.84733333333
2.198
1.5201
1.5256
1.9311
1.70493333333
1.6935
2.1602
1.9289
1.94573333333
1.9182
1.52476666667
0.709766666667
1.95823333333
1.4188
0.784533333333
2.3056
0.6683
4.32833333333
0.587433333333
1.28673333333
1.18993333333
1.79103333333
1.89066666667
1.9418
1.9382
1.90563333333
1.4235
3.45036666667
0.691366666667
2.36493333333
2.34523333333
1.58856666667
2.49383333333
1.92423333333
2.38
1.57593333333
2.38976666667
2.43433333333
1.1607
2.51916666667
1.6114
1.91746666667
2.62993333333
1.99716666667
1.3118
1.34646666667
0.768833333333
1.18776666667
0.989833333333
2.1838
0.852966666667
0.897866666667
0.816633333333
1.82286666667
2.0183
2.44886666667
0.933066666667
1.40663333333
SEC 10
3.91246666667
6.459
1.98373333333
0.6934
3.12016666667
0.889233333333
2.4756
3.11383333333
2.501
6.17946666667
1.54426666667
1.2343
1.03066666667
2.19446666667
1.77966666667
1.93013333333
4.0101
2.1538
0.955566666667
1.12946666667
2.38836666667
0.992866666667
2.56766666667
2.94856666667
4.55323333333
1.3078
4.15376666667
1.4476
1.16543333333
2.7815
1.671
1.00883333333
1.56866666667
2.78333333333
3.04623333333
2.67143333333
4.42263333333
2.6668
1.62306666667
0.6896
1.11003333333
1.20283333333
3.0984
1.39856666667
4.02153333333
2.23736666667
1.34073333333
3.64263333333
1.39723333333
0.9946
3.9008
2.10406666667
2.9358
4.54086666667
4.4025
4.6932
1.41736666667
1.60106666667
1.18053333333
3.67273333333
3.75306666667
3.4282
2.53406666667
0.992266666667
SEC 11
3.0393
3.07043333333
1.0012
2.93743333333
1.61163333333
1.59046666667
1.5873
1.0721
1.3078
0.649933333333
0.881866666667
3.73166666667
3.12883333333
1.48136666667
0.878566666667
2.5761
3.15203333333
3.06973333333
1.10323333333
0.944733333333
3.03596666667
1.15146666667
1.01926666667
3.48026666667
1.7369
1.2612
1.05006666667
1.09513333333
1.0193
1.4694
3.11803333333
2.9998
0.716533333333
2.63016666667
2.85903333333
0.7828
1.07843333333
1.28696666667
0.7276
1.11
5.18756666667
1.5987
1.65976666667
3.16803333333
0.866733333333
2.725
2.53773333333
1.19973333333
3.2977
0.852466666667
2.26883333333
0.732633333333
3.4579
2.96056666667
3.2741
0.772233333333
1.33566666667
1.0162
0.885633333333
0.747866666667
0.813733333333
3.2365
0.967433333333
3.3849
SEC 12
1.1054
2.4848
1.4176
2.801
0.707833333333
0.976133333333
2.9152
2.06643333333
2.79276666667
1.04686666667
4.54006666667
0.914533333333
1.3028
0.8841
0.8336
3.78036666667
2.72986666667
0.744566666667
1.61013333333
1.02173333333
1.69026666667
1.84856666667
2.20126666667
1.0249
0.893366666667
1.08726666667
0.986533333333
1.0752
2.76776666667
1.2743
1.9009
1.45133333333
1.22256666667
1.5702
3.48313333333
3.10586666667
1.09543333333
1.24486666667
4.47086666667
0.956766666667
0.554033333333
1.60826666667
2.5241
3.15693333333
0.951433333333
1.4021
1.09133333333
3.16476666667
1.16166666667
0.8935
2.5535
2.00656666667
0.842533333333
2.38776666667
1.29126666667
1.44536666667
1.35386666667
1.9375
3.19496666667
2.81843333333
2.1256
2.54713333333
3.00923333333
1.3443
SEC 13
1.81686666667
0.864266666667
2.65403333333
1.43816666667
2.2611
1.33873333333
1.74906666667
4.52726666667
1.67176666667
0.606
0.940466666667
2.91736666667
0.942766666667
1.73593333333
0.935266666667
2.4209
4.22213333333
4.4926
0.729266666667
4.1997
1.27296666667
1.70143333333
0.898233333333
3.48793333333
1.56
2.05093333333
0.656333333333
0.770966666667
0.846033333333
1.44806666667
1.8175
1.92883333333
2.7778
1.78093333333
2.58306666667
0.981633333333
1.81536666667
3.66133333333
0.810033333333
5.6312
0.906366666667
1.65246666667
0.915533333333
0.867566666667
1.85503333333
1.36663333333
3.83016666667
2.47473333333
1.57923333333
0.570033333333
3.61396666667
1.00106666667
5.35903333333
5.0343
0.892533333333
0.788666666667
1.56906666667
1.16256666667
2.50533333333
1.70503333333
5.1005
1.41686666667
3.1967
1.91196666667
SEC 14
2.4861
2.59196666667
1.1074
2.43193333333
2.67676666667
0.682266666667
1.19503333333
0.7148
0.618766666667
2.54543333333
0.713
0.9238
2.56723333333
1.02876666667
0.792066666667
0.920666666667
2.96203333333
3.79163333333
1.2404
0.715266666667
0.657
2.68783333333
2.381
4.45196666667
1.1779
0.7621
1.42473333333
0.978733333333
0.811966666667
0.989066666667
0.628933333333
0.6859
0.9415
0.897766666667
0.8607
0.880966666667
0.668066666667
2.5591
1.35963333333
0.973866666667
0.8469
1.04466666667
0.8674
1.00833333333
0.829
0.9951
2.46886666667
0.950033333333
1.00826666667
1.37436666667
0.667466666667
3.64303333333
0.695633333333
1.47086666667
0.563866666667
0.668833333333
0.9334
1.08693333333
0.8631
0.828533333333
1.13036666667
0.6606
5.34826666667
1.11846666667
SEC 15
17.928
2.5136
1.8336
16.4577333333
1.79116666667
3.61466666667
18.0409333333
3.81136666667
2.90103333333
2.8895
1.5789
2.01263333333
1.45846666667
16.5592
6.34086666667
3.48976666667
3.64233333333
18.7618
1.367
16.3344333333
3.6994
18.8431333333
3.8675
0.5712
2.81746666667
16.7467666667
3.9476
2.86913333333
1.01226666667
2.6294
17.6108333333
16.1195333333
3.29453333333
3.843
3.277
3.85956666667
3.84056666667
3.86006666667
15.4902666667
4.52086666667
2.07283333333
1.25926666667
16.1610666667
3.5335
2.85143333333
2.7543
3.94636666667
4.42233333333
1.719
1.34526666667
1.2236
1.52043333333
17.7729666667
6.19646666667
3.36
0.894466666667
2.94546666667
0.9761
3.5344
5.60373333333
5.44633333333
8.9606
3.53316666667
1.35533333333
SEC 16
0.577633333333
0.887066666667
0.9573
1.6333
1.24916666667
0.9039
1.23183333333
3.80393333333
2.73253333333
2.48853333333
6.23253333333
4.35273333333
0.979466666667
3.0298
0.760666666667
0.915066666667
1.37353333333
1.47056666667
0.820066666667
2.60043333333
5.59706666667
0.952266666667
1.66236666667
2.389
2.0992
3.28806666667
2.89476666667
0.692233333333
0.898133333333
2.7554
1.10926666667
1.18133333333
1.7703
3.0566
4.51696666667
0.677266666667
2.9908
0.972966666667
1.30446666667
1.01436666667
5.87246666667
3.59606666667
4.81526666667
1.2446
2.6189
0.6686
1.001
3.42026666667
1.18566666667
1.43836666667
1.09096666667
5.67266666667
1.43116666667
1.4846
1.49076666667
3.85976666667
3.24436666667
2.2584
0.761466666667
2.7318
0.975
3.66376666667
4.29056666667
1.761
SEC 17
3.28136666667
1.11823333333
1.2103
3.173
3.07323333333
2.1858
1.66636666667
2.62576666667
3.94163333333
2.7769
1.87376666667
5.20313333333
3.34993333333
1.72683333333
0.9551
5.22063333333
5.15123333333
4.1663
1.6922
3.53326666667
1.6922
3.39656666667
3.9338
2.88016666667
7.0159
3.3953
1.8321
3.3717
2.95586666667
4.79973333333
2.71256666667
3.82963333333
3.5515
4.82446666667
4.38876666667
1.9437
3.35793333333
4.02656666667
3.11216666667
2.55166666667
5.08753333333
4.01343333333
3.75106666667
4.37726666667
4.54716666667
1.1398
0.895933333333
5.11483333333
0.6228
4.34183333333
0.8081
3.93273333333
3.63736666667
2.2968
4.3803
4.01133333333
4.4864
2.36183333333
4.36893333333
1.96186666667
4.03456666667
3.69373333333
3.51986666667
5.75103333333
SEC 18
3.37483333333
3.30543333333
4.5296
1.29436666667
3.12413333333
1.01733333333
3.9654
1.4024
0.545966666667
3.03093333333
1.42566666667
0.773733333333
6.65136666667
0.646
5.18483333333
0.9848
4.7485
0.879233333333
1.00636666667
1.70326666667
5.6938
5.16926666667
2.89706666667
1.12706666667
4.9593
4.89373333333
2.50096666667
3.0991
5.1424
4.1331
6.97456666667
4.73166666667
0.9937
4.89356666667
4.2338
0.918933333333
3.3152
1.2495
5.74473333333
3.28473333333
1.3307
0.935066666667
4.70356666667
5.8809
5.59896666667
5.1241
3.70923333333
3.2661
3.24166666667
3.4154
4.02363333333
3.03073333333
1.1202
0.876533333333
1.27706666667
1.1337
4.77553333333
0.674666666667
0.598466666667
4.63926666667
3.94463333333
5.56306666667
3.01673333333
2.79143333333
SEC 19
1.3063
2.5461
5.01126666667
2.59646666667
1.43523333333
0.847533333333
4.72526666667
1.1583
0.980533333333
3.06783333333
0.745933333333
0.849333333333
1.5474
3.41143333333
2.98536666667
3.85746666667
4.3054
2.6733
3.0371
2.7458
3.74153333333
2.72563333333
1.445
4.35786666667
5.02093333333
3.1541
2.75476666667
1.05726666667
0.678533333333
3.6436
6.0471
1.2654
1.1972
0.9205
3.4864
0.896533333333
1.00743333333
0.6849
1.15613333333
1.89193333333
2.57603333333
4.04846666667
4.61353333333
1.12386666667
3.22843333333
1.20896666667
1.17386666667
0.546633333333
4.4729
3.25936666667
2.97493333333
0.8168
0.7524
1.2417
2.91993333333
0.8038
3.03856666667
2.4981
4.12846666667
0.896166666667
3.47066666667
2.56213333333
6.2973
0.7163
SEC 20
0.8381
0.9538
3.9567
2.78186666667
4.1915
3.25996666667
3.08733333333
1.8621
0.787
2.0799
2.79096666667
1.56083333333
3.8941
3.33816666667
4.91136666667
2.77276666667
1.68416666667
0.7015
2.1456
0.6307
3.06416666667
1.08696666667
1.84726666667
5.19413333333
5.03306666667
2.52863333333
3.61473333333
2.9791
1.63146666667
3.664
2.20066666667
1.4948
2.95466666667
4.10553333333
1.8723
3.56386666667
5.42933333333
6.43796666667
1.0486
1.3428
4.19566666667
3.771
0.808366666667
1.1677
1.51693333333
1.0777
3.3961
0.900333333333
3.40383333333
2.50046666667
3.4187
3.1672
1.4607
1.7543
3.61403333333
0.634633333333
3.3391
1.047
1.84326666667
0.9536
1.14606666667
3.2234
3.1449
2.15406666667
SEC 21
3.90333333333
2.55673333333
1.09123333333
8.17196666667
2.71586666667
2.9071
0.667366666667
2.84513333333
6.74563333333
12.0667666667
3.62956666667
1.00056666667
1.90463333333
1.2231
1.03113333333
2.9679
0.848666666667
2.99256666667
0.703366666667
1.31546666667
1.17993333333
1.17446666667
1.56303333333
3.43926666667
2.84113333333
1.4218
0.7994
1.56053333333
12.9528333333
2.8963
1.17573333333
2.02483333333
5.4277
2.76823333333
0.7431
3.25663333333
2.0149
2.07813333333
3.274
6.1414
5.72906666667
8.5073
0.560566666667
5.23953333333
3.14436666667
2.89016666667
3.76916666667
0.728666666667
5.74686666667
0.655466666667
0.914333333333
4.95643333333
6.46626666667
2.53253333333
7.28776666667
3.26113333333
3.1592
1.30256666667
7.90066666667
9.51396666667
3.74286666667
1.6421
2.8271
0.847733333333
SEC 22
4.74693333333
1.44263333333
2.7463
1.02023333333
1.31743333333
3.30166666667
3.8478
2.24356666667
0.861866666667
1.34376666667
5.60563333333
1.53253333333
4.7991
5.5606
1.46466666667
0.856866666667
3.15946666667
3.38246666667
2.39456666667
1.59263333333
2.4054
0.847633333333
1.21626666667
1.44086666667
8.80466666667
1.06436666667
1.80226666667
1.54443333333
0.9111
1.0984
1.18263333333
3.0196
3.63113333333
0.9089
5.91333333333
1.70576666667
3.18033333333
2.39266666667
2.3363
4.54803333333
1.20826666667
2.7583
0.748966666667
0.6966
2.61706666667
4.04086666667
0.6732
0.8837
1.15126666667
1.6819
2.521
0.9182
0.7005
2.00366666667
0.967766666667
0.811133333333
3.86066666667
0.704266666667
1.6097
1.14443333333
1.10213333333
40.8038333333
2.10216666667
1.21263333333
SEC 23
3.2792
2.97366666667
5.7915
1.03386666667
0.809833333333
2.6414
2.95923333333
0.821433333333
0.640933333333
3.27813333333
1.72753333333
3.44316666667
0.752066666667
0.6706
0.824366666667
2.95143333333
2.57943333333
1.12793333333
2.68506666667
2.497
2.8686
0.738433333333
1.0864
1.09326666667
1.4428
2.77203333333
1.0648
0.9341
8.26823333333
1.34283333333
3.52926666667
0.823433333333
1.43433333333
2.8863
1.7685
4.9564
2.63356666667
2.73726666667
0.918266666667
3.25973333333
0.7705
0.877133333333
3.2655
2.63213333333
0.603033333333
0.923833333333
0.837
0.767366666667
1.00046666667
1.40666666667
2.2527
0.638866666667
2.70183333333
5.26826666667
3.34636666667
3.46626666667
2.51566666667
1.09983333333
0.732266666667
2.8729
2.718
0.6287
1.9155
1.27673333333
SEC 24
3.8905
4.4645
1.53156666667
5.61616666667
3.54516666667
2.72233333333
0.864466666667
1.22096666667
1.8083
3.12143333333
2.13556666667
3.69766666667
1.7639
4.40653333333
1.69326666667
5.06786666667
3.84383333333
1.15706666667
3.13786666667
3.58103333333
0.690866666667
4.48643333333
2.8305
2.5985
3.56046666667
0.981133333333
3.9314
2.60073333333
2.4673
3.10613333333
2.83153333333
2.9537
2.3678
1.23443333333
1.73486666667
1.8499
4.78823333333
3.00703333333
1.51286666667
1.1108
1.92446666667
1.0962
2.8403
0.674366666667
3.65573333333
1.2223
1.0251
1.54266666667
5.03273333333
3.331
2.03636666667
3.06996666667
1.5418
1.06086666667
2.5681
4.63783333333
1.39
2.74903333333
4.65393333333
1.2035
2.9699
4.59083333333
3.505
0.932066666667
SEC 25
0.968866666667
3.4901
1.2357
2.89573333333
1.1093
3.3293
1.3877
1.9288
0.9055
1.66476666667
4.59643333333
2.2582
3.1892
0.8256
1.53623333333
0.767066666667
1.31333333333
2.69816666667
1.96836666667
4.72986666667
1.6694
0.534
3.21776666667
3.20956666667
0.6706
3.8274
2.09196666667
5.59403333333
1.8113
3.9831
0.7686
1.9418
2.6889
4.3881
3.71443333333
3.3606
0.759266666667
2.9
0.914066666667
1.2814
1.1499
1.402
0.708566666667
0.7528
2.07553333333
0.851833333333
1.36346666667
2.22803333333
1.18976666667
1.27376666667
5.6166
1.27813333333
2.98493333333
1.03983333333
1.594
1.31693333333
1.52443333333
2.33063333333
2.9204
1.8214
3.15283333333
3.6296
1.07223333333
3.72976666667
SEC 26
1.22446666667
1.6285
6.56533333333
2.9553
1.76513333333
4.34503333333
1.5014
0.771033333333
2.23796666667
3.27326666667
4.25383333333
2.24993333333
2.15743333333
0.672433333333
5.8312
3.4106
2.31906666667
1.1216
6.6826
1.03656666667
4.5128
2.0932
4.14223333333
1.12723333333
3.31286666667
1.52306666667
3.7812
0.970066666667
0.653933333333
1.26316666667
6.087
0.808533333333
2.5887
2.29843333333
3.81496666667
1.2502
1.35873333333
2.2834
1.6717
5.75716666667
1.1474
5.0195
1.852
1.8559
2.17503333333
1.5029
1.35623333333
1.8489
3.1717
1.69796666667
3.285
0.5279
1.04043333333
1.59456666667
1.79766666667
1.64076666667
2.11836666667
1.22303333333
1.51393333333
0.855566666667
1.09646666667
3.17393333333
3.85856666667
4.35373333333
SEC 27
1.4694
3.1008
3.2683
3.02313333333
5.44513333333
1.29443333333
0.671666666667
1.12023333333
3.7856
3.85443333333
1.10406666667
2.81646666667
0.793966666667
5.9318
3.04676666667
5.54
3.45346666667
1.1771
1.6993
3.3608
3.41763333333
2.39933333333
2.8373
3.7181
5.47913333333
3.31483333333
3.95123333333
3.06196666667
3.2694
5.92013333333
5.91193333333
1.10916666667
6.13166666667
2.8053
2.6233
1.39133333333
0.897
0.907033333333
3.14076666667
3.18803333333
6.5448
3.52763333333
3.6036
5.8551
2.9786
6.23506666667
1.52036666667
1.65116666667
5.41266666667
5.27656666667
3.3067
3.73893333333
5.8035
6.70556666667
5.56343333333
3.0242
6.13003333333
0.9648
3.81813333333
3.32256666667
0.615966666667
3.43186666667
4.1311
1.36016666667
SEC 28
0.773966666667
0.6694
3.07173333333
0.903266666667
3.20786666667
2.67636666667
5.0623
1.0286
0.9517
4.77836666667
0.725033333333
3.19583333333
2.60446666667
1.37513333333
1.62006666667
1.58513333333
2.97416666667
0.792433333333
2.68223333333
1.44743333333
0.7506
3.60866666667
1.9166
3.27043333333
3.11633333333
1.54526666667
3.02766666667
1.77533333333
1.09723333333
2.9739
3.1182
0.632166666667
1.1625
3.58693333333
2.02886666667
2.74806666667
2.78013333333
2.75326666667
3.3612
2.92516666667
3.7019
1.37426666667
3.1039
2.6344
1.1563
2.99826666667
2.9509
2.64243333333
2.9712
3.52903333333
1.21126666667
2.8002
3.35986666667
0.792133333333
2.65326666667
1.1317
1.2322
0.740033333333
2.7794
0.753066666667
1.9912
3.0816
0.553933333333
2.7402
SEC 29
0.7398
1.56703333333
0.89
32.5867666667
0.807566666667
1.1929
1.01793333333
0.453666666667
36.681
0.927933333333
3.01646666667
1.1402
1.27826666667
4.44963333333
0.688866666667
0.915166666667
0.925833333333
1.62173333333
1.45186666667
1.1213
0.9123
0.894066666667
4.24233333333
0.696833333333
0.733133333333
1.3918
0.729866666667
1.186
1.2005
1.62306666667
0.929966666667
1.1181
0.972133333333
1.30036666667
4.17176666667
1.03633333333
4.28263333333
1.55956666667
2.70976666667
2.90246666667
1.90973333333
1.85556666667
1.4616
25.9974
0.857733333333
0.876
0.843366666667
0.800966666667
0.814066666667
0.763733333333
1.4295
3.54493333333
1.55436666667
1.9301
1.5427
0.8795
0.961066666667
36.1964333333
3.60056666667
1.2248
4.06036666667
0.755666666667
0.606833333333
1.16946666667
SEC 30
1.33456666667
2.63386666667
3.6215
1.10316666667
1.27106666667
1.21176666667
1.1454
3.42123333333
1.23556666667
0.9412
5.67783333333
5.72736666667
1.0301
3.18213333333
0.956766666667
3.6712
1.2858
3.3446
1.33946666667
3.44186666667
1.6258
6.52236666667
1.65843333333
0.9434
3.8056
3.307
0.886433333333
2.99636666667
5.396
3.3867
1.39873333333
1.2353
0.7947
0.893833333333
0.684533333333
0.920266666667
1.3897
0.9473
0.808066666667
0.8347
1.35596666667
1.0438
1.2665
0.962866666667
3.8196
3.55776666667
1.7068
1.1609
5.4798
0.9267
1.77623333333
1.0307
1.46243333333
3.00433333333
1.33936666667
3.64453333333
2.70123333333
2.7037
0.862066666667
3.94696666667
3.6714
3.61406666667
2.84043333333
3.54636666667
SEC 31
3.27086666667
3.07863333333
3.31976666667
3.6883
2.40426666667
3.1089
3.65936666667
1.74473333333
0.841033333333
6.10576666667
3.49673333333
4.91573333333
3.14736666667
6.9833
4.6594
5.43056666667
5.83973333333
1.1775
2.80793333333
1.28446666667
3.3094
2.93123333333
4.67096666667
2.90886666667
4.11913333333
5.25786666667
3.5231
5.21376666667
3.506
1.5776
1.3253
5.22643333333
8.68466666667
6.42723333333
3.21103333333
5.0366
3.27063333333
3.11793333333
3.1813
3.47943333333
3.09913333333
1.3571
3.3223
5.47746666667
3.116
4.31083333333
0.9826
3.10723333333
2.61433333333
5.0526
3.82716666667
4.9482
0.8173
2.8845
3.1367
0.880466666667
2.00903333333
4.8559
1.40173333333
5.13213333333
1.39863333333
5.23366666667
5.6202
2.69703333333
SEC 32
5.3064
5.06836666667
2.9902
3.9951
1.42583333333
5.05783333333
2.87116666667
4.88313333333
8.73873333333
1.2219
2.9032
4.67153333333
5.03066666667
3.07846666667
3.0009
1.35963333333
6.14006666667
3.32893333333
0.982533333333
5.34773333333
3.0484
4.7175
2.77906666667
0.926766666667
1.4028
1.59416666667
3.2759
1.08283333333
2.8489
0.993966666667
1.0323
1.68696666667
3.7294
0.9264
4.0597
0.6179
3.25316666667
2.90256666667
4.7083
4.23333333333
3.394
0.822333333333
2.4903
1.65506666667
1.12243333333
0.7791
4.10063333333
5.15653333333
0.861166666667
1.35793333333
6.57653333333
5.701
0.6683
3.70276666667
0.651066666667
0.802766666667
3.66483333333
0.984333333333
0.6763
3.08053333333
3.3501
1.3726
2.47363333333
3.0836
SEC 33
1.513
0.801566666667
10.0176333333
3.20256666667
4.5887
1.46
1.4591
0.667233333333
4.41236666667
0.7896
0.818933333333
1.18846666667
5.24393333333
4.15926666667
1.54803333333
5.02733333333
2.7359
1.33903333333
3.24876666667
2.08423333333
1.8521
1.21563333333
2.9557
1.5008
3.70326666667
1.65063333333
1.0276
1.69863333333
2.988
1.54203333333
1.05503333333
5.79346666667
4.24286666667
0.536
2.19976666667
2.51763333333
1.05326666667
1.34553333333
1.0914
1.66493333333
1.67236666667
0.951833333333
3.53736666667
6.6519
1.02283333333
2.35536666667
1.68013333333
1.85883333333
1.99753333333
1.331
1.49616666667
2.0434
2.84593333333
0.780033333333
2.5763
5.34946666667
1.6812
3.46043333333
0.852033333333
1.6962
5.2942
1.2113
3.30883333333
1.96056666667
SEC 34
2.4751
1.05596666667
5.21123333333
0.938833333333
1.9929
3.86853333333
1.2332
5.7126
4.43566666667
3.3133
3.59123333333
3.92466666667
2.4655
5.7729
1.69223333333
1.20273333333
3.52946666667
3.69683333333
0.747033333333
1.0988
4.0452
5.2292
1.3554
2.00433333333
2.82406666667
0.8905
3.55023333333
1.133
6.00576666667
1.00936666667
1.1262
3.51816666667
3.75653333333
1.04816666667
1.61446666667
5.46536666667
3.61896666667
3.68683333333
3.08233333333
3.00623333333
2.2677
1.674
1.65043333333
3.47223333333
6.8461
3.6611
0.9139
3.42556666667
3.8902
0.875666666667
2.03726666667
2.2535
5.8888
1.18486666667
1.16506666667
3.1475
6.45573333333
1.79066666667
1.61276666667
2.53626666667
1.56226666667
5.51586666667
4.22833333333
1.16603333333
SEC 35
1.25173333333
2.85856666667
3.1148
2.84186666667
3.66043333333
0.8045
1.67543333333
1.53426666667
2.21943333333
1.58506666667
2.63443333333
3.92053333333
1.4117
1.16596666667
0.728533333333
1.79996666667
0.902133333333
1.23163333333
1.1554
1.20463333333
0.771366666667
4.0956
1.86676666667
1.1583
0.7927
2.8797
0.922733333333
1.12323333333
1.39706666667
1.57686666667
0.7572
0.561233333333
1.45626666667
3.0489
1.9986
3.67553333333
1.45876666667
1.30323333333
1.84396666667
2.2771
1.7467
2.0708
1.3477
4.05313333333
1.40433333333
0.585866666667
0.7981
1.53396666667
1.88993333333
1.8898
3.18416666667
3.07386666667
0.631133333333
1.63993333333
1.53096666667
0.955133333333
0.8868
2.05023333333
0.5358
2.59646666667
3.8971
1.47096666667
1.25886666667
1.25453333333
SEC 36
1.38396666667
1.1263
1.69513333333
0.684466666667
1.33866666667
3.53366666667
2.07796666667
0.997933333333
1.14563333333
1.88973333333
2.52873333333
0.8244
2.67833333333
2.70516666667
1.8589
3.08003333333
3.5154
1.51233333333
5.72763333333
1.37113333333
0.995266666667
1.17113333333
1.15633333333
2.80163333333
0.924533333333
3.72043333333
1.9108
1.08856666667
1.39673333333
0.5644
1.1205
1.38443333333
1.53773333333
0.9188
1.6017
1.53776666667
0.909733333333
1.4741
1.02413333333
1.735
0.893633333333
1.4594
1.38883333333
4.21206666667
0.870666666667
0.9005
0.922
1.73606666667
1.56686666667
1.04203333333
5.88886666667
1.2796
1.3239
2.23356666667
1.41416666667
3.4865
0.6897
3.50386666667
1.12676666667
1.18266666667
0.9393
4.59366666667
0.847833333333
0.835833333333
SEC 37
3.06966666667
0.811766666667
1.0603
5.22283333333
0.696366666667
2.95926666667
3.05883333333
0.7363
2.5289
2.797
0.810166666667
0.481433333333
0.786566666667
0.7289
1.06036666667
1.0391
0.877566666667
0.670866666667
3.16493333333
0.977333333333
3.36696666667
0.496066666667
1.09333333333
0.706033333333
0.8387
0.658333333333
2.6256
1.37006666667
0.732633333333
0.9814
0.6275
1.13703333333
0.650033333333
2.80673333333
0.618666666667
0.848633333333
0.6762
0.8487
0.8662
0.692733333333
0.823266666667
0.592133333333
1.7825
1.07496666667
0.6538
2.91473333333
0.6472
2.5379
2.91216666667
0.6542
0.6675
4.40673333333
0.7286
2.75023333333
0.813566666667
0.5562
3.22336666667
0.555333333333
1.32786666667
3.1442
0.958533333333
0.896766666667
0.6836
1.51566666667
SEC 38
4.38366666667
1.01063333333
0.889266666667
1.4879
0.780066666667
2.59543333333
1.58186666667
0.766666666667
3.40993333333
1.20046666667
2.84683333333
1.68893333333
0.9729
1.3471
0.738566666667
0.996033333333
0.694166666667
2.85853333333
1.3893
1.45606666667
1.2714
1.50003333333
1.70673333333
1.39703333333
1.65843333333
1.7529
0.813033333333
1.60743333333
0.735333333333
0.830133333333
1.01246666667
3.79216666667
0.7458
1.52683333333
1.39596666667
0.927633333333
1.2293
1.97393333333
1.73706666667
1.36686666667
1.23163333333
0.860566666667
3.415
3.66953333333
1.05363333333
1.45213333333
0.869133333333
0.860433333333
0.774566666667
1.67803333333
3.69606666667
1.54076666667
1.4027
0.8144
0.743066666667
0.894733333333
1.5303
0.69
1.53693333333
2.50106666667
1.59136666667
2.35346666667
4.29996666667
3.1229
SEC 39
0.8217
4.8839
0.701833333333
3.3677
0.823466666667
0.873333333333
0.6764
1.12136666667
1.58533333333
3.8181
2.5991
1.12746666667
2.80896666667
0.778566666667
1.13043333333
0.887566666667
0.631166666667
1.06736666667
0.786233333333
1.21566666667
1.34616666667
3.30806666667
0.5807
1.12953333333
0.734266666667
0.752866666667
2.62313333333
3.0086
2.50866666667
1.47153333333
0.944166666667
1.13573333333
0.8657
1.0055
0.7478
3.20353333333
0.787566666667
0.821933333333
0.9275
2.88176666667
0.7202
0.990766666667
2.43786666667
3.50483333333
1.00153333333
0.6782
2.7507
1.16793333333
0.963733333333
0.8867
2.59336666667
0.738966666667
0.819566666667
0.832366666667
2.72983333333
0.9402
2.8509
0.8345
0.9315
0.8977
2.94173333333
1.47606666667
2.7413
0.864633333333
SEC 40
4.87773333333
2.94033333333
2.89143333333
3.54083333333
2.25616666667
1.2188
3.34296666667
0.843833333333
4.8941
0.868666666667
2.78943333333
1.05523333333
1.43833333333
0.9589
0.907233333333
2.7237
3.584
0.779533333333
1.32393333333
1.2112
2.09413333333
0.560333333333
0.8276
2.37613333333
3.2453
1.21593333333
1.32623333333
3.37153333333
1.17176666667
0.834866666667
2.60276666667
1.89803333333
0.970566666667
0.8819
0.996966666667
1.069
1.23183333333
1.31466666667
0.7693
2.7358
0.532
0.876033333333
0.7752
1.10256666667
1.6345
0.721566666667
1.31186666667
3.24213333333
0.929633333333
1.98113333333
2.42623333333
0.6285
2.66756666667
2.61626666667
1.60553333333
1.06656666667
2.63636666667
0.8845
2.23936666667
3.04203333333
4.874
3.62913333333
0.9255
0.817033333333
SEC 41
1.37466666667
2.9177
2.606
2.53293333333
0.7427
2.6265
2.44336666667
1.28526666667
2.91993333333
7.95063333333
2.27333333333
1.12573333333
5.38666666667
0.559666666667
0.978766666667
4.26856666667
2.62563333333
2.44713333333
1.60073333333
4.78953333333
1.20826666667
2.4019
2.8385
0.837933333333
6.90243333333
1.0813
4.82533333333
1.18823333333
2.58016666667
2.84646666667
3.25723333333
2.80953333333
2.38076666667
2.83213333333
1.26923333333
4.52743333333
1.05153333333
3.25433333333
2.93786666667
2.6303
0.701933333333
2.51176666667
2.79343333333
0.695433333333
0.6197
0.884933333333
2.40896666667
3.06323333333
3.6346
2.14446666667
3.38453333333
0.993033333333
4.45996666667
2.52016666667
2.29256666667
2.39916666667
2.45026666667
0.881533333333
6.3271
2.78633333333
0.728833333333
0.666266666667
6.0702
2.80806666667
SEC 42
0.5652
6.05003333333
5.52173333333
0.940966666667
0.5723
1.4701
1.44536666667
1.24533333333
3.13833333333
2.70716666667
1.4942
0.8819
0.956133333333
1.02343333333
0.641333333333
0.6659
1.07663333333
1.17163333333
0.759233333333
0.5323
0.927366666667
1.1801
2.72063333333
0.971666666667
1.38693333333
1.09276666667
1.35176666667
1.01173333333
1.0798
0.8784
1.9
0.76
1.3688
3.8598
0.807666666667
2.81216666667
0.978266666667
2.32346666667
0.902633333333
5.71583333333
2.08836666667
2.97893333333
0.678433333333
1.281
3.0717
2.42503333333
4.0604
0.8662
0.9198
2.82793333333
0.9107
1.0963
2.78413333333
1.02656666667
2.5678
1.8415
0.7236
2.21556666667
2.2739
0.767566666667
1.40266666667
1.6906
0.975066666667
2.1489
SEC 43
0.8521
0.944433333333
2.42396666667
2.63323333333
0.827733333333
1.33056666667
0.8282
2.77353333333
1.13383333333
0.736866666667
0.907233333333
2.40733333333
2.84663333333
0.747433333333
1.23103333333
0.856333333333
0.8904
0.768266666667
0.577566666667
0.898
0.796
0.814366666667
7.1554
0.8084
0.8422
0.802233333333
2.73496666667
0.624466666667
0.6458
1.12176666667
2.58243333333
1.1136
0.957366666667
2.54743333333
2.7841
0.596133333333
2.66573333333
0.6431
3.1053
2.75023333333
0.749333333333
0.7038
1.46523333333
1.1526
2.85856666667
1.17896666667
0.575633333333
2.52936666667
1.09893333333
0.943733333333
1.16246666667
0.889733333333
2.91843333333
0.800833333333
2.62213333333
0.965833333333
0.932433333333
1.19146666667
0.749966666667
2.44106666667
0.695866666667
0.635733333333
2.71063333333
0.863666666667
SEC 44
1.1562
2.91236666667
3.10303333333
8.30046666667
4.02886666667
3.31753333333
0.788966666667
3.17813333333
3.18906666667
1.27453333333
2.9397
1.33586666667
1.11116666667
1.35276666667
1.093
2.93723333333
2.63926666667
7.81246666667
2.88496666667
3.0553
1.1605
0.8295
1.6688
0.702766666667
0.815033333333
3.2893
3.03706666667
0.5487
1.28553333333
1.43956666667
1.86663333333
0.827
2.5813
4.05506666667
0.919266666667
2.90186666667
2.8465
8.0354
3.59793333333
1.71783333333
1.19516666667
2.44346666667
0.897833333333
7.35166666667
2.64146666667
5.12356666667
4.7353
1.62123333333
0.9109
1.26136666667
3.73253333333
2.9425
2.55416666667
1.26943333333
1.18503333333
1.12333333333
3.60936666667
2.83083333333
0.613233333333
0.9849
1.02246666667
0.953466666667
8.24213333333
3.79113333333
SEC 45
6.09406666667
3.25173333333
4.76303333333
6.3415
4.686
2.8667
5.30776666667
3.55266666667
7.88236666667
5.8627
4.7218
2.68323333333
5.00036666667
2.62493333333
4.0934
2.08526666667
1.77206666667
5.53063333333
6.11923333333
3.65933333333
2.6302
3.34923333333
1.44793333333
8.84086666667
6.1573
2.28826666667
4.12903333333
0.8521
5.30396666667
3.37726666667
4.0086
2.4417
4.21943333333
2.6733
3.2833
6.2555
6.35043333333
2.8552
6.92276666667
4.50763333333
4.4193
3.24586666667
3.8545
4.63956666667
2.38936666667
5.1711
3.56943333333
2.8761
3.81346666667
5.51736666667
3.0602
0.965133333333
5.6287
4.2804
5.4056
1.5278
4.74646666667
3.57553333333
2.8603
5.51093333333
8.14986666667
2.57986666667
3.13153333333
4.73496666667
SEC 46
2.3584
0.8876
0.5453
0.650733333333
3.9383
2.77863333333
1.0867
2.4868
3.35043333333
4.81646666667
0.814733333333
1.02656666667
0.657233333333
2.30496666667
1.60636666667
0.9037
1.6007
3.3202
0.783933333333
1.1854
2.3653
0.714166666667
2.6178
3.4442
5.15336666667
2.93693333333
0.611533333333
0.855833333333
2.96046666667
2.22043333333
0.590266666667
0.653933333333
0.855366666667
2.50073333333
2.52836666667
3.56583333333
4.42043333333
3.71203333333
1.1073
2.5763
0.826666666667
3.57763333333
0.943066666667
2.27686666667
1.23093333333
1.034
0.746266666667
1.32283333333
3.00863333333
0.834366666667
4.299
2.2544
0.801566666667
0.6641
2.85286666667
0.6037
2.89436666667
0.561833333333
2.8371
0.826833333333
3.0907
1.2267
0.6934
2.87383333333
SEC 47
0.697133333333
3.49843333333
0.926266666667
1.3063
3.90033333333
0.8029
0.962033333333
1.33126666667
1.5348
2.83346666667
0.672666666667
5.2082
3.24266666667
4.54673333333
0.630433333333
0.994133333333
3.2665
0.9333
2.5167
1.35843333333
0.8016
0.880866666667
3.41563333333
2.6432
1.32933333333
0.917366666667
5.46446666667
4.00183333333
0.755833333333
4.63583333333
4.51756666667
0.949333333333
3.93363333333
3.23463333333
0.6694
5.6925
2.84546666667
1.29556666667
2.77516666667
1.1612
1.03186666667
1.5232
4.36003333333
0.951566666667
0.921966666667
0.8959
3.29186666667
1.1177
2.89826666667
3.55593333333
4.65553333333
0.706866666667
0.877233333333
2.88406666667
3.03553333333
2.4568
1.05536666667
0.790566666667
0.817133333333
0.637666666667
2.70186666667
2.72273333333
2.6183
0.863533333333
SEC 48
1.2315
2.18063333333
3.00573333333
1.5068
0.9219
1.26823333333
3.0216
47.1661333333
0.942866666667
3.0489
1.1293
0.5135
1.1144
1.3324
1.0848
1.10143333333
2.56306666667
0.884133333333
2.64456666667
0.788266666667
1.17866666667
1.21806666667
1.239
1.33996666667
1.39563333333
1.50163333333
0.9244
0.631633333333
0.9229
1.16256666667
0.888833333333
0.901
1.35226666667
0.8937
0.860866666667
1.32893333333
1.9872
1.15836666667
1.33516666667
1.52953333333
7.98676666667
1.16286666667
1.13323333333
1.23106666667
2.72053333333
2.7418
3.21863333333
5.49186666667
5.11576666667
1.0462
8.19466666667
3.4505
4.92843333333
0.5742
1.0173
0.766266666667
2.0445
3.24566666667
4.28673333333
2.7384
3.45873333333
2.89603333333
0.638
0.688166666667
SEC 49
0.5937
1.00633333333
2.67553333333
3.46303333333
2.9931
0.678333333333
2.5145
0.7668
1.43236666667
3.26523333333
0.908766666667
2.94873333333
0.628833333333
3.10576666667
3.01646666667
0.674466666667
0.5886
0.601866666667
0.6832
0.709633333333
0.8982
0.746066666667
1.0236
3.17253333333
2.83743333333
0.946966666667
3.67026666667
0.892466666667
1.1137
0.8149
0.6318
2.71503333333
2.9405
0.841733333333
0.795466666667
2.98963333333
2.70206666667
0.887333333333
3.83463333333
0.760733333333
0.706866666667
0.591
1.1
0.580133333333
0.7559
1.16663333333
0.6435
3.28566666667
0.875566666667
0.9718
2.85226666667
1.06676666667
2.76333333333
1.1987
1.1678
0.769166666667
2.78466666667
1.01276666667
0.537466666667
4.78946666667
0.825533333333
2.78323333333
2.70903333333
0.572266666667
SEC 50
3.08323333333
0.665266666667
1.35843333333
0.845433333333
0.826866666667
1.05663333333
2.7363
3.5956
1.23673333333
3.22693333333
2.6674
1.03603333333
0.644933333333
2.6967
0.697266666667
2.7217
0.6462
0.9594
0.9283
2.9847
3.65643333333
3.62283333333
2.50073333333
2.97896666667
2.48756666667
0.9451
0.845733333333
0.9138
2.56226666667
0.605166666667
0.709966666667
0.760633333333
0.6996
1.0384
2.43656666667
0.488566666667
4.75276666667
2.75006666667
2.79666666667
0.7904
0.655733333333
0.785033333333
0.761966666667
3.5005
2.4825
1.04396666667
0.888033333333
0.997666666667
1.1962
3.34323333333
0.6862
1.18163333333
2.95943333333
0.7837
0.643833333333
2.6205
0.947533333333
0.782633333333
1.18076666667
1.01743333333
0.739366666667
0.790333333333
0.6333
2.70153333333
SEC 51
0.7759
0.6739
1.4383
1.54386666667
2.35683333333
1.48423333333
5.2469
0.705866666667
2.7256
1.1944
1.14023333333
2.99623333333
0.6707
1.55646666667
3.1453
0.900966666667
1.28573333333
3.12166666667
2.25936666667
1.64493333333
0.932166666667
0.821033333333
0.949
1.08363333333
7.43436666667
1.45146666667
0.703733333333
3.66876666667
1.43353333333
1.49153333333
3.1623
1.09763333333
2.46643333333
0.786233333333
1.12116666667
0.751166666667
2.87816666667
0.962366666667
0.8793
1.59456666667
1.06603333333
2.6381
0.8827
3.4749
2.8203
1.46406666667
0.6555
0.8535
3.52333333333
0.9013
3.47606666667
0.845766666667
1.74483333333
3.4873
1.18133333333
4.5744
2.57133333333
0.653733333333
0.7404
0.8503
1.34136666667
1.4227
3.29116666667
1.2767
SEC 52
1.52996666667
1.03436666667
0.945366666667
2.8544
0.982366666667
0.618433333333
2.8113
0.762466666667
0.7051
0.5845
1.8341
0.557566666667
1.41666666667
0.948966666667
1.3461
0.952666666667
4.56503333333
1.67023333333
0.831766666667
1.04333333333
1.4292
3.4516
2.48993333333
1.61973333333
2.72936666667
0.774833333333
0.955866666667
0.659466666667
0.9322
2.85373333333
0.688066666667
0.667533333333
1.51283333333
0.577466666667
0.772666666667
0.7493
1.09926666667
1.3139
1.39196666667
0.814233333333
1.48136666667
0.642566666667
1.23043333333
1.56283333333
0.677666666667
1.17473333333
0.660666666667
1.0639
0.7355
2.6734
1.05996666667
3.72456666667
1.72013333333
1.78346666667
1.2222
1.29133333333
0.7962
0.7857
0.6165
0.7553
3.40343333333
1.63566666667
3.3052
1.88363333333
SEC 53
3.5755
3.26833333333
3.9789
4.37296666667
4.54853333333
5.5177
6.22176666667
1.45036666667
5.1056
1.14866666667
4.72806666667
1.65256666667
4.52846666667
3.88156666667
0.8052
5.40586666667
5.13593333333
1.8983
5.98376666667
3.41883333333
1.84803333333
0.6385
0.759866666667
7.7074
7.04283333333
0.8591
4.94876666667
6.7455
4.73066666667
1.61603333333
6.3173
3.20446666667
5.0313
5.00383333333
4.66363333333
1.54083333333
5.8542
0.934766666667
4.73313333333
5.8303
3.75356666667
0.996
2.1525
4.92903333333
8.60243333333
2.03853333333
2.0653
3.85696666667
3.95316666667
3.0184
0.7771
5.5585
5.62553333333
5.77296666667
4.20023333333
1.74386666667
8.594
4.95
5.77706666667
0.981533333333
1.68276666667
4.43176666667
3.83773333333
1.02056666667
SEC 54
0.6741
3.20966666667
5.26526666667
0.9319
3.3905
3.39083333333
0.653033333333
4.93986666667
3.17513333333
3.1215
5.85783333333
2.86356666667
3.8907
2.93996666667
0.891366666667
4.06483333333
4.60896666667
2.96076666667
3.6609
0.770866666667
0.802366666667
0.855466666667
3.33413333333
2.87836666667
0.9392
3.3585
1.4308
4.33166666667
1.1912
5.55326666667
2.94913333333
3.40883333333
0.869033333333
0.6407
3.21356666667
3.79863333333
5.74276666667
1.23043333333
4.6918
3.3775
0.724933333333
1.2524
2.32843333333
3.57256666667
1.8083
5.5795
0.642466666667
1.0011
2.95773333333
2.97736666667
0.8699
2.80726666667
3.46953333333
1.02416666667
5.31606666667
2.59673333333
5.86436666667
2.80296666667
2.9241
1.02913333333
0.669566666667
3.00993333333
3.8133
0.8955
SEC 55
0.932566666667
2.1774
1.53476666667
0.9965
1.7261
3.65476666667
2.70166666667
2.19993333333
1.88323333333
3.30733333333
3.7555
0.838466666667
2.7689
1.65996666667
0.656
4.6235
1.1335
1.21246666667
0.8251
3.83196666667
0.987033333333
0.728633333333
1.82716666667
2.25706666667
1.44076666667
1.11163333333
5.46053333333
0.975666666667
0.951666666667
4.2461
0.750566666667
0.6333
0.540733333333
2.49553333333
2.4367
2.02316666667
0.7552
1.2799
1.13846666667
3.33466666667
4.3415
0.577433333333
1.59963333333
1.1396
0.9285
2.44993333333
1.10986666667
1.3249
1.35666666667
0.8138
4.2209
1.1715
1.9825
3.21446666667
0.855133333333
1.7496
5.00293333333
0.906666666667
1.39723333333
1.1422
2.63456666667
2.6086
2.37076666667
2.08246666667
SEC 56
1.30893333333
1.0166
1.12
2.76196666667
0.7828
1.22043333333
1.19166666667
5.1518
2.91116666667
3.01536666667
3.45983333333
2.70726666667
2.97646666667
3.75483333333
0.9178
3.5745
4.0687
1.52613333333
0.9547
3.0481
1.52916666667
1.56313333333
1.2313
1.07666666667
3.32896666667
2.0697
1.25396666667
1.09413333333
3.5199
1.61283333333
3.2899
1.4697
1.5752
1.0903
1.3707
1.16566666667
1.50603333333
2.66693333333
1.19673333333
0.702166666667
2.98926666667
0.8185
1.621
1.4091
1.7311
3.37573333333
1.696
2.6667
1.5531
2.81516666667
0.595233333333
1.8748
0.7351
1.35776666667
3.16226666667
3.30976666667
1.98826666667
1.67913333333
0.861533333333
3.22503333333
1.2656
3.13546666667
1.65223333333
3.72046666667
SEC 57
4.96123333333
5.8282
0.864233333333
3.66703333333
0.9879
3.85633333333
1.72496666667
4.95863333333
0.883366666667
3.67236666667
0.811666666667
3.10146666667
1.7491
4.22973333333
1.61733333333
1.432
4.7394
1.1742
2.99983333333
0.949033333333
3.6139
0.957833333333
3.28386666667
0.9536
2.9636
4.0116
3.765
4.5004
1.5914
0.9729
1.72803333333
3.79943333333
0.993033333333
0.989566666667
3.387
2.20976666667
1.7536
1.88866666667
0.634333333333
1.5795
0.706
1.40296666667
3.81626666667
6.25183333333
0.749033333333
2.12036666667
1.21213333333
1.4091
0.9355
2.36673333333
3.74036666667
1.0269
3.27003333333
3.46153333333
4.07023333333
2.18086666667
1.73286666667
0.9545
1.64856666667
0.890833333333
3.6675
0.971166666667
1.60743333333
1.06376666667
SEC 58
1.68126666667
7.17723333333
4.572
1.29313333333
2.8782
2.8655
2.61863333333
0.500066666667
3.96246666667
2.39213333333
7.2821
6.1799
0.907033333333
1.95443333333
0.571333333333
2.003
1.91443333333
2.77976666667
3.084
3.0984
2.8242
0.620966666667
0.8942
2.52203333333
0.983266666667
2.54203333333
5.70276666667
4.79266666667
2.8106
1.40496666667
8.9185
2.8961
2.10296666667
4.41506666667
3.29546666667
5.6356
2.445
2.85766666667
2.98796666667
0.6398
2.0844
0.840733333333
1.33753333333
3.9258
3.10706666667
2.78303333333
4.80233333333
3.36716666667
4.68103333333
0.780866666667
2.7447
0.994033333333
2.74126666667
1.74286666667
1.2246
0.8082
1.4819
3.08543333333
0.9093
4.65606666667
1.15913333333
5.25413333333
3.3399
1.04396666667
SEC 59
0.564933333333
3.02796666667
1.0267
0.805033333333
0.720633333333
1.413
1.52446666667
1.01733333333
1.01863333333
1.20866666667
0.869433333333
1.2319
1.14346666667
2.99066666667
1.4694
0.9794
0.6122
3.2087
1.0281
1.0361
2.5969
2.03506666667
3.22096666667
2.9811
1.00736666667
0.5604
0.974466666667
0.647933333333
4.38833333333
0.7289
1.07503333333
0.605
3.6245
1.13233333333
1.0563
2.58873333333
0.820133333333
1.4453
4.19243333333
0.5114
1.08753333333
1.30476666667
2.98346666667
3.1846
3.21893333333
0.669533333333
1.14786666667
3.5119
3.03083333333
3.49263333333
1.2552
3.07836666667
2.46233333333
0.599333333333
1.06756666667
0.788166666667
0.590366666667
1.47266666667
0.648866666667
1.20806666667
1.21396666667
0.811666666667
0.937433333333
0.977933333333
SEC 60
2.98533333333
2.80303333333
3.22116666667
4.22356666667
3.58406666667
3.52733333333
3.89526666667
1.61766666667
1.463
6.41403333333
3.4695
2.69573333333
1.3424
0.8199
2.56926666667
1.71756666667
2.50736666667
3.6906
3.9999
1.20763333333
1.01713333333
4.2539
2.81143333333
1.15456666667
3.29573333333
4.92326666667
4.6669
1.0008
5.38743333333
1.55293333333
1.0579
3.18776666667
1.80916666667
5.48536666667
1.8481
2.64036666667
4.84106666667
3.54373333333
5.0009
3.848
1.42323333333
1.73626666667
4.04286666667
6.3683
1.79126666667
1.3829
1.16366666667
2.9852
1.51213333333
1.72016666667
3.95843333333
6.51543333333
2.15913333333
2.90833333333
2.97036666667
7.45003333333
3.85776666667
3.45583333333
1.73406666667
1.46026666667
2.94106666667
4.6354
3.68973333333
0.8459
SEC 61
0.897733333333
2.60063333333
1.0501
4.40983333333
0.9518
1.0182
2.9012
1.82426666667
2.74586666667
0.954066666667
2.6764
2.67716666667
1.14016666667
0.754866666667
2.6076
3.7944
1.06276666667
3.1523
2.72763333333
3.27366666667
2.87366666667
0.800066666667
3.1213
1.01483333333
2.7932
0.9027
2.5871
3.02576666667
0.570766666667
4.0075
1.04623333333
1.23306666667
0.705366666667
0.897
2.12976666667
2.1775
0.715833333333
1.08273333333
3.34876666667
0.8906
3.13076666667
1.54453333333
2.0154
0.951766666667
1.93813333333
2.62473333333
0.845666666667
0.7647
0.971966666667
0.655166666667
1.2685
4.4054
1.30463333333
0.877833333333
1.18123333333
1.7797
0.722933333333
0.760933333333
1.5648
1.1956
3.26623333333
1.043
4.8236
2.48553333333
SEC 62
2.6883
0.9649
0.803766666667
3.1316
3.3057
5.87416666667
2.8596
3.3324
0.857466666667
3.2741
2.66706666667
3.39823333333
0.606966666667
4.24336666667
1.2964
2.86023333333
0.516966666667
8.8543
3.59903333333
4.68646666667
2.5172
4.69253333333
3.6041
0.984966666667
3.448
3.6511
2.89526666667
3.1026
7.8266
1.76306666667
7.7196
2.78666666667
0.8902
4.49103333333
1.83223333333
1.24473333333
3.41436666667
4.76826666667
3.0824
0.869733333333
9.562
3.7368
0.701
0.716866666667
4.86026666667
9.35956666667
6.24973333333
3.09026666667
2.6766
0.6785
3.54293333333
3.1115
3.8197
2.14503333333
4.94556666667
4.75876666667
2.22153333333
1.37426666667
2.27613333333
5.32056666667
3.11536666667
6.55873333333
0.726933333333
4.6244
SEC 63
0.825866666667
0.856533333333
3.0825
2.7703
0.733266666667
3.48803333333
1.40206666667
2.75733333333
4.79606666667
0.713733333333
3.05306666667
4.70193333333
2.9119
0.6138
2.74986666667
3.40443333333
0.756566666667
1.3938
2.96
0.908833333333
0.886333333333
2.70873333333
2.53
1.00563333333
2.6497
0.6987
1.29123333333
1.07343333333
2.71846666667
3.0257
0.903333333333
0.7685
2.87463333333
2.76653333333
1.436
1.406
1.83986666667
4.7679
2.58983333333
3.17333333333
1.18156666667
0.760933333333
2.5697
0.8399
2.93776666667
1.42986666667
2.85593333333
1.34173333333
1.0971
0.677133333333
1.16236666667
0.692733333333
0.872633333333
1.90003333333
0.9314
0.852333333333
2.79106666667
3.86346666667
1.16483333333
1.52486666667
0.7943
2.8434
6.72756666667
1.45276666667
SEC 64
3.4049
1.0741
0.953833333333
3.6565
0.7668
0.8841
0.6706
1.37943333333
1.07843333333
4.49653333333
1.43293333333
1.47363333333
2.72136666667
0.9635
4.69643333333
1.0776
2.96363333333
3.3661
0.789833333333
1.25256666667
1.2118
0.851666666667
1.07803333333
0.7813
1.37323333333
0.851366666667
0.796866666667
1.13013333333
1.89333333333
0.968666666667
0.748766666667
1.33246666667
2.90183333333
1.57076666667
0.655833333333
1.10086666667
3.00913333333
1.22526666667
4.7944
0.9599
0.596333333333
0.884466666667
1.22866666667
0.683566666667
0.994866666667
1.49343333333
0.731666666667
3.2174
0.976366666667
0.7342
1.1788
0.7943
2.8098
2.64956666667
0.857033333333
3.51706666667
3.05616666667
2.8742
0.805266666667
3.44756666667
0.833966666667
0.7146
4.1197
0.937733333333
SEC 65
2.86996666667
1.00106666667
1.43523333333
1.16696666667
2.39503333333
0.843466666667
3.10983333333
1.27923333333
1.7319
1.6353
1.02313333333
1.50726666667
0.962966666667
1.85883333333
0.614466666667
1.88866666667
1.77423333333
1.87876666667
2.33046666667
1.1718
1.95326666667
0.742666666667
3.13046666667
2.06906666667
1.63423333333
2.6121
2.7025
1.13436666667
4.2711
1.45573333333
0.573033333333
5.0424
1.1242
0.6741
5.5341
1.49056666667
5.92813333333
0.6543
1.6693
1.4787
2.6108
2.915
1.31946666667
2.71576666667
3.2104
3.1754
1.07843333333
1.5051
1.19166666667
3.9332
2.90916666667
2.70443333333
1.08586666667
3.51506666667
0.7502
0.842633333333
3.5221
2.92636666667
1.315
1.34536666667
1.30753333333
3.642
1.43116666667
1.77696666667
SEC 66
3.40643333333
6.76483333333
0.731433333333
0.787033333333
4.24606666667
3.78343333333
0.928533333333
2.9106
2.12286666667
1.47576666667
2.57613333333
1.80293333333
4.035
5.09656666667
3.39203333333
5.0086
2.49366666667
7.28936666667
6.56523333333
2.06443333333
2.6741
4.76543333333
4.73156666667
2.6541
3.57763333333
2.4238
2.7921
4.0886
1.15196666667
3.19683333333
4.8743
1.01893333333
3.3191
3.49903333333
3.35713333333
5.74163333333
2.64486666667
4.69676666667
3.11666666667
3.5838
2.6268
5.8277
3.0747
6.1499
3.14263333333
4.52413333333
2.9641
4.99743333333
1.9566
3.0915
6.76466666667
4.75336666667
2.42846666667
5.24036666667
4.849
4.09606666667
4.55573333333
3.1172
2.6937
5.44066666667
4.0518
2.7181
3.1641
4.4438
SEC 67
0.6045
2.75316666667
0.695333333333
1.92613333333
0.798766666667
1.02713333333
1.18013333333
0.772833333333
2.82176666667
2.80866666667
0.6324
0.8315
1.0681
2.4936
5.16393333333
1.1011
1.76213333333
0.865633333333
0.792533333333
1.83416666667
0.9612
1.2675
1.45986666667
1.40743333333
1.17546666667
1.6007
2.4684
0.8644
0.601566666667
0.5568
0.983433333333
1.0446
0.6603
1.72626666667
0.629766666667
0.615933333333
0.770966666667
0.518433333333
1.5798
1.0347
2.48426666667
0.730366666667
0.6319
1.1337
2.3182
1.1174
0.705633333333
0.6462
1.05
0.980833333333
0.804833333333
0.603433333333
0.905066666667
0.516433333333
1.29523333333
1.418
0.939733333333
0.794466666667
0.7161
0.752266666667
0.7986
0.858066666667
0.559233333333
0.5952
SEC 68
0.762433333333
2.73296666667
1.2761
1.60276666667
1.02736666667
2.791
3.5423
0.7478
1.04466666667
3.0547
0.874533333333
2.42376666667
0.504033333333
0.600966666667
2.9752
2.14163333333
0.6678
2.0056
1.36213333333
1.16276666667
1.7258
4.8383
1.5896
1.45436666667
2.24686666667
2.20476666667
2.47753333333
1.5941
3.02783333333
1.2934
0.807466666667
2.61476666667
2.7294
1.00803333333
2.94016666667
3.2004
1.3753
1.3869
3.73103333333
2.86466666667
2.1744
2.0541
1.04413333333
2.2664
2.55346666667
4.23706666667
0.639666666667
2.9449
0.7732
3.08983333333
4.2128
4.93003333333
2.9187
2.3312
2.1804
1.00856666667
1.3116
0.971366666667
1.05083333333
2.16626666667
4.69446666667
5.05233333333
2.57363333333
0.636366666667
SEC 69
2.69463333333
3.32426666667
3.64383333333
1.33403333333
3.95476666667
0.7231
2.4566
0.874133333333
4.58383333333
0.8378
1.13496666667
1.35843333333
3.017
3.4533
4.04296666667
0.640066666667
1.21733333333
4.79676666667
5.6276
3.64986666667
1.42206666667
7.2664
7.03573333333
4.5688
0.994033333333
3.439
3.4227
6.78533333333
2.31763333333
1.1902
2.37823333333
0.9517
0.6095
4.8304
5.52776666667
3.46283333333
2.00646666667
4.3178
3.45183333333
5.39863333333
2.91716666667
0.773366666667
3.141
3.55586666667
0.6752
2.30843333333
3.43506666667
3.1435
1.70813333333
2.82783333333
5.8912
3.99423333333
4.8448
0.878966666667
3.78993333333
3.047
4.11443333333
3.35923333333
1.5078
7.54536666667
4.16753333333
2.84746666667
3.5722
3.2191
SEC 70
1.54643333333
1.3939
1.73026666667
0.902233333333
2.72196666667
9.43143333333
2.40493333333
1.72253333333
1.163
3.1984
1.14673333333
4.91806666667
4.5365
2.32583333333
3.34213333333
2.71743333333
1.48413333333
2.92293333333
3.31143333333
3.46773333333
3.99356666667
5.0155
3.01563333333
2.61903333333
2.07466666667
0.928766666667
2.12823333333
3.41996666667
4.96836666667
4.82586666667
5.38153333333
1.3238
0.732366666667
2.59323333333
1.61793333333
1.00586666667
4.32766666667
1.3371
1.93906666667
1.77096666667
6.05933333333
4.30486666667
1.6047
1.23693333333
1.12533333333
2.78416666667
3.67116666667
2.60776666667
0.983133333333
9.6159
1.10886666667
2.79613333333
3.176
0.985766666667
1.2747
5.2885
4.5732
1.1723
0.976566666667
0.638033333333
2.91883333333
3.8329
4.0156
1.02603333333
SEC 71
5.30623333333
3.1736
0.649166666667
2.34873333333
2.6514
1.69943333333
0.6524
1.0766
0.709833333333
2.76426666667
1.919
0.643533333333
3.17523333333
1.57386666667
3.16423333333
3.41896666667
3.2595
3.18663333333
1.17236666667
0.5655
1.06903333333
1.2048
1.00826666667
2.63823333333
1.29766666667
1.10013333333
2.2729
0.905733333333
2.79623333333
0.772533333333
0.859066666667
1.16676666667
3.23866666667
2.8293
2.81863333333
1.12453333333
1.01086666667
1.4621
2.2179
3.4727
0.638766666667
1.126
0.8848
0.9524
1.21613333333
1.6596
1.1046
4.5327
1.54433333333
1.065
0.662766666667
2.78673333333
4.0002
0.862133333333
5.6658
0.999733333333
3.18463333333
1.11203333333
3.05133333333
1.3571
4.71486666667
4.61563333333
0.569466666667
1.4615
SEC 72
2.52666666667
5.47523333333
1.222
2.9589
3.43923333333
5.27376666667
3.1447
19.2498333333
13.8851333333
5.67
3.22696666667
3.4924
3.65566666667
3.63103333333
1.43046666667
3.47646666667
1.17546666667
0.6004
2.76613333333
3.3952
5.01026666667
0.877766666667
0.979666666667
3.07123333333
0.8517
6.34553333333
1.17623333333
3.02383333333
1.71803333333
0.816566666667
3.0617
0.9169
1.30106666667
6.3431
0.9792
0.944133333333
4.7838
3.5727
3.34203333333
1.00806666667
0.999666666667
0.8753
23.8041333333
3.08453333333
4.40733333333
22.5534333333
3.1542
16.3453333333
4.50503333333
0.7093
0.809833333333
1.95276666667
0.567533333333
1.72186666667
1.62463333333
2.5683
2.59016666667
0.9621
0.777366666667
2.84616666667
1.2641
1.17963333333
2.705
21.449
SEC 73
4.5326
11.0938
3.02016666667
1.10776666667
0.924566666667
2.7705
1.1976
90.2689666667
1.6492
0.9661
3.09003333333
2.66106666667
5.26416666667
1.17143333333
1.22386666667
1.1829
5.0656
1.46303333333
0.777933333333
25.7020333333
2.42353333333
5.0586
2.71253333333
25.9252
0.981366666667
0.728666666667
4.371
3.11106666667
0.900933333333
3.79056666667
2.79843333333
4.22556666667
15.1055333333
2.72993333333
1.3715
3.12496666667
0.7261
26.3719333333
0.7499
4.27513333333
2.74303333333
0.776766666667
2.8494
2.7819
92.2443333333
1.23163333333
9.63993333333
3.8262
0.900666666667
2.56293333333
4.70073333333
0.916533333333
3.6109
2.56846666667
21.4019
0.7729
6.3408
0.720566666667
4.71616666667
12.4550333333
5.62096666667
5.04766666667
0.9876
11.0860666667
SEC 74
5.36373333333
0.848433333333
0.8459
3.1717
2.77893333333
2.92046666667
3.01236666667
0.683566666667
2.73633333333
0.796266666667
0.693166666667
5.37516666667
0.9771
0.655766666667
1.02373333333
0.7689
1.08746666667
0.574466666667
0.649233333333
0.7644
0.950266666667
0.778466666667
0.737233333333
1.2057
0.913833333333
0.7348
0.922633333333
4.6989
0.798566666667
2.528
0.681366666667
0.794166666667
2.70183333333
5.04883333333
1.1767
1.1859
2.96853333333
0.6382
1.58526666667
2.64763333333
1.4077
0.926533333333
6.7305
3.52396666667
3.11766666667
0.585766666667
1.54606666667
1.2208
3.01683333333
4.56863333333
0.671466666667
7.14983333333
3.12986666667
2.8716
1.65116666667
0.744766666667
2.52416666667
2.46943333333
0.880766666667
0.861133333333
3.05096666667
0.874666666667
4.73346666667
1.06923333333
SEC 75
0.6123
4.5836
1.02953333333
3.4575
1.5537
1.54603333333
3.29883333333
2.98903333333
3.05366666667
2.59603333333
2.0455
0.789933333333
3.17463333333
0.6821
4.6441
1.11773333333
0.654033333333
2.73276666667
1.08616666667
2.844
3.5937
0.9295
2.81263333333
2.6949
3.97463333333
0.7223
2.47933333333
2.7991
0.9467
0.866733333333
0.745233333333
0.7679
2.59106666667
2.74723333333
2.5279
2.76076666667
6.75213333333
0.7771
1.17683333333
0.918666666667
2.84146666667
2.79236666667
2.39483333333
2.5679
3.40863333333
1.84176666667
3.54156666667
1.0281
2.89756666667
2.31456666667
0.7034
0.622533333333
0.686266666667
0.6776
1.14493333333
2.96203333333
1.24773333333
2.6001
1.15756666667
2.8141
0.7149
3.09453333333
2.5532
1.19103333333
SEC 76
1.29096666667
3.71173333333
2.42093333333
0.6873
3.5024
1.99906666667
1.02573333333
1.05673333333
0.7272
2.28083333333
0.819633333333
2.6889
0.5532
3.54336666667
4.15666666667
0.678633333333
0.6321
0.714566666667
2.7551
0.6628
0.7924
1.42123333333
1.19333333333
0.9702
1.54833333333
1.42443333333
3.25636666667
1.19086666667
1.77653333333
1.19473333333
0.9938
5.36243333333
1.09403333333
3.56816666667
1.36403333333
3.11243333333
1.38636666667
1.19463333333
0.7226
5.4774
1.18766666667
7.1605
1.123
5.42786666667
1.34543333333
1.24486666667
2.8234
1.5428
1.1519
1.5487
1.98526666667
0.785233333333
3.88806666667
5.32616666667
2.9323
3.03026666667
2.81316666667
1.4713
4.33556666667
0.939133333333
1.24123333333
4.13643333333
1.33576666667
3.07006666667
SEC 77
2.58716666667
0.656533333333
3.03763333333
0.8316
3.06083333333
0.908366666667
0.5878
0.937233333333
6.25676666667
0.8914
0.594766666667
4.87996666667
0.637066666667
0.743133333333
3.22423333333
0.7339
2.72496666667
1.53326666667
1.32206666667
1.12873333333
3.77656666667
4.64736666667
0.901166666667
2.58943333333
1.3767
3.07683333333
2.80826666667
1.11746666667
3.05063333333
2.51013333333
2.5109
0.710233333333
5.2064
1.04976666667
1.34313333333
0.8774
2.75063333333
2.5955
2.08273333333
2.16543333333
0.989633333333
2.3672
0.8457
4.62236666667
3.17123333333
2.55386666667
3.39713333333
5.02726666667
2.49293333333
4.75533333333
2.89363333333
0.967866666667
4.4327
2.87816666667
2.54316666667
2.8731
0.819033333333
2.1778
1.55676666667
0.6578
5.6276
4.16546666667
3.16616666667
3.09696666667
SEC 78
0.8308
1.22206666667
1.2602
3.15713333333
3.13936666667
4.1164
0.849233333333
0.985833333333
1.04873333333
1.25963333333
1.06856666667
2.45643333333
0.797933333333
0.8118
0.922133333333
1.75903333333
2.73163333333
2.8019
1.7098
1.609
2.97316666667
0.976366666667
0.935033333333
1.88536666667
3.60063333333
1.1028
0.991766666667
1.7529
1.0419
1.08266666667
2.54456666667
1.26806666667
1.15086666667
1.5501
0.912933333333
3.57333333333
0.720033333333
0.875666666667
2.91076666667
1.45576666667
0.798633333333
2.9033
1.0104
3.7757
2.49363333333
0.9851
1.12826666667
0.8351
0.8898
3.26053333333
1.33323333333
0.7982
1.7955
1.08633333333
1.02526666667
2.17833333333
0.842733333333
1.7349
3.7965
0.896066666667
1.01346666667
2.83043333333
2.05113333333
0.805233333333
SEC 79
1.2509
1.42556666667
1.581
0.926966666667
1.26476666667
1.37083333333
1.65093333333
0.895733333333
1.48326666667
0.709166666667
1.3205
3.02623333333
5.31613333333
2.63656666667
1.18876666667
2.46866666667
6.97983333333
3.9836
3.11796666667
1.1799
1.5672
1.04203333333
2.65276666667
3.4674
3.22096666667
1.59763333333
1.07263333333
2.57773333333
1.3124
3.39273333333
4.92313333333
1.1689
3.59423333333
1.7056
2.23516666667
1.17506666667
1.96206666667
0.855666666667
1.98133333333
1.07143333333
1.55703333333
2.04756666667
1.98723333333
3.8769
3.15636666667
2.55663333333
0.665733333333
1.88496666667
2.3225
5.18226666667
3.3401
1.2087
1.419
5.46623333333
2.08496666667
1.79383333333
1.4585
3.1931
2.90376666667
1.57846666667
2.5409
3.8129
0.840233333333
2.52063333333
SEC 80
2.6774
1.17163333333
3.25406666667
4.20583333333
1.88096666667
0.952733333333
3.1914
0.8954
1.58003333333
3.11073333333
0.847333333333
3.42856666667
1.42423333333
1.5144
0.6292
2.55066666667
3.02223333333
2.56046666667
2.83013333333
0.8711
1.78216666667
0.897333333333
1.42456666667
0.7576
3.87326666667
0.692
3.27786666667
3.1256
1.48953333333
1.8696
1.4201
0.8201
3.4206
3.1482
0.6963
0.954766666667
1.41706666667
2.64776666667
1.08383333333
0.591833333333
3.67476666667
2.6359
1.17103333333
2.9585
3.08973333333
0.9001
0.9385
0.972366666667
1.61873333333
3.27523333333
3.25773333333
1.73116666667
4.7084
2.81593333333
1.03623333333
1.03813333333
3.09696666667
0.934433333333
0.929433333333
4.6313
3.52113333333
0.880433333333
0.712466666667
2.21226666667
