SEC 1
7.16566666667
4.94576666667
3.51573333333
2.73346666667
0.8195
10.2302333333
0.996733333333
2.876
SEC 2
6.34306666667
2.57273333333
2.97933333333
0.903266666667
3.3001
1.0155
5.84116666667
0.964033333333
SEC 3
1.4699
0.872866666667
1.1162
1.1156
6.0079
0.921766666667
0.9979
2.9023
SEC 4
0.984166666667
6.02123333333
5.98903333333
0.6671
9.26156666667
6.09926666667
0.809166666667
0.889566666667
SEC 5
2.91466666667
0.898266666667
1.45186666667
0.983833333333
0.879433333333
1.00023333333
0.879433333333
3.37056666667
SEC 6
2.75
2.78186666667
2.94566666667
0.6989
2.47593333333
0.791233333333
0.996633333333
2.7216
SEC 7
0.721766666667
2.73243333333
2.5395
2.3628
2.80153333333
2.52496666667
0.9296
0.796566666667
SEC 8
0.711666666667
0.912333333333
0.719
2.9428
0.781666666667
0.708766666667
0.8441
0.9574
SEC 9
0.9025
1.0387
1.13833333333
1.37646666667
1.2723
1.304
1.2914
1.0821
SEC 10
1.00236666667
4.91643333333
0.689333333333
2.58333333333
2.45673333333
4.6884
2.05093333333
0.797
SEC 11
0.988333333333
2.81606666667
2.53203333333
0.800666666667
1.02366666667
0.949633333333
1.23563333333
2.64583333333
SEC 12
2.51406666667
0.740733333333
0.743633333333
0.768966666667
0.656766666667
0.782333333333
0.7815
0.7798
SEC 13
3.84486666667
1.6434
0.746866666667
0.7557
0.876366666667
1.47793333333
1.66426666667
0.7078
SEC 14
0.7285
0.7595
0.607266666667
0.7297
0.731633333333
0.6571
0.868333333333
0.584633333333
SEC 15
2.86423333333
2.73406666667
0.852066666667
2.7113
2.71973333333
2.58186666667
2.7677
2.6443
SEC 16
2.58366666667
0.6196
0.798866666667
2.63173333333
2.58783333333
2.74526666667
2.5688
2.5697
SEC 17
0.883666666667
0.6985
4.3107
0.7022
0.598866666667
0.591066666667
4.1521
0.813633333333
SEC 18
1.07936666667
0.978
1.3106
0.6314
0.855933333333
0.920666666667
0.795433333333
0.7647
SEC 19
0.726266666667
0.630066666667
2.34753333333
0.9536
8.03373333333
0.754166666667
7.75166666667
7.86776666667
SEC 20
2.61623333333
4.799
0.635833333333
2.97786666667
4.57983333333
2.65156666667
0.836066666667
0.653533333333
SEC 21
2.71706666667
2.48576666667
0.712233333333
0.717866666667
0.7277
0.608766666667
0.6124
0.725766666667
SEC 22
2.47056666667
2.9464
2.5838
1.8691
0.878033333333
2.88856666667
2.78296666667
2.74943333333
SEC 23
0.835266666667
1.02846666667
0.909133333333
1.11896666667
0.797466666667
2.6098
2.7331
0.866966666667
SEC 24
0.784833333333
0.7441
0.666933333333
0.771233333333
0.746733333333
0.641166666667
0.736033333333
0.711933333333
SEC 25
0.642166666667
0.9258
0.7283
0.6412
0.703
0.614833333333
0.893633333333
0.7162
SEC 26
0.820266666667
2.62676666667
2.795
2.63956666667
0.840033333333
2.88116666667
0.7163
0.593366666667
SEC 27
6.84036666667
3.11883333333
5.43266666667
0.7683
5.4348
5.4761
9.20113333333
5.40733333333
SEC 28
0.705766666667
4.6538
0.708833333333
25.0903333333
0.7361
2.6915
0.886433333333
23.2212
SEC 29
0.7938
0.607933333333
0.6702
0.710733333333
0.7723
0.671766666667
0.581333333333
0.864733333333
SEC 30
2.61706666667
0.839833333333
2.608
2.7384
2.6038
2.7886
2.85746666667
2.41766666667
SEC 31
0.989033333333
0.821933333333
0.846733333333
0.655166666667
0.7307
0.901766666667
0.810433333333
0.917
SEC 32
0.7037
2.69813333333
2.6553
0.731866666667
1.04713333333
3.0697
2.8065
1.07216666667
SEC 33
2.6287
0.572
0.6683
0.536466666667
0.661633333333
2.65483333333
2.53813333333
0.812066666667
SEC 34
0.736966666667
4.3372
0.815933333333
1.2095
0.745566666667
0.6468
1.6192
0.641566666667
SEC 35
0.893166666667
0.818566666667
0.756
1.20346666667
0.859633333333
0.923066666667
0.926466666667
0.7447
SEC 36
1.10146666667
0.792766666667
2.75973333333
0.977066666667
0.884966666667
2.81946666667
0.8695
2.6805
SEC 37
0.670833333333
0.564766666667
78.1520666667
0.739966666667
6.07913333333
6.644
0.7152
0.653433333333
SEC 38
0.7146
0.525
0.741466666667
0.732866666667
1.29856666667
0.746866666667
2.5821
0.574066666667
SEC 39
1.16166666667
1.29346666667
0.881233333333
1.02803333333
3.04986666667
1.12583333333
0.840566666667
1.04683333333
SEC 40
0.777333333333
0.748266666667
0.637633333333
0.655833333333
0.727933333333
0.736833333333
0.496433333333
0.860766666667
SEC 41
4.33406666667
0.8069
0.550133333333
2.7546
2.43686666667
0.624
2.5764
2.5212
SEC 42
2.47393333333
0.716833333333
0.519933333333
2.62786666667
2.4461
0.653
0.705166666667
2.58453333333
SEC 43
0.6627
0.803233333333
0.768466666667
0.589266666667
0.680766666667
0.601333333333
0.676666666667
0.667866666667
SEC 44
0.596433333333
1.10476666667
0.5911
0.614566666667
0.647833333333
0.696166666667
0.639333333333
0.5955
SEC 45
0.8272
3.08666666667
0.8406
0.710066666667
0.790333333333
2.73603333333
2.55736666667
0.843466666667
SEC 46
0.747566666667
1.61446666667
0.594033333333
0.6309
2.3807
0.748666666667
2.78263333333
0.680933333333
SEC 47
0.6753
2.44923333333
2.6311
2.53453333333
0.627033333333
2.66593333333
2.62393333333
0.685766666667
SEC 48
6.253
8.04666666667
4.17283333333
2.80293333333
6.44393333333
6.29466666667
2.97813333333
5.1315
SEC 49
0.774533333333
0.6804
0.782
0.659933333333
0.554233333333
0.6128
0.791466666667
0.6617
SEC 50
0.649966666667
0.760666666667
2.97646666667
0.9841
0.7683
0.6499
0.7257
0.640966666667
SEC 51
0.923
0.6668
1.19123333333
0.6825
0.6434
0.8667
0.9298
2.00586666667
SEC 52
0.8723
1.07703333333
1.0805
2.50123333333
1.1482
1.45543333333
1.12976666667
2.57406666667
SEC 53
0.949533333333
0.954633333333
0.816066666667
2.85123333333
1.27366666667
0.776633333333
0.7676
0.585766666667
SEC 54
0.7663
0.883766666667
0.679466666667
0.674933333333
0.8457
0.730366666667
0.568766666667
0.575366666667
SEC 55
0.711966666667
8.29033333333
0.6244
0.765466666667
2.58656666667
1.49086666667
7.73373333333
1.38706666667
SEC 56
1.06476666667
2.22046666667
1.0145
0.917566666667
4.66496666667
2.56713333333
3.3353
4.9844
SEC 57
2.52093333333
1.0919
1.04953333333
0.978133333333
5.93463333333
4.01516666667
0.892566666667
0.6781
SEC 58
0.706566666667
0.705866666667
0.9972
0.651333333333
0.720333333333
0.6034
0.709166666667
0.6061
SEC 59
0.801766666667
0.8001
0.847133333333
1.11643333333
2.86963333333
2.75036666667
0.690866666667
0.7816
SEC 60
0.740766666667
0.5977
0.640133333333
0.629133333333
0.598966666667
0.654366666667
0.839133333333
0.7862
SEC 61
1.0292
0.600433333333
2.615
0.668766666667
0.824766666667
1.00093333333
0.800033333333
0.809766666667
SEC 62
1.05476666667
1.16313333333
0.928
1.1385
0.7311
1.42536666667
0.632633333333
0.8304
SEC 63
2.7481
4.624
15.5592666667
12.2986
0.796733333333
0.811
12.5119333333
0.7111
SEC 64
1.32016666667
1.09106666667
1.61546666667
0.938566666667
2.08163333333
1.1953
1.71373333333
1.3261
SEC 65
0.8226
1.00293333333
0.943
0.716733333333
0.736466666667
1.0536
0.8491
1.1998
SEC 66
0.588033333333
1.584
0.663866666667
0.523133333333
0.707666666667
3.36596666667
2.64886666667
0.623933333333
SEC 67
3.0017
0.746433333333
2.68563333333
0.664
2.63626666667
0.736533333333
2.55236666667
2.62426666667
SEC 68
0.909333333333
0.816633333333
0.6535
0.737433333333
0.681433333333
0.609766666667
0.7382
0.650433333333
SEC 69
0.9066
0.7661
0.984666666667
0.9236
0.8149
0.851566666667
0.965533333333
0.884533333333
SEC 70
2.20093333333
1.02956666667
4.39653333333
1.23473333333
0.996066666667
1.59333333333
1.04936666667
3.36256666667
SEC 71
1.46536666667
0.928966666667
2.05713333333
1.7263
2.56983333333
0.84
1.1866
2.65133333333
SEC 72
0.770466666667
0.652066666667
0.505433333333
0.739333333333
0.649366666667
0.867566666667
0.793733333333
0.8714
SEC 73
3.00016666667
1.76143333333
2.58056666667
0.758733333333
2.59686666667
1.0967
0.7807
3.3182
SEC 74
0.764866666667
0.680166666667
0.548533333333
0.7165
1.30406666667
5.59703333333
2.81243333333
1.2876
SEC 75
1.1759
0.9629
1.06633333333
1.11063333333
1.2185
0.997266666667
0.908033333333
0.616133333333
SEC 76
0.993166666667
2.86193333333
2.91566666667
2.9337
3.08493333333
1.1278
3.1277
0.9906
SEC 77
0.952033333333
0.851966666667
4.38443333333
1.3006
0.970033333333
0.752533333333
0.9351
1.03726666667
SEC 78
0.6947
0.648366666667
0.7532
0.6933
0.643
0.803766666667
0.7223
1.71463333333
SEC 79
0.856333333333
0.8895
0.6544
0.771433333333
0.753633333333
0.722966666667
0.7701
0.835066666667
SEC 80
3.99756666667
1.82053333333
2.0209
1.9111
1.72843333333
1.179
2.34223333333
2.1216
