981539
423813
334184
359871
345508
497491
368295
322181
273579
223048
274711
349423
394755
420684
371650
442704
273570
223329
338237
216568
383552
235678
370579
428524
378999
324896
630595
245849
270325
190201
346351
205429
165267
224223
156491
274272
297271
275610
390907
254297
274366
407759
360087
250857
359564
624896
308031
405839
313440
309619
217533
214879
257416
208949
173356
189680
318844
242992
328551
310776
238415
232158
296776
335822
227560
292519
465539
240541
307128
340114
295912
239127
201300
250563
268561
315357
194530
247764
350000
244360
AVG: 304985.857143
