r=1, wt=64, c=16
433508
228196
221013
229817
207939
331538
218894
166539
144739
158957
308808
188573
193408
127187
165946
183604
178336
207978
188479
324789
179897
198013
123317
186034
219548
239729
133471
236251
130690
144544
139229
156413
213624
201260
181561
187767
206227
286986
192107
210788
203567
208284
206606
208189
132011
163230
267084
201392
307546
200707
252516
187992
191830
307097
248972
188275
160747
143969
140285
148907
162384
164980
183244
209809
229537
151793
135515
149984
364567
233766
184745
294593
242456
292275
103161
188169
204526
141095
153071
201418
AVG: 200389.228571

r=2, wt=64, c=16
306533
164696
442426
197053
191201
251911
304098
207495
124635
128434
125358
151346
182870
307123
353726
224346
267293
205640
131780
131072
112485
161873
239211
200570
113283
288837
131961
158019
238965
309728
181324
175144
121456
140962
211481
520569
142889
214882
218954
394935
422273
140721
189951
225307
256934
189156
197890
127892
148212
143283
164666
217958
172157
218736
144779
144573
140905
267052
304981
388301
229956
216475
214553
198153
282536
185031
311909
262168
169318
154371
109571
117004
201220
281192
257187
111356
166339
311173
154998
176992
AVG: 211014.657143

r=3, wt=64, c=16
433262
226162
145950
279813
263788
260864
279718
158964
135429
202377
451968
262035
213049
138681
185244
182292
137396
185400
226469
217578
116426
147359
171824
215859
237858
296037
206498
168136
118511
183987
125413
210070
190401
256917
231094
200128
209326
256535
178804
209559
166116
255524
177178
174813
199182
213889
244939
92514
139435
197321
184402
372880
170419
208674
161490
171383
261521
173349
275334
291723
250062
205586
314322
218513
232485
251489
192570
181712
181968
229366
173599
195255
240114
241314
234553
231073
219289
147210
147363
273957
AVG: 209188.571429

