159618
78557
141244
43929
53593
75377
53173
77026
81054
56603
75322
53244
46866
64898
62508
74822
66647
66493
71805
67319
67028
83122
82762
88062
88858
93147
60201
66597
113652
66633
48925
71093
72223
34777
44452
88460
71607
52156
72594
47252
78775
95048
99431
69948
77921
70417
89806
91667
73289
51204
75165
51101
87255
79982
87522
75053
76148
40120
89783
58590
53580
51832
82860
89564
51952
75662
67683
72780
34222
75428
67303
49703
79395
76462
42406
62890
112459
62444
55264
87225
AVG: 69940.2142857
