r=1, wt=8, c=28
545818
241836
140189
139881
133668
118519
109664
99126
155637
127099
165217
120382
94816
117172
112556
135827
118312
139233
110500
136441
124657
119919
121146
145559
146148
132976
151036
92316
112212
73459
112565
135690
141138
107869
191204
123745
80399
79555
146554
104917
108316
115877
102264
133267
145409
145849
102632
109560
108912
112035
112893
90982
108112
146543
106612
106807
117699
80131
105546
102609
131042
125696
122497
123236
99083
145936
114145
93964
251641
107048
115876
127773
114391
73521
119928
122955
120067
142963
112005
99695
AVG: 120448.528571

r=2, wt=8, c=28
597475
141346
228127
214751
142431
130742
115264
157331
161680
122947
72339
113327
106281
112799
109620
111527
134753
116516
140866
118726
127140
126066
130945
137662
108923
171842
102052
112958
95531
125368
106697
108408
101786
92150
105757
109656
106309
118926
113953
89723
100163
129337
135576
109964
127429
123866
103680
127271
103275
131286
131025
113750
111903
84017
111337
115201
86372
141251
90534
112915
82461
100807
120189
93208
115924
109560
113339
109966
117471
129408
83591
120832
105878
119221
88595
108718
123324
109001
110425
118266
AVG: 114531.028571

r=3, wt=8, c=28
588160
207870
174246
136326
141667
142944
135374
132749
139095
124542
71123
113143
91247
127479
143054
87290
124025
90442
134002
112290
192248
133988
145431
72773
137042
92120
133637
149912
102497
113769
126836
102478
92657
111393
120018
117789
84962
113627
125345
96901
116724
115088
111884
88868
120999
112015
119630
129596
141579
125720
136803
97100
105979
118144
113873
157499
141100
144745
130125
101729
143277
140846
123023
105467
137104
151030
120399
130107
110058
106644
109456
129474
93426
143243
132833
103083
166587
153248
119623
94754
AVG: 120568.7

