306533
164696
442426
197053
191201
251911
304098
207495
124635
128434
125358
151346
182870
307123
353726
224346
267293
205640
131780
131072
112485
161873
239211
200570
113283
288837
131961
158019
238965
309728
181324
175144
121456
140962
211481
520569
142889
214882
218954
394935
422273
140721
189951
225307
256934
189156
197890
127892
148212
143283
164666
217958
172157
218736
144779
144573
140905
267052
304981
388301
229956
216475
214553
198153
282536
185031
311909
262168
169318
154371
109571
117004
201220
281192
257187
111356
166339
311173
154998
176992
AVG: 211014.657143
