r=1, wt=64, c=8
269453
72384
105972
109096
86555
95155
97123
70052
136813
153031
121455
140380
81683
133680
102921
93193
146626
192641
116727
122497
162521
80556
77775
68498
111943
103997
63815
76207
106683
87421
118933
173908
125545
77632
101737
159469
81038
64884
122039
127239
134754
150669
112157
135341
92908
106078
106338
124808
102503
99375
184684
102828
149870
97436
104140
96454
153537
171630
275856
201752
92243
69246
90888
173756
152067
130463
90748
153875
175941
141026
119519
149758
126864
178918
100406
82135
121765
117350
72004
157623
AVG: 122066.471429

r=2, wt=64, c=8
319668
84974
133758
102032
138198
140642
98599
72595
99429
120655
109378
82302
142182
256450
88880
81684
70413
116226
145779
114767
140935
88883
118829
142843
147557
71082
107863
99719
82650
135827
81850
79593
135353
115467
72857
130441
137980
91194
82416
120497
74213
89794
83961
57693
96422
87942
118737
84196
82907
78706
163159
92701
88306
88552
68225
75046
130256
81904
153619
146554
155107
82640
62321
101784
165059
140947
76280
128707
168707
77544
162907
148374
86533
66744
88760
121517
102378
67090
66205
90627
AVG: 108273.2

r=3, wt=64, c=8
521181
63216
118010
119091
92437
104386
253991
194114
167295
92394
131370
112866
89453
71493
190835
132055
176578
178328
113110
109853
49861
82025
81277
146180
78885
152348
88360
102723
108419
170698
155864
136002
141192
151672
93269
138498
115176
97480
83418
87514
185498
103370
166905
120007
103864
121059
156397
108658
147437
204463
122618
183392
189579
142231
110724
131349
163949
127257
102228
166626
115123
112681
158778
156793
129378
121957
173328
109548
151389
103069
130364
139825
115661
90432
131300
125772
213734
230257
157181
182263
328233
AVG: 131013.957746

