r=1, wt=16, c=1
199224
144348
97053
92749
90545
90641
88556
81291
90285
73631
82426
67685
46223
44078
31255
30738
35528
54892
48172
23945
38082
37749
27914
11157
18626
29476
19867
15058
13607
52865
28890
11756
28327
13829
15458
12237
45085
20145
26143
15698
39392
15516
11449
12498
14346
24907
12922
20636
18578
16640
16143
12000
11310
16646
16478
10873
14741
14123
15526
21818
13824
15514
20332
25143
14666
18143
18977
14502
13051
37193
11522
11765
21830
11972
13021
28126
23451
49950
16518
28564
AVG: 28133.0285714

r=2, wt=16, c=1
197027
141968
149503
132125
107442
123013
75633
82656
66551
83873
67666
80109
28846
35821
54877
23394
53759
59632
30474
32232
58139
57521
21343
13523
13635
21476
33063
13303
13822
17842
20568
13960
22762
13164
22758
17448
25852
14115
13710
20769
23311
16159
14309
13485
17928
14413
10284
12395
18094
14430
15870
15312
15575
20442
72023
20000
25400
12592
13649
26880
18946
13427
20537
16274
12792
18477
10900
11967
16468
20456
10303
19002
18975
21727
19836
24460
11843
56342
29591
13861
AVG: 28427.8142857

r=3, wt=16, c=1
162641
193053
120940
146537
101918
123840
84418
145685
66908
65655
92444
77133
41878
79527
70895
51349
57938
39157
53518
48087
31291
48263
68157
25785
22368
14546
16796
23003
33074
18629
15735
21380
17474
13237
12429
15050
13277
26573
23272
14454
14393
12989
21427
12966
15763
18208
16367
13926
16925
17740
13473
12387
27450
16803
12182
14677
16224
13226
13345
29263
15351
18523
31260
11505
10532
33377
23617
10344
18359
14843
13214
19223
22248
20433
15906
14651
16265
29627
15460
20857
AVG: 31167.0571429

