r=1, wt=64, c=20
614681
120490
307561
168933
254017
282337
217065
287839
219532
217749
218205
199364
151967
214225
182562
136277
339810
150024
182986
172940
189737
187656
151352
225417
184535
156950
207592
171064
209605
264649
174907
228437
161083
200181
172331
176119
189559
245247
186701
250422
271664
209004
307441
276496
198691
219751
199421
185218
221056
159512
132253
152006
141210
239354
152182
167575
201578
191656
179322
162936
126935
205737
274654
187898
165073
146352
171606
171281
213997
135403
399817
466348
165639
279192
158560
451162
317798
347306
213433
188248
AVG: 204903.485714

r=2, wt=64, c=20
699846
252874
273333
192384
209424
184838
187308
187217
250508
202796
270587
299165
218358
193975
182704
177659
154538
252084
311811
210619
201318
250594
176516
187018
180722
200572
255057
159092
182269
153532
297254
147386
207005
293338
160246
149237
394044
155693
177587
132176
183607
224748
273554
174700
262739
396236
241513
368544
375786
356201
275600
525234
194936
293200
159779
122209
220541
349713
326158
170473
351110
329389
404371
328732
246891
160646
330076
451325
413842
302762
222103
229073
246850
209202
247609
245587
319447
483862
177458
149639
222133
AVG: 247322.0

r=3, wt=64, c=20
518993
136618
216711
149166
245451
200568
296124
183483
219237
251873
181026
368499
241825
196642
215245
285039
258433
266659
323876
258170
316492
272328
232381
310301
334069
323245
229065
233880
298428
263380
306573
169765
178787
266253
311992
320555
298549
273093
184201
199869
263017
238332
257383
287177
166254
282434
279458
214451
161537
246591
273746
189478
166074
184741
331301
231765
190293
304451
426502
261432
290195
235437
317978
338598
500795
296675
173877
171808
203686
232244
196804
406060
341479
161755
210286
318497
204187
280477
205118
206337
AVG: 258628.557143

