WT 0
140.0
219.0
247.0
251.0
260.0
370.0
317.0
386.0
394.0
340.0
370.0
309.0
370.0
333.0
380.0
306.0
371.0
384.0
390.0
376.0
360.0
352.0
387.0
341.0
390.0
363.0
390.0
398.0
381.0
360.0
367.0
365.0
379.0
368.0
404.0
396.0
380.0
377.0
357.0
387.0
414.0
421.0
317.0
349.0
384.0
306.0
375.0
402.0
372.0
374.0
246.0
425.0
361.0
324.0
292.0
368.0
382.0
331.0
372.0
404.0
387.0
360.0
390.0
345.0
366.0
363.0
372.0
326.0
340.0
325.0
419.0
340.0
341.0
365.0
404.0
329.0
372.0
443.0
383.0
WT 1
145.0
202.0
250.0
242.0
269.0
329.0
325.0
369.0
387.0
361.0
399.0
378.0
341.0
356.0
333.0
347.0
362.0
383.0
354.0
346.0
359.0
378.0
335.0
330.0
386.0
346.0
401.0
417.0
396.0
405.0
403.0
400.0
354.0
372.0
325.0
365.0
308.0
401.0
373.0
352.0
386.0
389.0
313.0
380.0
314.0
341.0
404.0
406.0
351.0
339.0
231.0
374.0
345.0
332.0
299.0
317.0
289.0
329.0
341.0
392.0
284.0
371.0
397.0
368.0
416.0
401.0
423.0
328.0
325.0
332.0
358.0
377.0
385.0
366.0
383.0
311.0
327.0
347.0
348.0
WT 2
146.0
196.0
227.0
237.0
326.0
319.0
322.0
346.0
369.0
297.0
381.0
359.0
333.0
407.0
401.0
282.0
370.0
382.0
405.0
425.0
390.0
377.0
362.0
377.0
374.0
353.0
369.0
435.0
367.0
391.0
337.0
357.0
359.0
351.0
379.0
422.0
352.0
389.0
355.0
340.0
387.0
397.0
328.0
354.0
349.0
356.0
385.0
352.0
408.0
335.0
195.0
385.0
381.0
339.0
367.0
395.0
309.0
343.0
371.0
372.0
366.0
363.0
342.0
368.0
372.0
336.0
369.0
314.0
350.0
356.0
344.0
360.0
395.0
373.0
340.0
357.0
366.0
407.0
344.0
WT 3
151.0
198.0
238.0
244.0
343.0
310.0
393.0
377.0
399.0
353.0
350.0
404.0
391.0
379.0
376.0
312.0
428.0
333.0
385.0
387.0
357.0
329.0
377.0
393.0
366.0
346.0
333.0
392.0
367.0
418.0
297.0
335.0
373.0
392.0
399.0
394.0
346.0
408.0
382.0
345.0
346.0
401.0
285.0
347.0
401.0
381.0
327.0
337.0
360.0
349.0
228.0
409.0
342.0
370.0
321.0
313.0
306.0
333.0
358.0
342.0
366.0
332.0
385.0
374.0
433.0
301.0
389.0
371.0
323.0
347.0
384.0
388.0
388.0
337.0
355.0
315.0
344.0
412.0
402.0
WT 4
146.0
218.0
230.0
259.0
276.0
341.0
353.0
336.0
370.0
347.0
381.0
364.0
313.0
410.0
330.0
295.0
368.0
381.0
356.0
392.0
392.0
345.0
395.0
372.0
389.0
359.0
367.0
374.0
383.0
382.0
350.0
375.0
371.0
395.0
369.0
412.0
350.0
377.0
307.0
380.0
406.0
411.0
313.0
323.0
356.0
398.0
313.0
362.0
386.0
396.0
220.0
416.0
328.0
339.0
296.0
323.0
324.0
277.0
346.0
363.0
320.0
361.0
396.0
347.0
363.0
353.0
380.0
323.0
342.0
363.0
355.0
381.0
350.0
375.0
370.0
340.0
364.0
423.0
370.0
WT 5
162.0
225.0
210.0
232.0
332.0
330.0
276.0
401.0
353.0
367.0
416.0
337.0
346.0
418.0
404.0
371.0
348.0
371.0
424.0
353.0
352.0
359.0
358.0
374.0
380.0
345.0
439.0
395.0
344.0
372.0
356.0
352.0
360.0
323.0
433.0
403.0
380.0
381.0
361.0
363.0
371.0
416.0
290.0
348.0
360.0
379.0
381.0
336.0
412.0
350.0
235.0
389.0
317.0
330.0
326.0
317.0
365.0
310.0
331.0
345.0
300.0
362.0
423.0
382.0
347.0
326.0
406.0
318.0
310.0
377.0
352.0
369.0
341.0
340.0
392.0
321.0
288.0
388.0
413.0
WT 6
145.0
180.0
252.0
268.0
308.0
283.0
312.0
347.0
393.0
366.0
365.0
385.0
363.0
388.0
357.0
356.0
327.0
408.0
348.0
370.0
354.0
366.0
394.0
383.0
393.0
374.0
355.0
361.0
382.0
358.0
371.0
370.0
416.0
378.0
389.0
425.0
369.0
417.0
400.0
372.0
392.0
388.0
306.0
364.0
309.0
389.0
337.0
354.0
369.0
349.0
201.0
412.0
350.0
326.0
320.0
273.0
312.0
317.0
344.0
340.0
316.0
351.0
361.0
348.0
376.0
348.0
407.0
303.0
362.0
351.0
323.0
383.0
346.0
397.0
377.0
334.0
353.0
382.0
381.0
WT 7
159.0
246.0
241.0
245.0
321.0
361.0
354.0
381.0
364.0
359.0
311.0
364.0
402.0
372.0
370.0
296.0
317.0
359.0
387.0
384.0
363.0
321.0
405.0
356.0
364.0
393.0
404.0
388.0
406.0
397.0
412.0
422.0
357.0
383.0
388.0
410.0
401.0
342.0
377.0
345.0
383.0
403.0
352.0
331.0
346.0
356.0
408.0
401.0
403.0
321.0
219.0
425.0
377.0
334.0
301.0
366.0
355.0
325.0
416.0
348.0
318.0
382.0
410.0
357.0
429.0
345.0
375.0
281.0
311.0
356.0
368.0
372.0
343.0
400.0
402.0
369.0
307.0
380.0
386.0
