WT 0
20.0
36.0
29.0
42.0
54.0
67.0
65.0
63.0
67.0
70.0
68.0
54.0
79.0
54.0
68.0
63.0
74.0
70.0
75.0
75.0
49.0
82.0
71.0
73.0
65.0
71.0
44.0
83.0
65.0
74.0
78.0
86.0
50.0
64.0
64.0
50.0
62.0
72.0
73.0
67.0
87.0
75.0
70.0
66.0
71.0
77.0
68.0
65.0
72.0
69.0
65.0
72.0
63.0
83.0
81.0
45.0
58.0
65.0
73.0
76.0
66.0
54.0
63.0
62.0
69.0
63.0
79.0
65.0
82.0
62.0
62.0
71.0
82.0
73.0
62.0
62.0
50.0
62.0
57.0
60.0
WT 1
18.0
35.0
35.0
51.0
42.0
69.0
57.0
58.0
70.0
60.0
79.0
62.0
77.0
66.0
73.0
65.0
71.0
74.0
64.0
89.0
45.0
77.0
72.0
82.0
72.0
78.0
69.0
81.0
69.0
69.0
76.0
65.0
51.0
78.0
68.0
55.0
55.0
63.0
57.0
65.0
88.0
68.0
82.0
62.0
68.0
62.0
70.0
69.0
72.0
85.0
79.0
91.0
61.0
83.0
73.0
43.0
52.0
60.0
70.0
73.0
67.0
57.0
54.0
60.0
66.0
74.0
79.0
68.0
69.0
74.0
59.0
67.0
80.0
75.0
59.0
59.0
66.0
62.0
65.0
51.0
WT 2
22.0
39.0
16.0
44.0
47.0
64.0
62.0
67.0
66.0
68.0
74.0
57.0
70.0
63.0
79.0
68.0
67.0
80.0
74.0
68.0
59.0
74.0
72.0
77.0
62.0
75.0
57.0
79.0
72.0
72.0
77.0
61.0
58.0
67.0
65.0
60.0
61.0
85.0
60.0
68.0
88.0
72.0
85.0
70.0
70.0
63.0
72.0
62.0
81.0
89.0
77.0
83.0
57.0
85.0
75.0
36.0
51.0
61.0
76.0
74.0
67.0
50.0
65.0
72.0
68.0
63.0
87.0
78.0
64.0
64.0
62.0
68.0
92.0
70.0
61.0
61.0
64.0
63.0
70.0
51.0
WT 3
20.0
38.0
28.0
48.0
60.0
67.0
77.0
73.0
60.0
64.0
67.0
70.0
79.0
59.0
61.0
70.0
61.0
72.0
60.0
71.0
50.0
81.0
79.0
86.0
57.0
77.0
69.0
81.0
85.0
66.0
70.0
71.0
52.0
71.0
70.0
62.0
52.0
58.0
61.0
66.0
76.0
65.0
73.0
58.0
68.0
79.0
78.0
67.0
66.0
71.0
65.0
69.0
61.0
78.0
77.0
50.0
57.0
58.0
79.0
80.0
75.0
55.0
63.0
64.0
66.0
60.0
78.0
65.0
68.0
72.0
55.0
66.0
70.0
80.0
55.0
56.0
54.0
70.0
73.0
57.0
WT 4
23.0
47.0
15.0
61.0
80.0
50.0
66.0
55.0
61.0
97.0
40.0
100.0
68.0
64.0
33.0
111.0
73.0
30.0
113.0
51.0
69.0
79.0
80.0
49.0
94.0
57.0
81.0
81.0
78.0
41.0
72.0
99.0
27.0
66.0
71.0
70.0
55.0
68.0
68.0
66.0
88.0
68.0
72.0
72.0
70.0
66.0
77.0
67.0
69.0
69.0
76.0
88.0
57.0
66.0
75.0
46.0
56.0
66.0
56.0
69.0
58.0
51.0
71.0
73.0
73.0
66.0
76.0
70.0
77.0
85.0
70.0
70.0
75.0
69.0
87.0
43.0
57.0
59.0
94.0
59.0
WT 5
18.0
37.0
48.0
66.0
34.0
84.0
57.0
73.0
71.0
37.0
98.0
40.0
69.0
57.0
121.0
20.0
72.0
118.0
35.0
101.0
41.0
73.0
67.0
113.0
34.0
100.0
39.0
84.0
73.0
92.0
71.0
41.0
86.0
74.0
61.0
37.0
57.0
70.0
70.0
72.0
91.0
71.0
76.0
49.0
65.0
78.0
74.0
83.0
61.0
71.0
80.0
73.0
62.0
80.0
74.0
33.0
51.0
58.0
87.0
78.0
67.0
50.0
57.0
65.0
67.0
57.0
78.0
75.0
80.0
58.0
83.0
86.0
74.0
85.0
43.0
79.0
56.0
63.0
50.0
54.0
WT 6
18.0
35.0
21.0
59.0
60.0
61.0
70.0
67.0
60.0
72.0
76.0
67.0
77.0
69.0
68.0
74.0
61.0
73.0
91.0
76.0
51.0
80.0
84.0
101.0
71.0
82.0
64.0
72.0
74.0
69.0
80.0
61.0
47.0
64.0
64.0
68.0
58.0
65.0
56.0
72.0
92.0
61.0
70.0
58.0
67.0
70.0
80.0
69.0
74.0
69.0
81.0
84.0
57.0
71.0
86.0
45.0
59.0
66.0
83.0
66.0
67.0
53.0
60.0
70.0
70.0
63.0
87.0
70.0
70.0
69.0
69.0
74.0
77.0
65.0
61.0
43.0
49.0
75.0
67.0
47.0
WT 7
29.0
26.0
26.0
54.0
55.0
64.0
66.0
61.0
68.0
53.0
80.0
61.0
67.0
71.0
76.0
67.0
74.0
74.0
61.0
81.0
54.0
69.0
78.0
77.0
67.0
71.0
61.0
87.0
74.0
68.0
71.0
62.0
61.0
63.0
61.0
61.0
67.0
79.0
53.0
80.0
70.0
68.0
87.0
61.0
63.0
71.0
82.0
71.0
77.0
66.0
65.0
84.0
66.0
84.0
79.0
43.0
49.0
61.0
67.0
73.0
70.0
53.0
71.0
61.0
78.0
61.0
80.0
68.0
71.0
71.0
70.0
80.0
77.0
72.0
81.0
53.0
56.0
77.0
70.0
56.0
WT 8
17.0
41.0
5.0
74.0
23.0
70.0
71.0
60.0
71.0
68.0
68.0
66.0
122.0
13.0
137.0
73.0
77.0
83.0
91.0
37.0
52.0
76.0
83.0
69.0
200.0
81.0
69.0
64.0
69.0
77.0
193.0
55.0
184.0
65.0
206.0
88.0
200.0
61.0
63.0
69.0
81.0
69.0
76.0
68.0
72.0
76.0
208.0
48.0
185.0
44.0
182.0
77.0
43.0
169.0
9.0
133.0
20.0
69.0
156.0
69.0
65.0
51.0
61.0
63.0
73.0
84.0
74.0
36.0
191.0
78.0
59.0
70.0
76.0
77.0
67.0
50.0
181.0
63.0
38.0
60.0
WT 9
22.0
21.0
34.0
36.0
88.0
78.0
68.0
65.0
58.0
77.0
76.0
67.0
19.0
116.0
19.0
67.0
72.0
69.0
70.0
184.0
55.0
82.0
80.0
86.0
71.0
91.0
61.0
200.0
72.0
59.0
52.0
207.0
80.0
203.0
78.0
205.0
82.0
70.0
69.0
71.0
66.0
199.0
78.0
71.0
74.0
66.0
46.0
188.0
40.0
176.0
38.0
80.0
171.0
29.0
179.0
47.0
149.0
67.0
12.0
77.0
61.0
54.0
62.0
69.0
62.0
70.0
74.0
172.0
28.0
69.0
173.0
71.0
73.0
80.0
68.0
53.0
54.0
68.0
179.0
64.0
WT 10
17.0
33.0
33.0
48.0
49.0
80.0
66.0
64.0
69.0
71.0
67.0
64.0
79.0
76.0
72.0
67.0
71.0
84.0
70.0
76.0
46.0
75.0
78.0
66.0
66.0
78.0
64.0
63.0
75.0
76.0
63.0
76.0
50.0
66.0
68.0
53.0
55.0
66.0
69.0
67.0
66.0
63.0
71.0
67.0
73.0
66.0
74.0
66.0
71.0
86.0
69.0
84.0
57.0
71.0
76.0
42.0
54.0
58.0
79.0
69.0
56.0
55.0
65.0
68.0
72.0
62.0
97.0
75.0
67.0
73.0
62.0
66.0
75.0
71.0
57.0
73.0
60.0
66.0
55.0
53.0
WT 11
14.0
37.0
25.0
50.0
59.0
64.0
63.0
76.0
68.0
65.0
85.0
75.0
45.0
93.0
73.0
67.0
70.0
82.0
87.0
55.0
47.0
103.0
43.0
73.0
61.0
135.0
12.0
130.0
20.0
124.0
5.0
67.0
53.0
59.0
72.0
70.0
56.0
117.0
63.0
20.0
83.0
134.0
9.0
141.0
70.0
41.0
65.0
76.0
145.0
4.0
64.0
141.0
64.0
71.0
79.0
47.0
63.0
67.0
73.0
82.0
67.0
46.0
14.0
58.0
156.0
67.0
74.0
8.0
159.0
12.0
141.0
65.0
67.0
10.0
124.0
4.0
130.0
15.0
136.0
11.0
WT 12
22.0
27.0
30.0
46.0
57.0
73.0
66.0
58.0
74.0
79.0
62.0
59.0
107.0
40.0
97.0
65.0
70.0
85.0
64.0
96.0
51.0
47.0
105.0
77.0
72.0
46.0
109.0
20.0
125.0
11.0
143.0
67.0
49.0
66.0
62.0
48.0
61.0
12.0
67.0
134.0
81.0
6.0
147.0
5.0
89.0
122.0
81.0
83.0
17.0
138.0
62.0
6.0
65.0
83.0
79.0
43.0
52.0
66.0
61.0
80.0
67.0
50.0
148.0
70.0
25.0
66.0
76.0
169.0
14.0
159.0
20.0
75.0
74.0
128.0
0.0
132.0
22.0
145.0
9.0
157.0
WT 13
18.0
28.0
31.0
53.0
48.0
53.0
67.0
59.0
90.0
36.0
67.0
77.0
72.0
66.0
81.0
29.0
112.0
79.0
72.0
19.0
55.0
140.0
82.0
83.0
0.0
78.0
63.0
132.0
24.0
123.0
76.0
68.0
11.0
111.0
77.0
8.0
103.0
66.0
23.0
119.0
29.0
68.0
68.0
62.0
69.0
148.0
67.0
72.0
24.0
128.0
75.0
82.0
15.0
73.0
70.0
45.0
150.0
67.0
36.0
205.0
82.0
51.0
210.0
64.0
81.0
209.0
80.0
93.0
73.0
62.0
60.0
83.0
264.0
72.0
115.0
232.0
56.0
103.0
230.0
118.0
WT 14
16.0
34.0
21.0
44.0
54.0
75.0
62.0
71.0
47.0
86.0
61.0
45.0
75.0
68.0
54.0
107.0
21.0
71.0
68.0
137.0
55.0
14.0
85.0
71.0
139.0
72.0
64.0
22.0
127.0
23.0
73.0
80.0
92.0
26.0
69.0
108.0
5.0
82.0
89.0
35.0
127.0
69.0
70.0
73.0
74.0
6.0
92.0
73.0
125.0
25.0
69.0
66.0
137.0
74.0
77.0
42.0
31.0
59.0
178.0
41.0
203.0
49.0
81.0
63.0
200.0
71.0
69.0
227.0
64.0
94.0
65.0
77.0
105.0
73.0
241.0
113.0
62.0
230.0
111.0
230.0
WT 15
22.0
35.0
19.0
51.0
55.0
65.0
68.0
73.0
74.0
65.0
72.0
73.0
75.0
70.0
67.0
71.0
67.0
78.0
72.0
73.0
49.0
77.0
78.0
73.0
61.0
71.0
47.0
73.0
69.0
69.0
74.0
68.0
49.0
60.0
56.0
57.0
56.0
68.0
59.0
64.0
82.0
87.0
70.0
66.0
70.0
68.0
85.0
70.0
74.0
82.0
68.0
78.0
61.0
83.0
75.0
39.0
57.0
70.0
60.0
65.0
61.0
67.0
64.0
62.0
62.0
58.0
80.0
72.0
74.0
71.0
61.0
65.0
69.0
74.0
55.0
56.0
50.0
62.0
61.0
66.0
WT 16
22.0
47.0
28.0
55.0
65.0
71.0
76.0
66.0
64.0
82.0
75.0
66.0
69.0
68.0
70.0
77.0
61.0
76.0
64.0
68.0
46.0
78.0
78.0
80.0
73.0
87.0
56.0
79.0
71.0
76.0
73.0
67.0
59.0
76.0
79.0
66.0
61.0
73.0
67.0
71.0
80.0
77.0
70.0
67.0
66.0
72.0
70.0
67.0
70.0
72.0
75.0
82.0
54.0
79.0
95.0
45.0
68.0
68.0
79.0
70.0
70.0
47.0
66.0
61.0
61.0
63.0
75.0
84.0
71.0
72.0
75.0
73.0
75.0
80.0
76.0
58.0
65.0
82.0
64.0
56.0
WT 17
19.0
55.0
26.0
54.0
53.0
64.0
67.0
70.0
84.0
69.0
58.0
59.0
79.0
65.0
66.0
80.0
64.0
71.0
74.0
75.0
53.0
72.0
83.0
70.0
64.0
81.0
60.0
91.0
86.0
69.0
69.0
71.0
58.0
73.0
58.0
52.0
60.0
77.0
66.0
64.0
75.0
73.0
85.0
60.0
68.0
72.0
76.0
68.0
78.0
69.0
67.0
79.0
64.0
74.0
69.0
33.0
57.0
75.0
73.0
74.0
64.0
47.0
69.0
62.0
70.0
63.0
66.0
74.0
76.0
85.0
64.0
74.0
81.0
76.0
60.0
52.0
57.0
84.0
59.0
59.0
WT 18
19.0
34.0
22.0
64.0
62.0
67.0
70.0
71.0
65.0
75.0
71.0
62.0
71.0
66.0
95.0
67.0
65.0
72.0
71.0
77.0
51.0
75.0
79.0
73.0
68.0
77.0
70.0
77.0
78.0
73.0
77.0
62.0
48.0
71.0
60.0
53.0
54.0
75.0
68.0
75.0
85.0
80.0
82.0
60.0
64.0
75.0
68.0
63.0
73.0
69.0
74.0
72.0
77.0
64.0
77.0
37.0
68.0
65.0
62.0
70.0
56.0
46.0
66.0
67.0
82.0
62.0
75.0
69.0
75.0
72.0
66.0
68.0
76.0
72.0
60.0
60.0
54.0
67.0
66.0
53.0
WT 19
21.0
25.0
25.0
49.0
52.0
53.0
77.0
77.0
55.0
63.0
97.0
43.0
112.0
61.0
28.0
65.0
68.0
113.0
34.0
78.0
62.0
71.0
70.0
103.0
67.0
73.0
67.0
75.0
67.0
66.0
78.0
84.0
53.0
58.0
58.0
76.0
37.0
95.0
24.0
73.0
75.0
103.0
38.0
103.0
13.0
130.0
72.0
71.0
56.0
23.0
106.0
40.0
95.0
37.0
74.0
38.0
117.0
4.0
66.0
137.0
2.0
46.0
58.0
122.0
8.0
76.0
131.0
8.0
146.0
1.0
63.0
156.0
13.0
68.0
132.0
57.0
30.0
59.0
66.0
164.0
WT 20
17.0
30.0
23.0
50.0
46.0
67.0
64.0
69.0
86.0
76.0
41.0
101.0
36.0
57.0
122.0
70.0
59.0
32.0
103.0
74.0
46.0
74.0
81.0
67.0
62.0
96.0
54.0
93.0
70.0
71.0
68.0
59.0
53.0
70.0
79.0
39.0
82.0
33.0
93.0
71.0
81.0
34.0
109.0
14.0
115.0
5.0
76.0
73.0
77.0
112.0
29.0
103.0
31.0
108.0
87.0
39.0
8.0
124.0
76.0
9.0
121.0
40.0
63.0
0.0
130.0
60.0
31.0
131.0
5.0
150.0
67.0
10.0
152.0
64.0
20.0
57.0
132.0
65.0
68.0
33.0
WT 21
18.0
39.0
12.0
79.0
52.0
73.0
59.0
64.0
82.0
63.0
47.0
99.0
78.0
45.0
81.0
81.0
82.0
51.0
103.0
85.0
48.0
29.0
65.0
74.0
142.0
68.0
10.0
71.0
69.0
62.0
72.0
67.0
59.0
87.0
73.0
23.0
90.0
75.0
19.0
120.0
35.0
125.0
21.0
120.0
67.0
21.0
82.0
63.0
103.0
70.0
46.0
133.0
60.0
78.0
40.0
47.0
63.0
88.0
70.0
89.0
22.0
96.0
66.0
5.0
67.0
130.0
27.0
129.0
16.0
66.0
137.0
71.0
72.0
12.0
66.0
60.0
56.0
62.0
147.0
37.0
WT 22
21.0
28.0
41.0
31.0
69.0
70.0
71.0
73.0
54.0
64.0
96.0
33.0
76.0
109.0
77.0
75.0
54.0
95.0
37.0
75.0
48.0
124.0
83.0
85.0
19.0
89.0
122.0
66.0
66.0
71.0
66.0
60.0
48.0
33.0
68.0
82.0
40.0
66.0
87.0
39.0
134.0
9.0
138.0
20.0
66.0
108.0
63.0
77.0
38.0
65.0
118.0
48.0
70.0
73.0
125.0
39.0
53.0
31.0
70.0
68.0
118.0
3.0
55.0
125.0
58.0
20.0
138.0
14.0
136.0
72.0
3.0
75.0
77.0
135.0
74.0
57.0
67.0
68.0
28.0
147.0
WT 23
16.0
34.0
27.0
59.0
55.0
66.0
69.0
73.0
75.0
66.0
71.0
76.0
72.0
69.0
75.0
78.0
69.0
77.0
64.0
78.0
47.0
88.0
72.0
71.0
64.0
73.0
62.0
72.0
74.0
69.0
74.0
63.0
49.0
67.0
62.0
47.0
55.0
70.0
55.0
59.0
79.0
75.0
87.0
62.0
71.0
75.0
78.0
71.0
71.0
66.0
77.0
69.0
53.0
81.0
78.0
43.0
51.0
65.0
68.0
78.0
58.0
52.0
72.0
56.0
70.0
76.0
77.0
82.0
78.0
69.0
66.0
65.0
67.0
78.0
62.0
60.0
57.0
67.0
70.0
60.0
WT 24
16.0
35.0
38.0
55.0
56.0
56.0
65.0
68.0
72.0
64.0
64.0
67.0
76.0
68.0
67.0
66.0
63.0
80.0
66.0
86.0
51.0
81.0
85.0
77.0
66.0
81.0
60.0
76.0
77.0
66.0
79.0
68.0
55.0
60.0
70.0
54.0
62.0
67.0
56.0
65.0
83.0
77.0
72.0
66.0
66.0
69.0
82.0
80.0
74.0
67.0
74.0
78.0
58.0
88.0
83.0
44.0
55.0
66.0
80.0
66.0
57.0
48.0
63.0
63.0
65.0
56.0
79.0
66.0
92.0
65.0
68.0
71.0
75.0
78.0
59.0
55.0
50.0
74.0
65.0
56.0
WT 25
19.0
37.0
27.0
49.0
59.0
70.0
76.0
79.0
70.0
81.0
71.0
83.0
69.0
61.0
74.0
66.0
58.0
72.0
70.0
85.0
54.0
70.0
74.0
81.0
58.0
86.0
65.0
74.0
67.0
65.0
77.0
63.0
47.0
64.0
57.0
59.0
61.0
72.0
57.0
67.0
81.0
69.0
73.0
56.0
70.0
70.0
78.0
71.0
78.0
79.0
59.0
76.0
65.0
81.0
80.0
38.0
61.0
67.0
73.0
69.0
60.0
49.0
65.0
62.0
65.0
66.0
69.0
71.0
63.0
74.0
74.0
70.0
76.0
74.0
63.0
63.0
53.0
64.0
64.0
53.0
WT 26
18.0
44.0
44.0
43.0
73.0
68.0
67.0
64.0
68.0
71.0
64.0
68.0
75.0
72.0
81.0
63.0
69.0
72.0
70.0
82.0
53.0
72.0
80.0
69.0
62.0
83.0
58.0
77.0
73.0
70.0
71.0
63.0
66.0
65.0
70.0
55.0
62.0
86.0
73.0
74.0
86.0
68.0
66.0
70.0
73.0
79.0
84.0
75.0
76.0
75.0
68.0
82.0
66.0
74.0
69.0
36.0
58.0
68.0
83.0
73.0
70.0
52.0
59.0
57.0
74.0
65.0
89.0
73.0
76.0
67.0
66.0
78.0
76.0
79.0
67.0
58.0
55.0
61.0
66.0
55.0
WT 27
19.0
47.0
19.0
44.0
64.0
70.0
72.0
69.0
65.0
69.0
60.0
64.0
74.0
56.0
79.0
79.0
62.0
73.0
74.0
80.0
55.0
80.0
82.0
77.0
60.0
76.0
63.0
68.0
81.0
73.0
70.0
84.0
50.0
67.0
65.0
54.0
61.0
69.0
55.0
68.0
74.0
76.0
61.0
58.0
81.0
71.0
76.0
75.0
66.0
70.0
65.0
77.0
73.0
72.0
78.0
35.0
57.0
79.0
70.0
76.0
64.0
58.0
62.0
57.0
58.0
74.0
74.0
71.0
67.0
65.0
62.0
78.0
72.0
77.0
66.0
52.0
54.0
56.0
65.0
54.0
WT 28
19.0
38.0
24.0
60.0
65.0
49.0
65.0
74.0
69.0
91.0
63.0
63.0
71.0
53.0
75.0
69.0
77.0
88.0
72.0
80.0
53.0
88.0
12.0
70.0
59.0
157.0
17.0
149.0
76.0
78.0
0.0
138.0
65.0
16.0
71.0
130.0
63.0
11.0
120.0
8.0
83.0
70.0
78.0
66.0
63.0
167.0
10.0
165.0
31.0
169.0
17.0
165.0
18.0
71.0
71.0
124.0
54.0
65.0
67.0
12.0
53.0
137.0
31.0
62.0
57.0
62.0
175.0
33.0
76.0
73.0
59.0
74.0
194.0
73.0
65.0
54.0
192.0
75.0
58.0
212.0
WT 29
16.0
44.0
21.0
50.0
52.0
94.0
65.0
85.0
62.0
41.0
71.0
67.0
69.0
69.0
82.0
66.0
53.0
71.0
71.0
69.0
53.0
76.0
140.0
78.0
61.0
4.0
133.0
5.0
77.0
78.0
151.0
7.0
51.0
151.0
72.0
16.0
61.0
137.0
0.0
132.0
93.0
77.0
82.0
83.0
73.0
48.0
182.0
22.0
164.0
24.0
169.0
13.0
148.0
74.0
73.0
41.0
58.0
67.0
72.0
150.0
73.0
44.0
155.0
59.0
68.0
66.0
31.0
169.0
92.0
72.0
60.0
75.0
43.0
83.0
63.0
185.0
73.0
200.0
70.0
86.0
WT 30
17.0
28.0
20.0
52.0
88.0
52.0
84.0
72.0
20.0
68.0
70.0
107.0
76.0
75.0
2.0
140.0
67.0
79.0
72.0
72.0
46.0
11.0
73.0
150.0
56.0
28.0
105.0
68.0
67.0
46.0
67.0
81.0
62.0
58.0
74.0
58.0
57.0
86.0
60.0
39.0
118.0
28.0
128.0
67.0
2.0
67.0
76.0
76.0
130.0
72.0
24.0
119.0
60.0
71.0
86.0
27.0
54.0
76.0
83.0
80.0
41.0
67.0
71.0
50.0
48.0
65.0
105.0
37.0
116.0
14.0
117.0
66.0
29.0
69.0
106.0
6.0
49.0
75.0
122.0
15.0
WT 31
12.0
43.0
40.0
59.0
40.0
71.0
43.0
65.0
108.0
72.0
64.0
19.0
76.0
61.0
124.0
6.0
66.0
77.0
71.0
73.0
56.0
141.0
77.0
10.0
60.0
135.0
19.0
77.0
83.0
81.0
71.0
70.0
44.0
65.0
67.0
59.0
64.0
65.0
61.0
90.0
39.0
127.0
22.0
58.0
130.0
72.0
77.0
63.0
27.0
66.0
119.0
34.0
72.0
84.0
80.0
63.0
57.0
57.0
70.0
77.0
74.0
30.0
61.0
59.0
95.0
71.0
47.0
110.0
29.0
110.0
4.0
72.0
129.0
62.0
17.0
114.0
62.0
67.0
6.0
107.0
WT 32
25.0
29.0
29.0
49.0
60.0
67.0
66.0
65.0
71.0
64.0
72.0
59.0
70.0
61.0
83.0
72.0
78.0
76.0
62.0
76.0
47.0
84.0
77.0
82.0
60.0
79.0
62.0
80.0
71.0
71.0
76.0
68.0
50.0
66.0
70.0
47.0
63.0
84.0
66.0
67.0
73.0
80.0
71.0
76.0
63.0
70.0
68.0
64.0
77.0
71.0
77.0
76.0
70.0
83.0
79.0
47.0
59.0
66.0
74.0
80.0
65.0
56.0
56.0
63.0
70.0
55.0
80.0
77.0
76.0
78.0
73.0
68.0
73.0
72.0
61.0
57.0
60.0
86.0
65.0
61.0
WT 33
19.0
37.0
26.0
52.0
49.0
58.0
59.0
65.0
59.0
70.0
64.0
74.0
71.0
79.0
77.0
66.0
66.0
80.0
69.0
74.0
51.0
80.0
83.0
73.0
64.0
82.0
59.0
71.0
80.0
65.0
75.0
69.0
52.0
67.0
66.0
54.0
55.0
90.0
54.0
83.0
78.0
65.0
79.0
69.0
62.0
72.0
72.0
59.0
77.0
76.0
68.0
84.0
54.0
75.0
77.0
37.0
51.0
61.0
67.0
85.0
61.0
52.0
57.0
47.0
68.0
63.0
83.0
86.0
67.0
81.0
61.0
69.0
70.0
63.0
71.0
63.0
49.0
65.0
63.0
52.0
WT 34
14.0
38.0
34.0
51.0
56.0
59.0
71.0
82.0
73.0
70.0
69.0
60.0
76.0
65.0
72.0
76.0
62.0
64.0
85.0
80.0
51.0
71.0
75.0
72.0
67.0
82.0
67.0
69.0
67.0
74.0
77.0
73.0
49.0
76.0
62.0
56.0
54.0
72.0
75.0
63.0
76.0
76.0
70.0
73.0
64.0
87.0
78.0
60.0
74.0
87.0
68.0
88.0
76.0
95.0
79.0
55.0
50.0
52.0
71.0
79.0
86.0
61.0
65.0
54.0
66.0
61.0
74.0
73.0
72.0
66.0
68.0
76.0
66.0
77.0
64.0
56.0
52.0
76.0
66.0
61.0
WT 35
15.0
40.0
22.0
48.0
57.0
66.0
58.0
78.0
77.0
58.0
73.0
61.0
75.0
72.0
78.0
75.0
72.0
80.0
64.0
75.0
58.0
72.0
78.0
93.0
74.0
83.0
66.0
74.0
79.0
69.0
69.0
70.0
54.0
73.0
63.0
68.0
54.0
65.0
58.0
72.0
72.0
66.0
73.0
57.0
69.0
73.0
74.0
79.0
70.0
76.0
70.0
74.0
61.0
78.0
85.0
43.0
71.0
70.0
77.0
71.0
71.0
49.0
69.0
62.0
65.0
71.0
79.0
73.0
74.0
67.0
58.0
69.0
72.0
77.0
61.0
62.0
59.0
59.0
62.0
56.0
WT 36
27.0
37.0
20.0
54.0
64.0
73.0
66.0
88.0
67.0
68.0
81.0
68.0
69.0
65.0
79.0
61.0
67.0
77.0
77.0
79.0
44.0
80.0
85.0
72.0
68.0
88.0
60.0
88.0
80.0
72.0
76.0
61.0
53.0
71.0
63.0
59.0
58.0
64.0
58.0
59.0
77.0
64.0
81.0
61.0
63.0
65.0
87.0
64.0
67.0
72.0
71.0
72.0
60.0
65.0
83.0
43.0
52.0
74.0
77.0
71.0
69.0
51.0
65.0
53.0
80.0
60.0
83.0
68.0
82.0
69.0
70.0
63.0
74.0
73.0
81.0
57.0
46.0
59.0
61.0
50.0
WT 37
19.0
35.0
23.0
52.0
49.0
59.0
65.0
84.0
67.0
71.0
63.0
70.0
68.0
61.0
76.0
59.0
71.0
75.0
66.0
86.0
51.0
80.0
81.0
71.0
54.0
86.0
57.0
73.0
72.0
72.0
74.0
58.0
57.0
69.0
81.0
54.0
63.0
69.0
79.0
57.0
90.0
68.0
67.0
65.0
71.0
78.0
72.0
76.0
68.0
67.0
76.0
92.0
56.0
67.0
84.0
37.0
62.0
59.0
65.0
65.0
60.0
49.0
74.0
56.0
81.0
69.0
79.0
70.0
72.0
78.0
64.0
87.0
85.0
64.0
64.0
57.0
53.0
61.0
59.0
51.0
WT 38
13.0
36.0
25.0
40.0
47.0
82.0
52.0
69.0
62.0
90.0
33.0
66.0
104.0
31.0
76.0
75.0
65.0
72.0
72.0
66.0
93.0
38.0
112.0
71.0
37.0
98.0
60.0
57.0
90.0
59.0
73.0
87.0
40.0
66.0
63.0
66.0
80.0
79.0
53.0
66.0
72.0
66.0
97.0
63.0
78.0
64.0
78.0
44.0
116.0
18.0
123.0
25.0
126.0
15.0
75.0
110.0
3.0
132.0
3.0
155.0
19.0
47.0
150.0
59.0
22.0
63.0
173.0
7.0
71.0
151.0
69.0
26.0
74.0
176.0
62.0
41.0
56.0
63.0
68.0
139.0
WT 39
16.0
29.0
20.0
54.0
53.0
63.0
66.0
68.0
75.0
45.0
101.0
60.0
35.0
97.0
62.0
71.0
63.0
82.0
80.0
76.0
25.0
100.0
46.0
75.0
93.0
45.0
64.0
93.0
61.0
82.0
67.0
64.0
74.0
68.0
64.0
69.0
45.0
73.0
72.0
69.0
84.0
81.0
37.0
70.0
67.0
80.0
72.0
106.0
29.0
127.0
11.0
139.0
11.0
132.0
79.0
30.0
128.0
15.0
137.0
2.0
143.0
50.0
24.0
60.0
167.0
62.0
7.0
159.0
66.0
3.0
56.0
159.0
81.0
31.0
57.0
155.0
48.0
56.0
65.0
5.0
WT 40
19.0
42.0
25.0
52.0
71.0
65.0
72.0
78.0
70.0
67.0
72.0
66.0
75.0
59.0
76.0
69.0
67.0
76.0
74.0
71.0
51.0
73.0
72.0
84.0
60.0
80.0
72.0
61.0
81.0
70.0
74.0
60.0
47.0
57.0
68.0
47.0
54.0
61.0
65.0
58.0
82.0
73.0
85.0
66.0
70.0
69.0
68.0
77.0
74.0
85.0
64.0
79.0
62.0
80.0
92.0
39.0
54.0
63.0
76.0
70.0
58.0
50.0
60.0
68.0
76.0
56.0
74.0
61.0
78.0
62.0
72.0
70.0
68.0
68.0
59.0
63.0
64.0
66.0
60.0
62.0
WT 41
15.0
46.0
20.0
56.0
57.0
64.0
69.0
72.0
62.0
65.0
71.0
77.0
87.0
59.0
74.0
69.0
70.0
74.0
78.0
73.0
53.0
80.0
76.0
79.0
67.0
93.0
68.0
80.0
72.0
76.0
64.0
69.0
50.0
62.0
68.0
59.0
60.0
73.0
71.0
68.0
84.0
68.0
66.0
72.0
72.0
59.0
77.0
76.0
68.0
66.0
68.0
77.0
59.0
75.0
77.0
42.0
58.0
71.0
81.0
56.0
72.0
49.0
76.0
68.0
73.0
74.0
78.0
61.0
72.0
81.0
67.0
74.0
70.0
74.0
82.0
51.0
50.0
57.0
58.0
52.0
WT 42
16.0
30.0
29.0
57.0
50.0
66.0
59.0
65.0
72.0
63.0
65.0
60.0
78.0
63.0
77.0
68.0
61.0
78.0
69.0
78.0
46.0
79.0
91.0
77.0
57.0
83.0
65.0
78.0
76.0
73.0
73.0
59.0
54.0
77.0
71.0
64.0
62.0
68.0
57.0
69.0
75.0
66.0
78.0
68.0
66.0
64.0
81.0
75.0
74.0
70.0
76.0
64.0
57.0
73.0
78.0
43.0
52.0
68.0
67.0
71.0
63.0
49.0
73.0
63.0
65.0
59.0
74.0
70.0
72.0
74.0
59.0
61.0
77.0
76.0
61.0
54.0
66.0
57.0
64.0
58.0
WT 43
14.0
27.0
31.0
55.0
56.0
82.0
62.0
73.0
75.0
77.0
74.0
77.0
70.0
73.0
69.0
80.0
74.0
78.0
80.0
68.0
47.0
79.0
79.0
77.0
67.0
74.0
54.0
80.0
78.0
74.0
78.0
76.0
50.0
65.0
74.0
64.0
56.0
77.0
59.0
63.0
63.0
70.0
76.0
71.0
56.0
69.0
92.0
65.0
62.0
66.0
73.0
79.0
66.0
73.0
82.0
47.0
54.0
73.0
69.0
83.0
63.0
43.0
60.0
61.0
72.0
66.0
76.0
58.0
79.0
71.0
72.0
67.0
74.0
75.0
63.0
64.0
68.0
72.0
56.0
55.0
WT 44
23.0
30.0
26.0
66.0
54.0
63.0
61.0
69.0
64.0
62.0
69.0
75.0
72.0
62.0
73.0
65.0
63.0
69.0
67.0
77.0
47.0
89.0
65.0
74.0
63.0
79.0
68.0
71.0
72.0
64.0
78.0
71.0
56.0
70.0
58.0
58.0
64.0
61.0
65.0
72.0
80.0
66.0
73.0
58.0
69.0
57.0
73.0
76.0
67.0
77.0
67.0
73.0
65.0
70.0
90.0
42.0
53.0
65.0
62.0
59.0
70.0
52.0
59.0
57.0
78.0
65.0
77.0
65.0
71.0
75.0
69.0
71.0
70.0
69.0
59.0
57.0
57.0
67.0
62.0
61.0
WT 45
17.0
40.0
28.0
56.0
55.0
70.0
74.0
85.0
62.0
67.0
72.0
68.0
78.0
69.0
76.0
73.0
67.0
78.0
72.0
73.0
51.0
81.0
77.0
84.0
69.0
76.0
80.0
69.0
79.0
85.0
67.0
74.0
45.0
67.0
67.0
58.0
60.0
69.0
68.0
69.0
80.0
66.0
64.0
61.0
62.0
72.0
79.0
80.0
70.0
75.0
76.0
71.0
64.0
80.0
90.0
40.0
53.0
62.0
77.0
82.0
67.0
48.0
55.0
55.0
68.0
66.0
76.0
65.0
71.0
69.0
65.0
70.0
77.0
82.0
56.0
58.0
61.0
62.0
62.0
56.0
WT 46
20.0
38.0
26.0
48.0
60.0
67.0
52.0
66.0
67.0
66.0
85.0
67.0
74.0
61.0
73.0
63.0
62.0
67.0
68.0
78.0
51.0
71.0
83.0
76.0
54.0
78.0
59.0
73.0
73.0
62.0
79.0
73.0
54.0
69.0
60.0
62.0
56.0
65.0
60.0
72.0
78.0
71.0
78.0
69.0
68.0
63.0
79.0
67.0
81.0
90.0
70.0
84.0
84.0
69.0
77.0
41.0
58.0
62.0
75.0
74.0
71.0
49.0
65.0
69.0
61.0
72.0
79.0
71.0
70.0
80.0
62.0
71.0
74.0
75.0
53.0
59.0
57.0
54.0
58.0
51.0
WT 47
15.0
32.0
28.0
57.0
56.0
71.0
68.0
76.0
60.0
60.0
72.0
64.0
76.0
66.0
72.0
76.0
67.0
77.0
72.0
77.0
43.0
74.0
84.0
68.0
67.0
87.0
57.0
77.0
73.0
77.0
72.0
70.0
56.0
53.0
70.0
59.0
61.0
65.0
71.0
66.0
87.0
77.0
81.0
66.0
63.0
65.0
74.0
70.0
75.0
78.0
70.0
69.0
63.0
77.0
92.0
43.0
50.0
62.0
69.0
74.0
65.0
43.0
62.0
58.0
67.0
68.0
78.0
63.0
64.0
74.0
57.0
62.0
90.0
64.0
66.0
50.0
45.0
67.0
67.0
52.0
WT 48
21.0
39.0
24.0
60.0
53.0
63.0
70.0
55.0
69.0
70.0
57.0
60.0
74.0
71.0
66.0
67.0
68.0
80.0
67.0
78.0
47.0
80.0
82.0
82.0
66.0
82.0
65.0
71.0
77.0
65.0
68.0
72.0
50.0
69.0
65.0
57.0
63.0
69.0
65.0
73.0
83.0
63.0
67.0
62.0
68.0
77.0
82.0
73.0
70.0
71.0
75.0
69.0
62.0
79.0
78.0
40.0
57.0
76.0
68.0
89.0
63.0
68.0
67.0
58.0
71.0
75.0
87.0
65.0
74.0
79.0
62.0
61.0
86.0
74.0
60.0
73.0
66.0
59.0
84.0
52.0
WT 49
16.0
34.0
21.0
53.0
58.0
80.0
68.0
68.0
66.0
57.0
79.0
59.0
81.0
55.0
74.0
86.0
59.0
72.0
72.0
83.0
61.0
71.0
79.0
86.0
72.0
84.0
60.0
82.0
80.0
73.0
68.0
65.0
49.0
66.0
55.0
53.0
63.0
84.0
60.0
78.0
92.0
69.0
67.0
71.0
66.0
71.0
86.0
71.0
85.0
81.0
73.0
80.0
74.0
64.0
84.0
47.0
68.0
61.0
73.0
85.0
65.0
59.0
67.0
67.0
73.0
68.0
86.0
64.0
65.0
65.0
64.0
65.0
79.0
68.0
53.0
49.0
55.0
55.0
69.0
51.0
WT 50
17.0
29.0
21.0
51.0
69.0
83.0
75.0
76.0
70.0
75.0
71.0
60.0
66.0
70.0
72.0
62.0
68.0
71.0
63.0
72.0
59.0
74.0
76.0
71.0
61.0
59.0
69.0
70.0
79.0
70.0
69.0
71.0
49.0
61.0
60.0
68.0
69.0
62.0
58.0
75.0
70.0
73.0
72.0
71.0
55.0
74.0
84.0
78.0
69.0
69.0
67.0
74.0
53.0
78.0
81.0
44.0
51.0
65.0
91.0
64.0
59.0
48.0
67.0
51.0
71.0
62.0
73.0
69.0
81.0
71.0
59.0
83.0
76.0
64.0
66.0
50.0
50.0
62.0
60.0
56.0
WT 51
23.0
41.0
28.0
57.0
58.0
69.0
76.0
66.0
60.0
63.0
84.0
61.0
68.0
70.0
81.0
79.0
59.0
85.0
83.0
81.0
61.0
79.0
73.0
71.0
70.0
83.0
57.0
79.0
77.0
68.0
87.0
80.0
56.0
73.0
60.0
49.0
60.0
77.0
59.0
65.0
67.0
64.0
83.0
66.0
69.0
67.0
78.0
75.0
76.0
78.0
75.0
89.0
79.0
88.0
92.0
43.0
56.0
71.0
83.0
81.0
58.0
55.0
62.0
70.0
70.0
65.0
71.0
75.0
76.0
70.0
61.0
70.0
84.0
74.0
68.0
70.0
56.0
61.0
61.0
58.0
WT 52
23.0
34.0
20.0
55.0
44.0
64.0
58.0
60.0
62.0
68.0
70.0
74.0
76.0
65.0
70.0
69.0
64.0
67.0
75.0
85.0
55.0
78.0
77.0
74.0
64.0
82.0
51.0
81.0
71.0
67.0
68.0
72.0
46.0
66.0
74.0
58.0
58.0
70.0
65.0
79.0
80.0
75.0
76.0
69.0
63.0
77.0
75.0
73.0
77.0
68.0
68.0
75.0
64.0
73.0
73.0
44.0
53.0
72.0
72.0
83.0
60.0
48.0
67.0
65.0
64.0
62.0
79.0
78.0
70.0
66.0
69.0
66.0
69.0
77.0
55.0
69.0
68.0
70.0
63.0
72.0
WT 53
13.0
34.0
36.0
43.0
54.0
59.0
64.0
75.0
71.0
73.0
70.0
58.0
71.0
71.0
79.0
70.0
59.0
82.0
64.0
79.0
46.0
74.0
71.0
74.0
73.0
82.0
66.0
68.0
75.0
62.0
69.0
77.0
58.0
69.0
69.0
58.0
58.0
62.0
62.0
67.0
78.0
76.0
85.0
66.0
80.0
68.0
81.0
63.0
76.0
72.0
66.0
80.0
59.0
71.0
76.0
34.0
63.0
71.0
67.0
75.0
71.0
51.0
65.0
56.0
78.0
69.0
80.0
65.0
66.0
64.0
64.0
74.0
77.0
71.0
64.0
66.0
56.0
74.0
65.0
76.0
WT 54
18.0
40.0
24.0
45.0
53.0
80.0
60.0
66.0
68.0
73.0
70.0
65.0
69.0
65.0
84.0
69.0
60.0
73.0
65.0
78.0
55.0
83.0
80.0
76.0
82.0
72.0
73.0
66.0
72.0
66.0
71.0
73.0
58.0
74.0
67.0
62.0
68.0
62.0
72.0
80.0
94.0
70.0
71.0
74.0
61.0
69.0
87.0
69.0
70.0
78.0
71.0
74.0
60.0
74.0
81.0
45.0
53.0
69.0
67.0
73.0
68.0
51.0
62.0
57.0
74.0
75.0
73.0
76.0
76.0
70.0
60.0
72.0
65.0
79.0
61.0
55.0
61.0
63.0
65.0
50.0
WT 55
19.0
30.0
28.0
50.0
48.0
78.0
73.0
50.0
68.0
67.0
80.0
66.0
71.0
61.0
80.0
71.0
83.0
80.0
66.0
100.0
56.0
76.0
80.0
45.0
78.0
79.0
56.0
87.0
78.0
61.0
61.0
64.0
49.0
69.0
58.0
56.0
66.0
119.0
64.0
21.0
85.0
113.0
79.0
21.0
106.0
67.0
22.0
133.0
15.0
149.0
9.0
85.0
121.0
77.0
71.0
4.0
51.0
70.0
123.0
66.0
79.0
46.0
0.0
122.0
68.0
25.0
128.0
29.0
115.0
70.0
21.0
74.0
103.0
78.0
26.0
64.0
93.0
38.0
75.0
49.0
WT 56
18.0
30.0
33.0
52.0
52.0
67.0
57.0
89.0
62.0
61.0
65.0
61.0
66.0
93.0
78.0
72.0
56.0
86.0
90.0
53.0
52.0
81.0
70.0
113.0
49.0
78.0
70.0
58.0
70.0
71.0
88.0
62.0
52.0
78.0
73.0
69.0
63.0
21.0
58.0
128.0
84.0
20.0
74.0
113.0
19.0
65.0
126.0
16.0
139.0
14.0
143.0
85.0
1.0
75.0
77.0
95.0
65.0
63.0
19.0
70.0
61.0
48.0
117.0
7.0
81.0
125.0
25.0
124.0
28.0
67.0
98.0
70.0
40.0
70.0
103.0
67.0
24.0
81.0
56.0
63.0
WT 57
19.0
36.0
25.0
48.0
52.0
76.0
63.0
65.0
69.0
80.0
78.0
57.0
80.0
58.0
90.0
71.0
54.0
66.0
79.0
86.0
54.0
81.0
84.0
81.0
70.0
88.0
55.0
66.0
71.0
67.0
85.0
69.0
52.0
63.0
64.0
60.0
57.0
67.0
74.0
67.0
75.0
60.0
70.0
63.0
63.0
63.0
72.0
78.0
67.0
84.0
93.0
80.0
77.0
81.0
69.0
51.0
50.0
69.0
88.0
83.0
58.0
41.0
66.0
55.0
74.0
63.0
81.0
70.0
78.0
70.0
56.0
72.0
70.0
79.0
58.0
62.0
66.0
69.0
64.0
54.0
WT 58
15.0
42.0
22.0
57.0
44.0
69.0
67.0
76.0
81.0
72.0
67.0
70.0
77.0
63.0
84.0
81.0
74.0
86.0
75.0
68.0
49.0
71.0
86.0
86.0
58.0
79.0
69.0
69.0
64.0
69.0
76.0
69.0
52.0
66.0
79.0
57.0
55.0
63.0
56.0
66.0
75.0
71.0
68.0
66.0
60.0
68.0
77.0
72.0
76.0
83.0
71.0
79.0
64.0
76.0
84.0
41.0
53.0
61.0
73.0
71.0
64.0
42.0
74.0
58.0
67.0
76.0
66.0
71.0
64.0
67.0
59.0
70.0
73.0
78.0
66.0
54.0
57.0
61.0
53.0
57.0
WT 59
18.0
25.0
19.0
54.0
71.0
62.0
62.0
68.0
73.0
52.0
75.0
70.0
63.0
86.0
75.0
68.0
58.0
77.0
67.0
72.0
54.0
67.0
83.0
70.0
65.0
75.0
67.0
87.0
64.0
63.0
69.0
94.0
50.0
68.0
48.0
65.0
92.0
31.0
87.0
55.0
71.0
75.0
94.0
39.0
82.0
65.0
81.0
66.0
83.0
71.0
69.0
84.0
56.0
76.0
71.0
39.0
71.0
50.0
83.0
91.0
49.0
57.0
66.0
55.0
68.0
60.0
93.0
77.0
85.0
62.0
73.0
88.0
62.0
66.0
73.0
45.0
52.0
58.0
130.0
15.0
WT 60
15.0
30.0
24.0
45.0
64.0
79.0
56.0
52.0
70.0
88.0
82.0
57.0
69.0
48.0
71.0
80.0
78.0
68.0
69.0
70.0
49.0
76.0
88.0
70.0
64.0
94.0
54.0
64.0
93.0
64.0
70.0
55.0
49.0
75.0
83.0
69.0
34.0
96.0
29.0
94.0
86.0
66.0
48.0
90.0
38.0
75.0
76.0
67.0
68.0
82.0
80.0
72.0
73.0
75.0
72.0
44.0
57.0
69.0
70.0
82.0
72.0
45.0
54.0
67.0
67.0
75.0
83.0
77.0
78.0
71.0
65.0
70.0
73.0
87.0
46.0
93.0
75.0
70.0
1.0
138.0
WT 61
19.0
29.0
23.0
47.0
60.0
69.0
67.0
68.0
73.0
69.0
70.0
64.0
71.0
63.0
75.0
66.0
77.0
78.0
63.0
76.0
58.0
69.0
73.0
73.0
58.0
94.0
71.0
87.0
75.0
71.0
69.0
72.0
52.0
59.0
65.0
54.0
67.0
68.0
54.0
65.0
75.0
71.0
74.0
63.0
64.0
64.0
70.0
78.0
81.0
79.0
74.0
69.0
52.0
82.0
77.0
37.0
58.0
66.0
69.0
67.0
66.0
62.0
60.0
57.0
64.0
69.0
71.0
75.0
81.0
71.0
71.0
72.0
75.0
68.0
54.0
52.0
54.0
67.0
83.0
52.0
WT 62
18.0
27.0
33.0
46.0
53.0
68.0
70.0
69.0
75.0
73.0
67.0
59.0
74.0
59.0
73.0
69.0
66.0
80.0
71.0
77.0
49.0
71.0
74.0
72.0
55.0
84.0
60.0
78.0
70.0
73.0
71.0
72.0
54.0
66.0
58.0
57.0
66.0
72.0
64.0
68.0
84.0
79.0
81.0
69.0
65.0
71.0
85.0
68.0
75.0
75.0
70.0
77.0
59.0
81.0
72.0
38.0
54.0
59.0
69.0
80.0
66.0
46.0
59.0
63.0
72.0
69.0
74.0
69.0
75.0
69.0
67.0
64.0
70.0
72.0
58.0
76.0
51.0
66.0
72.0
54.0
WT 63
18.0
30.0
22.0
55.0
82.0
76.0
66.0
71.0
50.0
66.0
73.0
54.0
62.0
60.0
75.0
65.0
62.0
88.0
63.0
77.0
53.0
88.0
73.0
69.0
58.0
82.0
59.0
72.0
88.0
72.0
69.0
74.0
49.0
75.0
69.0
63.0
62.0
68.0
64.0
67.0
79.0
77.0
77.0
66.0
69.0
76.0
72.0
68.0
78.0
78.0
59.0
70.0
75.0
68.0
77.0
43.0
59.0
64.0
65.0
72.0
74.0
46.0
59.0
63.0
73.0
70.0
88.0
72.0
77.0
70.0
57.0
69.0
73.0
65.0
78.0
59.0
57.0
53.0
67.0
61.0
