WT 0
144.0
239.0
254.0
335.0
320.0
236.0
384.0
395.0
388.0
299.0
301.0
386.0
350.0
330.0
368.0
443.0
416.0
348.0
359.0
435.0
403.0
374.0
262.0
422.0
450.0
440.0
371.0
367.0
373.0
320.0
420.0
411.0
354.0
375.0
389.0
387.0
428.0
369.0
460.0
386.0
479.0
365.0
463.0
442.0
351.0
418.0
436.0
408.0
392.0
388.0
458.0
352.0
530.0
411.0
411.0
451.0
341.0
407.0
482.0
521.0
414.0
348.0
467.0
533.0
359.0
438.0
372.0
422.0
467.0
418.0
401.0
396.0
405.0
491.0
406.0
386.0
412.0
397.0
401.0
WT 1
124.0
236.0
259.0
326.0
314.0
195.0
391.0
333.0
383.0
315.0
255.0
387.0
343.0
408.0
421.0
444.0
394.0
392.0
392.0
401.0
357.0
370.0
295.0
381.0
424.0
341.0
394.0
348.0
400.0
366.0
443.0
408.0
339.0
370.0
391.0
440.0
425.0
412.0
471.0
429.0
434.0
342.0
487.0
415.0
345.0
439.0
412.0
441.0
391.0
470.0
426.0
440.0
491.0
391.0
368.0
400.0
344.0
379.0
448.0
532.0
359.0
370.0
442.0
469.0
398.0
461.0
420.0
473.0
482.0
375.0
411.0
449.0
408.0
421.0
438.0
388.0
459.0
465.0
438.0
WT 2
128.0
236.0
276.0
279.0
281.0
215.0
399.0
354.0
372.0
310.0
292.0
393.0
354.0
411.0
366.0
375.0
413.0
317.0
375.0
435.0
377.0
370.0
290.0
369.0
409.0
440.0
375.0
360.0
405.0
332.0
441.0
372.0
357.0
349.0
420.0
415.0
442.0
379.0
451.0
435.0
458.0
375.0
467.0
420.0
333.0
439.0
414.0
415.0
372.0
432.0
441.0
401.0
517.0
393.0
353.0
429.0
331.0
424.0
465.0
532.0
391.0
359.0
462.0
496.0
361.0
456.0
448.0
472.0
432.0
392.0
387.0
455.0
415.0
432.0
462.0
347.0
445.0
414.0
404.0
WT 3
119.0
213.0
280.0
301.0
343.0
184.0
380.0
389.0
405.0
299.0
220.0
368.0
372.0
357.0
360.0
424.0
456.0
364.0
341.0
466.0
391.0
347.0
304.0
410.0
379.0
339.0
422.0
307.0
387.0
330.0
400.0
405.0
358.0
414.0
365.0
458.0
477.0
435.0
449.0
372.0
488.0
343.0
473.0
421.0
320.0
411.0
444.0
444.0
425.0
430.0
419.0
398.0
464.0
400.0
428.0
436.0
354.0
401.0
447.0
503.0
400.0
385.0
403.0
476.0
396.0
444.0
421.0
447.0
459.0
451.0
375.0
446.0
424.0
415.0
433.0
412.0
446.0
438.0
385.0
WT 4
123.0
200.0
263.0
305.0
310.0
195.0
362.0
411.0
416.0
368.0
230.0
385.0
398.0
350.0
331.0
438.0
325.0
365.0
405.0
433.0
338.0
328.0
304.0
390.0
398.0
376.0
374.0
394.0
398.0
343.0
431.0
449.0
382.0
413.0
409.0
494.0
455.0
416.0
463.0
423.0
490.0
371.0
457.0
425.0
369.0
461.0
447.0
469.0
426.0
434.0
442.0
413.0
511.0
427.0
364.0
444.0
329.0
407.0
450.0
534.0
385.0
377.0
396.0
516.0
345.0
416.0
387.0
444.0
457.0
427.0
417.0
443.0
433.0
445.0
401.0
372.0
469.0
443.0
363.0
WT 5
130.0
257.0
281.0
295.0
336.0
201.0
395.0
405.0
344.0
337.0
238.0
348.0
325.0
387.0
398.0
392.0
363.0
385.0
361.0
462.0
369.0
368.0
311.0
374.0
365.0
385.0
400.0
346.0
328.0
335.0
421.0
388.0
376.0
382.0
360.0
452.0
443.0
382.0
449.0
402.0
488.0
351.0
502.0
429.0
378.0
461.0
380.0
466.0
400.0
409.0
458.0
375.0
484.0
433.0
404.0
429.0
379.0
365.0
427.0
490.0
423.0
381.0
468.0
479.0
373.0
434.0
440.0
456.0
465.0
422.0
423.0
438.0
437.0
391.0
424.0
409.0
418.0
418.0
372.0
WT 6
149.0
206.0
255.0
328.0
316.0
181.0
398.0
336.0
394.0
305.0
279.0
354.0
342.0
389.0
402.0
356.0
404.0
332.0
359.0
448.0
398.0
389.0
290.0
381.0
428.0
399.0
381.0
302.0
419.0
370.0
467.0
380.0
355.0
423.0
349.0
451.0
392.0
372.0
398.0
358.0
462.0
353.0
495.0
402.0
346.0
431.0
425.0
435.0
394.0
436.0
426.0
353.0
478.0
408.0
438.0
396.0
331.0
381.0
426.0
527.0
420.0
348.0
411.0
455.0
331.0
375.0
410.0
462.0
479.0
396.0
385.0
478.0
378.0
386.0
383.0
372.0
426.0
428.0
406.0
WT 7
136.0
222.0
275.0
266.0
292.0
164.0
422.0
404.0
376.0
293.0
237.0
351.0
360.0
447.0
393.0
412.0
420.0
358.0
401.0
417.0
366.0
357.0
297.0
411.0
407.0
382.0
374.0
341.0
411.0
365.0
448.0
365.0
353.0
409.0
430.0
410.0
418.0
424.0
493.0
414.0
484.0
398.0
478.0
416.0
333.0
489.0
420.0
429.0
430.0
412.0
455.0
458.0
520.0
388.0
404.0
418.0
346.0
388.0
436.0
493.0
403.0
373.0
467.0
452.0
366.0
440.0
434.0
473.0
403.0
347.0
388.0
467.0
404.0
429.0
420.0
399.0
451.0
436.0
419.0
