WT 0
75.0
95.0
128.0
215.0
96.0
142.0
272.0
126.0
278.0
298.0
128.0
109.0
180.0
300.0
233.0
209.0
277.0
272.0
165.0
203.0
277.0
139.0
303.0
179.0
268.0
217.0
158.0
272.0
269.0
221.0
268.0
252.0
180.0
216.0
121.0
237.0
277.0
287.0
298.0
201.0
320.0
284.0
255.0
138.0
310.0
48.0
376.0
137.0
272.0
404.0
111.0
238.0
205.0
261.0
418.0
95.0
262.0
361.0
252.0
168.0
364.0
138.0
336.0
88.0
327.0
122.0
230.0
227.0
235.0
237.0
285.0
380.0
269.0
107.0
242.0
366.0
114.0
393.0
209.0
239.0
WT 1
55.0
127.0
139.0
160.0
95.0
227.0
166.0
249.0
275.0
180.0
242.0
112.0
172.0
199.0
288.0
208.0
282.0
266.0
170.0
240.0
164.0
279.0
179.0
291.0
245.0
132.0
167.0
330.0
240.0
240.0
254.0
225.0
236.0
162.0
130.0
259.0
270.0
279.0
280.0
269.0
235.0
271.0
254.0
284.0
135.0
239.0
161.0
409.0
261.0
118.0
371.0
261.0
216.0
239.0
121.0
392.0
272.0
76.0
275.0
409.0
118.0
372.0
125.0
299.0
76.0
387.0
231.0
214.0
281.0
238.0
279.0
83.0
246.0
426.0
243.0
72.0
389.0
86.0
223.0
266.0
WT 2
66.0
104.0
107.0
180.0
98.0
204.0
231.0
173.0
272.0
228.0
190.0
114.0
185.0
218.0
251.0
199.0
303.0
247.0
157.0
233.0
226.0
241.0
252.0
242.0
252.0
152.0
149.0
299.0
255.0
232.0
241.0
253.0
187.0
188.0
127.0
231.0
290.0
284.0
285.0
227.0
269.0
248.0
247.0
223.0
221.0
146.0
261.0
288.0
268.0
252.0
257.0
264.0
211.0
248.0
272.0
253.0
263.0
228.0
261.0
278.0
246.0
239.0
239.0
202.0
214.0
265.0
232.0
219.0
247.0
221.0
257.0
237.0
261.0
290.0
235.0
255.0
255.0
230.0
213.0
262.0
WT 3
80.0
107.0
176.0
196.0
92.0
183.0
223.0
164.0
291.0
253.0
190.0
115.0
171.0
254.0
270.0
208.0
299.0
280.0
161.0
227.0
222.0
209.0
251.0
226.0
258.0
157.0
164.0
317.0
246.0
248.0
232.0
252.0
209.0
194.0
133.0
234.0
270.0
292.0
290.0
242.0
241.0
254.0
252.0
220.0
240.0
158.0
289.0
270.0
254.0
262.0
244.0
248.0
202.0
235.0
266.0
265.0
276.0
222.0
279.0
292.0
236.0
240.0
252.0
183.0
197.0
272.0
241.0
234.0
269.0
220.0
261.0
233.0
263.0
272.0
248.0
233.0
235.0
223.0
207.0
274.0
WT 4
71.0
113.0
148.0
194.0
80.0
234.0
230.0
166.0
279.0
233.0
184.0
120.0
177.0
262.0
247.0
203.0
306.0
249.0
173.0
215.0
234.0
237.0
250.0
257.0
265.0
158.0
154.0
308.0
244.0
241.0
259.0
244.0
186.0
209.0
133.0
248.0
262.0
261.0
291.0
228.0
275.0
239.0
251.0
202.0
229.0
150.0
286.0
257.0
274.0
257.0
252.0
247.0
204.0
249.0
276.0
257.0
284.0
234.0
254.0
280.0
251.0
230.0
243.0
173.0
218.0
257.0
209.0
224.0
228.0
226.0
276.0
226.0
253.0
258.0
234.0
238.0
256.0
241.0
219.0
254.0
WT 5
65.0
110.0
127.0
189.0
104.0
191.0
220.0
181.0
277.0
251.0
200.0
101.0
171.0
237.0
246.0
220.0
286.0
252.0
178.0
220.0
222.0
221.0
245.0
219.0
274.0
171.0
161.0
336.0
260.0
239.0
269.0
259.0
188.0
198.0
130.0
235.0
272.0
282.0
282.0
213.0
265.0
240.0
254.0
191.0
217.0
151.0
268.0
251.0
265.0
269.0
254.0
265.0
219.0
227.0
261.0
254.0
270.0
224.0
276.0
292.0
249.0
245.0
236.0
220.0
179.0
264.0
232.0
237.0
247.0
245.0
264.0
230.0
275.0
279.0
237.0
249.0
259.0
243.0
210.0
270.0
WT 6
60.0
100.0
146.0
189.0
107.0
214.0
207.0
186.0
258.0
248.0
195.0
119.0
185.0
266.0
259.0
212.0
313.0
278.0
182.0
221.0
232.0
236.0
232.0
252.0
254.0
156.0
159.0
304.0
268.0
236.0
245.0
261.0
189.0
187.0
121.0
219.0
272.0
295.0
296.0
224.0
262.0
269.0
249.0
217.0
222.0
153.0
269.0
252.0
257.0
259.0
234.0
273.0
227.0
248.0
254.0
241.0
254.0
214.0
286.0
291.0
259.0
257.0
247.0
213.0
203.0
267.0
240.0
230.0
234.0
216.0
271.0
233.0
277.0
256.0
224.0
227.0
246.0
239.0
206.0
264.0
WT 7
68.0
110.0
120.0
173.0
95.0
200.0
223.0
186.0
235.0
247.0
157.0
111.0
170.0
247.0
266.0
216.0
295.0
277.0
176.0
215.0
212.0
222.0
255.0
237.0
250.0
149.0
174.0
319.0
235.0
249.0
255.0
248.0
203.0
178.0
131.0
240.0
306.0
281.0
280.0
233.0
262.0
247.0
272.0
228.0
221.0
162.0
268.0
282.0
279.0
256.0
227.0
259.0
206.0
229.0
249.0
243.0
269.0
226.0
268.0
286.0
241.0
270.0
252.0
188.0
201.0
273.0
214.0
219.0
237.0
221.0
260.0
238.0
250.0
260.0
233.0
215.0
254.0
237.0
214.0
254.0
WT 8
75.0
137.0
143.0
186.0
102.0
198.0
231.0
173.0
275.0
226.0
188.0
118.0
175.0
258.0
233.0
201.0
270.0
275.0
164.0
208.0
254.0
208.0
250.0
249.0
239.0
185.0
166.0
307.0
250.0
258.0
252.0
243.0
197.0
194.0
130.0
232.0
295.0
276.0
291.0
222.0
270.0
233.0
257.0
219.0
230.0
142.0
252.0
257.0
258.0
253.0
231.0
260.0
226.0
246.0
264.0
280.0
272.0
225.0
269.0
282.0
249.0
253.0
236.0
205.0
196.0
248.0
221.0
248.0
276.0
222.0
265.0
232.0
254.0
284.0
214.0
232.0
240.0
240.0
200.0
249.0
WT 9
62.0
116.0
130.0
198.0
61.0
172.0
274.0
199.0
162.0
379.0
18.0
116.0
330.0
240.0
236.0
100.0
375.0
171.0
180.0
290.0
193.0
274.0
274.0
239.0
287.0
62.0
285.0
186.0
395.0
101.0
260.0
390.0
78.0
334.0
16.0
239.0
356.0
175.0
401.0
220.0
265.0
181.0
307.0
193.0
180.0
223.0
223.0
332.0
284.0
249.0
242.0
262.0
202.0
196.0
255.0
244.0
355.0
222.0
289.0
209.0
256.0
247.0
252.0
209.0
301.0
269.0
209.0
108.0
254.0
209.0
259.0
371.0
133.0
252.0
398.0
70.0
234.0
393.0
215.0
124.0
WT 10
77.0
105.0
140.0
161.0
121.0
208.0
128.0
166.0
391.0
99.0
337.0
102.0
25.0
254.0
281.0
292.0
195.0
344.0
156.0
191.0
260.0
213.0
249.0
224.0
251.0
282.0
37.0
444.0
127.0
375.0
262.0
136.0
323.0
100.0
219.0
230.0
178.0
368.0
196.0
244.0
293.0
294.0
202.0
194.0
283.0
124.0
312.0
234.0
264.0
264.0
257.0
254.0
206.0
302.0
273.0
250.0
185.0
237.0
277.0
382.0
255.0
256.0
263.0
213.0
71.0
245.0
228.0
368.0
261.0
213.0
256.0
96.0
406.0
260.0
91.0
360.0
248.0
104.0
200.0
424.0
WT 11
71.0
118.0
112.0
149.0
97.0
200.0
227.0
179.0
270.0
241.0
184.0
123.0
187.0
252.0
262.0
208.0
296.0
269.0
155.0
245.0
246.0
240.0
239.0
208.0
260.0
165.0
165.0
335.0
258.0
263.0
243.0
249.0
186.0
186.0
121.0
239.0
287.0
274.0
281.0
224.0
281.0
257.0
259.0
218.0
238.0
151.0
286.0
271.0
258.0
242.0
272.0
275.0
203.0
265.0
279.0
259.0
270.0
238.0
256.0
288.0
252.0
260.0
239.0
200.0
208.0
281.0
216.0
243.0
271.0
214.0
248.0
242.0
272.0
299.0
245.0
221.0
260.0
253.0
193.0
265.0
WT 12
79.0
110.0
132.0
186.0
101.0
174.0
196.0
174.0
292.0
246.0
203.0
120.0
185.0
249.0
269.0
212.0
303.0
282.0
170.0
230.0
222.0
229.0
232.0
243.0
238.0
151.0
182.0
309.0
254.0
218.0
254.0
261.0
192.0
212.0
113.0
211.0
274.0
269.0
289.0
223.0
294.0
246.0
250.0
216.0
222.0
141.0
287.0
290.0
267.0
263.0
253.0
260.0
221.0
240.0
265.0
247.0
265.0
205.0
250.0
276.0
260.0
260.0
257.0
231.0
187.0
266.0
223.0
232.0
256.0
225.0
266.0
235.0
265.0
264.0
245.0
229.0
265.0
230.0
197.0
242.0
WT 13
67.0
125.0
146.0
177.0
94.0
184.0
220.0
194.0
250.0
235.0
180.0
116.0
174.0
238.0
283.0
191.0
285.0
269.0
191.0
212.0
228.0
178.0
241.0
283.0
253.0
134.0
163.0
348.0
214.0
242.0
296.0
195.0
273.0
115.0
207.0
229.0
229.0
282.0
302.0
236.0
308.0
229.0
257.0
192.0
224.0
146.0
316.0
263.0
202.0
238.0
239.0
246.0
221.0
390.0
264.0
146.0
264.0
291.0
276.0
292.0
261.0
260.0
165.0
316.0
181.0
258.0
202.0
238.0
159.0
216.0
372.0
250.0
260.0
129.0
252.0
380.0
260.0
236.0
257.0
261.0
WT 14
71.0
125.0
150.0
152.0
89.0
197.0
237.0
168.0
297.0
217.0
173.0
109.0
176.0
252.0
253.0
222.0
280.0
243.0
164.0
218.0
224.0
249.0
259.0
191.0
262.0
194.0
160.0
288.0
286.0
236.0
211.0
328.0
121.0
280.0
34.0
252.0
378.0
268.0
284.0
227.0
241.0
251.0
254.0
236.0
229.0
146.0
221.0
266.0
308.0
280.0
258.0
275.0
216.0
111.0
280.0
353.0
265.0
132.0
270.0
263.0
262.0
273.0
352.0
97.0
201.0
255.0
219.0
230.0
352.0
219.0
172.0
226.0
263.0
393.0
250.0
82.0
244.0
228.0
213.0
271.0
WT 15
67.0
106.0
128.0
185.0
83.0
209.0
229.0
203.0
279.0
259.0
192.0
116.0
170.0
224.0
257.0
206.0
278.0
233.0
183.0
215.0
213.0
214.0
232.0
259.0
253.0
157.0
166.0
312.0
252.0
257.0
245.0
236.0
191.0
212.0
126.0
230.0
284.0
281.0
287.0
226.0
246.0
242.0
251.0
210.0
233.0
147.0
256.0
257.0
252.0
240.0
246.0
272.0
196.0
257.0
249.0
236.0
282.0
221.0
264.0
287.0
245.0
262.0
255.0
219.0
177.0
288.0
235.0
243.0
285.0
237.0
278.0
254.0
276.0
263.0
232.0
243.0
254.0
249.0
246.0
278.0
