WT 0
19.0
26.0
32.0
33.0
31.0
29.0
35.0
34.0
36.0
29.0
39.0
38.0
39.0
31.0
35.0
37.0
38.0
39.0
48.0
22.0
43.0
30.0
27.0
37.0
45.0
34.0
31.0
54.0
40.0
21.0
35.0
37.0
47.0
35.0
23.0
40.0
35.0
39.0
38.0
27.0
38.0
36.0
35.0
40.0
33.0
33.0
36.0
35.0
38.0
37.0
38.0
40.0
48.0
38.0
33.0
39.0
42.0
31.0
42.0
32.0
34.0
44.0
28.0
37.0
36.0
46.0
38.0
29.0
35.0
42.0
27.0
35.0
38.0
46.0
35.0
29.0
34.0
35.0
48.0
25.0
WT 1
17.0
28.0
31.0
33.0
31.0
31.0
35.0
33.0
34.0
37.0
41.0
27.0
37.0
43.0
30.0
44.0
38.0
27.0
40.0
38.0
41.0
29.0
35.0
40.0
25.0
34.0
46.0
30.0
38.0
38.0
53.0
34.0
24.0
36.0
39.0
39.0
33.0
40.0
29.0
37.0
33.0
34.0
35.0
36.0
35.0
34.0
33.0
49.0
37.0
35.0
39.0
31.0
40.0
40.0
36.0
54.0
22.0
49.0
25.0
35.0
42.0
33.0
38.0
42.0
28.0
41.0
38.0
35.0
43.0
27.0
33.0
46.0
37.0
29.0
35.0
37.0
34.0
36.0
35.0
37.0
WT 2
18.0
30.0
30.0
31.0
31.0
33.0
33.0
31.0
33.0
31.0
39.0
47.0
36.0
35.0
39.0
27.0
37.0
47.0
32.0
40.0
28.0
29.0
44.0
35.0
39.0
35.0
41.0
29.0
34.0
53.0
23.0
36.0
34.0
36.0
45.0
24.0
51.0
22.0
33.0
43.0
30.0
40.0
37.0
30.0
42.0
34.0
37.0
32.0
35.0
34.0
42.0
47.0
32.0
38.0
50.0
32.0
33.0
36.0
38.0
34.0
37.0
39.0
45.0
27.0
44.0
32.0
37.0
44.0
26.0
38.0
39.0
30.0
35.0
37.0
38.0
43.0
35.0
38.0
28.0
45.0
WT 3
18.0
30.0
35.0
31.0
29.0
32.0
34.0
32.0
31.0
33.0
38.0
37.0
37.0
35.0
35.0
40.0
34.0
42.0
40.0
33.0
38.0
31.0
35.0
38.0
34.0
35.0
39.0
37.0
42.0
35.0
35.0
36.0
37.0
35.0
37.0
33.0
40.0
32.0
35.0
35.0
34.0
36.0
40.0
36.0
38.0
36.0
39.0
41.0
36.0
35.0
36.0
39.0
40.0
37.0
41.0
39.0
29.0
41.0
34.0
34.0
38.0
39.0
35.0
38.0
37.0
40.0
37.0
37.0
33.0
38.0
32.0
34.0
38.0
37.0
38.0
37.0
36.0
33.0
40.0
33.0
WT 4
20.0
26.0
30.0
31.0
31.0
35.0
35.0
32.0
33.0
31.0
39.0
39.0
37.0
36.0
36.0
37.0
35.0
38.0
40.0
36.0
40.0
29.0
36.0
37.0
35.0
38.0
39.0
31.0
37.0
39.0
36.0
37.0
37.0
37.0
38.0
35.0
41.0
34.0
34.0
35.0
34.0
37.0
37.0
34.0
36.0
34.0
39.0
37.0
37.0
37.0
36.0
38.0
42.0
38.0
36.0
41.0
34.0
37.0
37.0
34.0
36.0
37.0
36.0
37.0
36.0
39.0
38.0
35.0
34.0
36.0
34.0
33.0
37.0
42.0
34.0
37.0
35.0
35.0
37.0
35.0
WT 5
20.0
25.0
29.0
31.0
31.0
33.0
36.0
32.0
31.0
37.0
35.0
38.0
36.0
37.0
38.0
34.0
37.0
37.0
35.0
35.0
39.0
31.0
37.0
36.0
37.0
33.0
39.0
34.0
36.0
37.0
35.0
35.0
37.0
36.0
39.0
31.0
39.0
33.0
39.0
33.0
33.0
36.0
38.0
34.0
35.0
37.0
39.0
40.0
39.0
36.0
37.0
38.0
38.0
39.0
39.0
38.0
35.0
38.0
34.0
34.0
31.0
38.0
33.0
36.0
37.0
39.0
36.0
37.0
33.0
36.0
32.0
35.0
36.0
39.0
35.0
35.0
36.0
38.0
35.0
34.0
WT 6
17.0
28.0
28.0
31.0
33.0
33.0
35.0
35.0
31.0
33.0
41.0
42.0
33.0
34.0
45.0
30.0
43.0
28.0
47.0
36.0
37.0
30.0
36.0
35.0
37.0
37.0
29.0
49.0
27.0
39.0
35.0
48.0
36.0
23.0
36.0
47.0
41.0
34.0
20.0
35.0
48.0
36.0
20.0
32.0
55.0
35.0
15.0
64.0
13.0
36.0
60.0
15.0
61.0
14.0
62.0
37.0
36.0
40.0
34.0
33.0
22.0
41.0
36.0
38.0
35.0
36.0
37.0
36.0
33.0
51.0
19.0
35.0
37.0
52.0
32.0
28.0
36.0
38.0
37.0
36.0
WT 7
17.0
24.0
30.0
34.0
31.0
35.0
36.0
32.0
35.0
31.0
40.0
39.0
40.0
38.0
29.0
44.0
29.0
46.0
27.0
37.0
39.0
28.0
38.0
35.0
37.0
35.0
49.0
27.0
50.0
38.0
36.0
22.0
35.0
52.0
35.0
22.0
40.0
32.0
50.0
35.0
18.0
39.0
49.0
34.0
15.0
35.0
61.0
15.0
62.0
37.0
11.0
59.0
18.0
58.0
19.0
41.0
34.0
41.0
35.0
35.0
54.0
38.0
38.0
36.0
36.0
40.0
36.0
35.0
33.0
19.0
49.0
35.0
37.0
27.0
35.0
43.0
34.0
38.0
36.0
37.0
WT 8
25.0
30.0
27.0
35.0
30.0
36.0
37.0
30.0
35.0
33.0
41.0
34.0
38.0
32.0
35.0
37.0
36.0
37.0
42.0
40.0
38.0
28.0
37.0
36.0
36.0
33.0
41.0
34.0
38.0
37.0
35.0
36.0
36.0
39.0
35.0
36.0
39.0
32.0
35.0
40.0
32.0
35.0
37.0
34.0
34.0
35.0
35.0
41.0
37.0
37.0
42.0
36.0
41.0
37.0
39.0
40.0
36.0
42.0
37.0
33.0
41.0
37.0
36.0
36.0
36.0
41.0
36.0
36.0
32.0
35.0
34.0
38.0
38.0
38.0
36.0
39.0
34.0
36.0
38.0
34.0
WT 9
21.0
31.0
30.0
31.0
30.0
34.0
33.0
31.0
35.0
32.0
39.0
39.0
38.0
37.0
37.0
35.0
39.0
38.0
41.0
36.0
38.0
30.0
36.0
37.0
36.0
34.0
44.0
34.0
36.0
37.0
35.0
37.0
37.0
36.0
35.0
34.0
39.0
32.0
34.0
35.0
33.0
37.0
36.0
34.0
38.0
33.0
39.0
39.0
37.0
35.0
35.0
38.0
38.0
35.0
40.0
39.0
33.0
40.0
37.0
34.0
39.0
37.0
35.0
40.0
36.0
37.0
40.0
33.0
32.0
34.0
34.0
36.0
37.0
38.0
37.0
39.0
36.0
34.0
38.0
37.0
WT 10
20.0
28.0
30.0
33.0
31.0
35.0
35.0
33.0
34.0
33.0
37.0
39.0
35.0
34.0
36.0
34.0
35.0
38.0
40.0
37.0
36.0
29.0
37.0
37.0
37.0
33.0
37.0
36.0
35.0
39.0
36.0
35.0
35.0
36.0
33.0
38.0
39.0
32.0
34.0
33.0
33.0
37.0
36.0
35.0
41.0
37.0
39.0
40.0
37.0
39.0
36.0
39.0
39.0
37.0
37.0
38.0
34.0
36.0
36.0
35.0
39.0
37.0
35.0
38.0
35.0
37.0
39.0
36.0
34.0
35.0
32.0
36.0
37.0
36.0
33.0
36.0
34.0
34.0
36.0
37.0
WT 11
18.0
27.0
29.0
32.0
28.0
32.0
35.0
33.0
33.0
32.0
40.0
37.0
36.0
34.0
36.0
37.0
36.0
35.0
39.0
37.0
39.0
30.0
37.0
36.0
35.0
35.0
40.0
36.0
40.0
37.0
35.0
33.0
35.0
35.0
40.0
33.0
40.0
35.0
35.0
31.0
32.0
36.0
34.0
35.0
37.0
37.0
35.0
39.0
37.0
34.0
36.0
38.0
38.0
37.0
36.0
41.0
33.0
39.0
36.0
34.0
38.0
39.0
38.0
37.0
39.0
39.0
38.0
33.0
33.0
36.0
35.0
37.0
35.0
41.0
34.0
33.0
36.0
33.0
38.0
37.0
WT 12
19.0
26.0
28.0
29.0
28.0
37.0
33.0
32.0
35.0
30.0
39.0
38.0
37.0
33.0
42.0
36.0
36.0
35.0
38.0
42.0
39.0
26.0
30.0
41.0
37.0
33.0
38.0
34.0
37.0
39.0
34.0
37.0
34.0
34.0
36.0
33.0
37.0
34.0
41.0
25.0
30.0
34.0
35.0
52.0
36.0
36.0
17.0
59.0
16.0
36.0
57.0
16.0
59.0
17.0
41.0
42.0
55.0
40.0
15.0
38.0
55.0
40.0
15.0
57.0
36.0
15.0
37.0
60.0
35.0
35.0
35.0
37.0
38.0
42.0
1.0
71.0
36.0
4.0
36.0
77.0
WT 13
20.0
22.0
30.0
33.0
28.0
28.0
38.0
32.0
33.0
39.0
37.0
38.0
37.0
37.0
28.0
37.0
36.0
46.0
38.0
29.0
37.0
29.0
42.0
30.0
37.0
32.0
41.0
37.0
40.0
36.0
36.0
33.0
39.0
35.0
37.0
33.0
40.0
33.0
28.0
41.0
34.0
40.0
35.0
14.0
36.0
34.0
57.0
17.0
58.0
36.0
16.0
59.0
17.0
57.0
38.0
41.0
19.0
40.0
54.0
35.0
23.0
38.0
53.0
16.0
36.0
61.0
38.0
9.0
33.0
36.0
36.0
37.0
37.0
38.0
65.0
1.0
32.0
76.0
38.0
4.0
WT 14
17.0
25.0
28.0
32.0
31.0
33.0
37.0
32.0
37.0
34.0
39.0
39.0
41.0
38.0
35.0
36.0
38.0
38.0
39.0
35.0
38.0
31.0
37.0
36.0
37.0
36.0
40.0
35.0
41.0
39.0
34.0
38.0
36.0
39.0
33.0
38.0
38.0
33.0
36.0
32.0
33.0
36.0
40.0
34.0
35.0
35.0
40.0
40.0
37.0
37.0
36.0
42.0
38.0
37.0
40.0
42.0
39.0
38.0
36.0
34.0
39.0
36.0
35.0
37.0
33.0
42.0
35.0
36.0
31.0
35.0
35.0
36.0
37.0
39.0
37.0
36.0
36.0
39.0
38.0
34.0
WT 15
22.0
29.0
31.0
33.0
27.0
33.0
31.0
33.0
33.0
34.0
42.0
39.0
37.0
37.0
36.0
37.0
38.0
38.0
38.0
34.0
34.0
29.0
35.0
35.0
37.0
32.0
39.0
35.0
35.0
37.0
37.0
36.0
36.0
37.0
35.0
32.0
39.0
37.0
34.0
33.0
33.0
37.0
37.0
34.0
36.0
36.0
37.0
41.0
40.0
36.0
35.0
38.0
39.0
36.0
39.0
42.0
33.0
38.0
35.0
33.0
36.0
39.0
34.0
37.0
36.0
42.0
36.0
35.0
33.0
37.0
29.0
38.0
37.0
39.0
37.0
35.0
36.0
36.0
38.0
36.0
WT 16
20.0
31.0
30.0
36.0
29.0
34.0
35.0
32.0
29.0
32.0
44.0
40.0
36.0
34.0
36.0
35.0
39.0
38.0
39.0
36.0
37.0
29.0
36.0
36.0
39.0
33.0
41.0
36.0
36.0
37.0
37.0
31.0
36.0
35.0
38.0
36.0
39.0
33.0
35.0
33.0
33.0
40.0
35.0
34.0
36.0
36.0
35.0
40.0
36.0
32.0
41.0
35.0
37.0
36.0
39.0
42.0
36.0
38.0
33.0
35.0
38.0
37.0
35.0
36.0
36.0
38.0
36.0
35.0
37.0
36.0
34.0
40.0
37.0
36.0
32.0
37.0
35.0
37.0
35.0
39.0
WT 17
19.0
35.0
29.0
32.0
21.0
34.0
31.0
47.0
19.0
47.0
26.0
40.0
36.0
37.0
34.0
44.0
35.0
35.0
40.0
34.0
37.0
33.0
35.0
35.0
37.0
38.0
36.0
35.0
39.0
36.0
36.0
38.0
38.0
32.0
36.0
33.0
39.0
41.0
33.0
34.0
34.0
33.0
36.0
35.0
41.0
31.0
39.0
41.0
37.0
33.0
34.0
43.0
39.0
36.0
41.0
40.0
41.0
37.0
29.0
35.0
48.0
27.0
36.0
35.0
36.0
41.0
36.0
46.0
23.0
50.0
35.0
23.0
51.0
24.0
54.0
34.0
35.0
37.0
18.0
54.0
WT 18
21.0
25.0
29.0
31.0
41.0
34.0
34.0
18.0
49.0
18.0
51.0
36.0
37.0
36.0
35.0
29.0
40.0
38.0
39.0
35.0
39.0
27.0
38.0
37.0
41.0
28.0
38.0
37.0
38.0
38.0
37.0
33.0
37.0
41.0
36.0
32.0
40.0
29.0
40.0
36.0
30.0
39.0
36.0
37.0
31.0
38.0
37.0
40.0
36.0
36.0
37.0
33.0
40.0
40.0
41.0
40.0
33.0
39.0
44.0
36.0
28.0
43.0
37.0
38.0
38.0
39.0
38.0
24.0
47.0
20.0
35.0
53.0
23.0
58.0
12.0
36.0
35.0
37.0
57.0
16.0
WT 19
20.0
28.0
32.0
31.0
27.0
35.0
34.0
35.0
34.0
34.0
42.0
39.0
34.0
36.0
36.0
38.0
35.0
33.0
40.0
36.0
37.0
28.0
37.0
35.0
38.0
33.0
39.0
39.0
36.0
37.0
38.0
38.0
33.0
35.0
40.0
35.0
40.0
32.0
36.0
34.0
33.0
38.0
37.0
35.0
36.0
35.0
37.0
38.0
36.0
37.0
38.0
37.0
38.0
37.0
39.0
39.0
36.0
38.0
32.0
34.0
39.0
40.0
34.0
37.0
34.0
40.0
38.0
35.0
33.0
37.0
33.0
37.0
37.0
40.0
37.0
34.0
36.0
35.0
39.0
36.0
WT 20
20.0
24.0
28.0
33.0
27.0
35.0
37.0
36.0
34.0
31.0
39.0
39.0
39.0
39.0
37.0
39.0
35.0
37.0
38.0
35.0
38.0
29.0
37.0
34.0
37.0
34.0
39.0
38.0
40.0
39.0
36.0
36.0
34.0
36.0
39.0
34.0
39.0
32.0
35.0
30.0
35.0
35.0
39.0
37.0
37.0
36.0
35.0
38.0
36.0
34.0
36.0
41.0
40.0
38.0
38.0
40.0
34.0
38.0
37.0
33.0
40.0
37.0
36.0
37.0
35.0
39.0
36.0
37.0
34.0
38.0
32.0
34.0
36.0
42.0
32.0
35.0
37.0
37.0
35.0
36.0
WT 21
21.0
30.0
30.0
32.0
29.0
33.0
29.0
39.0
33.0
33.0
40.0
36.0
39.0
35.0
35.0
37.0
37.0
40.0
38.0
37.0
34.0
27.0
34.0
36.0
38.0
32.0
41.0
36.0
38.0
39.0
34.0
32.0
31.0
36.0
36.0
33.0
41.0
38.0
32.0
36.0
33.0
38.0
38.0
36.0
33.0
37.0
35.0
39.0
36.0
38.0
40.0
39.0
42.0
38.0
28.0
55.0
33.0
40.0
35.0
23.0
37.0
50.0
25.0
49.0
35.0
29.0
41.0
43.0
28.0
35.0
33.0
37.0
35.0
44.0
30.0
45.0
34.0
28.0
40.0
37.0
WT 22
20.0
26.0
30.0
31.0
31.0
32.0
40.0
27.0
34.0
37.0
38.0
41.0
34.0
36.0
35.0
42.0
37.0
37.0
35.0
33.0
37.0
30.0
36.0
37.0
34.0
35.0
36.0
36.0
36.0
38.0
36.0
32.0
41.0
32.0
37.0
37.0
40.0
30.0
35.0
37.0
32.0
39.0
38.0
33.0
38.0
32.0
37.0
40.0
36.0
37.0
36.0
37.0
38.0
38.0
53.0
28.0
37.0
36.0
35.0
47.0
37.0
27.0
47.0
25.0
37.0
52.0
38.0
27.0
39.0
32.0
33.0
37.0
41.0
32.0
41.0
29.0
34.0
49.0
37.0
36.0
WT 23
17.0
27.0
27.0
33.0
30.0
40.0
31.0
32.0
34.0
31.0
39.0
36.0
34.0
37.0
34.0
36.0
37.0
39.0
39.0
38.0
37.0
32.0
33.0
37.0
37.0
34.0
39.0
36.0
38.0
42.0
36.0
31.0
36.0
35.0
34.0
34.0
39.0
34.0
37.0
35.0
31.0
39.0
33.0
35.0
36.0
32.0
41.0
37.0
35.0
38.0
35.0
35.0
39.0
39.0
37.0
42.0
29.0
37.0
36.0
35.0
39.0
36.0
37.0
40.0
37.0
41.0
35.0
36.0
35.0
35.0
33.0
36.0
39.0
37.0
35.0
35.0
36.0
40.0
37.0
35.0
WT 24
19.0
24.0
29.0
31.0
31.0
31.0
36.0
32.0
37.0
34.0
38.0
36.0
36.0
34.0
38.0
39.0
37.0
40.0
41.0
37.0
38.0
30.0
36.0
36.0
36.0
33.0
41.0
39.0
34.0
38.0
36.0
33.0
36.0
36.0
38.0
35.0
41.0
35.0
34.0
34.0
34.0
36.0
37.0
36.0
35.0
34.0
37.0
42.0
38.0
37.0
39.0
39.0
38.0
38.0
39.0
41.0
35.0
39.0
34.0
34.0
38.0
37.0
38.0
35.0
34.0
39.0
39.0
37.0
34.0
36.0
34.0
38.0
39.0
37.0
33.0
37.0
35.0
37.0
36.0
37.0
WT 25
20.0
27.0
32.0
31.0
28.0
35.0
34.0
33.0
34.0
32.0
41.0
35.0
37.0
37.0
34.0
38.0
37.0
38.0
40.0
33.0
44.0
28.0
37.0
37.0
36.0
36.0
41.0
38.0
37.0
38.0
35.0
34.0
36.0
37.0
36.0
40.0
39.0
32.0
36.0
37.0
32.0
38.0
38.0
34.0
35.0
34.0
40.0
39.0
39.0
32.0
36.0
38.0
41.0
39.0
43.0
41.0
35.0
38.0
34.0
35.0
36.0
40.0
35.0
41.0
39.0
37.0
36.0
34.0
36.0
34.0
34.0
38.0
35.0
36.0
34.0
35.0
34.0
38.0
39.0
35.0
WT 26
20.0
33.0
28.0
35.0
30.0
35.0
35.0
31.0
32.0
35.0
33.0
40.0
37.0
34.0
36.0
39.0
37.0
41.0
38.0
35.0
38.0
29.0
37.0
33.0
39.0
34.0
40.0
36.0
37.0
38.0
36.0
32.0
35.0
37.0
36.0
33.0
39.0
34.0
36.0
35.0
34.0
36.0
37.0
35.0
38.0
35.0
36.0
41.0
38.0
36.0
37.0
38.0
40.0
38.0
40.0
38.0
32.0
37.0
33.0
34.0
37.0
39.0
36.0
34.0
38.0
39.0
37.0
35.0
32.0
37.0
34.0
38.0
37.0
39.0
34.0
35.0
31.0
38.0
35.0
37.0
WT 27
19.0
29.0
31.0
32.0
30.0
31.0
36.0
33.0
33.0
32.0
40.0
36.0
38.0
36.0
37.0
38.0
37.0
36.0
42.0
30.0
38.0
37.0
29.0
36.0
38.0
34.0
40.0
35.0
40.0
40.0
32.0
35.0
37.0
36.0
36.0
38.0
36.0
37.0
36.0
33.0
31.0
29.0
46.0
34.0
35.0
36.0
37.0
43.0
35.0
28.0
37.0
39.0
42.0
40.0
40.0
40.0
26.0
46.0
32.0
39.0
37.0
40.0
32.0
41.0
31.0
39.0
42.0
37.0
33.0
34.0
36.0
40.0
37.0
30.0
36.0
36.0
33.0
36.0
46.0
26.0
WT 28
21.0
26.0
30.0
31.0
31.0
34.0
31.0
32.0
35.0
36.0
38.0
37.0
36.0
36.0
41.0
36.0
37.0
39.0
33.0
44.0
38.0
23.0
42.0
36.0
36.0
33.0
37.0
36.0
33.0
40.0
37.0
36.0
37.0
38.0
38.0
29.0
44.0
27.0
35.0
34.0
31.0
45.0
25.0
35.0
36.0
34.0
38.0
42.0
37.0
45.0
33.0
37.0
37.0
40.0
35.0
41.0
41.0
33.0
43.0
27.0
40.0
38.0
42.0
30.0
42.0
39.0
34.0
37.0
35.0
37.0
32.0
34.0
39.0
41.0
35.0
37.0
36.0
36.0
30.0
44.0
WT 29
17.0
24.0
31.0
32.0
28.0
39.0
35.0
34.0
35.0
32.0
40.0
36.0
35.0
34.0
35.0
42.0
36.0
36.0
43.0
38.0
38.0
28.0
36.0
39.0
39.0
31.0
38.0
35.0
38.0
39.0
36.0
35.0
37.0
34.0
33.0
34.0
37.0
32.0
36.0
38.0
35.0
36.0
40.0
34.0
42.0
32.0
38.0
40.0
39.0
34.0
38.0
38.0
41.0
38.0
39.0
41.0
34.0
41.0
35.0
33.0
39.0
38.0
38.0
41.0
34.0
38.0
40.0
36.0
35.0
34.0
33.0
36.0
35.0
43.0
33.0
37.0
34.0
39.0
35.0
34.0
WT 30
17.0
31.0
26.0
39.0
25.0
34.0
34.0
32.0
34.0
30.0
38.0
39.0
40.0
35.0
35.0
36.0
36.0
36.0
45.0
36.0
30.0
38.0
38.0
25.0
35.0
44.0
36.0
38.0
26.0
36.0
43.0
27.0
39.0
33.0
38.0
34.0
39.0
35.0
34.0
34.0
31.0
38.0
35.0
41.0
29.0
41.0
32.0
46.0
26.0
33.0
44.0
28.0
49.0
38.0
42.0
40.0
31.0
19.0
54.0
13.0
55.0
21.0
52.0
37.0
35.0
38.0
20.0
56.0
13.0
36.0
53.0
37.0
13.0
37.0
64.0
37.0
33.0
6.0
66.0
8.0
WT 31
19.0
24.0
35.0
28.0
37.0
28.0
36.0
31.0
32.0
33.0
38.0
39.0
38.0
38.0
35.0
39.0
34.0
36.0
35.0
36.0
46.0
21.0
34.0
47.0
35.0
25.0
37.0
37.0
45.0
36.0
27.0
38.0
33.0
36.0
34.0
35.0
42.0
33.0
36.0
31.0
36.0
38.0
37.0
26.0
45.0
28.0
47.0
30.0
43.0
34.0
25.0
47.0
23.0
37.0
40.0
39.0
33.0
55.0
14.0
54.0
20.0
52.0
18.0
36.0
36.0
38.0
56.0
18.0
53.0
35.0
14.0
35.0
60.0
40.0
7.0
34.0
35.0
67.0
6.0
65.0
