WT 0
48.0
70.0
78.0
89.0
103.0
141.0
161.0
97.0
157.0
64.0
122.0
151.0
170.0
188.0
135.0
130.0
144.0
56.0
136.0
220.0
4.0
175.0
141.0
208.0
17.0
156.0
157.0
111.0
239.0
5.0
136.0
153.0
216.0
206.0
32.0
183.0
104.0
17.0
149.0
230.0
59.0
138.0
95.0
142.0
130.0
112.0
147.0
52.0
129.0
253.0
6.0
263.0
140.0
20.0
238.0
128.0
17.0
268.0
99.0
26.0
216.0
136.0
174.0
121.0
3.0
212.0
143.0
237.0
99.0
41.0
121.0
252.0
142.0
196.0
20.0
126.0
36.0
230.0
58.0
234.0
WT 1
43.0
69.0
81.0
92.0
135.0
136.0
96.0
121.0
111.0
138.0
119.0
193.0
168.0
71.0
92.0
145.0
145.0
55.0
222.0
1.0
126.0
260.0
126.0
52.0
198.0
19.0
156.0
102.0
208.0
195.0
142.0
163.0
148.0
1.0
208.0
53.0
149.0
109.0
134.0
119.0
88.0
110.0
11.0
141.0
260.0
116.0
35.0
263.0
166.0
20.0
252.0
22.0
253.0
133.0
113.0
6.0
250.0
129.0
27.0
217.0
153.0
27.0
128.0
241.0
153.0
18.0
158.0
268.0
213.0
105.0
187.0
42.0
305.0
89.0
136.0
31.0
227.0
184.0
123.0
156.0
WT 2
40.0
69.0
66.0
121.0
87.0
150.0
116.0
175.0
62.0
180.0
131.0
60.0
157.0
132.0
150.0
107.0
134.0
172.0
13.0
121.0
232.0
5.0
139.0
144.0
151.0
210.0
169.0
104.0
26.0
183.0
139.0
159.0
83.0
233.0
145.0
82.0
124.0
258.0
130.0
13.0
68.0
119.0
258.0
124.0
1.0
130.0
291.0
155.0
103.0
120.0
131.0
155.0
16.0
260.0
26.0
267.0
119.0
21.0
272.0
108.0
50.0
300.0
79.0
9.0
303.0
114.0
147.0
7.0
171.0
292.0
100.0
182.0
19.0
143.0
74.0
269.0
134.0
11.0
207.0
91.0
WT 3
43.0
67.0
74.0
100.0
109.0
147.0
108.0
126.0
95.0
125.0
101.0
163.0
167.0
126.0
128.0
113.0
149.0
60.0
124.0
101.0
126.0
153.0
136.0
137.0
128.0
139.0
167.0
102.0
150.0
130.0
148.0
147.0
144.0
148.0
97.0
51.0
124.0
117.0
138.0
110.0
80.0
142.0
112.0
140.0
126.0
117.0
172.0
156.0
124.0
123.0
139.0
166.0
123.0
135.0
120.0
148.0
109.0
124.0
122.0
101.0
125.0
139.0
133.0
110.0
141.0
102.0
166.0
173.0
155.0
143.0
117.0
119.0
149.0
144.0
79.0
115.0
132.0
139.0
112.0
163.0
WT 4
39.0
80.0
93.0
96.0
113.0
126.0
118.0
130.0
124.0
125.0
117.0
144.0
162.0
132.0
113.0
130.0
143.0
50.0
118.0
108.0
134.0
148.0
145.0
139.0
129.0
132.0
186.0
100.0
159.0
129.0
132.0
145.0
153.0
125.0
99.0
44.0
133.0
131.0
132.0
125.0
65.0
138.0
112.0
148.0
137.0
128.0
167.0
156.0
130.0
121.0
126.0
146.0
127.0
125.0
108.0
140.0
112.0
138.0
120.0
90.0
123.0
135.0
132.0
112.0
145.0
97.0
140.0
171.0
153.0
158.0
127.0
117.0
143.0
140.0
78.0
122.0
115.0
138.0
127.0
162.0
WT 5
45.0
61.0
82.0
99.0
101.0
132.0
108.0
138.0
109.0
134.0
126.0
129.0
160.0
132.0
104.0
150.0
136.0
56.0
135.0
120.0
129.0
132.0
134.0
127.0
120.0
120.0
161.0
104.0
157.0
116.0
126.0
153.0
148.0
147.0
104.0
49.0
142.0
142.0
133.0
112.0
76.0
119.0
106.0
133.0
130.0
124.0
161.0
162.0
137.0
118.0
134.0
143.0
141.0
149.0
111.0
129.0
111.0
110.0
113.0
108.0
110.0
126.0
121.0
118.0
146.0
110.0
149.0
169.0
167.0
144.0
117.0
123.0
143.0
142.0
77.0
124.0
128.0
144.0
133.0
156.0
WT 6
40.0
69.0
68.0
105.0
117.0
149.0
136.0
98.0
146.0
90.0
138.0
130.0
166.0
129.0
122.0
121.0
138.0
49.0
151.0
91.0
123.0
163.0
136.0
138.0
166.0
136.0
166.0
54.0
157.0
186.0
75.0
153.0
125.0
134.0
112.0
46.0
143.0
220.0
47.0
112.0
173.0
21.0
120.0
129.0
115.0
263.0
159.0
18.0
132.0
300.0
125.0
131.0
139.0
38.0
278.0
55.0
314.0
75.0
343.0
117.0
335.0
90.0
370.0
122.0
155.0
107.0
134.0
176.0
411.0
104.0
401.0
131.0
408.0
140.0
74.0
119.0
419.0
142.0
382.0
142.0
WT 7
44.0
69.0
76.0
111.0
105.0
131.0
106.0
179.0
64.0
161.0
86.0
147.0
170.0
126.0
127.0
142.0
130.0
49.0
127.0
116.0
115.0
157.0
161.0
143.0
82.0
138.0
175.0
139.0
168.0
80.0
204.0
147.0
146.0
146.0
112.0
48.0
141.0
38.0
215.0
125.0
36.0
241.0
111.0
149.0
129.0
28.0
142.0
325.0
144.0
84.0
135.0
141.0
147.0
294.0
55.0
310.0
74.0
334.0
84.0
321.0
114.0
375.0
107.0
349.0
165.0
103.0
149.0
164.0
91.0
424.0
140.0
396.0
111.0
407.0
77.0
129.0
162.0
405.0
148.0
146.0
WT 8
43.0
84.0
71.0
93.0
103.0
144.0
107.0
136.0
106.0
125.0
115.0
139.0
162.0
143.0
117.0
131.0
136.0
49.0
117.0
103.0
118.0
147.0
157.0
135.0
128.0
151.0
149.0
107.0
151.0
117.0
125.0
144.0
165.0
135.0
90.0
47.0
132.0
115.0
123.0
103.0
63.0
132.0
111.0
139.0
119.0
136.0
140.0
152.0
136.0
112.0
128.0
176.0
145.0
132.0
108.0
155.0
114.0
132.0
117.0
99.0
114.0
134.0
136.0
115.0
137.0
105.0
151.0
151.0
146.0
149.0
124.0
125.0
158.0
154.0
71.0
120.0
122.0
128.0
117.0
147.0
WT 9
40.0
66.0
75.0
96.0
116.0
131.0
118.0
140.0
114.0
117.0
106.0
135.0
152.0
125.0
105.0
128.0
143.0
64.0
123.0
112.0
111.0
137.0
115.0
141.0
134.0
129.0
147.0
123.0
156.0
127.0
145.0
169.0
143.0
142.0
109.0
48.0
131.0
135.0
129.0
139.0
76.0
115.0
120.0
133.0
122.0
137.0
159.0
148.0
132.0
107.0
108.0
148.0
139.0
128.0
119.0
131.0
124.0
137.0
132.0
126.0
109.0
140.0
129.0
120.0
144.0
125.0
143.0
160.0
159.0
133.0
139.0
135.0
136.0
144.0
76.0
115.0
119.0
138.0
128.0
151.0
WT 10
42.0
76.0
72.0
95.0
117.0
141.0
120.0
146.0
106.0
119.0
109.0
135.0
170.0
126.0
136.0
122.0
157.0
55.0
117.0
119.0
137.0
138.0
129.0
119.0
120.0
143.0
149.0
99.0
157.0
115.0
126.0
158.0
149.0
144.0
93.0
43.0
130.0
154.0
155.0
108.0
67.0
136.0
117.0
135.0
119.0
115.0
168.0
158.0
143.0
117.0
108.0
156.0
158.0
142.0
108.0
126.0
120.0
127.0
114.0
118.0
113.0
130.0
137.0
118.0
148.0
126.0
142.0
169.0
155.0
131.0
140.0
130.0
143.0
152.0
68.0
126.0
128.0
130.0
151.0
146.0
WT 11
41.0
81.0
81.0
97.0
107.0
139.0
108.0
127.0
106.0
119.0
123.0
131.0
162.0
138.0
114.0
137.0
136.0
48.0
114.0
111.0
114.0
143.0
138.0
145.0
119.0
121.0
150.0
102.0
145.0
130.0
136.0
160.0
149.0
147.0
100.0
56.0
123.0
129.0
109.0
112.0
66.0
129.0
127.0
114.0
134.0
121.0
175.0
156.0
127.0
120.0
127.0
139.0
148.0
139.0
125.0
113.0
126.0
130.0
122.0
91.0
105.0
143.0
142.0
120.0
143.0
111.0
154.0
163.0
145.0
134.0
118.0
128.0
125.0
150.0
74.0
125.0
125.0
153.0
120.0
148.0
WT 12
37.0
74.0
90.0
61.0
142.0
131.0
99.0
127.0
82.0
128.0
126.0
162.0
175.0
90.0
112.0
116.0
201.0
8.0
128.0
175.0
121.0
82.0
202.0
76.0
136.0
132.0
174.0
90.0
160.0
117.0
167.0
123.0
172.0
86.0
157.0
10.0
130.0
173.0
133.0
73.0
65.0
129.0
116.0
210.0
39.0
201.0
161.0
82.0
141.0
116.0
176.0
111.0
171.0
124.0
58.0
185.0
43.0
114.0
206.0
101.0
34.0
247.0
134.0
106.0
153.0
34.0
166.0
176.0
168.0
142.0
146.0
140.0
129.0
146.0
78.0
164.0
57.0
223.0
19.0
256.0
WT 13
51.0
50.0
70.0
138.0
55.0
141.0
113.0
130.0
126.0
134.0
122.0
101.0
160.0
163.0
124.0
129.0
84.0
126.0
120.0
39.0
129.0
210.0
80.0
185.0
103.0
126.0
154.0
111.0
142.0
146.0
121.0
176.0
95.0
187.0
54.0
95.0
147.0
91.0
126.0
161.0
87.0
119.0
123.0
51.0
203.0
46.0
154.0
238.0
128.0
102.0
85.0
193.0
84.0
134.0
154.0
67.0
190.0
112.0
25.0
112.0
219.0
53.0
123.0
127.0
159.0
185.0
149.0
157.0
158.0
149.0
117.0
132.0
172.0
138.0
83.0
74.0
192.0
47.0
216.0
58.0
WT 14
36.0
76.0
71.0
98.0
111.0
150.0
126.0
144.0
108.0
110.0
120.0
151.0
143.0
140.0
107.0
134.0
147.0
50.0
116.0
118.0
119.0
135.0
142.0
139.0
132.0
138.0
164.0
96.0
161.0
129.0
143.0
134.0
144.0
140.0
107.0
46.0
133.0
150.0
137.0
113.0
81.0
131.0
129.0
134.0
141.0
130.0
157.0
164.0
118.0
109.0
122.0
159.0
130.0
125.0
108.0
122.0
105.0
133.0
122.0
118.0
101.0
129.0
128.0
119.0
157.0
104.0
161.0
158.0
155.0
141.0
136.0
126.0
150.0
167.0
81.0
132.0
131.0
145.0
125.0
173.0
WT 15
38.0
66.0
76.0
108.0
126.0
145.0
121.0
139.0
116.0
146.0
104.0
136.0
167.0
132.0
134.0
115.0
140.0
54.0
116.0
105.0
128.0
162.0
152.0
135.0
129.0
141.0
182.0
114.0
166.0
120.0
142.0
141.0
157.0
137.0
93.0
50.0
113.0
125.0
121.0
108.0
67.0
138.0
126.0
140.0
125.0
114.0
161.0
156.0
134.0
116.0
136.0
152.0
133.0
135.0
115.0
114.0
104.0
126.0
116.0
96.0
121.0
148.0
121.0
114.0
154.0
93.0
131.0
159.0
153.0
142.0
129.0
118.0
146.0
136.0
80.0
119.0
124.0
158.0
119.0
153.0
WT 16
47.0
69.0
74.0
94.0
115.0
138.0
110.0
131.0
97.0
123.0
117.0
129.0
178.0
134.0
121.0
137.0
148.0
63.0
120.0
110.0
117.0
142.0
129.0
154.0
115.0
150.0
159.0
102.0
168.0
125.0
134.0
134.0
143.0
154.0
87.0
48.0
149.0
123.0
134.0
117.0
73.0
117.0
119.0
137.0
118.0
117.0
169.0
153.0
112.0
112.0
123.0
150.0
118.0
142.0
114.0
140.0
115.0
130.0
110.0
94.0
102.0
150.0
119.0
118.0
145.0
112.0
155.0
176.0
150.0
130.0
121.0
129.0
158.0
151.0
75.0
126.0
128.0
134.0
117.0
180.0
WT 17
46.0
53.0
76.0
102.0
111.0
143.0
133.0
146.0
103.0
123.0
113.0
144.0
159.0
133.0
105.0
127.0
144.0
54.0
117.0
118.0
128.0
147.0
154.0
132.0
107.0
141.0
158.0
142.0
154.0
119.0
134.0
123.0
160.0
139.0
100.0
50.0
127.0
137.0
144.0
88.0
77.0
141.0
153.0
85.0
126.0
152.0
162.0
143.0
146.0
127.0
116.0
139.0
173.0
127.0
120.0
153.0
106.0
127.0
105.0
109.0
131.0
66.0
222.0
19.0
232.0
42.0
164.0
197.0
138.0
182.0
92.0
136.0
184.0
98.0
142.0
110.0
69.0
135.0
199.0
74.0
WT 18
38.0
81.0
96.0
101.0
97.0
153.0
119.0
113.0
106.0
120.0
130.0
140.0
157.0
130.0
128.0
117.0
137.0
49.0
129.0
110.0
143.0
153.0
124.0
132.0
143.0
107.0
194.0
64.0
156.0
134.0
143.0
171.0
125.0
147.0
89.0
51.0
129.0
153.0
123.0
130.0
83.0
142.0
62.0
182.0
121.0
97.0
170.0
166.0
136.0
112.0
146.0
155.0
119.0
119.0
116.0
127.0
117.0
104.0
119.0
109.0
117.0
223.0
49.0
192.0
72.0
168.0
143.0
151.0
187.0
120.0
169.0
130.0
96.0
197.0
30.0
112.0
183.0
151.0
46.0
250.0
WT 19
40.0
73.0
79.0
95.0
100.0
135.0
109.0
126.0
121.0
136.0
113.0
145.0
155.0
131.0
114.0
131.0
148.0
48.0
117.0
105.0
118.0
147.0
133.0
125.0
121.0
126.0
160.0
97.0
162.0
122.0
147.0
164.0
138.0
151.0
97.0
47.0
125.0
117.0
152.0
117.0
78.0
117.0
115.0
118.0
140.0
112.0
161.0
164.0
130.0
115.0
121.0
140.0
123.0
119.0
95.0
108.0
104.0
115.0
121.0
113.0
117.0
129.0
132.0
113.0
155.0
104.0
149.0
164.0
159.0
156.0
125.0
126.0
138.0
141.0
77.0
130.0
134.0
136.0
118.0
154.0
WT 20
41.0
66.0
84.0
93.0
110.0
140.0
128.0
130.0
102.0
124.0
127.0
128.0
170.0
129.0
134.0
120.0
151.0
47.0
125.0
112.0
145.0
143.0
139.0
144.0
123.0
147.0
146.0
97.0
159.0
123.0
136.0
171.0
165.0
145.0
103.0
41.0
118.0
138.0
126.0
116.0
78.0
124.0
120.0
131.0
127.0
110.0
159.0
155.0
124.0
112.0
124.0
136.0
120.0
120.0
113.0
126.0
110.0
108.0
119.0
111.0
116.0
149.0
128.0
114.0
174.0
101.0
165.0
178.0
141.0
153.0
130.0
128.0
143.0
157.0
63.0
121.0
124.0
144.0
127.0
153.0
WT 21
44.0
68.0
71.0
134.0
82.0
141.0
124.0
137.0
131.0
118.0
124.0
131.0
158.0
127.0
126.0
147.0
152.0
23.0
164.0
67.0
158.0
126.0
130.0
143.0
139.0
127.0
162.0
101.0
178.0
102.0
134.0
162.0
144.0
151.0
117.0
16.0
129.0
137.0
139.0
148.0
79.0
126.0
115.0
106.0
130.0
133.0
163.0
145.0
146.0
113.0
107.0
137.0
120.0
146.0
111.0
121.0
109.0
112.0
45.0
105.0
177.0
66.0
114.0
108.0
159.0
114.0
152.0
231.0
159.0
107.0
161.0
131.0
84.0
144.0
137.0
68.0
130.0
154.0
154.0
147.0
WT 22
44.0
79.0
87.0
78.0
138.0
150.0
118.0
127.0
109.0
134.0
99.0
128.0
192.0
137.0
126.0
94.0
140.0
91.0
85.0
150.0
91.0
161.0
139.0
123.0
129.0
148.0
157.0
120.0
131.0
160.0
148.0
131.0
135.0
137.0
94.0
83.0
123.0
135.0
139.0
95.0
72.0
135.0
116.0
150.0
116.0
114.0
180.0
152.0
122.0
121.0
140.0
137.0
120.0
85.0
97.0
112.0
109.0
110.0
167.0
107.0
35.0
209.0
120.0
120.0
155.0
95.0
150.0
114.0
173.0
182.0
90.0
122.0
196.0
140.0
17.0
174.0
124.0
150.0
98.0
179.0
WT 23
44.0
72.0
86.0
103.0
109.0
136.0
108.0
129.0
89.0
149.0
104.0
135.0
165.0
131.0
118.0
117.0
148.0
59.0
123.0
106.0
134.0
143.0
148.0
118.0
128.0
129.0
158.0
110.0
156.0
123.0
163.0
147.0
153.0
147.0
92.0
54.0
132.0
126.0
136.0
102.0
61.0
128.0
128.0
132.0
114.0
113.0
155.0
150.0
122.0
103.0
128.0
125.0
131.0
124.0
114.0
120.0
113.0
115.0
120.0
97.0
131.0
146.0
126.0
114.0
151.0
115.0
166.0
156.0
161.0
138.0
119.0
120.0
154.0
147.0
68.0
125.0
133.0
132.0
130.0
167.0
WT 24
43.0
78.0
63.0
100.0
99.0
132.0
111.0
142.0
100.0
124.0
127.0
139.0
172.0
123.0
117.0
133.0
148.0
57.0
131.0
106.0
112.0
149.0
139.0
128.0
124.0
138.0
157.0
97.0
151.0
119.0
130.0
138.0
138.0
130.0
106.0
54.0
144.0
130.0
126.0
103.0
83.0
142.0
126.0
119.0
120.0
142.0
158.0
184.0
142.0
122.0
111.0
135.0
130.0
118.0
106.0
115.0
112.0
120.0
122.0
95.0
118.0
140.0
148.0
118.0
150.0
118.0
166.0
163.0
162.0
152.0
134.0
130.0
146.0
149.0
86.0
117.0
139.0
152.0
124.0
166.0
WT 25
37.0
72.0
85.0
111.0
132.0
153.0
120.0
138.0
120.0
131.0
105.0
137.0
165.0
126.0
124.0
126.0
136.0
50.0
117.0
115.0
145.0
156.0
138.0
126.0
127.0
132.0
167.0
114.0
152.0
134.0
145.0
148.0
144.0
126.0
98.0
47.0
129.0
143.0
111.0
111.0
62.0
123.0
122.0
144.0
124.0
138.0
151.0
152.0
147.0
121.0
125.0
150.0
135.0
130.0
105.0
103.0
106.0
118.0
111.0
104.0
107.0
126.0
129.0
120.0
152.0
104.0
137.0
181.0
170.0
137.0
131.0
132.0
160.0
145.0
73.0
123.0
142.0
139.0
110.0
149.0
WT 26
41.0
75.0
69.0
95.0
105.0
136.0
121.0
126.0
127.0
110.0
115.0
129.0
164.0
126.0
127.0
123.0
130.0
49.0
127.0
117.0
115.0
151.0
150.0
137.0
117.0
135.0
152.0
111.0
157.0
118.0
129.0
139.0
132.0
134.0
103.0
54.0
133.0
127.0
140.0
117.0
69.0
155.0
110.0
120.0
121.0
111.0
161.0
163.0
132.0
114.0
122.0
169.0
133.0
128.0
119.0
132.0
102.0
122.0
123.0
93.0
115.0
132.0
122.0
121.0
148.0
105.0
156.0
182.0
160.0
127.0
122.0
117.0
137.0
142.0
81.0
122.0
135.0
139.0
121.0
165.0
WT 27
42.0
67.0
71.0
91.0
155.0
84.0
175.0
80.0
113.0
127.0
182.0
134.0
175.0
127.0
110.0
26.0
133.0
55.0
229.0
121.0
11.0
147.0
270.0
5.0
130.0
150.0
294.0
99.0
51.0
202.0
82.0
217.0
69.0
139.0
101.0
103.0
89.0
128.0
137.0
139.0
59.0
133.0
121.0
137.0
114.0
132.0
151.0
171.0
150.0
114.0
111.0
152.0
141.0
132.0
104.0
154.0
78.0
125.0
160.0
106.0
125.0
141.0
102.0
112.0
152.0
108.0
144.0
171.0
149.0
158.0
141.0
122.0
131.0
159.0
33.0
151.0
126.0
151.0
117.0
156.0
WT 28
43.0
77.0
78.0
100.0
75.0
201.0
55.0
194.0
111.0
133.0
53.0
139.0
154.0
113.0
112.0
230.0
133.0
55.0
6.0
94.0
256.0
160.0
3.0
269.0
118.0
147.0
34.0
107.0
275.0
38.0
207.0
81.0
215.0
125.0
97.0
4.0
165.0
127.0
148.0
69.0
81.0
144.0
112.0
130.0
138.0
112.0
188.0
154.0
136.0
123.0
122.0
135.0
130.0
143.0
127.0
92.0
164.0
135.0
88.0
132.0
109.0
147.0
131.0
112.0
137.0
93.0
157.0
179.0
163.0
117.0
125.0
124.0
131.0
145.0
108.0
80.0
132.0
128.0
120.0
179.0
WT 29
55.0
70.0
76.0
97.0
101.0
143.0
110.0
131.0
114.0
118.0
112.0
137.0
161.0
142.0
120.0
127.0
149.0
52.0
131.0
100.0
127.0
163.0
120.0
140.0
119.0
118.0
161.0
105.0
142.0
130.0
125.0
164.0
160.0
140.0
109.0
46.0
130.0
139.0
122.0
109.0
65.0
127.0
121.0
128.0
132.0
115.0
163.0
147.0
136.0
117.0
121.0
137.0
146.0
135.0
113.0
113.0
128.0
132.0
107.0
101.0
131.0
146.0
121.0
113.0
146.0
104.0
154.0
169.0
145.0
158.0
146.0
129.0
145.0
144.0
76.0
121.0
146.0
142.0
118.0
178.0
WT 30
39.0
75.0
67.0
107.0
94.0
165.0
105.0
141.0
93.0
115.0
120.0
139.0
166.0
153.0
113.0
121.0
156.0
23.0
147.0
102.0
125.0
150.0
141.0
130.0
124.0
127.0
170.0
101.0
176.0
117.0
154.0
140.0
131.0
156.0
88.0
55.0
127.0
180.0
126.0
110.0
40.0
151.0
94.0
166.0
128.0
87.0
177.0
156.0
136.0
104.0
120.0
155.0
152.0
115.0
126.0
127.0
150.0
100.0
136.0
105.0
104.0
139.0
128.0
117.0
158.0
109.0
161.0
154.0
169.0
155.0
116.0
104.0
150.0
148.0
73.0
125.0
112.0
166.0
97.0
163.0
WT 31
46.0
61.0
86.0
81.0
129.0
131.0
126.0
129.0
112.0
121.0
118.0
124.0
172.0
123.0
114.0
131.0
141.0
68.0
117.0
126.0
126.0
150.0
124.0
137.0
106.0
143.0
153.0
112.0
162.0
141.0
138.0
139.0
151.0
123.0
127.0
56.0
143.0
96.0
126.0
119.0
116.0
95.0
132.0
114.0
125.0
153.0
145.0
171.0
131.0
116.0
111.0
136.0
137.0
155.0
123.0
146.0
86.0
159.0
116.0
97.0
111.0
139.0
137.0
123.0
141.0
110.0
144.0
183.0
129.0
155.0
132.0
130.0
123.0
157.0
78.0
111.0
141.0
120.0
167.0
173.0
