WT 0
67.0
97.0
109.0
131.0
151.0
136.0
133.0
145.0
120.0
162.0
181.0
168.0
158.0
137.0
182.0
196.0
174.0
188.0
156.0
163.0
178.0
178.0
198.0
181.0
161.0
176.0
156.0
143.0
174.0
155.0
172.0
193.0
187.0
167.0
176.0
174.0
162.0
161.0
172.0
186.0
175.0
194.0
188.0
178.0
158.0
157.0
157.0
180.0
187.0
184.0
186.0
184.0
167.0
162.0
160.0
136.0
178.0
189.0
181.0
154.0
143.0
150.0
178.0
162.0
166.0
187.0
159.0
161.0
180.0
162.0
174.0
139.0
202.0
149.0
143.0
145.0
175.0
176.0
189.0
WT 1
65.0
103.0
104.0
137.0
140.0
146.0
127.0
153.0
121.0
150.0
177.0
172.0
152.0
139.0
182.0
198.0
184.0
173.0
161.0
167.0
181.0
178.0
184.0
174.0
167.0
160.0
162.0
141.0
177.0
161.0
157.0
182.0
187.0
169.0
171.0
166.0
167.0
153.0
177.0
184.0
179.0
199.0
190.0
188.0
164.0
160.0
154.0
181.0
180.0
194.0
180.0
178.0
169.0
169.0
148.0
133.0
185.0
189.0
196.0
151.0
133.0
146.0
175.0
171.0
174.0
187.0
161.0
165.0
176.0
171.0
169.0
145.0
191.0
145.0
147.0
146.0
168.0
179.0
188.0
WT 2
69.0
91.0
99.0
119.0
157.0
140.0
123.0
148.0
122.0
148.0
183.0
157.0
157.0
127.0
168.0
192.0
185.0
196.0
166.0
160.0
189.0
172.0
188.0
185.0
169.0
178.0
146.0
133.0
170.0
162.0
163.0
185.0
187.0
164.0
178.0
173.0
172.0
161.0
165.0
173.0
161.0
192.0
173.0
173.0
154.0
159.0
158.0
185.0
176.0
183.0
186.0
182.0
174.0
172.0
161.0
136.0
182.0
193.0
188.0
152.0
132.0
141.0
181.0
160.0
169.0
193.0
161.0
161.0
178.0
164.0
175.0
141.0
188.0
153.0
143.0
131.0
170.0
171.0
189.0
WT 3
69.0
102.0
101.0
125.0
150.0
143.0
124.0
146.0
123.0
149.0
179.0
169.0
155.0
132.0
182.0
199.0
184.0
182.0
150.0
161.0
180.0
173.0
185.0
188.0
163.0
171.0
155.0
142.0
160.0
151.0
165.0
196.0
188.0
171.0
169.0
165.0
155.0
156.0
166.0
188.0
169.0
183.0
175.0
181.0
173.0
150.0
160.0
181.0
197.0
181.0
191.0
188.0
162.0
171.0
157.0
141.0
184.0
182.0
190.0
153.0
140.0
134.0
173.0
165.0
169.0
188.0
158.0
153.0
170.0
174.0
183.0
137.0
182.0
143.0
144.0
139.0
172.0
168.0
183.0
WT 4
72.0
92.0
105.0
131.0
149.0
148.0
136.0
161.0
122.0
149.0
183.0
163.0
156.0
137.0
174.0
200.0
182.0
176.0
164.0
166.0
177.0
168.0
191.0
175.0
164.0
171.0
154.0
144.0
154.0
161.0
157.0
186.0
186.0
175.0
175.0
162.0
185.0
154.0
170.0
195.0
170.0
188.0
178.0
175.0
154.0
154.0
155.0
184.0
183.0
188.0
189.0
177.0
162.0
168.0
162.0
133.0
178.0
183.0
182.0
154.0
140.0
137.0
173.0
165.0
170.0
186.0
166.0
160.0
170.0
169.0
176.0
142.0
189.0
156.0
145.0
149.0
179.0
183.0
197.0
WT 5
71.0
104.0
112.0
143.0
162.0
137.0
130.0
157.0
117.0
153.0
181.0
169.0
162.0
137.0
199.0
203.0
185.0
190.0
154.0
159.0
169.0
179.0
189.0
174.0
164.0
167.0
164.0
141.0
155.0
150.0
171.0
183.0
187.0
173.0
171.0
170.0
151.0
155.0
176.0
175.0
165.0
174.0
186.0
177.0
158.0
147.0
168.0
185.0
192.0
185.0
196.0
185.0
169.0
164.0
159.0
131.0
175.0
182.0
185.0
151.0
143.0
153.0
184.0
170.0
175.0
181.0
166.0
164.0
179.0
176.0
171.0
126.0
193.0
146.0
143.0
149.0
175.0
180.0
190.0
WT 6
66.0
100.0
103.0
124.0
159.0
137.0
124.0
151.0
114.0
151.0
177.0
154.0
152.0
135.0
178.0
197.0
185.0
179.0
161.0
164.0
167.0
173.0
191.0
176.0
166.0
165.0
155.0
139.0
174.0
150.0
151.0
181.0
187.0
169.0
187.0
169.0
155.0
159.0
170.0
183.0
171.0
183.0
175.0
177.0
159.0
150.0
157.0
182.0
195.0
180.0
180.0
188.0
162.0
169.0
157.0
145.0
178.0
187.0
182.0
150.0
143.0
148.0
176.0
169.0
171.0
192.0
154.0
159.0
185.0
159.0
173.0
127.0
181.0
153.0
145.0
141.0
172.0
180.0
192.0
WT 7
69.0
101.0
103.0
126.0
161.0
131.0
122.0
160.0
128.0
153.0
190.0
167.0
165.0
127.0
179.0
197.0
188.0
188.0
153.0
151.0
173.0
174.0
195.0
183.0
167.0
173.0
159.0
138.0
182.0
157.0
159.0
191.0
183.0
159.0
179.0
176.0
165.0
159.0
177.0
183.0
169.0
187.0
186.0
176.0
163.0
149.0
163.0
180.0
183.0
182.0
187.0
185.0
165.0
170.0
165.0
141.0
171.0
172.0
186.0
156.0
146.0
144.0
187.0
164.0
165.0
187.0
163.0
164.0
167.0
166.0
165.0
135.0
188.0
146.0
145.0
148.0
168.0
179.0
193.0
