WT 0
134.0
169.0
193.0
203.0
276.0
264.0
271.0
334.0
306.0
308.0
304.0
305.0
304.0
292.0
313.0
326.0
317.0
302.0
285.0
300.0
294.0
312.0
294.0
289.0
301.0
257.0
302.0
205.0
295.0
273.0
262.0
282.0
309.0
327.0
290.0
340.0
307.0
350.0
316.0
267.0
257.0
233.0
283.0
300.0
304.0
288.0
287.0
234.0
300.0
312.0
310.0
306.0
342.0
319.0
339.0
293.0
350.0
336.0
286.0
289.0
274.0
267.0
291.0
306.0
386.0
339.0
337.0
233.0
310.0
313.0
386.0
387.0
339.0
348.0
335.0
380.0
297.0
374.0
318.0
358.0
WT 1
131.0
190.0
204.0
215.0
250.0
247.0
277.0
325.0
297.0
311.0
321.0
268.0
289.0
283.0
282.0
322.0
289.0
330.0
305.0
305.0
318.0
328.0
273.0
301.0
318.0
299.0
304.0
188.0
324.0
278.0
290.0
283.0
297.0
306.0
290.0
305.0
319.0
314.0
317.0
268.0
257.0
248.0
299.0
330.0
339.0
253.0
267.0
250.0
330.0
318.0
300.0
310.0
327.0
278.0
301.0
300.0
339.0
298.0
277.0
287.0
263.0
313.0
365.0
295.0
361.0
317.0
388.0
233.0
312.0
308.0
380.0
337.0
355.0
352.0
371.0
362.0
296.0
338.0
326.0
308.0
WT 2
137.0
166.0
200.0
209.0
236.0
237.0
279.0
301.0
314.0
285.0
330.0
289.0
285.0
301.0
294.0
327.0
279.0
315.0
284.0
297.0
316.0
317.0
270.0
272.0
312.0
289.0
299.0
177.0
303.0
289.0
259.0
294.0
315.0
290.0
278.0
324.0
310.0
327.0
336.0
289.0
249.0
232.0
286.0
283.0
305.0
254.0
277.0
269.0
320.0
304.0
305.0
332.0
323.0
316.0
289.0
299.0
301.0
348.0
322.0
323.0
246.0
287.0
328.0
318.0
404.0
317.0
345.0
241.0
300.0
279.0
338.0
360.0
361.0
322.0
332.0
388.0
286.0
343.0
284.0
363.0
WT 3
121.0
175.0
208.0
236.0
216.0
265.0
267.0
304.0
264.0
312.0
296.0
309.0
298.0
286.0
302.0
310.0
278.0
309.0
278.0
319.0
299.0
335.0
285.0
298.0
312.0
262.0
309.0
178.0
322.0
275.0
310.0
300.0
294.0
322.0
279.0
303.0
307.0
318.0
258.0
267.0
253.0
256.0
294.0
306.0
300.0
253.0
278.0
281.0
305.0
317.0
308.0
323.0
314.0
293.0
290.0
299.0
299.0
352.0
294.0
292.0
277.0
303.0
331.0
296.0
386.0
353.0
357.0
257.0
280.0
295.0
363.0
382.0
332.0
346.0
349.0
385.0
289.0
360.0
356.0
350.0
WT 4
149.0
183.0
232.0
237.0
237.0
243.0
272.0
314.0
309.0
308.0
292.0
273.0
293.0
290.0
291.0
303.0
291.0
280.0
289.0
322.0
286.0
318.0
268.0
278.0
320.0
260.0
301.0
201.0
324.0
284.0
276.0
320.0
281.0
312.0
322.0
304.0
323.0
326.0
290.0
270.0
254.0
255.0
305.0
309.0
346.0
275.0
273.0
262.0
319.0
293.0
319.0
301.0
319.0
338.0
278.0
308.0
324.0
332.0
317.0
308.0
271.0
292.0
331.0
286.0
370.0
349.0
396.0
234.0
319.0
303.0
369.0
367.0
336.0
367.0
373.0
371.0
280.0
320.0
327.0
368.0
WT 5
132.0
192.0
211.0
234.0
214.0
244.0
264.0
335.0
294.0
318.0
307.0
299.0
309.0
277.0
295.0
331.0
305.0
302.0
277.0
304.0
323.0
310.0
280.0
300.0
312.0
265.0
260.0
184.0
316.0
261.0
296.0
277.0
293.0
302.0
294.0
327.0
311.0
288.0
309.0
286.0
268.0
265.0
287.0
314.0
328.0
250.0
313.0
291.0
325.0
282.0
296.0
313.0
325.0
320.0
286.0
327.0
256.0
323.0
301.0
268.0
285.0
284.0
331.0
268.0
404.0
338.0
387.0
231.0
313.0
302.0
339.0
362.0
350.0
325.0
414.0
390.0
284.0
335.0
308.0
340.0
WT 6
120.0
165.0
192.0
265.0
247.0
283.0
258.0
301.0
308.0
316.0
307.0
306.0
315.0
305.0
277.0
314.0
317.0
274.0
270.0
278.0
284.0
283.0
316.0
280.0
296.0
264.0
304.0
166.0
288.0
259.0
273.0
287.0
265.0
297.0
309.0
320.0
349.0
308.0
299.0
271.0
257.0
283.0
311.0
307.0
305.0
284.0
292.0
259.0
294.0
327.0
297.0
320.0
291.0
314.0
285.0
296.0
291.0
329.0
273.0
287.0
243.0
296.0
321.0
283.0
337.0
359.0
383.0
255.0
318.0
298.0
355.0
365.0
374.0
337.0
354.0
400.0
291.0
326.0
358.0
357.0
WT 7
129.0
190.0
195.0
216.0
235.0
264.0
273.0
313.0
298.0
303.0
316.0
304.0
297.0
300.0
288.0
318.0
292.0
274.0
323.0
313.0
318.0
310.0
293.0
277.0
291.0
268.0
293.0
213.0
326.0
278.0
310.0
318.0
283.0
301.0
290.0
330.0
312.0
345.0
285.0
284.0
260.0
229.0
285.0
270.0
293.0
260.0
271.0
263.0
329.0
311.0
287.0
326.0
282.0
331.0
280.0
327.0
313.0
328.0
275.0
278.0
283.0
320.0
313.0
295.0
340.0
367.0
362.0
217.0
311.0
328.0
347.0
354.0
348.0
363.0
355.0
369.0
284.0
319.0
345.0
339.0
