WT 0
146.0
290.0
264.0
345.0
281.0
300.0
321.0
393.0
429.0
407.0
381.0
351.0
336.0
351.0
359.0
335.0
379.0
345.0
418.0
351.0
355.0
402.0
389.0
319.0
305.0
336.0
356.0
346.0
407.0
297.0
338.0
357.0
366.0
338.0
401.0
403.0
353.0
448.0
381.0
352.0
456.0
411.0
435.0
418.0
523.0
438.0
381.0
408.0
343.0
342.0
392.0
464.0
429.0
416.0
412.0
370.0
353.0
317.0
415.0
395.0
360.0
319.0
389.0
377.0
402.0
362.0
457.0
274.0
450.0
364.0
372.0
433.0
342.0
348.0
383.0
359.0
407.0
399.0
340.0
445.0
WT 1
164.0
258.0
247.0
324.0
268.0
329.0
315.0
414.0
404.0
406.0
384.0
348.0
416.0
359.0
399.0
336.0
357.0
403.0
364.0
384.0
396.0
375.0
376.0
313.0
346.0
368.0
332.0
390.0
425.0
311.0
314.0
380.0
372.0
376.0
438.0
386.0
350.0
442.0
405.0
392.0
448.0
385.0
398.0
367.0
549.0
417.0
384.0
350.0
342.0
324.0
369.0
408.0
466.0
446.0
377.0
373.0
382.0
359.0
432.0
387.0
373.0
389.0
381.0
339.0
398.0
389.0
372.0
248.0
385.0
332.0
394.0
377.0
366.0
361.0
393.0
379.0
403.0
415.0
328.0
456.0
WT 2
147.0
246.0
284.0
320.0
268.0
299.0
380.0
351.0
365.0
350.0
301.0
420.0
424.0
377.0
308.0
387.0
393.0
431.0
373.0
389.0
415.0
406.0
323.0
346.0
337.0
330.0
354.0
361.0
405.0
308.0
286.0
355.0
415.0
284.0
443.0
412.0
354.0
434.0
394.0
373.0
434.0
360.0
389.0
401.0
508.0
405.0
412.0
367.0
313.0
356.0
375.0
424.0
389.0
428.0
381.0
420.0
403.0
287.0
385.0
363.0
400.0
377.0
435.0
346.0
392.0
376.0
373.0
279.0
417.0
384.0
407.0
409.0
406.0
335.0
387.0
389.0
403.0
404.0
341.0
443.0
WT 3
156.0
290.0
253.0
337.0
278.0
309.0
330.0
411.0
377.0
374.0
346.0
420.0
360.0
409.0
313.0
387.0
358.0
362.0
352.0
398.0
417.0
416.0
380.0
359.0
312.0
329.0
319.0
395.0
384.0
338.0
293.0
382.0
379.0
319.0
442.0
409.0
363.0
405.0
406.0
365.0
440.0
349.0
363.0
396.0
491.0
431.0
415.0
352.0
332.0
351.0
337.0
391.0
443.0
397.0
361.0
412.0
374.0
298.0
394.0
387.0
342.0
299.0
373.0
401.0
378.0
336.0
422.0
262.0
369.0
365.0
349.0
365.0
294.0
370.0
330.0
403.0
392.0
430.0
329.0
395.0
WT 4
148.0
256.0
262.0
371.0
288.0
344.0
313.0
335.0
316.0
391.0
358.0
446.0
422.0
371.0
335.0
342.0
382.0
418.0
425.0
375.0
410.0
396.0
395.0
302.0
325.0
328.0
357.0
397.0
388.0
306.0
287.0
388.0
364.0
372.0
430.0
387.0
342.0
418.0
376.0
366.0
447.0
422.0
352.0
389.0
534.0
405.0
376.0
348.0
393.0
358.0
405.0
377.0
416.0
421.0
411.0
365.0
333.0
359.0
392.0
391.0
359.0
361.0
456.0
389.0
410.0
354.0
391.0
277.0
392.0
317.0
368.0
395.0
357.0
334.0
432.0
394.0
434.0
450.0
324.0
419.0
WT 5
167.0
307.0
289.0
292.0
249.0
336.0
332.0
405.0
307.0
341.0
301.0
333.0
361.0
356.0
342.0
327.0
365.0
344.0
363.0
392.0
397.0
348.0
414.0
310.0
316.0
323.0
358.0
399.0
358.0
306.0
308.0
402.0
396.0
384.0
435.0
363.0
354.0
394.0
386.0
366.0
433.0
343.0
445.0
377.0
551.0
423.0
430.0
349.0
362.0
340.0
365.0
438.0
452.0
411.0
363.0
421.0
372.0
301.0
392.0
416.0
357.0
330.0
434.0
418.0
416.0
391.0
382.0
272.0
382.0
356.0
399.0
395.0
336.0
370.0
422.0
391.0
390.0
391.0
336.0
461.0
WT 6
135.0
237.0
266.0
341.0
230.0
343.0
353.0
397.0
411.0
337.0
361.0
385.0
364.0
356.0
395.0
346.0
387.0
437.0
426.0
320.0
404.0
437.0
388.0
334.0
335.0
325.0
292.0
381.0
373.0
331.0
261.0
371.0
359.0
340.0
418.0
439.0
313.0
419.0
411.0
324.0
412.0
362.0
400.0
376.0
521.0
414.0
395.0
333.0
329.0
334.0
380.0
435.0
434.0
377.0
442.0
393.0
382.0
293.0
398.0
407.0
318.0
288.0
386.0
376.0
411.0
366.0
412.0
277.0
412.0
328.0
358.0
380.0
337.0
375.0
415.0
376.0
403.0
362.0
303.0
448.0
WT 7
153.0
234.0
278.0
314.0
333.0
323.0
359.0
343.0
349.0
304.0
332.0
412.0
352.0
416.0
351.0
373.0
357.0
400.0
401.0
412.0
410.0
410.0
374.0
340.0
338.0
336.0
352.0
367.0
367.0
359.0
334.0
387.0
387.0
370.0
447.0
419.0
335.0
419.0
403.0
397.0
413.0
340.0
399.0
393.0
533.0
425.0
385.0
350.0
346.0
363.0
321.0
429.0
446.0
379.0
420.0
372.0
329.0
302.0
374.0
444.0
405.0
392.0
379.0
385.0
376.0
423.0
409.0
263.0
390.0
348.0
435.0
403.0
375.0
351.0
372.0
358.0
398.0
361.0
369.0
451.0
