r=1, k3
3046568
2005675
2075715
1931331
2215295
2034600
1722267
1706906
1773057
1494600
1561194
1455390
1702312
1635210
1423484
1581939
1443511
1454361
1454868
1488269
1453642
1426352
1537821
1499379
1468495
1475612
1381872
1375558
1478750
1529703
1532758
1379084
1579985
1452525
1487864
1547137
1764150
1576596
1415364
1452449
1562718
1553404
1627929
1506944
1544208
1694583
1784031
1632391
1671561
1757300
1552056
1531691
1577718
1645513
1525159
1373242
1475070
1462480
1421699
1429559
1584306
1434502
1532860
1338981
1449104
1484721
1453000
1495296
1515527
1310108
1433347
1360436
1393743
1442628
1402807
1396752
1338778
1399399
1514284
1442946
1246512
AVG: 1522597.71831

r=2, k3
2786532
2062603
2069377
1906805
1941060
1599877
1535841
1524977
1450759
1738535
1400528
1518301
1606404
1459796
1397664
1553570
1324748
1391354
1459665
1413265
1475857
1431984
1471329
1300722
1360457
1486844
1389276
1561130
1456604
1382074
1402694
1455469
2041570
1564616
1503392
1502655
1438914
1519444
1386847
1318641
1380236
1425338
1485889
1440335
1664385
1390455
1383053
1377510
1514207
1554340
1387350
1296093
1465298
1520380
1412891
1424311
1461111
1400974
1465493
1320804
1366681
1408605
1481844
1478700
1359161
1484362
1765824
1425191
1523394
1518991
1380451
1425254
1510026
1587607
1418850
1415663
1503605
1426475
1390853
1471133
1220279
AVG: 1466857.1831

r=3, k3
3120061
2226499
1936231
2107357
1807108
1792861
1460556
1464709
1432027
1452223
1486846
1616858
1363426
1422227
1291312
1328227
1408242
1510550
1506686
1604591
1355048
1393527
1325557
1392678
1514287
1295428
1388741
1406149
1513265
1369591
1364559
1454942
1609138
1468549
1429270
1378531
1367456
1470818
1462736
1363566
1556744
1407290
1528978
1394952
1486609
1565952
1681081
1553966
1490614
1404238
1264672
1364056
1346593
1439951
1518732
1440139
1328854
1519178
1403961
1398052
1411905
1355335
1529784
1719499
1526276
1370205
1336635
1482076
1804380
1453532
1329011
1414887
1449945
1364688
1390233
1409405
1365231
1371131
1450633
1562178
1243095
AVG: 1449402.60563

