r=1, k1
3114316
2170293
1735113
1850995
1597762
1643247
1477507
1395927
1371352
1361638
1476877
1533045
1502821
1344837
1370051
1588937
1672835
1415176
1505049
1317568
1864473
1406899
1484932
1411603
1479610
1530114
1433732
1345730
1362145
1461819
1471337
1502284
1399465
1479653
1354559
1636517
1419781
1296081
1422527
1517022
1430075
1594466
1374704
1417436
1369773
1569430
1340754
1392131
1431758
1392591
1429643
1427558
1674313
1525248
1414310
1516273
1426288
1421273
1643934
1323661
1293592
1428058
1309290
1428322
1959626
1400129
1353585
1354850
1381737
1314260
1486549
1371307
1322486
1250402
1327072
1570680
1422457
1381456
1402351
1363326
AVG: 1447914.77143

r=2, k1
2753032
1788448
1756246
1710289
1916389
1892677
1404816
1432887
1325578
1398818
1294970
1325518
1323660
1585464
1398861
1354702
1339855
1448415
1428936
1615582
1305065
1317923
1600109
1313903
1411270
1374263
1394854
1293788
1408790
1423933
1668897
1395868
1372166
1343001
1434752
1343898
1372384
1330016
1315492
1327964
1613562
1408702
1331665
1374503
1389485
1372353
1321760
1431612
1508594
1514701
1385059
1277644
1356838
1555170
1518424
1268927
1392465
1303469
1464867
1293666
1311053
1340840
1304271
1384235
1522979
1326862
1434307
1384757
1352460
1393426
1470993
1321126
1457791
1376574
1398816
1394577
1427479
1384051
1372205
1393996
1616877
AVG: 1402501.52113

r=3, k1
2786153
1937293
1819139
1594670
1585609
1605311
1425503
1428847
1423786
1439267
1363474
1341470
1270581
1410511
1350347
1624709
1375191
1471049
1338912
1470721
1518636
1545757
1631098
1453451
1425221
1413537
1401053
1345082
1507064
1370086
1502438
1631673
1472399
1379626
1371992
1422064
1275374
1508136
1535483
1337147
1346684
1454979
1312908
1640584
1525236
1467575
1336127
1362577
1324799
1439558
1456585
1372146
1465682
1537223
1564441
1410857
1296578
1340418
1389391
1349878
1419586
1358005
1548020
1403954
1366615
1342373
1440738
1417430
1461400
1474829
1304799
1486033
1444076
1471863
1304141
1448258
1391465
1518152
1321958
1404543
AVG: 1428929.77143

