SEC 1
1.44623333333
1.83116666667
1.27583333333
1.65133333333
2.3227
1.60906666667
0.895766666667
1.6491
2.25343333333
2.93053333333
1.3256
2.4409
2.73403333333
1.82436666667
2.74393333333
1.75896666667
1.1584
4.15136666667
2.10436666667
1.257
1.69273333333
1.04706666667
1.5062
2.78593333333
1.87763333333
1.01423333333
1.37003333333
1.6216
3.4023
2.1418
1.412
1.29816666667
SEC 2
3.80473333333
2.7169
2.57916666667
1.99393333333
2.3506
2.37083333333
1.99486666667
1.88696666667
2.96036666667
2.14756666667
2.49136666667
2.57016666667
3.64833333333
4.33843333333
4.71383333333
1.93476666667
1.73723333333
1.17716666667
3.80933333333
3.96533333333
2.05566666667
2.8692
2.7747
2.76656666667
1.32353333333
3.8046
1.69816666667
2.24116666667
2.86636666667
2.53346666667
0.938533333333
3.44243333333
SEC 3
2.92406666667
2.82616666667
1.02616666667
1.44186666667
2.84863333333
2.78463333333
1.3727
2.3651
2.07236666667
3.14493333333
2.41046666667
5.30406666667
1.62856666667
1.07283333333
1.61406666667
2.3043
1.1432
1.58533333333
1.5378
1.57666666667
1.05946666667
2.41133333333
1.42146666667
1.03016666667
1.21716666667
2.51576666667
1.5044
1.12043333333
1.78003333333
0.9779
2.40296666667
1.8844
SEC 4
1.28626666667
1.4302
1.30773333333
1.72133333333
8.94783333333
3.15773333333
2.55533333333
2.8141
3.4044
3.833
4.2003
5.27913333333
0.9774
5.5417
4.10756666667
0.822366666667
3.53983333333
4.5226
2.67656666667
2.6748
6.9557
3.9805
12.484
4.8991
4.68306666667
3.05163333333
3.9662
2.561
1.27353333333
3.91403333333
2.04456666667
3.8082
SEC 5
1.32366666667
3.50103333333
3.76843333333
1.00813333333
2.52993333333
4.38066666667
3.00926666667
3.40223333333
1.32363333333
1.30643333333
1.72066666667
3.32693333333
3.524
1.1331
1.92476666667
6.2729
1.9575
1.0037
4.1555
3.2998
1.196
1.13056666667
3.54143333333
3.00273333333
2.5802
0.9814
2.11873333333
1.47556666667
1.8222
2.489
0.867166666667
2.72433333333
SEC 6
3.57096666667
2.02466666667
1.9295
3.48213333333
2.651
2.55053333333
1.50896666667
3.14713333333
1.63553333333
4.13836666667
3.8018
4.0478
1.63916666667
1.331
6.655
1.98806666667
3.23246666667
3.07506666667
3.8213
6.66636666667
2.80536666667
1.4708
3.59313333333
3.61466666667
2.23653333333
4.91676666667
3.8982
3.58666666667
2.32986666667
2.3957
3.74463333333
1.8505
SEC 7
1.9134
2.0351
3.14803333333
2.0467
2.06293333333
1.648
3.6517
0.8484
2.0519
1.54266666667
1.89886666667
4.5603
4.01533333333
1.60296666667
3.22156666667
0.935433333333
2.7313
2.38553333333
1.32123333333
0.795966666667
2.02793333333
3.96593333333
2.58786666667
2.8136
1.76306666667
1.94816666667
3.8159
2.8626
3.30973333333
2.8185
2.80743333333
1.331
SEC 8
4.65696666667
3.70296666667
3.09506666667
4.19833333333
2.7018
2.48073333333
3.83063333333
4.37156666667
2.44883333333
1.8008
3.78496666667
1.81283333333
2.4418
3.10183333333
0.810466666667
2.2422
4.60016666667
4.0538
2.67646666667
1.21603333333
1.41886666667
1.44396666667
2.7335
4.25953333333
3.45523333333
4.7587
3.23023333333
2.48266666667
3.5998
4.6195
2.5071
3.20063333333
SEC 9
0.8771
2.37236666667
1.11843333333
0.8836
2.86403333333
1.00736666667
3.5422
0.652433333333
0.6822
2.5073
0.766566666667
0.7749
0.881533333333
4.221
1.029
0.878966666667
1.89846666667
1.25036666667
0.870233333333
3.11223333333
0.991133333333
3.62683333333
2.51623333333
1.9191
1.42106666667
1.1191
0.717966666667
0.795066666667
2.95533333333
1.267
1.42166666667
1.19033333333
SEC 10
2.337
1.0367
5.19926666667
2.16073333333
1.1955
2.1606
2.26686666667
6.4118
2.18203333333
1.6554
1.8586
2.4023
3.0644
3.16936666667
1.4913
2.65363333333
2.7578
0.840966666667
1.7156
2.98376666667
1.73223333333
2.97513333333
1.48996666667
1.1604
3.2806
0.949666666667
2.06836666667
2.32553333333
1.1511
3.39526666667
2.7786
2.372
SEC 11
3.5897
5.99086666667
5.48416666667
4.8402
1.38243333333
1.8897
1.0441
1.53346666667
6.19303333333
2.37743333333
6.0607
6.27896666667
5.87323333333
4.9443
2.19813333333
0.960533333333
1.6497
7.528
6.3729
5.04213333333
4.29413333333
1.62636666667
2.7232
2.6807
2.14913333333
2.4227
3.90883333333
3.00093333333
2.46213333333
5.74496666667
5.8406
6.49336666667
SEC 12
4.17423333333
3.50176666667
1.25506666667
3.3545
1.0336
2.76216666667
5.54163333333
3.44006666667
2.70933333333
2.49003333333
2.3193
3.82123333333
1.23216666667
1.168
4.56616666667
1.86833333333
2.8476
2.88646666667
3.53433333333
4.42813333333
1.70886666667
2.32466666667
2.7706
1.943
2.927
2.05026666667
4.20983333333
1.3443
2.8657
2.91633333333
4.84843333333
4.80853333333
SEC 13
1.81893333333
5.2422
6.86263333333
3.17416666667
6.6233
1.40233333333
9.153
1.2666
5.41543333333
5.68276666667
5.79123333333
3.09253333333
5.65926666667
1.25013333333
0.7917
5.66303333333
1.94976666667
1.2027
3.73376666667
2.29006666667
4.47806666667
2.11796666667
2.6091
2.57946666667
5.3011
4.0232
3.87856666667
2.93066666667
4.7524
3.30496666667
1.47173333333
1.00253333333
SEC 14
5.94923333333
3.92303333333
2.84046666667
0.513733333333
1.3424
1.64013333333
1.42286666667
3.1663
6.62823333333
6.26506666667
3.8042
4.60336666667
6.47333333333
1.79176666667
3.69383333333
3.94783333333
4.3805
0.8956
2.96233333333
3.20303333333
2.89853333333
1.88993333333
2.3378
3.83
4.81893333333
2.6852
4.49156666667
2.75673333333
4.28996666667
4.70623333333
2.56716666667
1.48093333333
SEC 15
2.37896666667
3.31396666667
8.60333333333
5.14596666667
3.30676666667
5.74306666667
5.66996666667
6.75063333333
3.22193333333
3.19146666667
3.7382
3.97046666667
4.33816666667
7.1211
2.5343
1.20756666667
3.6416
5.72663333333
4.29606666667
4.11103333333
2.8125
0.643266666667
4.4415
0.775233333333
1.16073333333
5.63746666667
0.949666666667
1.69006666667
1.94633333333
5.0171
3.26903333333
5.67096666667
SEC 16
10.5200333333
2.8444
13.5319
12.6523666667
5.99656666667
10.4000333333
2.10333333333
11.6308333333
8.1186
5.4007
10.5056333333
6.307
10.4890666667
12.9424333333
7.2652
6.35193333333
7.12393333333
6.6775
2.05406666667
10.8951666667
2.97493333333
3.41866666667
9.29523333333
6.25246666667
5.54256666667
13.2404333333
11.5308
8.63243333333
13.4010666667
7.45046666667
9.7869
11.091
SEC 17
6.68083333333
3.42973333333
6.2816
2.31013333333
8.3109
2.3438
1.0804
8.01153333333
2.6031
6.6023
1.9545
1.81993333333
4.72546666667
9.9286
1.50033333333
5.77456666667
4.9045
2.04773333333
7.4299
7.3385
8.87363333333
9.44626666667
3.0138
9.6471
2.5257
3.49756666667
2.96393333333
5.84593333333
8.27963333333
4.47533333333
2.91806666667
3.1836
SEC 18
4.0682
1.38633333333
3.92906666667
5.0463
3.92886666667
5.19566666667
1.18596666667
3.05993333333
3.40123333333
0.958333333333
3.7534
0.807366666667
0.663933333333
2.02116666667
4.92563333333
1.88176666667
1.847
4.4791
4.23166666667
3.31743333333
2.54386666667
5.0902
3.44433333333
5.47326666667
2.32703333333
4.8741
5.37146666667
4.83063333333
3.84233333333
4.68326666667
3.69613333333
5.94403333333
SEC 19
1.4831
1.3059
2.38156666667
4.0416
1.38833333333
1.694
2.38173333333
0.8322
1.51906666667
1.8167
1.3371
1.47383333333
3.9991
2.73726666667
5.43526666667
5.7525
5.1219
1.4355
6.783
1.89116666667
6.36096666667
1.53573333333
1.6825
2.1263
5.58283333333
1.22026666667
3.82996666667
2.72153333333
4.42713333333
2.9401
2.68596666667
4.5014
SEC 20
3.80996666667
3.0191
1.56096666667
4.83516666667
1.5311
1.8765
2.19453333333
1.89043333333
4.2197
2.73836666667
3.2216
1.7219
3.78833333333
2.32813333333
4.73533333333
4.21826666667
1.14003333333
1.8739
2.70716666667
1.98113333333
1.0412
1.47333333333
1.45006666667
2.0701
0.926466666667
1.1542
2.52336666667
4.30063333333
4.0174
0.797066666667
4.14893333333
2.59806666667
SEC 21
1.24776666667
0.7341
1.17376666667
3.64296666667
4.7217
1.0978
2.2499
0.756566666667
1.44973333333
0.952733333333
0.629666666667
3.9662
5.20446666667
3.983
0.492633333333
4.89753333333
0.9627
3.9108
1.015
2.1776
2.36816666667
1.68603333333
3.7423
4.88096666667
0.890333333333
4.12116666667
2.45436666667
1.42086666667
0.977066666667
0.785133333333
1.44996666667
1.2454
SEC 22
5.9488
6.73213333333
9.85636666667
9.5548
8.2874
4.90226666667
3.4426
7.78496666667
1.40813333333
5.05206666667
5.57136666667
2.81876666667
10.1935
2.38963333333
2.66836666667
4.71173333333
5.99
7.35476666667
4.77693333333
3.99996666667
2.93413333333
4.09153333333
3.56446666667
3.87956666667
11.8919333333
5.08833333333
4.8305
4.2216
9.9257
3.70223333333
2.77713333333
8.46446666667
SEC 23
2.34806666667
4.8665
0.809033333333
1.45613333333
1.69913333333
2.0431
6.76
1.09713333333
3.38396666667
1.80786666667
1.33043333333
0.884633333333
3.82173333333
2.27836666667
1.85523333333
3.83866666667
2.5571
3.6665
1.85136666667
3.45876666667
1.35573333333
1.25553333333
3.07373333333
3.95493333333
1.30646666667
6.49793333333
1.88363333333
4.3637
1.87726666667
0.995833333333
4.20776666667
4.6435
SEC 24
2.27763333333
1.0025
4.2169
1.3669
1.01386666667
2.70326666667
1.82236666667
2.6152
1.07693333333
3.6641
0.907633333333
1.52026666667
2.05923333333
2.18696666667
1.6434
1.59903333333
2.4378
2.29546666667
2.8427
1.1464
3.5912
1.83406666667
2.85553333333
4.35546666667
2.81213333333
1.68506666667
3.03003333333
0.619666666667
2.14553333333
1.84416666667
1.52063333333
2.29906666667
SEC 25
2.05926666667
2.97093333333
1.76166666667
4.58176666667
2.1878
1.3584
6.18733333333
1.0306
1.2818
1.20666666667
1.5884
1.72363333333
0.889766666667
2.47046666667
1.2316
1.41093333333
0.8522
3.18423333333
2.08516666667
1.92496666667
2.61223333333
2.14753333333
3.21636666667
3.8348
1.51873333333
2.48393333333
1.77156666667
1.51743333333
0.464666666667
1.98196666667
1.34226666667
2.46443333333
SEC 26
1.75436666667
1.27313333333
3.52006666667
1.53926666667
0.851033333333
3.22306666667
1.50186666667
0.835533333333
2.17623333333
1.86203333333
1.28333333333
4.368
2.17716666667
0.592066666667
0.9624
2.16416666667
3.41973333333
1.8006
1.4409
1.05016666667
3.18423333333
3.1238
7.1269
0.949566666667
3.75996666667
2.9268
1.7948
2.17463333333
1.9344
3.0777
0.894766666667
3.44553333333
SEC 27
2.9786
5.39383333333
4.1356
6.54076666667
1.75073333333
5.14076666667
0.644033333333
1.26106666667
2.523
8.82636666667
4.8369
8.5973
3.41603333333
4.89443333333
3.57293333333
6.1143
6.53033333333
7.5879
3.15226666667
4.01563333333
4.96246666667
3.59673333333
4.76423333333
7.93936666667
1.0421
5.59626666667
6.15336666667
1.45156666667
7.025
0.890666666667
0.990766666667
2.5903
SEC 28
2.0199
4.9851
2.76483333333
1.6022
6.04766666667
3.648
0.808333333333
2.6049
1.33133333333
3.78573333333
1.6468
5.32046666667
7.64106666667
1.95916666667
1.3481
0.749033333333
1.27896666667
3.94236666667
2.53866666667
2.19193333333
3.95043333333
0.786133333333
6.486
1.65236666667
2.1907
2.05496666667
4.58703333333
1.9412
3.28316666667
1.6908
6.7589
6.2288
SEC 29
0.819133333333
1.33643333333
2.738
0.885433333333
1.16073333333
2.97933333333
1.9272
2.08013333333
1.01876666667
0.7885
2.76546666667
0.7659
2.3493
1.51753333333
1.23273333333
4.36403333333
2.06863333333
1.64243333333
1.73133333333
2.16763333333
3.2641
1.8506
0.984933333333
2.0524
1.64696666667
1.10903333333
1.4528
2.17516666667
1.72276666667
2.5833
1.1903
2.11516666667
SEC 30
4.2062
3.72463333333
4.34436666667
3.1158
5.3172
6.14496666667
4.53266666667
2.3962
0.8005
8.6798
2.80533333333
4.26836666667
3.07786666667
4.3038
5.40306666667
2.3756
3.93653333333
5.2526
9.59276666667
5.03323333333
3.4681
3.5626
4.40863333333
3.9049
1.77466666667
2.6069
6.27446666667
5.1298
5.38456666667
0.5039
7.62176666667
3.41986666667
SEC 31
4.0944
3.44913333333
1.90443333333
3.65093333333
1.43753333333
3.26656666667
1.63273333333
2.9999
2.11126666667
5.29056666667
1.14546666667
1.38153333333
3.84343333333
2.60826666667
2.30173333333
2.25696666667
2.37893333333
2.80036666667
1.8412
1.7727
1.54053333333
2.7557
1.37176666667
3.42876666667
4.1124
4.08023333333
2.68796666667
1.6244
1.32833333333
1.6669
1.44
1.8536
SEC 32
4.26326666667
1.98066666667
2.60386666667
2.4307
4.63233333333
2.97313333333
4.26426666667
3.49933333333
2.03126666667
2.58693333333
3.50133333333
2.8293
2.37366666667
2.59033333333
3.3016
2.8502
2.16006666667
4.12496666667
5.20623333333
3.80096666667
1.37336666667
3.45003333333
3.4856
4.19373333333
2.86163333333
3.06873333333
1.2613
0.8864
0.910633333333
2.81106666667
4.7687
3.3124
SEC 33
3.0295
3.7892
2.3017
4.08066666667
1.10096666667
1.02396666667
1.9366
2.57903333333
3.01166666667
0.928566666667
3.70263333333
4.12916666667
0.6107
4.92333333333
1.52446666667
3.54573333333
1.05213333333
3.15563333333
5.29126666667
1.83286666667
4.89743333333
3.7425
3.3833
2.93683333333
4.16146666667
3.27943333333
2.26396666667
2.09443333333
3.39686666667
3.06023333333
3.55196666667
0.808233333333
SEC 34
2.6955
2.03736666667
1.573
3.1498
2.041
4.73473333333
0.678566666667
6.39543333333
1.72193333333
2.9335
4.67243333333
3.5985
3.39506666667
3.5182
1.2121
1.62723333333
1.1675
4.29103333333
4.25556666667
3.00763333333
5.0307
1.3335
7.84193333333
4.84143333333
3.43716666667
1.5413
3.64236666667
3.30233333333
1.9441
3.1288
4.0366
6.54783333333
SEC 35
1.2355
4.33053333333
2.77846666667
9.66876666667
8.35013333333
4.80173333333
5.14076666667
4.43136666667
3.53836666667
2.07576666667
5.7751
1.85843333333
1.44353333333
7.76003333333
5.02326666667
4.47513333333
6.30866666667
3.4992
1.7876
4.60503333333
4.81233333333
4.0763
1.8707
1.9729
3.55773333333
2.10236666667
5.14316666667
1.01386666667
3.93153333333
11.1252333333
2.42323333333
1.7136
SEC 36
1.6622
1.08046666667
3.59443333333
3.0156
3.1017
0.976233333333
1.24903333333
1.4275
1.65003333333
3.80306666667
2.9822
2.8408
4.337
2.71046666667
1.16586666667
2.6046
3.18956666667
5.1525
3.11256666667
2.40066666667
3.3987
2.55813333333
3.74196666667
2.97683333333
1.4058
3.12786666667
4.84886666667
3.02596666667
2.6507
3.5011
2.61296666667
3.03743333333
SEC 37
2.14233333333
1.15103333333
3.83573333333
2.50136666667
1.31693333333
4.8897
2.11623333333
3.68566666667
0.811366666667
1.41553333333
0.8831
3.79726666667
1.99793333333
2.82533333333
8.4449
5.82146666667
5.74003333333
1.0035
1.59143333333
0.8195
1.10366666667
2.6346
2.45133333333
1.4994
0.961633333333
3.29323333333
6.94783333333
7.4689
1.65936666667
0.929566666667
1.27786666667
0.824233333333
SEC 38
2.46026666667
2.6413
1.8333
2.57503333333
3.95936666667
4.40093333333
2.5115
1.8789
1.9881
1.84536666667
3.76456666667
3.68713333333
0.725333333333
0.844066666667
1.57033333333
1.55923333333
2.11706666667
2.61036666667
5.15873333333
1.04833333333
3.27736666667
2.039
1.72596666667
2.0776
2.57803333333
1.89183333333
1.12023333333
2.3008
3.29173333333
1.66276666667
2.99386666667
4.0428
SEC 39
1.17986666667
3.4111
1.1986
0.943
3.5808
0.833166666667
2.1061
1.54373333333
2.2191
0.903733333333
1.46673333333
1.02973333333
1.15186666667
1.50186666667
0.805866666667
0.9735
0.9009
1.16186666667
0.902666666667
1.23073333333
1.28893333333
4.61383333333
1.03333333333
1.21863333333
0.562366666667
1.00436666667
1.47473333333
1.48686666667
0.8217
1.92183333333
2.37413333333
0.843633333333
SEC 40
1.86246666667
2.3624
2.5896
0.567366666667
2.7435
3.6183
1.38406666667
2.56233333333
2.2693
2.3833
3.2829
2.9448
2.74843333333
3.51076666667
1.69103333333
4.18643333333
1.25536666667
1.10856666667
3.04773333333
2.85266666667
2.19036666667
2.2361
3.15786666667
3.10833333333
3.82086666667
2.1468
1.4841
2.6386
2.39696666667
1.2248
2.72176666667
1.2621
SEC 41
3.5646
1.50536666667
11.1524666667
1.321
1.46416666667
5.4708
3.25623333333
5.00266666667
4.70093333333
4.40873333333
3.83786666667
7.27936666667
5.8799
3.81726666667
2.8361
3.7113
4.76403333333
5.6184
4.1543
3.51066666667
2.346
4.30603333333
1.2838
5.05113333333
6.29623333333
5.23673333333
4.0094
3.856
4.91676666667
2.14383333333
1.26486666667
2.51433333333
SEC 42
6.76956666667
3.24133333333
0.5315
3.58846666667
3.6431
0.8753
7.26076666667
4.7224
3.59373333333
4.16633333333
2.24743333333
3.91136666667
7.32086666667
6.40336666667
7.86173333333
3.63603333333
1.25323333333
4.79356666667
3.81136666667
4.14736666667
4.20523333333
3.67796666667
3.5145
2.1393
6.14286666667
5.88856666667
0.8217
5.86376666667
2.9402
3.21106666667
3.16116666667
5.6526
SEC 43
0.900133333333
3.79196666667
1.8792
0.515233333333
0.965933333333
0.7012
1.00573333333
0.693933333333
0.849466666667
0.918133333333
0.8051
1.57913333333
2.61156666667
2.54033333333
1.08673333333
2.46753333333
1.47346666667
1.23496666667
2.67686666667
0.831066666667
1.46203333333
2.17853333333
1.7394
0.6875
0.957
0.697033333333
1.20246666667
2.9545
0.981133333333
2.36446666667
3.1542
1.8715
SEC 44
3.75823333333
0.744166666667
1.08726666667
1.6592
6.73996666667
0.956533333333
0.555
3.3504
3.21136666667
0.7521
3.54106666667
3.30516666667
0.650733333333
2.26133333333
3.5944
0.847466666667
2.6354
0.973766666667
4.98216666667
0.645
2.31406666667
4.61546666667
3.07253333333
0.724766666667
0.8965
1.41543333333
2.78906666667
2.19573333333
2.22056666667
2.69113333333
5.1656
3.0148
SEC 45
1.22786666667
2.3097
2.2773
2.73076666667
1.88726666667
1.5934
2.66606666667
1.70916666667
1.59966666667
1.57743333333
1.7703
1.5037
1.52166666667
2.25113333333
2.14383333333
2.52523333333
2.91116666667
1.76146666667
1.5292
1.52666666667
2.44463333333
1.84926666667
1.3624
3.0392
1.61156666667
5.7452
0.917266666667
0.937166666667
3.7966
1.7545
1.74986666667
3.63623333333
SEC 46
0.7407
2.16246666667
1.14656666667
2.0846
3.3082
2.11356666667
1.79143333333
1.2786
3.1212
1.3799
0.898833333333
2.47556666667
2.0954
2.51373333333
3.36263333333
2.7672
1.00113333333
3.5007
2.6062
3.01813333333
3.74656666667
2.22896666667
2.85643333333
2.15636666667
4.38056666667
1.4979
6.00726666667
2.74926666667
2.0884
3.40483333333
3.2949
1.64483333333
SEC 47
1.39923333333
0.8081
5.66296666667
5.05296666667
6.20816666667
1.46583333333
3.12993333333
0.530866666667
4.0806
4.5366
1.06936666667
1.69006666667
1.47813333333
3.7054
1.99356666667
1.5823
4.42916666667
2.31053333333
2.2237
1.5151
0.717666666667
0.873466666667
1.2444
4.4673
1.26446666667
4.36003333333
2.26916666667
0.939766666667
3.71876666667
1.63713333333
1.1938
2.48913333333
SEC 48
1.81863333333
1.45046666667
1.01056666667
1.0535
0.814733333333
1.0752
1.19233333333
0.7607
0.689366666667
1.03693333333
1.4614
1.11743333333
1.30993333333
1.80513333333
0.582633333333
1.13576666667
1.978
0.770066666667
0.9898
1.10396666667
1.2443
1.03163333333
1.01656666667
2.57816666667
0.6681
2.76713333333
1.05756666667
1.0131
0.613533333333
0.6067
0.9143
1.4853
SEC 49
1.5574
1.23326666667
2.63446666667
3.51873333333
1.93426666667
2.4035
2.1942
3.3931
2.70223333333
1.6798
1.22986666667
1.02103333333
3.14233333333
0.931
3.2902
1.80963333333
1.2186
1.01896666667
2.06073333333
0.920833333333
2.66556666667
3.2348
2.18583333333
1.51506666667
2.48613333333
2.90396666667
1.15653333333
2.278
1.7861
2.53836666667
2.0072
2.10063333333
SEC 50
2.273
1.9358
0.683566666667
2.82166666667
3.4967
1.1579
3.18653333333
1.1339
2.99093333333
2.97113333333
0.871
1.55623333333
1.6575
1.76816666667
1.55716666667
3.24086666667
1.7648
0.981133333333
1.19333333333
1.70733333333
2.46543333333
1.04146666667
0.8801
0.909033333333
1.45596666667
2.28756666667
2.00346666667
3.1857
3.72183333333
2.7521
0.7952
1.9166
SEC 51
3.203
1.9448
5.14096666667
3.29533333333
2.88173333333
3.8855
1.67806666667
3.10126666667
3.15293333333
2.9314
3.41256666667
3.50406666667
3.0237
4.79743333333
3.49133333333
3.22156666667
4.2929
2.2143
2.12363333333
2.78153333333
1.74356666667
4.10146666667
3.68333333333
1.4264
3.40376666667
1.46163333333
4.5085
3.97953333333
2.45333333333
3.7877
3.40923333333
5.4745
SEC 52
1.7536
1.9389
2.8535
0.6732
1.66703333333
2.30523333333
2.38463333333
2.1682
4.3784
3.483
2.9466
1.9558
2.08566666667
3.25983333333
3.65596666667
1.8657
0.9524
1.91293333333
2.45786666667
1.36813333333
3.1036
1.38833333333
1.7442
2.65683333333
1.24406666667
3.2894
1.7746
2.64223333333
2.3736
2.40386666667
1.0506
3.98113333333
SEC 53
4.89743333333
5.8801
3.90076666667
5.4878
4.28473333333
3.79653333333
4.95583333333
2.99473333333
3.91716666667
6.54663333333
2.65073333333
4.40333333333
3.86123333333
4.1628
1.6293
6.91903333333
3.38666666667
4.83316666667
7.1788
6.6972
5.07383333333
7.1164
1.15366666667
4.4936
5.8298
3.03163333333
6.19446666667
2.7375
5.1792
3.18873333333
6.03723333333
3.22063333333
SEC 54
4.29326666667
1.5719
8.0054
2.24533333333
5.85473333333
8.08473333333
5.2185
2.8926
6.06633333333
4.27416666667
3.66113333333
5.96453333333
5.63893333333
1.3097
2.49446666667
2.0759
3.92613333333
1.9217
5.47443333333
5.20893333333
4.08923333333
4.0143
5.4432
2.3779
1.0194
2.84943333333
7.73716666667
7.35643333333
6.02513333333
1.5164
2.82283333333
6.10783333333
SEC 55
2.12053333333
2.90856666667
4.19366666667
0.7322
1.47016666667
1.75823333333
1.07906666667
1.16946666667
1.88016666667
1.03086666667
2.4739
2.91656666667
1.10476666667
2.18443333333
1.8114
2.05813333333
1.2918
0.862466666667
1.09366666667
2.23593333333
1.51386666667
3.95146666667
2.83353333333
1.55096666667
2.2855
1.93773333333
1.60666666667
1.596
4.17173333333
1.66766666667
1.79326666667
4.1795
SEC 56
1.7533
5.09273333333
1.49413333333
2.68153333333
2.25883333333
1.93103333333
3.35683333333
2.76636666667
2.5669
4.06836666667
3.87783333333
4.77766666667
3.80403333333
1.9176
3.6644
5.35213333333
2.98763333333
3.33146666667
2.53576666667
4.19323333333
5.2208
3.95373333333
3.17626666667
2.7333
4.86593333333
2.2425
3.86183333333
1.85963333333
5.28223333333
3.2616
1.38486666667
3.59986666667
SEC 57
0.714033333333
1.80166666667
2.10616666667
2.37293333333
1.7563
1.0886
2.73773333333
1.7351
0.8656
1.2615
0.639866666667
1.3482
2.86156666667
2.35863333333
4.64926666667
2.0406
1.28233333333
2.94306666667
1.121
2.97836666667
3.32533333333
1.7615
1.5015
1.57806666667
2.5646
2.16453333333
1.50293333333
1.2195
0.911733333333
1.2965
3.4734
1.32726666667
SEC 58
0.5926
1.08393333333
1.75113333333
1.5016
2.05193333333
2.40756666667
3.46053333333
1.26133333333
2.6964
2.9616
3.09883333333
1.31373333333
1.0746
3.1804
1.4359
1.37746666667
1.24273333333
1.0934
5.2326
2.86656666667
1.04073333333
5.3919
1.9223
1.1927
3.91483333333
0.672666666667
1.5347
2.02883333333
1.5996
1.8238
0.908466666667
0.756766666667
SEC 59
1.9622
2.65226666667
4.46623333333
3.71276666667
1.2656
2.8114
2.2315
2.95196666667
3.3202
1.59533333333
3.93146666667
5.68076666667
5.25953333333
3.40196666667
3.55653333333
3.15236666667
5.86453333333
1.5913
4.32946666667
4.33906666667
4.01763333333
2.01806666667
1.59653333333
2.1589
2.9835
3.75856666667
5.07556666667
3.51573333333
3.89386666667
2.31746666667
2.8429
4.9312
SEC 60
7.01163333333
6.0053
2.776
3.16086666667
4.97646666667
2.24576666667
5.72236666667
1.74413333333
5.21783333333
3.68796666667
3.62266666667
5.1945
4.4692
2.24143333333
1.92546666667
5.56073333333
5.43756666667
4.37733333333
1.92596666667
5.35773333333
4.362
5.26656666667
4.2735
2.29676666667
2.5312
3.75993333333
4.64273333333
1.86723333333
2.3652
0.963033333333
5.6817
3.55066666667
SEC 61
2.38616666667
4.31796666667
2.39273333333
1.9294
3.60193333333
3.40423333333
3.2881
2.53006666667
0.901733333333
0.580366666667
2.68576666667
2.7939
1.75696666667
0.628433333333
2.6464
0.564133333333
3.18703333333
2.1113
1.6158
2.09306666667
2.28746666667
1.04243333333
3.01073333333
2.69686666667
2.83293333333
2.39823333333
2.36453333333
2.15213333333
2.35576666667
2.73576666667
3.8414
1.56286666667
SEC 62
4.31716666667
2.58383333333
2.14833333333
2.9307
3.13993333333
3.43943333333
4.59523333333
4.03283333333
3.3427
2.72506666667
3.8497
3.08726666667
4.35476666667
6.04156666667
4.3877
4.0678
3.1316
2.95073333333
2.60276666667
2.9343
1.14843333333
3.4476
4.193
6.06373333333
3.8572
2.5891
4.15176666667
3.65293333333
4.127
3.2666
3.28576666667
3.704
SEC 63
2.61426666667
1.27506666667
1.24833333333
1.7412
4.1856
1.79243333333
2.31336666667
3.24033333333
2.2679
1.10723333333
1.93436666667
1.616
2.2858
1.9065
1.03456666667
1.3671
1.26406666667
0.643033333333
2.74193333333
1.28373333333
1.63156666667
3.5663
2.5041
2.2677
3.51616666667
1.65733333333
1.69156666667
4.29593333333
0.974033333333
2.0332
3.118
1.64403333333
SEC 64
4.0093
1.47713333333
1.15986666667
2.5754
4.5508
2.3155
2.198
4.2322
1.85403333333
3.59983333333
1.96086666667
1.2959
2.47343333333
3.52326666667
3.49803333333
1.06356666667
3.2889
1.21986666667
3.14386666667
2.3646
4.60376666667
2.55336666667
4.82396666667
2.0281
1.21603333333
2.05566666667
1.0126
2.4369
4.16126666667
1.3389
1.37793333333
1.7376
SEC 65
3.84236666667
4.79966666667
1.0914
3.55366666667
1.34486666667
2.9919
1.24276666667
4.102
2.01136666667
2.06966666667
2.0718
5.57
1.2345
3.4351
1.06983333333
2.78413333333
3.53346666667
1.56833333333
2.47326666667
3.53646666667
5.85396666667
4.35126666667
4.90656666667
3.57216666667
1.71976666667
1.03926666667
1.98923333333
2.10926666667
2.4841
1.14066666667
1.47123333333
2.12783333333
SEC 66
2.26036666667
1.6481
3.43833333333
0.869233333333
3.55573333333
2.9492
3.88016666667
2.5211
1.8487
0.947266666667
0.6185
1.91436666667
2.38466666667
2.3151
3.58536666667
2.0247
3.27483333333
2.56586666667
2.60873333333
2.93356666667
2.25893333333
0.792966666667
1.5873
2.93486666667
4.95413333333
1.16526666667
1.41853333333
1.07536666667
1.8802
1.09366666667
1.74173333333
0.6927
SEC 67
2.19756666667
2.1917
7.48856666667
1.5861
0.6066
9.09993333333
0.668866666667
1.1332
4.01246666667
5.1947
1.11533333333
1.07766666667
3.06633333333
1.9083
2.12446666667
5.34736666667
3.60503333333
1.69986666667
4.75533333333
2.22306666667
2.96543333333
1.7775
1.02306666667
0.8714
2.14986666667
2.26076666667
1.05223333333
3.10966666667
2.4963
1.74056666667
1.6906
0.7424
SEC 68
3.48166666667
1.6903
9.13483333333
6.22876666667
1.16096666667
1.97723333333
1.43773333333
6.45453333333
2.13723333333
1.7635
4.3005
6.93256666667
2.6362
6.4021
4.25976666667
4.82243333333
5.91206666667
4.88463333333
4.28916666667
4.8014
2.24993333333
3.23016666667
1.11786666667
2.42683333333
2.3879
4.4848
5.81526666667
1.3795
2.83403333333
8.15926666667
3.37783333333
5.18163333333
SEC 69
4.75013333333
2.88633333333
3.49883333333
3.81243333333
3.00886666667
1.99156666667
2.6798
1.60976666667
2.36896666667
2.29966666667
1.89963333333
2.27483333333
1.6767
4.6955
2.21643333333
2.63806666667
4.09536666667
3.393
4.50033333333
3.43526666667
4.7229
1.1918
2.03783333333
1.40036666667
1.23233333333
2.1943
1.87773333333
1.69976666667
1.88503333333
2.2584
2.06653333333
2.73813333333
SEC 70
1.06476666667
1.696
2.4725
1.2752
1.74906666667
1.934
1.9592
1.3686
1.41716666667
1.423
1.1823
1.74413333333
1.5988
1.2609
1.32803333333
1.48403333333
2.49373333333
2.73523333333
1.03636666667
1.0876
1.5351
2.4066
1.41666666667
1.5652
3.42736666667
1.8955
1.4351
1.87096666667
1.91226666667
1.4583
1.48816666667
2.8869
SEC 71
6.05413333333
1.6936
1.46313333333
4.3107
3.6433
1.44863333333
4.5964
2.09253333333
5.2077
6.97203333333
2.48196666667
6.92703333333
5.20903333333
6.35906666667
1.68303333333
3.72566666667
3.7595
2.59146666667
2.05236666667
2.94576666667
2.16063333333
0.970866666667
4.81336666667
2.575
1.3431
8.20946666667
4.7326
4.33723333333
1.02386666667
3.7656
4.0019
1.31613333333
SEC 72
1.70156666667
2.76493333333
2.91946666667
2.483
1.29773333333
3.68243333333
3.8759
2.04606666667
3.94333333333
3.72033333333
3.6838
1.84916666667
4.3219
0.744166666667
3.32883333333
3.9922
3.27933333333
2.35686666667
1.11006666667
2.95153333333
3.48783333333
3.6175
3.58893333333
2.12213333333
1.82653333333
2.18503333333
2.35643333333
3.45806666667
3.6444
2.5299
0.750933333333
3.64416666667
SEC 73
2.3111
3.46556666667
2.08003333333
1.4751
1.274
1.17603333333
3.1259
0.572633333333
3.10086666667
1.14496666667
4.0083
3.21923333333
3.59816666667
1.21543333333
1.28753333333
2.83776666667
1.01273333333
2.72973333333
1.92293333333
1.41796666667
2.09406666667
2.25953333333
2.07083333333
4.83856666667
3.06966666667
1.1964
0.9453
1.8099
1.63943333333
3.40476666667
1.76383333333
1.95366666667
SEC 74
2.2582
4.0351
4.46993333333
3.2495
2.008
1.23003333333
1.14923333333
3.3982
1.46826666667
1.69806666667
4.25566666667
0.954733333333
3.64883333333
1.4002
2.41553333333
1.422
1.3823
2.08373333333
1.30036666667
1.82993333333
2.4041
3.9052
2.335
2.31236666667
2.10863333333
2.8445
1.0548
1.0339
4.21536666667
1.73786666667
0.9408
1.05123333333
SEC 75
1.55093333333
3.22266666667
0.628033333333
2.38736666667
2.6071
2.1942
1.90153333333
1.0971
3.0795
1.15583333333
1.69723333333
0.7725
6.2068
2.08173333333
1.81756666667
1.9025
1.48056666667
2.3102
0.7146
0.712166666667
1.32746666667
1.68196666667
1.97423333333
1.49923333333
2.32886666667
2.4595
1.1477
2.08396666667
2.5934
2.0605
1.43946666667
0.781333333333
SEC 76
1.30036666667
2.3107
2.4279
2.95643333333
1.87326666667
1.1444
2.35913333333
1.9406
2.8775
2.17726666667
2.6656
0.739433333333
2.08443333333
2.19766666667
3.8746
1.46156666667
2.0782
0.863133333333
1.29386666667
1.85643333333
2.1617
2.12453333333
1.0004
1.64173333333
1.66926666667
1.8641
3.6965
1.27303333333
2.0339
1.78343333333
1.37383333333
2.73896666667
SEC 77
1.75943333333
3.04313333333
2.83193333333
3.37173333333
4.8238
2.84096666667
2.52976666667
4.68786666667
2.3443
1.918
4.65616666667
3.7856
3.2789
2.4342
1.05326666667
2.82736666667
2.75816666667
2.2023
3.59643333333
4.18266666667
2.94023333333
2.00873333333
0.960733333333
1.5289
3.64086666667
2.5232
1.44963333333
4.13646666667
1.2119
0.981566666667
4.36283333333
2.65056666667
SEC 78
2.42786666667
3.33553333333
1.75213333333
1.74493333333
0.854633333333
3.1563
3.59826666667
3.68776666667
2.92933333333
0.757433333333
0.680733333333
3.37343333333
0.960166666667
1.9241
1.10466666667
2.80263333333
3.18386666667
0.9616
1.14476666667
1.06783333333
0.7934
1.12646666667
3.0775
2.0428
3.63426666667
3.0374
4.217
1.24126666667
3.04343333333
2.80706666667
1.5114
1.44243333333
SEC 79
3.15403333333
1.0401
1.28016666667
0.552533333333
4.3633
1.56823333333
2.30063333333
1.874
3.3623
1.1372
1.20723333333
1.27596666667
2.72276666667
1.36513333333
1.20806666667
6.8469
6.04553333333
3.74196666667
1.5367
0.887466666667
3.24836666667
1.1754
1.52373333333
1.04123333333
2.5824
2.76086666667
2.0822
1.0304
3.74363333333
0.938333333333
0.797066666667
1.2646
SEC 80
2.43486666667
1.25433333333
2.47536666667
1.92223333333
1.7738
2.97693333333
2.94753333333
1.5172
1.59446666667
1.6022
2.3784
1.87716666667
3.38126666667
0.942
4.09553333333
0.808033333333
2.42906666667
1.52086666667
1.96233333333
2.0731
1.22026666667
1.12666666667
1.89583333333
2.7384
2.2295
1.5192
1.51053333333
2.6337
3.1767
0.945266666667
2.21786666667
1.38626666667
