SEC 1
2.0675
1.59916666667
2.58853333333
1.66593333333
1.33486666667
2.18983333333
1.61233333333
1.17693333333
0.833066666667
0.865933333333
1.55186666667
2.44466666667
1.2341
3.05696666667
2.70203333333
0.781033333333
SEC 2
3.84023333333
2.7602
3.2051
4.73926666667
2.47776666667
2.77736666667
2.8445
2.0947
1.1929
3.4697
1.93893333333
2.64756666667
3.0629
3.20213333333
2.11133333333
1.93536666667
SEC 3
2.07296666667
2.392
3.02873333333
1.9837
2.37973333333
3.366
1.50036666667
2.58493333333
3.425
3.54653333333
3.32453333333
2.65613333333
3.29203333333
1.92556666667
1.40466666667
5.01773333333
SEC 4
1.66406666667
0.9702
1.3891
1.25723333333
2.0263
1.90696666667
1.90686666667
1.04013333333
1.99866666667
2.40303333333
2.98486666667
2.7191
2.34303333333
2.68993333333
1.30903333333
1.5412
SEC 5
2.97416666667
2.72846666667
1.89563333333
2.22666666667
1.08056666667
0.9807
0.7721
2.04253333333
1.25626666667
2.11643333333
0.976033333333
1.2807
3.94256666667
0.965133333333
0.778433333333
0.769266666667
SEC 6
0.9918
0.817266666667
0.887466666667
2.62446666667
0.803566666667
0.829833333333
4.13733333333
0.837166666667
2.4107
2.66266666667
3.40043333333
3.3418
4.42756666667
2.78133333333
1.23356666667
2.59756666667
SEC 7
2.98463333333
2.97086666667
3.22033333333
2.04956666667
3.76423333333
2.4661
0.761166666667
1.29773333333
0.857033333333
2.3665
3.39516666667
0.925166666667
2.36706666667
2.5705
1.6094
1.9623
SEC 8
3.2864
2.92363333333
0.944733333333
2.51756666667
2.59536666667
1.0425
3.37186666667
3.8353
1.27826666667
2.4007
1.0561
1.91843333333
0.7411
1.2442
2.153
0.9465
SEC 9
2.88543333333
3.81036666667
3.72906666667
4.6087
2.74096666667
1.7028
5.29686666667
1.57286666667
0.4894
0.662266666667
2.45213333333
2.49186666667
1.158
1.8011
0.768433333333
2.53436666667
SEC 10
1.47503333333
3.19496666667
1.1429
2.95993333333
5.78243333333
0.613766666667
2.09043333333
1.18273333333
1.06493333333
1.5285
1.65186666667
2.9851
0.782966666667
3.23356666667
5.9513
0.895933333333
SEC 11
1.369
0.7331
1.9281
1.90776666667
1.6524
1.72266666667
2.05333333333
1.5233
1.1361
1.75836666667
2.00463333333
0.896233333333
1.51656666667
2.05776666667
2.72926666667
2.1237
SEC 12
1.57923333333
0.8085
2.39986666667
1.10956666667
1.21423333333
1.97196666667
2.30663333333
4.00283333333
2.62203333333
2.2366
5.03893333333
2.2972
2.32506666667
1.0448
1.75193333333
0.896366666667
SEC 13
0.9211
3.22306666667
4.34756666667
2.7537
2.55613333333
0.746933333333
1.06813333333
0.804066666667
1.72773333333
1.85016666667
0.7558
1.74933333333
1.9142
1.54263333333
1.70506666667
1.85586666667
SEC 14
2.89526666667
1.6352
2.1137
1.07856666667
1.8015
4.11813333333
3.21726666667
4.8609
0.741166666667
1.86073333333
1.6104
1.5458
0.9835
1.5959
3.381
1.9642
SEC 15
1.5431
1.2444
1.15233333333
2.4375
1.5041
1.81443333333
2.48773333333
2.84396666667
2.5989
3.6152
0.987766666667
1.21706666667
2.35336666667
2.96256666667
4.22323333333
1.43033333333
SEC 16
2.18616666667
3.10163333333
3.07176666667
0.7615
1.15693333333
2.36893333333
1.89456666667
2.478
0.671966666667
2.5862
1.3891
2.00463333333
2.23
1.48133333333
3.7775
0.65
SEC 17
2.47896666667
2.17743333333
2.0341
1.3122
2.40196666667
3.85423333333
2.6622
1.17136666667
3.13066666667
1.27476666667
2.08046666667
1.42806666667
3.3047
2.3067
2.1776
2.3645
SEC 18
1.02213333333
0.869466666667
3.66066666667
1.2718
1.2127
1.73136666667
1.0358
1.61963333333
2.56783333333
1.20436666667
1.44393333333
2.88063333333
2.67606666667
2.21106666667
0.764766666667
1.4163
SEC 19
1.69443333333
1.2067
1.15153333333
2.32436666667
1.13066666667
1.9001
1.49776666667
1.06286666667
0.856433333333
1.54526666667
1.93343333333
2.44513333333
2.4385
0.979833333333
2.2576
1.0339
SEC 20
1.34986666667
1.52136666667
1.07213333333
1.84666666667
2.15706666667
2.4016
3.3364
0.8455
1.61626666667
1.06383333333
1.6777
1.95586666667
1.2902
0.935333333333
2.78286666667
2.74043333333
SEC 21
3.05996666667
6.30763333333
2.98563333333
4.72636666667
3.5158
5.11946666667
3.6084
3.07116666667
3.20823333333
2.8997
2.778
1.6353
5.98506666667
2.58986666667
3.79663333333
2.2758
SEC 22
1.04516666667
1.54446666667
1.0885
1.14356666667
1.75933333333
0.792833333333
0.813566666667
3.07513333333
1.71973333333
3.2403
2.14806666667
1.8192
0.994933333333
0.858833333333
0.651166666667
1.79196666667
SEC 23
1.34733333333
1.43503333333
2.03613333333
0.870666666667
1.82196666667
1.59333333333
0.814366666667
2.15036666667
1.5621
1.33333333333
0.776833333333
0.836833333333
0.978266666667
1.0741
1.571
1.63223333333
SEC 24
2.3578
1.77743333333
2.21673333333
2.41663333333
1.18403333333
2.14363333333
1.95566666667
2.656
1.45363333333
4.609
1.77526666667
2.9534
1.99273333333
1.97076666667
2.19233333333
1.41686666667
SEC 25
2.42796666667
1.92766666667
1.33093333333
1.30653333333
0.866766666667
3.92596666667
0.793433333333
1.0366
2.86986666667
0.945233333333
0.7548
2.06053333333
1.15396666667
0.9527
3.85483333333
0.709233333333
SEC 26
3.20283333333
0.5101
1.3916
1.4767
1.663
1.10933333333
0.8538
1.67226666667
2.3299
0.7166
1.76376666667
1.86953333333
1.56353333333
0.8637
1.5786
1.47476666667
SEC 27
0.753933333333
1.45753333333
1.35123333333
1.42546666667
0.766966666667
1.9227
1.2451
1.0302
0.9721
2.65123333333
1.92513333333
0.724
1.49563333333
1.5246
2.02956666667
1.71063333333
SEC 28
0.942866666667
0.9954
1.3077
2.7837
1.8895
1.77426666667
2.3583
1.72943333333
2.0129
1.28276666667
1.05656666667
0.8375
1.85256666667
1.20676666667
2.6113
1.59793333333
SEC 29
1.46173333333
1.2618
0.9446
0.843266666667
2.843
1.98553333333
1.90383333333
1.7595
2.17806666667
2.3503
2.57586666667
0.981566666667
2.02116666667
1.17553333333
2.21036666667
2.58393333333
SEC 30
1.51906666667
1.57213333333
1.4792
2.6219
1.0398
0.900233333333
1.58193333333
1.7126
1.45806666667
1.38493333333
1.0434
1.4682
1.43083333333
1.0637
1.69306666667
1.09106666667
SEC 31
3.47286666667
3.5585
2.9934
3.88253333333
1.34163333333
3.27516666667
3.1248
2.88733333333
3.33186666667
2.18406666667
2.583
3.2542
3.72696666667
1.17536666667
4.80573333333
1.09796666667
SEC 32
3.2371
2.6728
2.32336666667
0.7877
1.56006666667
1.80826666667
1.93453333333
2.53556666667
1.37063333333
3.9432
1.44456666667
6.3897
2.9481
2.70386666667
2.49586666667
1.38543333333
SEC 33
2.44393333333
1.9045
1.54286666667
2.76806666667
1.1112
1.02176666667
3.1962
2.0048
1.5462
1.3806
1.90946666667
2.86273333333
1.54013333333
3.89016666667
2.54403333333
2.95086666667
SEC 34
1.61306666667
1.1206
0.6989
0.752266666667
1.5867
0.9956
1.61013333333
3.9128
2.4129
2.9815
2.3705
3.68296666667
2.7332
1.99206666667
1.3825
3.31323333333
SEC 35
1.41043333333
1.92576666667
1.87906666667
1.23873333333
1.20783333333
0.751933333333
1.9238
0.9269
1.24643333333
1.0883
0.9965
1.64236666667
1.3136
0.925366666667
1.56943333333
1.5384
SEC 36
2.34436666667
1.69626666667
3.45243333333
4.85446666667
1.72816666667
3.7853
2.03986666667
2.10476666667
2.11286666667
5.2143
3.3138
3.38406666667
2.29136666667
3.66583333333
1.74966666667
2.35933333333
SEC 37
2.44453333333
2.7563
2.28563333333
0.6232
1.71336666667
0.662933333333
1.17433333333
1.5702
1.1793
1.279
1.46983333333
2.8268
1.55043333333
0.5895
0.9522
2.16166666667
SEC 38
1.28613333333
1.7912
1.08763333333
1.33706666667
2.5065
1.1484
1.0486
1.08366666667
1.73453333333
3.60316666667
1.72643333333
1.88393333333
1.3078
3.09593333333
1.8942
0.914666666667
SEC 39
4.44123333333
3.4586
4.25333333333
4.3096
2.75013333333
3.25003333333
1.3735
3.40646666667
0.639766666667
3.40153333333
1.66466666667
1.0114
0.710166666667
5.04233333333
2.84743333333
2.35493333333
SEC 40
2.09543333333
3.12403333333
2.14256666667
2.8548
0.9136
2.94826666667
1.5
2.66243333333
1.86073333333
1.96113333333
2.78903333333
2.4232
2.2714
2.87813333333
3.61723333333
2.19393333333
SEC 41
2.56186666667
1.73083333333
1.13996666667
1.67496666667
0.9441
0.804166666667
1.7898
1.1518
2.10713333333
0.750966666667
1.05933333333
0.576966666667
2.42586666667
1.8845
1.32083333333
1.40796666667
SEC 42
2.02896666667
1.7373
0.6309
1.33003333333
1.75623333333
1.12643333333
0.8381
1.3103
2.63233333333
0.941833333333
1.0168
1.79313333333
1.74696666667
1.24346666667
1.15453333333
0.7003
SEC 43
2.21633333333
2.64846666667
1.40203333333
2.70363333333
2.11076666667
2.1395
2.60316666667
1.37113333333
1.391
1.3967
1.68573333333
2.54956666667
1.19063333333
2.48456666667
2.81173333333
1.6786
SEC 44
2.1249
2.269
1.5441
1.6807
0.903133333333
1.4341
1.16513333333
1.19403333333
1.2054
2.22853333333
2.2646
2.63556666667
1.7602
2.52766666667
0.9242
1.23213333333
SEC 45
3.5642
4.7117
3.35713333333
1.0014
0.876166666667
3.88043333333
0.726366666667
3.23663333333
1.65763333333
3.51643333333
3.76256666667
2.03633333333
2.9846
0.813733333333
0.978
1.65523333333
SEC 46
1.7804
2.36463333333
1.79936666667
1.13046666667
1.35686666667
0.916466666667
2.31356666667
3.0698
1.49623333333
1.08326666667
0.9658
2.80246666667
1.12316666667
1.73903333333
1.5493
2.09563333333
SEC 47
1.12413333333
4.05346666667
0.8964
2.18243333333
0.630566666667
1.01383333333
2.2016
2.61366666667
2.82643333333
2.2267
1.4755
1.59373333333
2.81676666667
3.15056666667
1.28436666667
2.14356666667
SEC 48
0.8022
2.42016666667
1.7928
2.36406666667
1.06603333333
1.97363333333
2.6112
1.93246666667
0.6985
2.0488
2.40033333333
2.09556666667
3.16773333333
3.69466666667
2.0557
1.06406666667
SEC 49
0.829
0.768133333333
0.813433333333
0.966833333333
1.17126666667
3.4253
0.919933333333
0.962533333333
1.0836
0.9722
1.12886666667
0.793733333333
1.897
1.12643333333
1.14333333333
1.79416666667
SEC 50
2.89333333333
1.81643333333
1.97856666667
2.1477
1.88333333333
1.3311
0.871466666667
1.7569
1.9139
1.5854
1.2634
1.5416
2.22016666667
2.3821
0.775266666667
1.06906666667
SEC 51
1.6158
0.995266666667
1.30023333333
1.67093333333
1.64023333333
1.28433333333
1.42576666667
1.76633333333
1.34273333333
1.71753333333
2.6712
1.8212
2.70326666667
1.42743333333
1.38926666667
0.5046
SEC 52
4.3301
4.07323333333
3.52893333333
5.1677
4.38716666667
4.8755
2.44923333333
2.16336666667
3.27396666667
4.76913333333
4.022
1.09973333333
4.51453333333
3.57083333333
5.00993333333
3.8913
SEC 53
2.76093333333
0.777466666667
0.992633333333
2.01573333333
1.99103333333
1.59336666667
2.14196666667
1.31033333333
3.27726666667
2.35246666667
2.1768
1.11503333333
1.85276666667
1.1839
2.90483333333
1.28736666667
SEC 54
1.0817
0.910966666667
0.880466666667
1.56273333333
1.713
1.65506666667
1.14153333333
1.20686666667
1.18453333333
2.40453333333
0.733433333333
1.1859
1.10423333333
2.48543333333
0.659633333333
1.95283333333
SEC 55
6.3157
0.826866666667
5.08556666667
4.5415
0.9134
3.84186666667
3.53356666667
3.4928
4.33706666667
4.80756666667
4.11996666667
3.74373333333
3.79646666667
6.2416
6.01033333333
3.3248
SEC 56
1.38073333333
0.790866666667
2.01886666667
1.52986666667
1.69686666667
2.2832
2.024
2.2751
2.68743333333
1.3
2.0876
2.43073333333
1.4011
2.52286666667
1.3699
1.28056666667
SEC 57
0.793533333333
1.7058
0.596533333333
1.42236666667
1.07973333333
0.794033333333
1.80413333333
1.7952
2.13793333333
0.696233333333
2.00606666667
1.08416666667
0.914666666667
0.5309
1.0223
1.15263333333
SEC 58
1.26436666667
1.0063
2.84983333333
1.22216666667
1.63466666667
2.68093333333
3.7152
3.9155
1.3744
1.2346
1.11143333333
1.398
2.16113333333
2.59376666667
0.783466666667
1.74766666667
SEC 59
0.852466666667
0.7309
3.76256666667
3.3343
1.737
0.864
1.5175
4.50143333333
1.36226666667
1.40056666667
2.7326
1.5837
3.09196666667
2.77406666667
3.39766666667
3.66926666667
SEC 60
1.14663333333
1.26756666667
2.1302
2.49776666667
1.62903333333
1.8544
0.618933333333
1.79006666667
1.57956666667
1.94933333333
2.52623333333
2.08663333333
1.851
1.9334
2.33453333333
3.08543333333
SEC 61
0.747033333333
1.0601
1.45603333333
1.24446666667
0.9089
1.6404
1.32476666667
0.9611
1.13553333333
0.7179
1.42353333333
1.8541
1.0081
1.03133333333
2.3654
1.45293333333
SEC 62
1.31696666667
1.7453
0.8408
2.00053333333
1.0121
3.32146666667
1.05853333333
1.7808
2.2534
0.803333333333
1.37716666667
3.53273333333
1.50813333333
2.24993333333
0.939966666667
2.5301
SEC 63
1.65833333333
2.29893333333
0.897633333333
2.02303333333
1.70703333333
1.51006666667
0.8241
0.684866666667
1.75196666667
3.271
0.7161
0.828666666667
1.13383333333
1.7464
1.06116666667
0.7353
SEC 64
4.0395
1.0812
1.83586666667
1.91426666667
0.893266666667
1.68266666667
1.9818
1.427
1.89373333333
1.85296666667
0.931966666667
0.593566666667
1.35693333333
3.56996666667
1.89053333333
0.859933333333
SEC 65
1.02513333333
2.00553333333
2.10533333333
1.53286666667
2.05496666667
1.1779
2.49816666667
1.14316666667
2.1243
1.7986
1.1481
3.98896666667
2.02713333333
0.587466666667
1.08613333333
0.8037
SEC 66
0.658266666667
0.980466666667
1.93166666667
2.94763333333
2.14866666667
1.3306
1.90383333333
1.3219
2.10223333333
0.9003
0.803033333333
1.84656666667
1.00876666667
2.26026666667
1.93013333333
1.535
SEC 67
2.19306666667
1.944
1.11713333333
1.51713333333
1.03503333333
1.09806666667
2.16723333333
1.59133333333
1.56916666667
1.12016666667
1.06626666667
1.56533333333
1.13846666667
1.40306666667
1.29936666667
1.9663
SEC 68
1.67256666667
0.861866666667
2.85466666667
1.45186666667
1.37303333333
1.66
1.23996666667
1.0076
4.37943333333
2.20093333333
3.1445
2.02443333333
3.9876
1.34503333333
4.43036666667
1.6013
SEC 69
1.01033333333
1.2773
1.4046
1.32586666667
2.08746666667
2.09096666667
0.666733333333
2.11723333333
0.590866666667
0.770666666667
2.11003333333
1.64443333333
1.39916666667
1.50513333333
1.66753333333
1.39473333333
SEC 70
0.831066666667
1.37723333333
1.20326666667
0.934766666667
3.45076666667
1.19626666667
1.1408
0.813033333333
1.3852
1.09256666667
0.846866666667
2.797
0.788533333333
1.52026666667
3.58773333333
3.16273333333
SEC 71
0.715366666667
1.1352
1.25043333333
1.56026666667
1.471
1.15603333333
1.56733333333
0.7252
1.4136
1.2563
1.99603333333
1.6293
1.55303333333
1.4244
0.852966666667
1.8683
SEC 72
2.56803333333
2.19566666667
1.8473
1.21496666667
1.50623333333
2.03446666667
1.72446666667
3.18563333333
1.58523333333
1.10743333333
2.28033333333
2.60623333333
3.12493333333
1.73816666667
1.086
3.63183333333
SEC 73
4.791
3.81126666667
7.2506
2.1065
1.62356666667
4.32536666667
4.70023333333
3.4919
3.26166666667
4.72086666667
4.28476666667
4.89183333333
5.72473333333
5.5726
2.73806666667
1.26306666667
SEC 74
2.15683333333
2.1452
1.6741
1.6549
2.65176666667
0.8675
1.9974
2.76276666667
1.88313333333
0.584933333333
4.3895
2.73536666667
1.12126666667
2.55533333333
2.5253
0.714366666667
SEC 75
0.973666666667
1.00173333333
2.22153333333
1.60763333333
0.534066666667
1.6205
1.3255
0.947766666667
1.8026
2.3795
0.9722
0.88
1.85673333333
1.7415
1.1908
3.10743333333
SEC 76
3.36586666667
0.906933333333
1.24063333333
1.92563333333
2.76253333333
0.7434
3.04206666667
2.4664
3.6552
1.59676666667
3.59796666667
2.42633333333
0.955366666667
1.7876
1.6816
2.002
SEC 77
0.8885
1.50936666667
0.601166666667
0.7355
1.13683333333
0.889433333333
5.02966666667
0.8542
0.9073
5.16533333333
0.893966666667
5.78443333333
0.938266666667
1.28933333333
1.49316666667
0.917266666667
SEC 78
2.3551
1.8965
4.23533333333
2.7005
0.953433333333
0.943666666667
2.47956666667
2.87153333333
2.90753333333
1.76156666667
1.0463
2.75343333333
2.758
2.48946666667
1.27003333333
1.4174
SEC 79
1.13933333333
3.8201
0.869333333333
1.20833333333
0.960433333333
1.30916666667
1.19263333333
1.3009
0.748433333333
0.7406
1.09843333333
0.595233333333
3.73403333333
2.20143333333
1.3086
0.9036
SEC 80
2.517
0.893533333333
0.723666666667
0.632166666667
1.5607
1.10316666667
1.24553333333
1.52846666667
2.1622
2.06616666667
1.72296666667
1.46523333333
1.0952
2.14886666667
0.7976
1.10543333333
