SEC 1
4.3932
3.59596666667
7.3887
2.14893333333
2.29116666667
5.65766666667
2.04063333333
3.21986666667
3.28396666667
3.96653333333
3.22163333333
3.56186666667
4.5277
2.01846666667
2.7492
3.4267
2.71566666667
4.1291
3.6034
3.63273333333
1.32766666667
4.29366666667
3.80053333333
1.38006666667
2.7139
4.06183333333
2.51583333333
3.2777
2.33343333333
3.78876666667
3.0646
1.99303333333
2.94133333333
3.67826666667
3.15963333333
2.2208
3.42523333333
1.49153333333
2.30476666667
1.986
4.20646666667
1.93673333333
2.86973333333
3.89986666667
1.61266666667
1.0644
3.75333333333
3.35976666667
4.21163333333
2.77633333333
2.729
1.81143333333
4.85666666667
2.87126666667
3.09556666667
5.7732
1.04733333333
5.3859
3.14873333333
3.4531
2.04276666667
4.5993
1.97966666667
5.77946666667
SEC 2
2.47156666667
3.46183333333
4.30793333333
5.14063333333
2.06573333333
0.935266666667
3.80446666667
3.4014
2.2553
1.63606666667
1.93686666667
5.7097
4.59976666667
1.37636666667
4.01026666667
4.16006666667
2.8804
3.59593333333
4.37143333333
3.126
4.24976666667
4.0471
0.825766666667
1.98673333333
4.77086666667
1.31263333333
3.0683
4.33656666667
3.76483333333
4.66573333333
0.959933333333
1.9945
1.97683333333
0.997233333333
3.15653333333
1.46746666667
1.60083333333
4.7303
1.2678
1.64203333333
1.52133333333
1.04083333333
0.893
2.17293333333
4.70423333333
1.44023333333
5.85233333333
2.7117
1.4436
3.61233333333
2.03686666667
5.8849
1.26413333333
1.3186
2.0777
2.47973333333
7.90433333333
2.90793333333
1.06563333333
1.38113333333
3.7642
1.57076666667
3.2129
3.20256666667
SEC 3
5.30326666667
4.51463333333
2.53386666667
4.73646666667
2.10616666667
2.5481
2.5324
3.2583
2.91723333333
3.6056
3.75816666667
2.84426666667
5.541
1.45853333333
1.44183333333
1.3679
2.03673333333
2.57293333333
2.2012
4.5616
2.8965
3.62966666667
2.06183333333
1.3693
4.44956666667
2.51813333333
4.76896666667
2.6408
5.01586666667
2.20636666667
1.82316666667
4.0117
3.78153333333
2.0072
2.65946666667
3.34333333333
2.43043333333
0.970466666667
1.47546666667
2.945
2.81406666667
5.4042
2.53126666667
5.01436666667
3.7574
3.28033333333
3.2342
2.6739
2.2929
1.94993333333
2.6225
2.86656666667
3.50973333333
4.5258
2.29026666667
2.78113333333
6.0845
3.35146666667
2.98033333333
1.6592
3.6977
1.36403333333
2.6666
3.9224
SEC 4
6.1346
2.58773333333
2.23943333333
3.76363333333
1.6917
3.7798
5.942
5.43246666667
8.5907
5.37583333333
3.33226666667
9.1799
1.65943333333
1.3258
0.834033333333
6.5696
1.5427
2.48403333333
4.0214
12.8268666667
3.47716666667
5.97753333333
2.04223333333
7.14603333333
2.05706666667
2.82433333333
5.84783333333
1.73216666667
1.7622
1.1082
5.30216666667
1.15996666667
0.9165
1.21993333333
9.46606666667
3.6616
1.53783333333
3.54753333333
10.2048333333
4.55493333333
3.5258
8.7526
2.92826666667
2.85623333333
7.91233333333
1.0903
5.39
4.337
1.74143333333
2.2678
4.95673333333
2.93526666667
2.2445
5.3692
2.1394
1.5682
0.662333333333
4.4918
2.43463333333
3.1355
3.5234
4.55733333333
1.37273333333
1.51096666667
SEC 5
3.98413333333
2.0779
1.49176666667
2.14443333333
3.98596666667
4.67083333333
2.57653333333
2.2451
2.59333333333
2.87556666667
2.3752
3.00926666667
1.10476666667
2.11963333333
1.6876
3.0168
4.3621
4.627
2.49303333333
3.76836666667
3.23496666667
1.1436
1.6609
1.03096666667
1.5453
1.57483333333
1.07203333333
3.29983333333
3.76933333333
3.40276666667
4.31043333333
2.77353333333
3.79213333333
3.0746
2.0678
3.4653
5.92146666667
1.96313333333
1.9398
0.897333333333
2.32696666667
2.47356666667
1.77456666667
1.443
4.8653
2.85143333333
1.53393333333
1.97306666667
1.84733333333
4.52486666667
3.30273333333
1.61293333333
3.57346666667
2.2859
0.883
3.59406666667
1.60846666667
2.37033333333
0.976066666667
3.00336666667
2.16263333333
3.3292
2.8045
4.0256
SEC 6
1.22786666667
1.9023
2.2131
1.7325
2.0204
1.72876666667
3.17643333333
5.65306666667
2.86383333333
1.81123333333
1.57846666667
0.923633333333
1.02823333333
1.70466666667
1.23266666667
2.2555
1.59826666667
1.66776666667
8.91086666667
1.79496666667
1.15483333333
2.54366666667
1.42853333333
2.0609
2.48263333333
2.1298
1.5269
1.78073333333
3.16483333333
2.00423333333
1.01993333333
3.6587
1.1404
1.22086666667
1.23423333333
2.57253333333
3.01593333333
1.296
0.790166666667
1.0939
1.45926666667
1.63766666667
3.4061
2.391
3.19903333333
1.67423333333
1.1548
2.76696666667
5.3778
1.511
2.35806666667
0.9371
1.2814
3.89063333333
1.45693333333
2.1727
4.73993333333
2.22443333333
1.93636666667
3.77826666667
1.6401
2.32003333333
1.2602
1.93773333333
SEC 7
6.136
3.97463333333
2.93386666667
3.18896666667
3.46236666667
2.42736666667
4.26543333333
3.91716666667
4.59983333333
4.28313333333
1.7127
5.56633333333
5.376
2.0522
5.27133333333
4.11703333333
1.8532
2.13426666667
4.87846666667
1.1115
5.4442
2.2204
6.08556666667
3.84243333333
1.58566666667
3.9098
4.25513333333
6.45933333333
4.33316666667
7.60003333333
3.54633333333
0.973933333333
2.1507
2.20936666667
1.507
1.9857
2.66996666667
3.41456666667
1.48403333333
4.9498
1.1495
0.6525
1.12833333333
1.17086666667
2.3763
1.48273333333
4.48483333333
2.67543333333
4.72006666667
3.95463333333
4.487
7.9429
6.1395
2.2065
4.03143333333
1.1266
1.0459
7.61783333333
3.82193333333
1.96256666667
2.15276666667
3.26213333333
5.0629
3.85776666667
SEC 8
1.43473333333
1.6302
1.13846666667
1.72793333333
1.82636666667
0.7632
1.22496666667
1.3067
2.0675
2.1178
2.95773333333
2.7787
1.1488
0.9689
3.90503333333
2.25606666667
5.8853
1.04653333333
1.37843333333
3.9098
1.4685
2.7951
2.80783333333
0.860166666667
2.1907
1.07283333333
0.975333333333
4.81066666667
3.1199
1.41123333333
1.21426666667
2.15556666667
1.8503
1.1293
2.16156666667
0.791233333333
0.973966666667
1.92126666667
0.621733333333
3.09613333333
0.7169
1.56313333333
2.32646666667
1.40073333333
0.930733333333
1.22676666667
1.15773333333
3.95416666667
0.749766666667
2.5421
2.5109
1.7711
2.33533333333
2.50923333333
2.01376666667
1.17893333333
1.4478
1.19666666667
3.0204
1.2765
2.26446666667
2.50963333333
1.277
3.32526666667
SEC 9
2.77516666667
1.2991
2.86153333333
2.53883333333
4.37396666667
4.15986666667
1.0043
2.1882
1.57543333333
1.5609
1.97813333333
3.08133333333
3.93113333333
2.2709
1.13736666667
1.6286
3.13053333333
1.8824
3.9935
4.675
1.26883333333
3.09376666667
1.40453333333
1.83473333333
1.79146666667
5.4806
0.904366666667
2.332
0.614666666667
2.2705
1.42356666667
2.47086666667
1.06283333333
2.45216666667
2.98886666667
3.65693333333
2.242
1.18396666667
2.4801
1.56506666667
4.16633333333
1.7896
0.992533333333
4.9756
2.46686666667
1.78686666667
2.37266666667
5.0097
1.22703333333
2.01893333333
1.7173
3.30666666667
1.10686666667
2.0527
1.551
3.89983333333
1.5188
2.46456666667
4.04523333333
1.3562
2.07383333333
3.03403333333
1.51646666667
3.1066
SEC 10
3.7981
2.82106666667
1.3167
3.6693
1.26883333333
1.70396666667
0.757733333333
1.2671
3.28313333333
1.2321
3.49676666667
4.15496666667
1.68253333333
4.89883333333
0.8798
0.850966666667
5.57416666667
0.8321
2.75346666667
1.26586666667
2.39873333333
2.4235
0.885366666667
5.0334
4.00966666667
3.5847
1.10806666667
2.00686666667
1.96666666667
1.44923333333
3.5586
6.208
5.00143333333
3.43336666667
2.4351
2.28383333333
2.9938
1.26473333333
2.31033333333
4.04673333333
2.72583333333
2.6574
1.9763
1.69983333333
6.0746
2.60853333333
2.9758
1.81396666667
1.4628
1.36136666667
1.1458
2.2361
0.679566666667
1.8469
1.44456666667
3.62153333333
6.41703333333
1.6081
0.937166666667
2.7693
5.56473333333
2.19593333333
1.77226666667
1.53576666667
SEC 11
1.38193333333
1.71186666667
1.28566666667
3.3354
2.4457
3.53476666667
3.6692
1.3717
2.0012
3.7168
1.28703333333
1.96503333333
2.26466666667
3.55656666667
2.66453333333
1.97106666667
2.06803333333
1.48416666667
2.2439
2.3313
1.1137
1.617
1.87623333333
1.89383333333
1.63916666667
1.12246666667
2.38486666667
1.8932
1.94076666667
1.7753
4.0229
2.0812
2.15043333333
0.836833333333
2.3705
1.7985
4.17073333333
1.45393333333
2.91373333333
2.0986
2.20316666667
2.1458
3.68786666667
1.1758
1.3011
2.46476666667
1.31186666667
1.38246666667
3.55553333333
2.4246
1.71276666667
1.16176666667
1.52033333333
3.48266666667
1.50266666667
1.4071
3.54706666667
2.2621
2.47353333333
3.7729
2.44086666667
1.43173333333
1.9532
4.86303333333
SEC 12
0.9441
1.6725
2.12283333333
1.06543333333
1.53616666667
2.74026666667
1.83676666667
1.44916666667
2.74676666667
3.45623333333
1.39733333333
1.17993333333
1.71656666667
1.48006666667
0.891266666667
3.0002
1.62966666667
1.7866
1.7191
1.01373333333
3.13183333333
4.0928
0.8388
4.64073333333
3.0225
2.44603333333
2.85543333333
0.700133333333
1.7368
3.26626666667
0.7197
1.56456666667
2.31273333333
0.947566666667
1.38763333333
3.064
3.2222
0.834933333333
2.83083333333
2.50596666667
3.53096666667
2.4978
1.0647
0.607
0.7337
1.35066666667
0.759166666667
2.86946666667
1.1767
3.3018
1.87886666667
0.802366666667
0.8395
0.694
1.66136666667
4.37373333333
1.27786666667
1.0734
2.47783333333
0.8169
1.58336666667
1.08636666667
3.72556666667
0.9476
SEC 13
2.1488
3.64056666667
3.2355
2.52213333333
1.8622
2.7328
1.69363333333
3.8363
1.21956666667
0.908866666667
2.1936
4.1223
1.4335
3.02223333333
1.21703333333
1.70376666667
0.6127
4.0047
1.1975
1.34983333333
0.890633333333
1.69383333333
3.37906666667
3.95416666667
1.2547
2.55953333333
3.9754
2.90773333333
1.75086666667
2.13633333333
2.0374
4.33893333333
2.83613333333
2.0433
1.59243333333
2.75866666667
4.8978
4.6913
0.876366666667
2.8925
1.76776666667
2.125
1.5561
2.38353333333
1.0955
3.53396666667
1.04493333333
2.8796
3.04283333333
3.2506
1.1521
1.4562
1.07633333333
4.65203333333
2.47053333333
0.8932
0.9491
1.03133333333
2.07436666667
2.8071
5.5673
3.13283333333
2.72236666667
0.9446
SEC 14
2.55933333333
1.75936666667
1.95446666667
1.5447
2.47676666667
0.825933333333
0.964333333333
1.51776666667
1.36216666667
1.5689
1.9072
1.36226666667
1.1864
1.20816666667
0.7405
1.82036666667
0.760366666667
1.08943333333
1.54676666667
3.43663333333
2.4232
1.92123333333
2.57076666667
0.960266666667
2.30683333333
0.486166666667
1.21233333333
1.61643333333
0.882833333333
0.897733333333
1.58053333333
3.07446666667
2.55776666667
1.96333333333
0.778433333333
1.5304
1.8989
1.09613333333
1.20696666667
1.46466666667
1.71696666667
0.720266666667
1.2853
1.57053333333
0.731
1.00096666667
1.77813333333
2.15643333333
3.36456666667
2.56623333333
0.835233333333
1.55166666667
0.836533333333
0.908533333333
2.03786666667
2.3401
1.21636666667
1.4427
0.746
2.97886666667
1.17376666667
1.5047
2.5052
2.86583333333
SEC 15
2.31106666667
2.70726666667
3.0992
4.41103333333
3.31443333333
2.4943
4.65696666667
7.605
2.34213333333
1.13523333333
0.835
3.0446
3.41463333333
4.70033333333
3.21253333333
4.2003
11.3107333333
4.5781
6.1074
2.49243333333
2.38533333333
1.70183333333
1.47913333333
1.21666666667
1.53416666667
0.713466666667
2.12183333333
5.95853333333
1.1646
8.41336666667
7.9957
7.2883
3.0016
6.5858
2.70006666667
3.50726666667
5.49836666667
1.85186666667
7.81583333333
2.35053333333
5.52083333333
1.2468
5.52966666667
9.53066666667
3.06513333333
3.62686666667
5.06623333333
2.24623333333
3.00526666667
3.61076666667
3.0241
3.6178
1.02143333333
9.82886666667
3.38056666667
4.9732
3.8888
4.03943333333
2.51573333333
0.9802
3.1093
1.92573333333
2.23273333333
6.6394
SEC 16
1.65773333333
2.05686666667
1.12403333333
1.74383333333
0.8912
1.1298
0.850466666667
1.2985
2.13983333333
1.79293333333
3.42323333333
0.786666666667
1.619
1.75696666667
2.0727
1.96226666667
1.44553333333
1.12106666667
3.19666666667
3.7553
2.50813333333
2.1602
3.4529
2.0257
1.72076666667
1.938
1.0971
0.888266666667
2.11493333333
1.15716666667
1.34713333333
0.882166666667
2.11523333333
1.99273333333
2.96446666667
2.21583333333
0.857733333333
0.591633333333
2.288
1.43813333333
1.28283333333
2.46903333333
0.8619
2.90696666667
0.996533333333
1.96026666667
0.6749
2.1305
1.07
1.69026666667
3.1188
0.868733333333
2.80283333333
0.989866666667
1.12763333333
2.77966666667
1.19083333333
2.3508
1.14773333333
1.29433333333
0.9308
3.84676666667
1.4613
1.81316666667
SEC 17
1.5789
1.6524
1.57176666667
1.61633333333
1.42683333333
2.17996666667
3.6238
0.867566666667
0.8807
0.7278
2.12936666667
2.65736666667
2.7278
0.674166666667
1.85206666667
3.97453333333
0.885733333333
2.43556666667
1.8743
2.834
1.30303333333
1.36536666667
1.5735
1.45243333333
2.17883333333
1.02173333333
3.07586666667
1.35553333333
2.7
0.894566666667
1.56446666667
2.13386666667
2.24823333333
0.74
2.08213333333
3.18643333333
2.1551
1.92476666667
2.17916666667
0.854833333333
2.10463333333
0.803233333333
0.871533333333
0.837566666667
2.2454
0.970866666667
1.59693333333
2.10386666667
1.47526666667
2.72063333333
1.65013333333
4.6465
1.69303333333
1.17126666667
0.9012
1.50483333333
1.8768
1.5057
2.9087
1.12243333333
2.15486666667
1.39456666667
1.59336666667
2.9562
SEC 18
1.57463333333
2.5929
5.2244
5.21136666667
2.43833333333
0.992133333333
1.38873333333
1.03643333333
1.68286666667
1.9901
3.8104
2.28353333333
1.9705
5.37973333333
2.68606666667
1.1697
5.4909
2.14403333333
2.65263333333
1.7769
6.79423333333
1.359
6.4107
1.10686666667
0.957466666667
1.48323333333
1.5205
5.06316666667
1.94563333333
1.39136666667
1.93246666667
4.7056
1.57976666667
2.05606666667
2.38936666667
4.6318
2.8448
2.41613333333
1.54956666667
2.0773
1.33233333333
1.265
3.5889
3.87486666667
3.71556666667
4.38533333333
2.28223333333
1.75343333333
1.2191
3.1541
7.19616666667
2.00933333333
1.66463333333
2.22203333333
1.92063333333
1.88143333333
2.5105
8.24923333333
2.5491
4.82703333333
3.0355
1.34136666667
1.56813333333
2.88806666667
SEC 19
2.72583333333
2.46396666667
2.14593333333
0.7192
3.50276666667
4.33693333333
1.8216
3.90733333333
2.56496666667
1.4366
0.7841
1.27966666667
1.20213333333
4.94526666667
3.13686666667
2.24173333333
1.48416666667
2.1678
2.93726666667
1.52233333333
5.50393333333
7.75386666667
1.2906
2.28206666667
1.49686666667
2.63896666667
1.54113333333
2.9415
4.30253333333
1.74913333333
1.86696666667
4.8958
1.97216666667
2.87146666667
1.55706666667
4.39986666667
2.4221
4.7072
4.27903333333
1.71536666667
0.714266666667
2.25883333333
1.3017
2.25346666667
0.588633333333
1.31853333333
1.53553333333
2.2688
2.56076666667
2.0105
0.863633333333
1.58493333333
2.8242
4.4282
6.06876666667
1.56433333333
1.0575
2.13306666667
1.4524
1.81296666667
2.75626666667
0.854133333333
2.07923333333
3.01133333333
SEC 20
0.6235
0.855166666667
1.06123333333
1.09736666667
2.46626666667
1.3778
1.51196666667
1.2359
2.08806666667
1.7729
1.65863333333
1.0401
1.7466
1.80116666667
0.9789
2.02986666667
1.4607
1.14513333333
2.22686666667
1.13843333333
2.40973333333
2.38223333333
1.01016666667
2.20413333333
1.80016666667
2.3487
2.34833333333
2.5218
2.8252
2.23503333333
0.756566666667
1.14456666667
2.33766666667
1.43726666667
1.3591
2.39316666667
2.67753333333
2.78973333333
1.8506
1.90043333333
1.58276666667
2.3044
0.8565
2.07
2.3416
1.87783333333
1.73603333333
2.55276666667
0.970466666667
3.112
4.43693333333
2.69023333333
1.38873333333
0.9519
2.0493
1.43146666667
1.71966666667
2.9993
0.545633333333
1.67503333333
2.19103333333
2.8913
1.62116666667
2.3958
SEC 21
3.11003333333
2.6781
5.63176666667
5.6363
3.9861
3.5329
3.74566666667
2.2731
3.22
6.5859
5.43496666667
4.93333333333
1.5896
3.82986666667
3.45833333333
5.39816666667
5.01213333333
3.77493333333
3.7141
1.83586666667
5.05473333333
3.86543333333
2.93213333333
4.2051
3.93976666667
3.54756666667
4.6131
4.13593333333
1.2227
1.13876666667
2.94576666667
1.65513333333
3.16966666667
6.38136666667
3.09256666667
1.85033333333
4.8466
4.87396666667
3.798
2.29723333333
4.54133333333
3.19446666667
3.6644
3.16143333333
4.71986666667
5.30393333333
0.721333333333
5.1002
1.26456666667
3.68676666667
5.9707
2.5956
4.48943333333
1.26946666667
3.50666666667
2.44356666667
4.5271
1.01086666667
2.73233333333
1.27846666667
5.09746666667
1.70986666667
3.7345
3.51046666667
SEC 22
3.78276666667
3.23126666667
4.7289
5.20593333333
5.81066666667
2.66083333333
4.70076666667
6.29306666667
2.72193333333
2.8662
9.26663333333
4.9446
5.49636666667
3.65526666667
7.4288
2.24246666667
2.9237
5.22896666667
2.37326666667
6.42283333333
3.58276666667
3.3415
5.78276666667
4.23253333333
7.61853333333
2.38263333333
1.8315
2.03226666667
6.12303333333
1.50996666667
4.08636666667
8.79653333333
7.19256666667
6.15166666667
4.76376666667
7.20773333333
4.05013333333
1.64703333333
4.9776
2.7014
3.44856666667
6.02943333333
4.3064
3.1838
5.541
6.57473333333
4.87443333333
7.9386
8.6775
3.54563333333
4.07953333333
5.0317
4.8775
4.4545
1.1662
5.217
2.83406666667
1.0925
4.78803333333
2.43203333333
5.202
6.4551
5.77026666667
4.0493
SEC 23
5.38426666667
6.4215
1.88316666667
1.2953
1.64826666667
2.2075
5.9072
2.51766666667
2.53993333333
0.698866666667
2.2504
1.90226666667
3.97596666667
2.07953333333
3.2276
1.6384
9.23443333333
2.42576666667
3.79016666667
8.5924
6.3071
1.28716666667
5.6915
0.692566666667
10.7399333333
3.61193333333
6.73153333333
6.5663
2.62686666667
4.96216666667
2.57273333333
2.6357
2.07676666667
1.81456666667
1.1072
1.04033333333
4.2428
2.03953333333
4.4595
3.4663
3.09263333333
4.14233333333
4.9694
2.1205
3.5783
3.1496
2.24386666667
8.05346666667
1.6896
7.0769
8.3514
3.22703333333
7.58326666667
1.88546666667
2.63986666667
1.7276
1.3257
7.25556666667
4.36423333333
4.98143333333
8.0419
5.7548
5.9126
5.30026666667
SEC 24
1.22366666667
1.41936666667
2.87976666667
3.09223333333
1.93803333333
1.209
2.4206
1.6005
0.8865
1.91676666667
1.97013333333
2.34046666667
3.59873333333
1.73606666667
2.60623333333
0.726066666667
0.872966666667
1.47163333333
2.54346666667
2.17293333333
1.06793333333
1.09633333333
2.98806666667
1.97446666667
2.22426666667
2.54796666667
1.7863
0.9318
0.8415
1.6319
1.19883333333
1.7471
2.42013333333
3.5705
1.53153333333
1.90303333333
2.50226666667
2.1111
2.715
2.3453
2.15103333333
2.79356666667
0.976233333333
1.9807
1.79393333333
2.4236
1.626
2.6752
1.3275
3.06806666667
2.5207
2.27663333333
2.60286666667
1.99653333333
2.12966666667
1.24893333333
5.11473333333
1.37416666667
2.14353333333
1.6767
3.49676666667
3.43216666667
1.48486666667
3.93486666667
SEC 25
2.5756
1.47836666667
2.33786666667
2.10953333333
2.23256666667
2.06066666667
1.6624
2.70216666667
2.20376666667
1.48436666667
1.43556666667
3.67606666667
2.97656666667
1.91936666667
1.7507
1.4878
1.5818
0.5714
2.24063333333
2.6231
2.26366666667
3.24266666667
3.66846666667
2.38856666667
2.5165
4.6966
3.70846666667
3.3818
2.4487
2.16426666667
2.5377
2.9207
3.2942
3.6492
3.73553333333
4.0555
1.01073333333
1.08926666667
1.76556666667
2.13306666667
3.79223333333
2.0317
2.63136666667
1.8425
2.9361
0.6821
3.1666
3.19093333333
3.43673333333
2.0207
1.55003333333
2.912
4.7521
3.881
0.644633333333
2.2516
3.15693333333
1.0921
1.15336666667
3.0847
1.60906666667
2.84476666667
2.01353333333
1.89653333333
SEC 26
1.95666666667
4.18973333333
2.10963333333
1.86063333333
1.78126666667
0.734033333333
2.41356666667
2.4254
2.3827
1.68106666667
0.959433333333
2.21613333333
2.77116666667
2.24736666667
1.838
4.45833333333
2.59456666667
1.5863
1.22556666667
2.59696666667
2.34956666667
3.45626666667
4.0458
1.0624
1.70443333333
1.5238
3.43693333333
0.9185
2.1083
3.0969
2.48466666667
3.53003333333
2.9787
2.27496666667
0.858633333333
1.66756666667
2.74743333333
2.5108
1.3131
3.74793333333
1.069
1.40553333333
5.6866
2.63876666667
3.9594
1.10563333333
0.959966666667
3.86146666667
1.60293333333
1.75693333333
1.06826666667
4.4913
4.2326
2.17083333333
2.49803333333
1.6255
1.22813333333
3.10976666667
2.50583333333
1.62093333333
3.1423
2.1434
1.93466666667
2.47676666667
SEC 27
2.2848
4.8695
3.07176666667
2.13663333333
0.948333333333
2.94656666667
4.2058
5.91973333333
2.38033333333
3.05363333333
3.64296666667
1.3041
2.94876666667
1.85693333333
2.16036666667
1.6769
3.32516666667
3.31583333333
3.49543333333
5.968
6.29986666667
2.04713333333
1.89996666667
7.20343333333
2.8728
4.9378
1.2126
3.2561
3.6852
1.72616666667
1.92266666667
3.078
6.64626666667
3.93903333333
4.72146666667
4.40836666667
2.99886666667
0.957366666667
3.74806666667
2.00153333333
3.1413
1.8671
2.13283333333
3.35053333333
1.02593333333
4.4694
3.0579
3.40433333333
6.1153
2.7723
1.00563333333
3.16603333333
1.87723333333
1.3969
1.7521
1.91416666667
1.81816666667
3.82683333333
3.19216666667
1.40383333333
2.1285
3.789
1.7546
1.55826666667
SEC 28
1.47406666667
3.22073333333
1.92483333333
1.817
2.4595
1.98686666667
2.6293
2.07163333333
2.59656666667
1.45673333333
2.2282
1.34713333333
2.33323333333
1.50603333333
1.68023333333
2.83696666667
2.0927
3.44
0.812466666667
2.85866666667
1.95166666667
1.8285
1.8517
3.26773333333
1.25133333333
2.7378
1.1562
2.49496666667
1.22043333333
2.3147
0.8274
0.9888
1.9438
1.0739
0.7223
3.45183333333
3.27193333333
1.1828
2.5572
2.34166666667
3.8571
2.96763333333
3.23646666667
2.08496666667
2.71126666667
2.37513333333
2.99083333333
1.2265
2.75046666667
2.06106666667
2.54076666667
0.745333333333
1.087
0.871866666667
2.0563
1.35676666667
1.44763333333
3.4613
3.0359
1.77213333333
1.95586666667
1.91013333333
2.37973333333
1.22063333333
SEC 29
1.8548
1.67576666667
0.929233333333
1.3981
0.989066666667
1.02763333333
1.09073333333
1.85376666667
1.29333333333
0.994033333333
3.44456666667
1.46023333333
0.6589
2.13363333333
1.58986666667
1.43223333333
1.38103333333
1.51323333333
1.24026666667
1.24433333333
1.12996666667
3.56903333333
1.45863333333
2.62496666667
1.24516666667
1.15253333333
1.3052
3.5013
1.95023333333
2.36213333333
2.61073333333
1.9721
0.839466666667
1.84433333333
1.56573333333
1.27093333333
2.99096666667
0.9011
1.20076666667
1.15613333333
1.18683333333
1.333
1.22123333333
1.08113333333
1.69013333333
1.1017
0.642
1.651
5.6433
3.64123333333
0.9659
1.7818
1.2416
0.623566666667
0.972433333333
2.2348
1.1196
1.53066666667
2.41073333333
1.08126666667
2.12796666667
1.08966666667
1.2667
1.43523333333
SEC 30
2.68136666667
2.5606
2.5803
2.74593333333
1.8591
2.555
1.50273333333
2.9185
1.81156666667
2.24166666667
2.13733333333
1.102
1.45476666667
1.4197
1.46496666667
0.908333333333
2.16286666667
2.8451
2.12286666667
2.52546666667
2.9415
3.60776666667
1.84663333333
2.16583333333
2.37333333333
2.9004
2.54693333333
0.8087
1.72076666667
1.1233
1.98286666667
3.57186666667
3.51296666667
0.672633333333
2.05783333333
1.9687
2.6534
2.38896666667
3.26596666667
5.0077
1.18463333333
2.26176666667
1.87876666667
0.793366666667
1.9678
3.15483333333
1.5528
2.21673333333
1.69896666667
1.7412
2.36493333333
2.9537
1.86226666667
4.0952
3.77683333333
3.09216666667
0.881433333333
4.38553333333
1.80673333333
3.8125
3.92596666667
5.11493333333
2.62193333333
1.96093333333
SEC 31
3.6265
0.950866666667
2.5969
0.9364
1.66783333333
1.3674
1.21686666667
0.915166666667
2.74673333333
1.975
2.34263333333
1.70183333333
4.89536666667
2.66516666667
1.4919
1.58496666667
2.4559
1.6623
3.49686666667
3.49316666667
3.25306666667
1.21493333333
4.07886666667
3.23086666667
0.666433333333
1.71816666667
1.81636666667
1.51193333333
0.773166666667
1.33953333333
2.6355
2.64226666667
2.43843333333
3.7762
2.63136666667
2.14623333333
3.05016666667
3.37246666667
0.680966666667
2.31536666667
2.89696666667
2.07166666667
2.71923333333
2.57203333333
1.1939
1.15913333333
1.93656666667
1.0666
2.40533333333
1.77456666667
4.22086666667
3.82276666667
2.64283333333
3.4084
4.45723333333
3.59223333333
1.37606666667
2.3508
3.27516666667
3.0144
4.2228
1.58476666667
3.69536666667
1.9657
SEC 32
3.35516666667
3.78953333333
5.2264
2.07516666667
1.88903333333
3.1289
3.5023
4.23856666667
3.4652
2.60793333333
3.84093333333
1.05576666667
3.75683333333
2.55846666667
3.9115
2.7861
2.90296666667
5.29183333333
3.19816666667
3.7587
3.1464
2.17176666667
4.244
1.62183333333
0.824533333333
1.73913333333
1.1055
3.62896666667
2.28506666667
2.5486
4.49723333333
5.10253333333
3.86303333333
1.2738
1.84306666667
2.03696666667
5.94286666667
2.37306666667
3.4817
5.5767
3.37096666667
3.6559
3.32506666667
2.67356666667
3.67023333333
3.1102
3.29496666667
2.35133333333
1.631
4.0647
2.2262
0.826633333333
4.0336
4.52386666667
3.99233333333
1.9561
4.2919
2.63763333333
2.26103333333
5.4099
0.6648
4.1017
2.5803
1.3623
SEC 33
4.99013333333
3.33513333333
2.43106666667
2.04263333333
1.3962
2.87746666667
2.7629
2.3957
1.67093333333
3.42826666667
6.9733
3.33543333333
3.19013333333
5.79066666667
3.82013333333
2.22636666667
5.58326666667
4.72546666667
2.51883333333
0.7091
1.04573333333
2.06906666667
1.09226666667
3.6073
5.07993333333
0.977766666667
4.504
2.18456666667
1.62256666667
3.63593333333
1.9418
2.61393333333
3.46783333333
4.20226666667
4.01376666667
2.49883333333
3.53863333333
2.81793333333
0.6973
0.906466666667
1.5547
0.994433333333
1.37956666667
1.20306666667
3.1726
2.9502
4.7634
1.30483333333
3.33816666667
3.30356666667
4.8756
4.64383333333
4.1216
0.9011
3.3452
1.69006666667
1.49556666667
1.38113333333
3.59656666667
2.81986666667
1.8117
5.657
4.441
1.3511
SEC 34
4.0751
6.98716666667
3.1667
3.98713333333
3.84506666667
1.2178
4.42473333333
2.20223333333
4.83433333333
4.42416666667
1.82723333333
2.08573333333
2.69876666667
6.03753333333
1.40033333333
1.91236666667
1.55093333333
4.34086666667
0.9117
2.33746666667
1.1929
4.63296666667
2.29966666667
3.74336666667
3.8196
3.31826666667
1.05023333333
2.9712
3.80243333333
1.13663333333
6.7629
1.7755
4.397
1.61523333333
5.88826666667
2.65526666667
1.03083333333
5.67833333333
2.61623333333
4.45773333333
4.24646666667
6.82656666667
3.42333333333
2.89773333333
1.79943333333
0.710833333333
4.70823333333
1.37603333333
5.22663333333
5.13483333333
2.5525
1.28476666667
0.7522
4.83343333333
2.61383333333
2.65083333333
3.6098
1.38396666667
4.29036666667
2.13576666667
2.79826666667
3.73653333333
4.37566666667
1.9665
SEC 35
1.49926666667
3.89616666667
1.04473333333
1.19156666667
2.06673333333
3.05086666667
2.28713333333
3.1085
3.1194
1.19506666667
1.47526666667
4.1807
0.8927
1.3473
1.85006666667
3.51713333333
2.049
1.6185
1.83253333333
0.849766666667
1.12966666667
1.5134
0.6013
2.64226666667
2.66496666667
1.75496666667
1.27486666667
2.14943333333
4.07203333333
1.8043
2.27883333333
1.01406666667
1.56843333333
3.53086666667
0.547766666667
0.828166666667
1.38726666667
0.652033333333
3.04963333333
2.07886666667
0.894666666667
4.5737
2.08596666667
1.92623333333
0.991233333333
1.9782
0.976133333333
2.23503333333
1.22273333333
3.5703
5.056
0.7895
1.196
1.40346666667
1.74066666667
3.0409
2.29493333333
1.24776666667
1.46
2.7451
0.9838
1.6195
1.23123333333
2.31926666667
SEC 36
1.21526666667
2.652
1.69773333333
3.0585
3.80896666667
2.0122
1.5684
0.877133333333
1.41003333333
2.70413333333
3.73316666667
2.2353
1.16236666667
3.16166666667
1.2546
1.12386666667
1.4947
1.80836666667
2.7915
0.929033333333
5.70176666667
2.4123
1.8861
2.6975
2.33963333333
3.35296666667
1.21083333333
2.01646666667
2.45016666667
2.82176666667
1.49856666667
3.94263333333
2.0565
2.62723333333
1.4754
3.57216666667
2.005
2.74606666667
1.2687
1.7637
1.21043333333
1.5374
2.0058
0.916033333333
1.48576666667
3.0601
2.40883333333
1.7376
1.47326666667
2.77333333333
2.87016666667
2.93863333333
1.49226666667
0.747733333333
1.63373333333
1.45376666667
3.24663333333
1.2204
1.98993333333
1.57516666667
2.05923333333
3.53106666667
5.11073333333
1.37046666667
SEC 37
2.35053333333
0.905766666667
3.48116666667
0.9296
2.66703333333
6.36003333333
0.754466666667
3.1696
1.1234
1.10866666667
2.16086666667
1.8458
1.3342
1.11303333333
1.27156666667
0.8076
2.7116
0.5966
1.16686666667
1.5251
1.72383333333
1.22096666667
3.5217
4.4398
1.37826666667
0.890033333333
2.78693333333
0.7023
1.48703333333
1.2232
0.829566666667
1.18446666667
0.694433333333
4.82276666667
1.15473333333
2.48506666667
1.00486666667
2.85316666667
6.133
0.9543
1.66216666667
1.2147
1.45306666667
4.41243333333
1.94226666667
4.32303333333
2.77876666667
3.36146666667
0.657433333333
3.20476666667
1.19243333333
0.962266666667
1.21703333333
3.4594
2.07656666667
1.5577
1.52473333333
2.79426666667
1.341
1.72903333333
4.18823333333
1.38566666667
0.889033333333
2.7421
SEC 38
2.75693333333
2.57226666667
2.49593333333
2.36583333333
5.0099
4.28636666667
5.18153333333
4.51033333333
3.42183333333
1.8708
4.57066666667
3.7965
4.17916666667
1.85836666667
1.95183333333
4.57813333333
5.10956666667
2.74216666667
4.91653333333
3.83916666667
2.69403333333
4.7764
2.86556666667
4.42836666667
1.54146666667
5.0514
4.81343333333
5.28776666667
4.03933333333
5.18316666667
3.5702
5.06123333333
1.6505
1.49333333333
3.4841
5.1257
2.40313333333
4.503
1.44343333333
1.86863333333
2.81126666667
4.345
4.51803333333
1.4636
2.59856666667
3.56326666667
2.40946666667
0.744166666667
0.8601
3.877
3.2792
2.9008
3.26043333333
2.2686
3.73963333333
1.9861
4.8611
5.42993333333
3.9073
2.27813333333
4.84856666667
4.58506666667
4.17533333333
5.9995
SEC 39
1.32376666667
1.18923333333
1.5119
1.4794
1.79496666667
0.709766666667
1.3246
1.27853333333
1.09623333333
2.76666666667
0.925866666667
3.09336666667
1.31343333333
1.37793333333
0.877866666667
0.793333333333
1.5374
2.24523333333
1.95296666667
0.709666666667
0.779466666667
1.0478
1.7644
2.956
0.9816
2.1498
0.959866666667
3.36836666667
2.31363333333
1.11106666667
1.5543
1.08056666667
2.83156666667
1.8136
3.27346666667
1.65656666667
0.9586
1.8382
2.0466
1.2456
0.967266666667
2.288
1.38146666667
2.96323333333
1.10923333333
1.18606666667
1.46023333333
1.52473333333
0.703166666667
2.65563333333
2.44456666667
1.7279
1.63246666667
1.093
3.33256666667
1.41216666667
1.19136666667
1.97986666667
1.0961
0.9756
0.8642
0.827433333333
1.61643333333
1.0421
SEC 40
3.45566666667
1.3012
1.70563333333
1.22713333333
2.5522
1.0334
1.26453333333
2.1178
1.232
0.744266666667
1.12246666667
0.9385
1.84096666667
2.76493333333
0.712166666667
1.29193333333
1.43176666667
2.1208
0.7772
1.53863333333
2.13216666667
1.38366666667
1.45556666667
1.58136666667
1.28283333333
2.37256666667
0.9861
2.26176666667
1.92286666667
0.774566666667
2.018
1.02283333333
1.09723333333
0.956133333333
0.729866666667
0.771533333333
1.6527
1.0523
0.582266666667
1.50406666667
0.876133333333
1.12013333333
2.13466666667
2.50246666667
0.789666666667
3.13063333333
1.50336666667
0.957966666667
2.4685
0.699733333333
0.7792
0.812
1.89953333333
1.0182
1.61773333333
2.4045
1.10926666667
1.3263
2.3561
1.4485
1.52966666667
2.63106666667
2.39626666667
0.9138
SEC 41
2.75456666667
7.27623333333
2.05423333333
3.45613333333
3.47646666667
2.18936666667
1.87903333333
1.1487
1.26593333333
2.8404
7.07976666667
1.56993333333
2.20193333333
2.0825
1.80446666667
3.9433
2.02013333333
5.65416666667
2.3683
1.3863
1.89966666667
3.65713333333
3.30086666667
3.1643
1.72856666667
2.51433333333
4.36883333333
0.7087
4.65833333333
2.77116666667
0.930133333333
3.46703333333
1.30206666667
1.51036666667
3.28413333333
3.45543333333
3.6565
1.2711
1.99096666667
3.46026666667
2.2684
3.34793333333
2.5359
1.1982
2.4544
2.682
0.6009
1.30486666667
1.5729
1.27016666667
1.89793333333
2.3756
3.7383
1.339
3.0693
4.2345
2.449
2.62253333333
1.67583333333
11.6162333333
1.1525
4.1925
0.983633333333
2.2552
SEC 42
2.6589
1.28273333333
1.9049
1.26373333333
0.637166666667
3.8546
1.69846666667
3.50393333333
1.4194
2.11946666667
4.16756666667
1.19063333333
2.3704
2.9204
2.49606666667
1.57623333333
0.843133333333
1.74216666667
4.032
2.45416666667
1.1426
1.22163333333
2.1303
1.1626
1.87633333333
1.12856666667
1.7013
1.65976666667
1.9995
1.52146666667
2.1755
2.23056666667
2.45386666667
1.1855
2.5817
1.2038
1.8438
2.08743333333
1.28503333333
2.1198
1.2416
0.990733333333
1.62203333333
1.53966666667
0.859433333333
2.36273333333
0.903266666667
1.82103333333
1.9146
3.4361
1.59326666667
0.757533333333
0.940433333333
5.78526666667
0.890466666667
2.207
0.954533333333
2.57913333333
1.57633333333
2.27713333333
4.74043333333
3.18356666667
2.3742
1.36143333333
SEC 43
6.87446666667
2.31283333333
2.5026
2.356
1.1593
7.15993333333
0.9703
8.4597
2.532
6.28186666667
0.851133333333
5.30423333333
2.07543333333
5.85576666667
8.44313333333
1.57133333333
1.51283333333
7.39186666667
6.2417
1.32606666667
4.06586666667
6.54056666667
0.935033333333
6.98516666667
2.21343333333
7.47353333333
1.40103333333
0.729466666667
6.47726666667
4.04056666667
3.35006666667
2.51643333333
7.1658
1.3898
1.13963333333
2.70616666667
6.617
6.71636666667
3.24013333333
1.42826666667
2.1412
1.42403333333
1.6982
3.12643333333
3.73613333333
3.1358
7.0408
4.44356666667
6.10833333333
1.3294
1.4255
7.69136666667
2.6372
1.325
0.609966666667
7.48506666667
7.36483333333
2.17023333333
4.67063333333
3.05386666667
4.03113333333
6.59693333333
1.53936666667
0.6387
SEC 44
2.1028
3.03423333333
1.0477
2.71746666667
3.45853333333
4.0092
1.37076666667
1.81713333333
1.8378
4.11353333333
4.16556666667
3.75726666667
2.13663333333
1.12963333333
1.39656666667
1.3431
0.950066666667
0.926466666667
2.25656666667
0.7087
0.694033333333
1.40673333333
1.27806666667
1.81863333333
0.926733333333
1.80873333333
1.3484
1.23656666667
1.76606666667
2.72653333333
0.962266666667
1.9439
2.63276666667
1.8141
0.9123
0.825266666667
0.904566666667
2.27873333333
1.6363
1.86083333333
1.1328
1.30603333333
1.8439
2.09696666667
2.3428
2.6215
1.57546666667
1.64413333333
1.9297
0.638866666667
1.17056666667
0.912866666667
3.41373333333
1.1263
2.2632
1.25806666667
1.8196
0.7915
1.7323
2.11553333333
1.19576666667
1.08646666667
3.79376666667
1.72046666667
SEC 45
0.980033333333
3.46383333333
2.0254
1.94396666667
1.22073333333
1.27986666667
0.716233333333
2.0267
2.30396666667
1.40606666667
1.98773333333
2.80373333333
1.1218
1.37823333333
1.3141
0.900933333333
1.4265
1.27283333333
1.96233333333
0.919266666667
2.41073333333
1.21133333333
2.2962
1.22393333333
1.3056
1.8619
1.8951
2.40966666667
2.04993333333
2.09613333333
1.92416666667
1.40346666667
2.0209
1.1469
1.84953333333
0.903166666667
2.15693333333
1.54963333333
2.09213333333
1.7938
2.69716666667
1.51316666667
1.09346666667
0.953533333333
1.33703333333
1.8745
2.98756666667
1.40796666667
1.47636666667
1.27633333333
1.90003333333
2.88256666667
0.884466666667
2.7458
1.9618
1.74793333333
2.8026
0.968366666667
1.42413333333
2.46926666667
0.9183
1.20296666667
2.45203333333
3.51153333333
SEC 46
4.72066666667
7.20556666667
3.2163
4.16556666667
6.05243333333
3.36636666667
4.50346666667
3.1497
5.2511
5.63313333333
5.3007
6.6759
4.13503333333
4.75446666667
4.9805
2.1853
3.38406666667
3.61263333333
4.86533333333
2.15963333333
4.5589
9.87583333333
7.48793333333
4.30706666667
7.0996
6.8851
6.3201
2.02836666667
5.57753333333
5.24163333333
4.9868
3.46436666667
7.89543333333
4.37146666667
4.10176666667
8.62483333333
4.91803333333
5.7913
5.67403333333
5.41456666667
3.90296666667
4.13686666667
5.0284
5.5155
6.75156666667
3.2516
3.4473
4.79933333333
4.35986666667
3.3499
5.78716666667
4.4739
2.5255
6.67773333333
6.25313333333
5.12483333333
1.7129
2.17353333333
4.96196666667
5.03586666667
3.21713333333
2.76713333333
4.7061
4.8986
SEC 47
11.1759
12.1996
3.02666666667
2.79423333333
11.3956666667
9.786
8.90786666667
0.874866666667
3.15436666667
8.67896666667
2.54723333333
4.13406666667
9.86693333333
1.23236666667
0.869633333333
0.674433333333
9.85153333333
10.3215666667
2.1787
1.09333333333
0.7168
3.8444
1.42036666667
2.39196666667
0.965233333333
1.36196666667
3.7172
1.56026666667
2.11213333333
10.6922666667
1.30006666667
11.6103
1.17703333333
9.88866666667
3.29306666667
1.70856666667
1.13023333333
11.8224
1.12966666667
1.01006666667
2.70383333333
3.22366666667
9.6358
1.1755
1.30776666667
1.48293333333
1.24603333333
1.25873333333
3.76346666667
0.827666666667
1.0733
1.86253333333
1.31693333333
1.5209
0.9217
0.8707
2.31986666667
2.10103333333
10.7064
1.50793333333
2.38556666667
3.29706666667
8.94803333333
0.8676
SEC 48
4.15853333333
1.79993333333
1.57943333333
1.562
2.25383333333
1.9977
1.09333333333
1.24003333333
2.0716
1.3202
3.81383333333
2.6721
5.2166
3.07836666667
0.633266666667
1.4899
3.39103333333
0.831866666667
2.41286666667
2.48986666667
1.1154
1.69756666667
3.891
2.2156
4.20623333333
0.8714
2.52116666667
1.20473333333
1.84893333333
2.40253333333
1.4128
1.2214
1.22676666667
2.3163
1.3985
1.98603333333
3.62786666667
1.55506666667
4.7849
2.8248
2.13496666667
1.6061
2.71016666667
2.82593333333
2.0865
4.18103333333
1.31893333333
1.8447
3.25053333333
2.33483333333
1.0615
2.3021
2.35536666667
2.09356666667
1.6839
1.39936666667
2.32073333333
1.8437
1.23196666667
1.0911
2.08263333333
1.82853333333
0.9227
2.06163333333
SEC 49
4.34956666667
2.24563333333
6.062
2.64483333333
0.709633333333
1.1824
2.4734
2.76946666667
5.0861
5.7618
2.9206
0.914333333333
1.55326666667
2.294
2.17746666667
1.3076
5.01596666667
6.77986666667
1.65
9.29033333333
1.62156666667
9.9828
1.85173333333
0.758033333333
8.0982
7.2078
2.4094
2.19453333333
6.03206666667
1.2303
7.26116666667
1.2204
2.45046666667
1.73033333333
4.77826666667
1.91653333333
6.6495
4.53726666667
2.57536666667
0.9955
5.41306666667
6.51153333333
5.84696666667
5.85263333333
6.06976666667
6.92913333333
1.46326666667
5.78573333333
1.689
5.4988
5.88263333333
6.57516666667
0.8732
2.23366666667
3.08103333333
1.521
5.40513333333
1.38093333333
1.17073333333
1.30513333333
1.0129
5.44216666667
9.19676666667
4.3199
SEC 50
4.7041
1.28996666667
1.09763333333
2.06686666667
1.83406666667
1.24193333333
1.05366666667
1.33613333333
1.4885
1.5447
4.43656666667
3.60243333333
0.923933333333
2.2658
0.864933333333
0.999966666667
1.92903333333
1.72163333333
0.938566666667
1.9469
0.9977
1.5064
1.18133333333
1.11093333333
1.07026666667
1.7253
0.903366666667
1.7038
3.9196
5.07616666667
1.94906666667
1.3258
1.809
3.47546666667
0.7968
1.03373333333
0.9077
0.801666666667
1.1219
2.93466666667
0.805233333333
1.74366666667
0.922533333333
3.97056666667
1.62943333333
1.0015
1.39803333333
2.07806666667
1.61616666667
1.1644
4.8817
1.2789
0.64
1.1958
4.31263333333
0.955133333333
0.790133333333
1.8364
4.20176666667
4.8754
1.5027
1.10166666667
2.1177
1.14586666667
SEC 51
5.64586666667
2.2423
5.20346666667
2.01866666667
5.2702
2.34576666667
2.95003333333
3.05026666667
5.03913333333
4.11953333333
1.0155
0.987666666667
0.809633333333
1.06506666667
1.48733333333
1.86663333333
1.96616666667
5.14106666667
3.66896666667
1.38733333333
2.05523333333
2.05973333333
0.7149
0.981333333333
3.81876666667
0.695
2.2973
1.6361
2.61776666667
3.425
1.3727
2.62293333333
0.6833
3.31966666667
1.91163333333
1.12893333333
2.4436
1.59786666667
2.10003333333
1.09853333333
1.0824
3.4404
3.10626666667
2.69216666667
2.7406
4.65746666667
1.76826666667
1.1417
1.57163333333
0.973366666667
1.75846666667
1.2315
2.1283
1.6085
1.9642
1.8798
2.98653333333
2.67863333333
0.684466666667
4.0914
6.42703333333
0.596166666667
1.87436666667
1.82513333333
SEC 52
1.19153333333
1.08933333333
4.08606666667
3.1725
2.75073333333
2.0681
0.908333333333
1.68506666667
3.92983333333
4.53333333333
3.59826666667
3.8167
0.9269
0.6329
3.36703333333
3.00966666667
0.990533333333
0.671666666667
1.5978
3.0099
0.8736
2.95316666667
5.4618
0.961366666667
4.337
1.0314
2.67676666667
1.08313333333
6.10406666667
2.0769
1.0166
2.70576666667
2.68423333333
4.7569
1.2381
1.08293333333
0.800333333333
0.898733333333
6.0842
3.4069
1.3259
1.50636666667
4.12623333333
4.9396
4.15376666667
5.6122
0.8104
4.74926666667
1.01653333333
2.3371
1.0732
4.53343333333
2.9946
0.677266666667
1.48776666667
2.34693333333
4.10116666667
4.25436666667
3.5791
1.10923333333
3.07866666667
2.19423333333
3.6655
2.0431
SEC 53
0.886966666667
1.79216666667
3.2733
1.65013333333
3.0668
2.87743333333
1.59706666667
2.15263333333
3.24123333333
1.8804
4.15486666667
3.4931
2.59866666667
3.62656666667
1.23093333333
1.7808
3.87056666667
2.3971
1.5921
1.39003333333
3.64636666667
3.1741
4.38363333333
4.6186
2.21853333333
1.2546
3.16516666667
2.00376666667
1.16906666667
1.28233333333
1.29996666667
1.21636666667
3.36813333333
1.7485
1.4614
0.556366666667
2.40573333333
2.81166666667
2.7213
5.09746666667
1.23916666667
4.0236
1.36133333333
2.59186666667
4.03226666667
1.02303333333
1.32776666667
2.57466666667
3.80013333333
4.82713333333
1.51906666667
3.81073333333
2.61046666667
4.12756666667
1.98133333333
2.0078
0.8033
4.6043
1.13923333333
3.4652
4.34353333333
3.8548
4.03083333333
1.16946666667
SEC 54
1.29803333333
1.52763333333
3.07516666667
2.20663333333
3.5635
1.60156666667
1.9476
1.07006666667
1.09063333333
1.4104
1.68006666667
2.1951
1.27556666667
2.0343
1.57893333333
0.877933333333
1.39273333333
1.48453333333
1.12766666667
1.93173333333
1.10493333333
1.88883333333
1.04643333333
1.71126666667
2.51973333333
2.11436666667
1.11126666667
1.38406666667
1.76843333333
1.435
1.1717
1.88633333333
1.0051
1.82083333333
1.43653333333
3.5145
0.777133333333
2.97783333333
1.38613333333
2.121
0.877233333333
1.10943333333
2.2554
2.18303333333
1.98253333333
0.7811
1.02053333333
2.01773333333
1.8381
1.72153333333
1.07973333333
2.2891
2.31553333333
1.08566666667
2.7298
2.23496666667
2.11773333333
1.38856666667
1.50063333333
1.87706666667
1.7064
1.97926666667
3.26693333333
3.1887
SEC 55
0.949966666667
1.65346666667
0.906733333333
0.910566666667
0.674066666667
1.12243333333
2.37356666667
1.24973333333
0.75
2.0579
1.17713333333
1.62326666667
0.8905
1.5551
1.93393333333
3.69583333333
1.27606666667
1.01316666667
3.88063333333
1.94653333333
1.64143333333
1.23366666667
3.06796666667
1.36786666667
0.885466666667
1.01816666667
3.68263333333
1.8332
0.752233333333
1.367
1.45366666667
1.96963333333
1.4799
1.21733333333
1.64816666667
1.59253333333
0.7393
1.4931
1.58566666667
2.87173333333
1.4522
1.8007
1.1742
1.23803333333
1.52906666667
2.11943333333
0.981866666667
3.74156666667
1.6623
0.943333333333
1.98533333333
1.6053
1.11103333333
0.758433333333
1.4269
2.21776666667
2.6891
0.774866666667
1.45566666667
1.60113333333
2.00576666667
1.48746666667
1.3436
2.18663333333
SEC 56
2.03393333333
1.48313333333
1.86036666667
0.5373
0.472866666667
1.77876666667
3.3744
2.154
0.995366666667
3.42963333333
2.1171
1.16603333333
1.07313333333
3.2767
1.57013333333
1.115
1.89343333333
3.18556666667
3.0238
1.0363
3.33993333333
1.08123333333
1.10313333333
2.04206666667
0.8449
2.62936666667
3.9159
0.6451
2.3565
1.04363333333
1.1199
1.40603333333
1.34506666667
5.82556666667
1.678
1.16546666667
3.45436666667
3.7
3.58656666667
3.0736
2.1115
2.8226
0.6685
4.3716
3.3943
3.32703333333
2.6418
0.492833333333
1.4415
2.25433333333
3.8759
3.49286666667
0.682633333333
3.25253333333
4.82776666667
0.970266666667
1.8594
3.87183333333
3.18676666667
2.28046666667
2.10286666667
4.64
0.6681
4.11543333333
SEC 57
0.8597
0.814533333333
0.9402
1.1808
2.8044
3.36326666667
2.73143333333
1.3523
3.40186666667
1.2011
2.53736666667
3.84133333333
2.72613333333
1.0665
0.852433333333
3.5246
1.17753333333
3.93256666667
1.7321
1.06843333333
2.6183
3.0992
1.9898
1.13443333333
0.8001
1.63813333333
0.667966666667
1.1569
3.24913333333
1.03746666667
0.834966666667
1.42566666667
2.6548
2.917
2.7959
1.42333333333
2.37216666667
0.854433333333
0.819866666667
1.31343333333
2.57893333333
2.46996666667
2.00273333333
1.79803333333
4.19216666667
1.57196666667
2.35603333333
1.7062
2.36703333333
2.50306666667
2.08513333333
0.984633333333
1.8617
1.25146666667
1.9186
2.56113333333
1.03323333333
1.03813333333
1.92493333333
2.6891
2.19883333333
1.4664
0.8867
2.55276666667
SEC 58
1.81153333333
1.8374
1.76196666667
1.19393333333
1.05066666667
0.741566666667
1.86073333333
0.822633333333
2.42733333333
1.94983333333
2.2087
0.9589
3.79076666667
1.19093333333
0.820366666667
1.39966666667
2.43303333333
0.801366666667
2.50186666667
0.883
1.46033333333
1.50013333333
2.21006666667
0.689166666667
1.03853333333
0.710233333333
1.45403333333
2.21813333333
2.27293333333
1.60973333333
1.46363333333
2.16563333333
1.90953333333
1.65253333333
0.769833333333
2.0903
1.9968
1.75106666667
1.9185
2.62206666667
2.26963333333
1.15723333333
1.82263333333
1.0939
0.829266666667
2.05516666667
1.88633333333
2.75216666667
2.66943333333
0.553866666667
1.54633333333
1.42013333333
1.033
1.59596666667
1.69023333333
1.9008
1.20056666667
2.47873333333
1.75916666667
1.77853333333
1.13836666667
2.4697
0.879733333333
1.56606666667
SEC 59
1.1002
0.7758
3.47473333333
4.13143333333
1.46423333333
2.47446666667
3.13346666667
3.35343333333
2.494
2.72213333333
3.12526666667
2.80783333333
3.152
2.01123333333
1.78393333333
3.4291
3.3358
1.74056666667
1.89346666667
4.07233333333
3.98433333333
2.43073333333
0.7254
4.2501
2.7572
1.72476666667
2.9318
3.21246666667
3.31536666667
0.606133333333
0.917533333333
1.3135
2.58316666667
2.81736666667
2.46676666667
2.2414
1.13936666667
1.73103333333
1.58586666667
1.04326666667
3.1317
3.6879
2.65106666667
0.994966666667
3.1863
1.12016666667
2.96273333333
1.88143333333
5.67086666667
2.6998
3.00983333333
4.1339
1.8969
2.7817
2.46653333333
3.8898
2.77886666667
2.8664
3.20306666667
4.57896666667
1.14536666667
2.95333333333
3.1706
1.33506666667
SEC 60
0.519433333333
3.4759
6.52183333333
2.54056666667
4.68416666667
3.05396666667
1.36076666667
0.665833333333
1.40546666667
3.26686666667
3.1525
3.89306666667
1.9369
2.08523333333
1.57963333333
3.1824
4.1039
2.58323333333
5.03163333333
2.4666
0.619066666667
1.72236666667
4.3251
3.704
1.88023333333
0.855766666667
2.93623333333
3.17746666667
2.90013333333
2.61043333333
2.9389
2.75863333333
3.0136
1.11473333333
2.40456666667
1.72413333333
4.5362
2.69453333333
1.73333333333
2.42593333333
1.76126666667
2.4517
3.62526666667
3.15223333333
2.5893
3.9636
3.83593333333
2.3564
1.37376666667
0.787833333333
1.4643
3.4916
2.1109
2.94946666667
1.8925
2.09336666667
1.55483333333
2.6377
1.17106666667
1.23013333333
3.6622
2.30826666667
4.26506666667
2.8891
SEC 61
3.0582
2.145
3.6847
1.6935
0.632933333333
3.55793333333
1.4703
1.1315
1.0877
3.28956666667
0.954166666667
1.29846666667
1.25526666667
0.743233333333
2.10393333333
1.52086666667
1.66033333333
0.904166666667
1.51503333333
1.612
2.4067
2.69953333333
1.0361
2.7545
1.80263333333
1.476
4.2538
1.7159
1.4446
1.32833333333
2.2409
3.40813333333
1.41583333333
3.693
3.05653333333
1.71583333333
2.2649
1.62123333333
2.22203333333
1.75653333333
2.79736666667
3.56216666667
1.66903333333
1.58303333333
3.68506666667
2.29386666667
5.09583333333
1.94233333333
3.34163333333
2.23686666667
4.13736666667
0.734066666667
3.15763333333
1.8951
2.47123333333
2.192
1.59813333333
3.3109
1.84893333333
3.5257
2.6865
3.5342
2.4509
1.91036666667
SEC 62
1.9778
2.20953333333
2.29403333333
1.54856666667
1.26836666667
1.71346666667
3.1635
2.1807
1.1228
2.11673333333
3.56176666667
2.4131
1.61053333333
1.61506666667
2.9157
1.49456666667
1.192
2.44336666667
3.8051
3.83496666667
1.95173333333
0.963866666667
3.2776
2.0565
2.6067
5.05173333333
2.00356666667
3.31466666667
2.13656666667
1.64866666667
1.5404
1.9761
2.89296666667
3.80246666667
2.78976666667
1.85076666667
2.36046666667
2.40946666667
2.60976666667
2.12986666667
4.17953333333
1.0797
2.6773
1.60793333333
3.33913333333
1.09566666667
1.56073333333
5.17
2.1697
2.6516
2.28703333333
4.2342
2.0814
4.2639
2.9321
1.3769
3.53973333333
2.46243333333
3.62486666667
3.97023333333
3.64193333333
1.49826666667
2.6993
3.60843333333
SEC 63
5.27126666667
2.1874
1.59203333333
2.3202
2.52953333333
3.33933333333
3.02096666667
1.40423333333
1.46153333333
2.26426666667
1.75996666667
2.37963333333
1.6895
1.8843
1.05673333333
2.23843333333
1.5713
1.32843333333
1.9019
1.63733333333
2.36843333333
2.28103333333
2.70076666667
2.18763333333
2.24493333333
5.73436666667
1.76466666667
2.15253333333
1.11066666667
1.0348
0.820066666667
1.75266666667
1.71383333333
5.78033333333
1.67603333333
3.20646666667
2.15543333333
6.32956666667
2.65786666667
0.981933333333
1.36926666667
1.0244
1.45396666667
1.18713333333
1.56303333333
5.98626666667
2.89993333333
2.48013333333
1.4892
2.75143333333
2.8289
3.12746666667
2.50763333333
1.54596666667
2.41416666667
1.5609
2.82936666667
2.46143333333
1.48523333333
2.50373333333
2.82563333333
2.56696666667
3.0605
8.17443333333
SEC 64
0.7246
1.19763333333
2.64096666667
0.984466666667
1.3088
0.787
1.68426666667
1.75496666667
1.86706666667
1.44773333333
1.12153333333
1.79846666667
0.687466666667
0.7319
1.1151
2.27353333333
1.8357
0.9674
1.24783333333
3.0522
2.02413333333
2.00816666667
1.59516666667
1.00243333333
4.1404
2.0027
1.1416
3.69826666667
2.14986666667
1.76306666667
1.81416666667
3.3101
1.12693333333
3.22556666667
2.23613333333
0.722533333333
1.21653333333
1.1315
0.7589
0.8579
3.08283333333
1.06146666667
0.844966666667
2.35913333333
0.974766666667
1.21366666667
0.810466666667
1.75966666667
1.5191
1.47453333333
1.41786666667
0.936766666667
3.62866666667
1.6634
1.03703333333
1.7037
3.09916666667
2.28923333333
2.76313333333
6.05606666667
2.53013333333
1.40873333333
1.0289
1.27863333333
SEC 65
3.89
3.8449
1.2174
0.942633333333
2.0211
2.97056666667
3.39813333333
3.3584
1.2128
2.4582
2.26693333333
1.6331
1.37803333333
1.2024
0.842566666667
1.3486
1.4605
3.93236666667
2.6127
5.15893333333
3.33336666667
4.14076666667
1.1361
1.89286666667
4.6684
4.8219
3.7858
0.6837
0.548366666667
1.3411
2.3832
0.851466666667
1.05926666667
1.4383
1.25236666667
4.40033333333
3.77076666667
0.933766666667
1.16606666667
5.07593333333
2.4305
1.83363333333
2.0469
2.50073333333
1.85866666667
1.75793333333
2.9623
0.820333333333
1.9338
0.894233333333
2.60813333333
2.93013333333
4.26193333333
2.5735
4.00363333333
0.824433333333
2.44376666667
2.3441
3.04263333333
5.0053
2.42023333333
1.18356666667
3.25766666667
2.5259
SEC 66
1.6945
1.38386666667
2.02166666667
1.3287
2.549
1.37893333333
1.47123333333
1.44153333333
1.19993333333
1.25753333333
1.99766666667
1.0526
2.51713333333
1.37023333333
1.45363333333
3.15253333333
0.700566666667
2.03313333333
2.471
2.11546666667
1.81213333333
2.4519
3.6928
1.5587
0.9382
1.87013333333
2.2398
1.39
2.1591
2.768
1.41563333333
2.5986
1.2988
2.64723333333
1.46373333333
0.821666666667
1.16276666667
1.69093333333
1.66413333333
3.00716666667
1.24896666667
1.3751
1.12906666667
1.1368
3.4209
1.44896666667
1.34056666667
1.42393333333
1.97093333333
2.14836666667
1.27406666667
1.15733333333
1.75156666667
1.44723333333
1.382
1.64883333333
0.801933333333
3.01366666667
1.8657
2.8196
1.59086666667
1.9157
2.28613333333
2.1223
SEC 67
0.7152
1.91756666667
4.18036666667
1.93626666667
2.43393333333
0.849766666667
1.72033333333
1.81306666667
1.81286666667
1.65583333333
0.6177
0.838166666667
1.8678
1.33626666667
5.90316666667
1.3528
3.744
1.1689
0.671333333333
4.5819
1.2793
0.803533333333
0.8556
1.9177
2.0092
1.76996666667
3.13093333333
1.75516666667
4.22453333333
1.9572
1.70093333333
1.54253333333
0.997433333333
2.2263
1.4239
2.00966666667
1.57896666667
0.775733333333
1.8435
1.47446666667
3.1167
2.86306666667
2.0282
3.16683333333
0.899066666667
5.75576666667
1.2987
1.17156666667
2.0744
1.75716666667
1.44326666667
1.5583
1.102
1.66753333333
1.74636666667
4.0912
3.41243333333
2.81646666667
3.46626666667
1.2751
2.5414
1.16433333333
0.8454
2.42663333333
SEC 68
1.6444
1.97186666667
4.74586666667
5.3154
1.68653333333
1.18463333333
2.94833333333
0.7318
2.7042
3.1916
1.26523333333
1.8382
2.12773333333
1.94086666667
1.79456666667
3.21403333333
3.73603333333
2.98346666667
4.10773333333
3.9203
1.70636666667
1.55213333333
1.71096666667
2.35526666667
2.5932
1.87126666667
2.56803333333
5.02956666667
2.6491
1.63483333333
3.44976666667
1.01343333333
1.92656666667
1.3675
2.8299
5.69483333333
2.30546666667
2.31913333333
0.9158
2.2513
0.871733333333
1.39766666667
5.75473333333
1.84646666667
1.44956666667
0.7102
4.75656666667
3.75076666667
2.56226666667
1.79466666667
2.2139
4.74446666667
3.23703333333
0.711533333333
0.888233333333
2.84546666667
3.19606666667
5.49126666667
2.06436666667
2.81406666667
1.82326666667
2.48506666667
1.07886666667
1.60556666667
SEC 69
2.4411
5.09053333333
3.17433333333
3.02963333333
3.81663333333
5.18953333333
0.937433333333
3.34483333333
5.57493333333
0.8093
3.19776666667
1.52673333333
4.57566666667
1.54866666667
4.36843333333
1.16026666667
0.8732
3.86876666667
2.7265
3.96926666667
3.0328
5.38183333333
3.475
2.8206
3.32573333333
6.93346666667
2.82013333333
3.92523333333
3.1307
2.41666666667
4.0473
1.01696666667
1.05903333333
2.30286666667
5.08743333333
2.71356666667
5.47416666667
7.24906666667
4.95573333333
4.2721
2.04013333333
2.09676666667
1.28043333333
1.65316666667
3.0287
1.12723333333
4.47986666667
4.06886666667
5.2019
3.60323333333
3.4383
2.16983333333
3.4317
1.8965
2.47223333333
1.78036666667
1.69903333333
1.905
0.7864
5.30813333333
1.2472
4.84573333333
3.85953333333
2.74096666667
SEC 70
3.34586666667
1.3794
3.37713333333
5.7877
1.3367
1.9108
1.01763333333
1.37566666667
1.86696666667
0.795466666667
1.17676666667
1.15293333333
0.644366666667
3.1038
1.2578
4.30543333333
4.5112
3.59703333333
1.11953333333
1.57603333333
1.2221
2.2297
0.9971
2.28216666667
1.21293333333
1.49826666667
1.57703333333
2.08026666667
1.62006666667
1.17856666667
1.40433333333
1.19776666667
0.646233333333
2.32933333333
1.1446
1.12536666667
1.7368
1.7218
1.6136
1.48506666667
1.50133333333
2.27223333333
4.00026666667
2.95376666667
2.07156666667
1.32683333333
1.47336666667
3.78473333333
1.37313333333
1.6742
2.82593333333
1.22153333333
1.463
1.622
0.7042
0.665833333333
1.72273333333
4.55743333333
1.28876666667
2.489
1.68093333333
1.0746
1.299
2.46166666667
SEC 71
0.899433333333
2.1134
3.0817
1.60166666667
2.10066666667
2.51763333333
1.75096666667
2.32466666667
3.70776666667
1.7591
3.10556666667
4.515
3.88606666667
0.8843
1.6462
1.36333333333
6.95523333333
0.6733
1.55696666667
3.30863333333
1.45263333333
2.6352
3.11493333333
4.71273333333
1.24696666667
1.83033333333
1.8754
1.967
3.6322
1.3387
4.19366666667
2.98183333333
4.50463333333
1.7528
1.56683333333
6.973
1.1454
0.911466666667
2.81843333333
0.972966666667
2.92336666667
2.31883333333
1.95523333333
0.7292
1.03226666667
1.04976666667
2.23976666667
1.61313333333
4.3773
2.8727
1.3901
1.7469
2.0864
3.93916666667
3.43943333333
1.4116
1.71833333333
6.96636666667
1.5704
2.26076666667
1.78426666667
3.0121
4.8813
1.64073333333
SEC 72
2.27103333333
3.6627
1.9026
1.2613
2.2276
4.01436666667
3.63946666667
0.654166666667
3.5967
2.4604
1.0007
1.00916666667
4.26573333333
3.30003333333
0.894866666667
1.35256666667
3.0676
2.42806666667
4.7975
3.42363333333
5.0206
1.933
4.61
1.66583333333
3.4132
2.2325
1.73163333333
1.12493333333
5.0974
1.9196
3.50466666667
4.03013333333
4.46756666667
1.1554
4.0676
2.83273333333
0.822966666667
1.24106666667
2.4929
3.0194
1.24856666667
2.3031
2.194
1.4625
4.85243333333
1.19276666667
2.3078
1.87576666667
3.2196
3.92303333333
2.17946666667
3.86476666667
1.0538
3.05583333333
0.723033333333
3.65416666667
2.61233333333
3.83543333333
1.97326666667
1.20616666667
1.84113333333
3.6523
2.36546666667
5.16176666667
SEC 73
1.44746666667
1.2498
3.12906666667
1.76856666667
4.90573333333
5.05063333333
1.195
7.20453333333
2.13023333333
1.17906666667
3.2319
0.781433333333
1.70263333333
0.7854
0.845566666667
3.82446666667
3.27313333333
3.41486666667
4.33776666667
2.6294
2.05866666667
0.8535
1.2738
6.8122
4.8382
1.54436666667
4.40436666667
4.87426666667
3.7413
0.9004
5.09986666667
3.36756666667
1.54146666667
5.26713333333
5.82716666667
3.88473333333
2.54566666667
4.963
3.37966666667
3.1888
4.51683333333
4.85593333333
4.82716666667
3.59536666667
0.9054
3.35256666667
1.04183333333
1.23643333333
0.7688
4.49373333333
2.81696666667
1.35973333333
1.34023333333
2.46943333333
5.10266666667
4.46663333333
3.48646666667
1.5494
5.21633333333
2.99126666667
4.90996666667
5.1862
5.10023333333
4.95453333333
SEC 74
1.4774
2.0348
1.74016666667
1.9968
2.16923333333
1.83346666667
1.4925
1.84653333333
1.33466666667
2.58096666667
1.03326666667
2.05873333333
2.9604
1.49956666667
2.43356666667
1.25623333333
1.3913
1.2061
2.46176666667
0.649233333333
1.79046666667
1.9323
3.81136666667
1.8937
1.90733333333
2.3347
1.2179
1.97613333333
1.88723333333
1.4284
1.55906666667
1.8346
1.19293333333
0.917933333333
1.55353333333
2.51026666667
3.8509
1.6367
0.955033333333
2.24766666667
1.59613333333
1.58773333333
1.94956666667
1.38283333333
0.933066666667
3.7187
2.52086666667
0.9734
3.09826666667
0.769633333333
1.01983333333
1.70686666667
4.61773333333
1.82713333333
1.05326666667
3.10056666667
1.9692
3.40273333333
0.8534
0.9776
4.12603333333
3.03063333333
3.43606666667
1.2727
SEC 75
1.2162
1.178
1.35433333333
0.806833333333
0.508366666667
1.0026
0.8492
1.7118
1.1912
1.03683333333
1.10506666667
2.95353333333
1.26226666667
4.22993333333
0.903933333333
2.86673333333
1.7764
1.12963333333
2.76596666667
2.4942
1.1931
3.68516666667
2.0953
2.36566666667
3.22226666667
0.9432
2.41496666667
1.13916666667
2.00796666667
0.735466666667
4.60076666667
2.9912
0.891933333333
1.173
1.0268
2.40233333333
1.88213333333
1.34266666667
2.11713333333
1.4581
2.08383333333
0.963566666667
2.57286666667
0.9033
0.709966666667
2.01806666667
2.56876666667
2.27563333333
1.003
0.963266666667
2.54616666667
0.956866666667
2.31043333333
5.49163333333
1.30263333333
1.98286666667
1.40666666667
1.4609
2.54193333333
1.95076666667
0.904466666667
2.5481
1.26923333333
2.59583333333
SEC 76
6.88493333333
5.9359
5.38256666667
6.66583333333
1.0379
3.3011
3.75536666667
4.3712
1.98063333333
3.4659
1.94063333333
1.91486666667
4.50483333333
3.43873333333
6.28546666667
2.82346666667
2.75256666667
2.0142
4.2531
3.9081
3.06323333333
0.9271
3.2565
7.66953333333
0.731466666667
4.27233333333
3.29096666667
5.68423333333
7.53816666667
1.6947
5.67233333333
4.6995
2.31626666667
3.72246666667
6.23643333333
2.8463
3.395
2.90166666667
4.84023333333
6.2554
9.1815
3.19846666667
6.42256666667
6.86473333333
1.56276666667
6.3594
3.89186666667
3.76303333333
5.35233333333
4.3301
3.16406666667
2.04703333333
4.38943333333
6.19003333333
2.26493333333
1.55986666667
1.8424
7.6813
5.2682
3.49826666667
2.15313333333
3.76803333333
5.65706666667
3.31416666667
SEC 77
2.53853333333
1.8746
1.40733333333
2.0524
3.7959
3.39966666667
3.63883333333
1.33776666667
3.14303333333
2.13706666667
1.33686666667
1.64006666667
1.17536666667
1.02666666667
3.78746666667
2.57193333333
1.3214
3.31333333333
1.0317
2.34043333333
1.64603333333
1.4889
2.35876666667
2.34226666667
3.2475
2.13243333333
5.50293333333
3.0443
0.832966666667
2.95996666667
2.48283333333
0.611966666667
1.4637
2.7289
1.7545
2.5537
2.0241
1.42753333333
2.14593333333
2.3651
3.19256666667
0.748233333333
2.9379
5.22343333333
1.12126666667
2.01423333333
2.12986666667
2.45883333333
2.28036666667
0.876066666667
3.4255
1.5007
2.775
1.31916666667
1.81916666667
1.4696
0.608066666667
1.1919
4.23766666667
1.5425
2.64333333333
2.21623333333
0.855133333333
1.68766666667
SEC 78
1.09006666667
2.3195
1.17643333333
3.81303333333
2.74366666667
1.50066666667
1.84676666667
4.83326666667
1.42186666667
3.60543333333
3.87846666667
2.75246666667
3.58106666667
3.0121
2.7047
1.74663333333
1.73346666667
2.76376666667
2.49486666667
1.49063333333
1.45853333333
3.6973
1.8091
1.01946666667
2.15853333333
2.426
3.11943333333
0.827766666667
4.421
2.27203333333
2.11946666667
4.21413333333
4.50833333333
1.75773333333
2.6463
5.41736666667
2.92186666667
1.76616666667
1.16636666667
2.46776666667
3.05206666667
1.75606666667
3.44326666667
4.53876666667
2.88876666667
1.44176666667
2.09553333333
1.6453
0.743233333333
0.9132
2.57503333333
4.7
4.1082
3.37256666667
2.4196
2.68503333333
3.61753333333
2.8175
2.9996
2.97416666667
1.60106666667
2.75806666667
4.71616666667
4.12236666667
SEC 79
6.29933333333
5.78103333333
6.5221
7.0735
2.2809
1.47706666667
4.2745
6.78293333333
7.23866666667
5.49613333333
6.0708
5.73286666667
4.90693333333
8.30903333333
6.44023333333
4.60223333333
4.479
3.0449
4.81416666667
1.94806666667
7.9968
5.98953333333
1.01976666667
4.70206666667
5.9309
3.27366666667
6.3481
3.51263333333
4.67293333333
4.6333
2.27446666667
7.30506666667
6.1669
5.784
5.80953333333
6.9039
1.31416666667
2.5702
5.3737
5.30626666667
7.02096666667
5.90686666667
2.67403333333
6.06653333333
1.51786666667
1.09986666667
3.065
7.07886666667
6.3256
6.13666666667
5.4836
5.32976666667
5.5127
6.35533333333
0.5512
5.3643
5.96093333333
4.6905
5.64343333333
6.21066666667
3.0348
3.05713333333
1.82736666667
4.81006666667
SEC 80
1.90353333333
1.04283333333
1.1673
1.87316666667
1.09926666667
3.11446666667
1.69723333333
1.36
0.749733333333
1.2655
0.700466666667
1.93126666667
1.14726666667
1.44453333333
4.35193333333
3.3703
0.932333333333
2.45506666667
1.14186666667
2.58183333333
2.50553333333
2.60723333333
2.08643333333
1.96173333333
3.42363333333
2.0635
2.31083333333
2.1311
1.27633333333
4.734
4.5806
0.929366666667
1.0239
4.0135
3.30506666667
1.8511
1.169
0.8267
2.2582
0.749133333333
2.0855
4.54446666667
1.13656666667
0.9192
0.5311
1.84803333333
1.96883333333
2.03216666667
0.866666666667
4.3658
1.73123333333
3.67866666667
2.58376666667
0.6869
0.793833333333
2.09853333333
2.81353333333
2.39226666667
2.3681
3.63046666667
2.4985
4.77823333333
1.13676666667
0.7809
