SEC 1
2.7725
3.23743333333
5.5204
4.41246666667
3.38516666667
1.77046666667
6.97873333333
2.71726666667
3.55336666667
3.87096666667
3.5589
4.8009
6.61586666667
3.30233333333
4.31976666667
5.03763333333
SEC 2
6.68983333333
3.33566666667
4.71183333333
1.23596666667
1.60043333333
5.7831
1.27636666667
3.4902
3.05676666667
2.34353333333
5.35556666667
3.27646666667
1.29013333333
1.85593333333
2.0272
1.61663333333
SEC 3
1.17413333333
1.90236666667
3.56046666667
1.2776
2.8867
3.17743333333
3.14243333333
2.34963333333
4.18716666667
2.80673333333
1.03533333333
2.84323333333
3.82733333333
1.66426666667
2.25966666667
4.3122
SEC 4
3.72426666667
3.0172
6.19833333333
3.91906666667
3.05116666667
4.1369
1.92813333333
1.60603333333
3.30526666667
6.06116666667
2.45233333333
1.48716666667
4.59113333333
3.76606666667
4.2285
1.71056666667
SEC 5
0.7085
1.09846666667
2.24396666667
1.9613
1.47203333333
1.7098
0.683633333333
1.368
1.10536666667
3.1651
0.6025
1.41573333333
1.66126666667
1.90026666667
1.04966666667
2.12203333333
SEC 6
0.8588
1.40396666667
1.73956666667
3.09133333333
4.67093333333
1.71996666667
6.83233333333
2.48343333333
5.05566666667
1.7886
1.29883333333
1.74066666667
0.893666666667
0.801866666667
2.1143
6.06066666667
SEC 7
3.18863333333
2.3285
1.76376666667
1.04566666667
2.4191
1.89273333333
1.40186666667
3.7938
1.36686666667
1.27636666667
3.27203333333
2.27136666667
1.2896
1.8436
1.781
1.90343333333
SEC 8
0.524033333333
1.7277
0.894
2.41683333333
3.5393
1.2976
2.1874
1.16653333333
2.6231
1.11373333333
1.93426666667
3.0585
1.4865
2.3776
3.1016
1.0256
SEC 9
0.7156
2.6633
1.8479
2.8026
1.061
1.3921
3.56156666667
4.25203333333
1.3257
3.45336666667
3.05793333333
3.1208
3.72893333333
0.9269
1.61903333333
3.939
SEC 10
0.7405
0.908733333333
3.8036
0.5701
1.72036666667
3.53506666667
0.810366666667
0.9946
4.47226666667
1.2268
1.00326666667
3.0942
4.25946666667
0.9761
4.6656
0.903333333333
SEC 11
2.3523
3.58566666667
2.23993333333
2.7729
4.65713333333
2.42023333333
1.28766666667
4.7195
3.28916666667
1.1242
1.21463333333
1.46633333333
3.71433333333
3.15446666667
2.07663333333
3.12226666667
SEC 12
3.56906666667
6.3551
3.08166666667
1.35353333333
1.58303333333
2.10596666667
4.74186666667
3.42423333333
3.45776666667
1.55743333333
1.63823333333
1.77036666667
3.01696666667
0.748666666667
1.92143333333
1.04366666667
SEC 13
1.13106666667
1.17903333333
1.0357
1.3042
0.947266666667
1.0396
0.852066666667
1.35326666667
0.6207
1.8241
1.1475
1.0598
0.947466666667
1.68803333333
0.9059
1.16236666667
SEC 14
1.2198
1.6461
2.1052
1.35603333333
0.778366666667
3.04676666667
3.40713333333
0.8662
2.0975
1.80566666667
2.2172
1.44916666667
2.32663333333
0.983666666667
1.29523333333
1.9347
SEC 15
0.855333333333
2.40273333333
1.05163333333
3.1887
1.31626666667
3.49503333333
1.2921
3.01423333333
1.63716666667
0.989
1.73883333333
1.53636666667
0.647166666667
1.29916666667
3.7293
2.6293
SEC 16
3.32266666667
1.44666666667
2.16233333333
1.40886666667
2.0348
2.532
1.15046666667
1.70533333333
0.661933333333
1.68333333333
2.20673333333
1.7247
1.19573333333
2.56093333333
0.856333333333
1.88613333333
SEC 17
1.31946666667
2.7696
5.58176666667
2.56016666667
1.6443
3.59073333333
1.56416666667
5.59336666667
1.194
3.01666666667
2.05536666667
1.21146666667
1.46443333333
3.14953333333
2.64963333333
2.15323333333
SEC 18
1.5734
3.0646
4.3009
1.2844
2.37063333333
1.59203333333
1.54166666667
2.32313333333
2.35383333333
1.32606666667
1.61093333333
2.78256666667
2.83396666667
1.6664
2.9143
1.09543333333
SEC 19
2.2677
6.24036666667
1.53416666667
1.15766666667
1.82236666667
2.0132
0.606633333333
1.47093333333
1.99746666667
1.17446666667
1.78913333333
1.3181
1.6162
1.72476666667
3.50313333333
0.6823
SEC 20
3.6916
3.08653333333
1.98156666667
2.38036666667
1.9645
2.68046666667
3.5577
0.884
5.56473333333
1.60423333333
2.36393333333
3.62136666667
1.409
1.36883333333
3.54186666667
4.40193333333
SEC 21
1.62266666667
1.13483333333
1.5783
2.54036666667
3.60466666667
0.861
0.935833333333
1.4094
1.88606666667
1.76286666667
1.54083333333
1.2098
0.7445
2.5457
1.1529
1.05186666667
SEC 22
1.9827
2.17913333333
2.64193333333
0.838
1.61696666667
1.847
2.15286666667
1.89163333333
2.66006666667
1.60483333333
1.48446666667
3.02023333333
1.53266666667
1.6707
1.899
3.27593333333
SEC 23
1.41023333333
1.8641
2.55366666667
3.94793333333
2.37573333333
0.9147
1.2655
2.58176666667
1.9789
1.8892
2.09136666667
1.39036666667
0.971966666667
1.4295
1.56496666667
1.15786666667
SEC 24
1.93013333333
3.29983333333
2.62046666667
2.51313333333
3.71046666667
3.3818
4.2814
2.3582
3.38956666667
5.13146666667
2.73363333333
2.9868
4.82093333333
2.89746666667
2.58056666667
1.13503333333
SEC 25
2.3736
1.84513333333
2.46676666667
1.01413333333
1.85926666667
2.64663333333
1.5091
1.2777
2.3145
1.08776666667
1.04863333333
1.76513333333
1.7797
0.860666666667
2.37016666667
1.4885
SEC 26
1.39593333333
2.99986666667
1.36976666667
1.35733333333
1.42963333333
3.7634
2.9026
1.68996666667
3.90163333333
2.35796666667
3.64323333333
1.1009
1.75273333333
3.4108
1.12513333333
1.23603333333
SEC 27
1.15613333333
3.147
2.3711
1.94926666667
1.91703333333
2.4795
0.991
2.14023333333
1.93023333333
1.96803333333
3.21643333333
1.95256666667
2.52763333333
1.98813333333
0.778766666667
5.17823333333
SEC 28
0.7187
2.8716
1.58663333333
0.952366666667
1.8184
1.39836666667
2.85183333333
1.6316
1.316
1.3713
1.3953
1.54533333333
0.786166666667
3.24903333333
2.16066666667
0.802233333333
SEC 29
3.1398
3.83416666667
1.64
3.59206666667
5.8506
4.1721
3.2871
2.9597
2.64606666667
3.18866666667
4.07613333333
3.09536666667
4.0271
4.0697
2.31116666667
1.57346666667
SEC 30
3.2327
1.97763333333
1.99763333333
1.64476666667
2.3116
1.59966666667
1.8453
1.18243333333
2.04276666667
1.9632
0.9869
0.923733333333
1.9448
1.24193333333
1.97393333333
0.8916
SEC 31
5.2577
7.37083333333
3.8808
4.04413333333
6.2438
1.9007
5.57356666667
3.40933333333
5.65136666667
2.48553333333
2.80656666667
1.57283333333
4.442
3.6486
2.82113333333
3.57813333333
SEC 32
2.78743333333
1.94813333333
0.940733333333
3.52663333333
2.99063333333
1.87333333333
1.30956666667
3.83263333333
2.46483333333
1.64806666667
1.89063333333
3.0123
1.76806666667
1.0995
3.59446666667
2.1446
SEC 33
2.04133333333
1.50646666667
5.43953333333
2.4696
1.50646666667
1.99993333333
1.07503333333
0.7213
4.52796666667
1.73283333333
5.55776666667
1.46863333333
0.9803
1.46416666667
1.83633333333
2.41
SEC 34
3.31883333333
4.62623333333
6.5798
2.7061
1.03676666667
4.4134
3.9912
1.7234
0.868766666667
2.75666666667
2.18513333333
3.28946666667
1.46116666667
2.66686666667
4.0338
2.561
SEC 35
2.05023333333
3.62956666667
1.793
1.96876666667
1.2811
2.3276
2.14993333333
1.17916666667
0.972866666667
3.9809
4.08646666667
0.968066666667
2.24256666667
2.4848
3.03606666667
2.30096666667
SEC 36
2.09466666667
1.39593333333
1.8442
2.20623333333
1.77036666667
2.8813
3.08806666667
2.53663333333
1.55616666667
3.07526666667
4.3048
2.49106666667
3.69203333333
1.6627
1.67346666667
1.95983333333
SEC 37
1.3841
1.27596666667
1.5858
1.14796666667
2.74276666667
1.35383333333
2.56743333333
1.14643333333
1.5091
1.67103333333
1.46696666667
1.59743333333
1.33713333333
2.78226666667
1.78526666667
1.43456666667
SEC 38
2.25163333333
0.692
1.7555
2.50846666667
2.37473333333
2.76306666667
3.40243333333
2.99966666667
3.59066666667
2.52023333333
3.0461
1.4248
1.2115
2.5256
1.40373333333
2.01506666667
SEC 39
3.89453333333
3.28026666667
0.680033333333
2.57896666667
3.8154
1.20133333333
2.0694
3.3904
2.93396666667
3.07813333333
5.0929
1.34416666667
4.39856666667
4.67613333333
3.31633333333
3.4943
SEC 40
1.21296666667
0.9053
1.70306666667
1.1287
1.03666666667
1.70623333333
1.8087
0.915233333333
1.7984
1.57283333333
1.4437
2.38506666667
1.23466666667
1.5039
1.248
1.69006666667
SEC 41
5.25426666667
4.55343333333
3.33523333333
1.4877
10.9696666667
3.83343333333
4.72706666667
1.2884
5.35093333333
5.58943333333
6.41256666667
3.96406666667
4.304
10.4957666667
10.0901
3.3828
SEC 42
2.90376666667
1.92483333333
2.49496666667
2.6808
3.40453333333
2.0496
1.559
2.29666666667
1.2491
1.4812
1.84426666667
0.6388
0.870766666667
2.14406666667
1.3422
1.6305
SEC 43
3.68706666667
1.45326666667
1.66173333333
1.59736666667
2.77586666667
2.04866666667
4.39033333333
3.0118
2.73103333333
3.57396666667
3.2317
3.41476666667
3.28446666667
5.0317
2.84136666667
3.05293333333
SEC 44
4.14956666667
2.55673333333
1.3516
2.41083333333
1.91086666667
2.4049
4.70866666667
1.08796666667
2.31336666667
1.41083333333
1.95513333333
0.7789
0.8681
2.2139
3.11293333333
2.28093333333
SEC 45
1.42623333333
2.57383333333
3.51236666667
2.09136666667
3.09896666667
3.20003333333
0.809466666667
2.427
3.955
2.43473333333
1.5927
3.57326666667
3.82186666667
3.58843333333
2.19106666667
1.91303333333
SEC 46
2.31333333333
2.1982
1.9087
0.922733333333
0.946333333333
1.57496666667
1.23336666667
2.4968
0.7606
2.06523333333
1.78286666667
2.14736666667
0.987833333333
1.98893333333
1.00106666667
1.8579
SEC 47
2.1967
3.2747
2.48736666667
1.99123333333
2.23856666667
1.45263333333
3.33813333333
3.06686666667
1.97433333333
1.97966666667
6.0433
2.18253333333
1.18543333333
3.66083333333
3.80606666667
1.6151
SEC 48
1.35486666667
3.82383333333
1.32523333333
1.31623333333
2.98543333333
1.64123333333
1.27246666667
1.2819
1.40736666667
1.30973333333
3.3622
1.61863333333
2.54046666667
0.653966666667
1.87953333333
1.13113333333
SEC 49
0.880966666667
1.4717
1.89786666667
1.30063333333
1.3415
1.3161
2.13966666667
1.4967
1.7398
0.8863
1.18213333333
1.46666666667
1.3075
2.27666666667
2.8069
2.37963333333
SEC 50
1.21133333333
2.24216666667
1.6635
2.3662
2.30116666667
2.00033333333
2.1454
2.33963333333
2.00313333333
2.22376666667
2.93236666667
2.06196666667
2.85386666667
1.89006666667
1.7751
2.31726666667
SEC 51
2.16956666667
3.1318
2.48596666667
1.32086666667
2.38973333333
1.37756666667
2.47573333333
2.22926666667
1.96213333333
3.29906666667
2.7401
2.6642
2.78616666667
4.4866
1.22643333333
3.44836666667
SEC 52
4.05636666667
4.01223333333
3.70596666667
1.29686666667
1.46286666667
2.73843333333
2.82986666667
2.00773333333
2.26573333333
2.55816666667
1.06466666667
0.9081
4.67443333333
2.6402
3.20813333333
3.0156
SEC 53
2.1561
3.70376666667
2.25933333333
1.31296666667
3.55486666667
1.93996666667
2.60766666667
4.37873333333
4.05096666667
2.60873333333
2.65083333333
2.23346666667
2.46276666667
2.48803333333
1.66086666667
1.54546666667
SEC 54
1.1208
1.24636666667
2.4496
1.65763333333
2.31206666667
3.25223333333
2.97003333333
3.7305
1.8135
2.25943333333
1.5199
1.57686666667
2.44046666667
3.03966666667
0.581266666667
1.6686
SEC 55
1.63773333333
2.52713333333
1.0234
2.15963333333
1.7909
0.4703
0.973633333333
1.2846
1.582
2.28583333333
2.6913
2.59043333333
1.50533333333
1.09413333333
1.4568
4.67713333333
SEC 56
3.99646666667
2.16646666667
2.9048
3.25836666667
3.70823333333
10.0370333333
1.92723333333
2.9005
4.60413333333
1.4599
2.9627
3.38046666667
3.07463333333
4.56623333333
4.4502
2.11663333333
SEC 57
1.6004
1.32233333333
1.62536666667
1.30186666667
1.3331
2.26096666667
1.30763333333
1.2612
1.02783333333
1.34446666667
1.45036666667
1.364
1.67276666667
1.915
0.596166666667
0.9355
SEC 58
1.9401
2.322
6.07896666667
3.1855
1.3352
2.88916666667
2.36773333333
2.9591
2.01283333333
3.09563333333
2.9341
3.3217
1.71423333333
2.73776666667
3.97876666667
2.76756666667
SEC 59
2.34493333333
1.6445
1.95296666667
1.33983333333
5.8203
2.14916666667
1.3547
4.49843333333
5.60203333333
1.15386666667
3.3666
1.7812
3.85746666667
3.8266
1.24013333333
3.99293333333
SEC 60
3.01313333333
2.14733333333
1.7462
1.21583333333
2.56023333333
1.45106666667
3.00803333333
3.0587
2.36936666667
2.5736
1.4757
1.01736666667
1.79713333333
1.8474
1.83356666667
2.3528
SEC 61
1.6838
4.23546666667
1.6249
3.77003333333
4.70403333333
3.82833333333
3.37633333333
2.28663333333
1.69056666667
2.31156666667
2.20886666667
2.73113333333
4.28906666667
0.953766666667
4.70676666667
4.58356666667
SEC 62
2.68693333333
2.10783333333
4.39416666667
2.68596666667
2.13033333333
2.96176666667
3.07213333333
1.699
0.900466666667
2.0378
1.51843333333
2.62996666667
1.14206666667
1.85696666667
2.68583333333
3.69666666667
SEC 63
1.78843333333
1.47663333333
1.70806666667
2.84113333333
2.4732
3.06396666667
3.37463333333
2.36846666667
1.67866666667
1.3749
1.49163333333
2.30213333333
1.41653333333
1.11913333333
1.95976666667
2.1748
SEC 64
0.930533333333
1.31253333333
2.03386666667
2.81546666667
2.10403333333
1.16243333333
3.35453333333
0.885933333333
1.80736666667
1.33463333333
2.33996666667
0.877066666667
7.0598
2.63013333333
1.75323333333
1.84543333333
SEC 65
1.161
2.81476666667
1.83543333333
0.662866666667
1.65906666667
2.47753333333
1.0996
1.59256666667
1.7058
0.560266666667
0.836966666667
1.03633333333
1.04823333333
1.18346666667
0.696533333333
1.7868
SEC 66
1.4126
2.13883333333
0.938466666667
1.09356666667
1.44776666667
1.67706666667
1.80503333333
1.00156666667
2.11843333333
1.86576666667
1.61463333333
1.60506666667
0.919566666667
0.7878
0.776366666667
0.900233333333
SEC 67
1.9575
1.40966666667
3.78956666667
1.1917
3.79053333333
3.50506666667
1.26573333333
1.354
1.63196666667
1.8467
1.05426666667
1.7725
1.5891
0.967633333333
3.40426666667
3.7525
SEC 68
1.46533333333
2.131
0.781666666667
2.6038
1.32383333333
3.69573333333
1.2241
2.9161
2.63263333333
0.5757
1.13266666667
0.913733333333
2.7715
0.9041
1.60256666667
0.752566666667
SEC 69
3.75433333333
2.066
2.80953333333
1.6176
3.03733333333
1.1256
2.03383333333
1.3911
2.7449
1.63676666667
1.8747
1.99486666667
1.373
3.41253333333
1.128
1.22106666667
SEC 70
3.29876666667
0.7964
3.02163333333
0.942833333333
0.949533333333
2.80356666667
2.51523333333
2.00973333333
2.72273333333
1.82866666667
1.20726666667
4.49706666667
0.993266666667
1.10953333333
1.06266666667
2.3725
SEC 71
1.21913333333
1.336
1.57626666667
0.681333333333
1.72143333333
1.7587
1.09923333333
1.54543333333
1.9503
2.12116666667
0.957966666667
2.65176666667
2.80596666667
1.6568
1.00393333333
1.55603333333
SEC 72
1.6243
0.967833333333
1.67956666667
0.874133333333
1.22746666667
1.7496
2.49236666667
0.855733333333
1.34986666667
1.6508
2.0205
2.12603333333
1.95563333333
3.35316666667
1.70726666667
2.2139
SEC 73
0.871133333333
14.7289
1.4399
2.51653333333
2.25946666667
3.77266666667
12.6282333333
3.24033333333
1.6766
1.69483333333
1.49393333333
2.65546666667
1.77966666667
9.5031
1.82053333333
1.69943333333
SEC 74
1.40446666667
3.95743333333
1.72806666667
3.85983333333
1.36576666667
2.0294
1.6201
2.07486666667
4.74563333333
2.27303333333
1.05826666667
1.102
0.911
2.9148
1.48676666667
1.10913333333
SEC 75
0.8312
1.0423
1.6554
2.0629
1.75773333333
1.55693333333
1.94153333333
1.47536666667
1.22756666667
0.717066666667
2.04033333333
1.89786666667
0.576966666667
1.09053333333
1.12043333333
1.45033333333
SEC 76
1.24343333333
2.1761
1.15003333333
1.772
0.955733333333
1.11763333333
0.959033333333
1.5108
1.42026666667
1.88283333333
1.12263333333
3.44156666667
0.7206
1.34193333333
0.684633333333
2.35386666667
SEC 77
2.00993333333
2.91036666667
1.6422
1.85443333333
1.45553333333
2.5797
2.9788
2.26546666667
1.44833333333
2.2917
1.92796666667
1.39953333333
2.2433
1.704
2.03983333333
1.48553333333
SEC 78
4.34233333333
0.943466666667
0.984433333333
3.70496666667
2.01276666667
1.66676666667
3.27553333333
1.58226666667
2.7434
2.87666666667
1.3089
2.07503333333
3.98266666667
1.2325
1.3389
1.2591
SEC 79
4.5345
4.7452
3.95226666667
2.95413333333
1.98063333333
2.15126666667
3.1831
3.1441
4.4444
2.3172
2.00073333333
2.22603333333
1.8897
2.2407
1.61056666667
1.0214
SEC 80
1.1213
1.9372
3.24066666667
2.2226
2.76186666667
2.46086666667
0.724233333333
4.51656666667
4.70846666667
2.09143333333
2.16366666667
3.41466666667
3.07213333333
1.1081
1.93136666667
3.5943
