SEC 1
2.56436666667
1.21673333333
1.0262
1.21186666667
1.07283333333
1.1949
1.35273333333
1.4742
1.0787
1.11283333333
0.948466666667
1.41746666667
1.30056666667
1.08856666667
1.13183333333
1.02943333333
SEC 2
0.9712
0.8869
0.883266666667
0.914933333333
1.005
0.985933333333
0.897466666667
0.829566666667
1.48303333333
1.04483333333
0.964233333333
0.921766666667
0.933666666667
1.85576666667
0.926033333333
0.899133333333
SEC 3
0.911966666667
1.00616666667
0.905766666667
0.7389
0.8066
0.9448
0.9179
0.844133333333
0.7777
0.806866666667
0.86
1.02836666667
1.0982
0.934533333333
0.8692
0.915666666667
SEC 4
0.909333333333
0.883933333333
0.999433333333
0.810433333333
0.825733333333
0.8204
1.06396666667
0.8306
0.8757
0.8598
0.888166666667
0.919833333333
0.888066666667
0.9882
0.7885
1.31733333333
SEC 5
0.839766666667
0.864533333333
0.799966666667
1.02643333333
0.8672
0.982966666667
0.790866666667
1.0303
0.801733333333
1.26806666667
0.882533333333
1.1478
0.871666666667
0.8355
0.841633333333
0.912
SEC 6
0.797866666667
0.772966666667
0.736133333333
0.791333333333
1.16613333333
0.7457
0.918366666667
0.785766666667
1.1535
0.777466666667
0.680266666667
0.6819
0.7
1.19633333333
1.00693333333
0.773833333333
SEC 7
0.778233333333
0.785533333333
0.725366666667
0.748033333333
0.8106
0.848733333333
0.8491
0.819733333333
1.06293333333
0.9956
0.773866666667
1.15376666667
0.794833333333
0.754833333333
0.848233333333
0.8628
SEC 8
1.21093333333
0.708566666667
0.8135
0.792033333333
0.8188
1.08903333333
0.7601
0.788066666667
0.7897
0.690433333333
0.8141
0.8098
0.8697
0.9409
0.7344
0.773733333333
SEC 9
0.820666666667
0.867766666667
0.8884
0.745566666667
0.6835
0.797033333333
0.716766666667
0.811733333333
1.08363333333
0.884233333333
0.814333333333
0.881733333333
0.882366666667
0.929433333333
0.7678
0.7024
SEC 10
0.791766666667
0.957
0.870066666667
0.985266666667
0.879366666667
0.802966666667
2.9445
0.9128
0.8149
0.781633333333
0.837566666667
0.7926
0.845233333333
1.03326666667
0.844666666667
0.7128
SEC 11
0.9215
1.02483333333
0.784833333333
0.754533333333
0.7929
1.18776666667
0.821766666667
0.7632
0.7615
1.03183333333
0.725933333333
0.774933333333
0.751066666667
0.741366666667
7.65293333333
0.794266666667
SEC 12
0.678266666667
0.708
0.962233333333
0.622566666667
0.798066666667
0.720333333333
0.957866666667
0.862766666667
0.777833333333
2.69883333333
1.00936666667
0.845466666667
0.751833333333
1.17006666667
0.704766666667
0.844633333333
SEC 13
0.730066666667
1.6669
0.755233333333
0.792033333333
0.7521
0.774533333333
0.711833333333
0.677166666667
0.7233
0.822866666667
0.805966666667
0.6334
0.6638
0.746266666667
0.7353
0.761166666667
SEC 14
1.1582
0.7504
0.780866666667
0.736366666667
1.3857
0.799866666667
0.850533333333
0.704733333333
0.794333333333
0.732933333333
1.1348
0.687433333333
0.769133333333
1.14146666667
0.801233333333
0.8018
SEC 15
0.7545
0.641133333333
0.683733333333
0.821066666667
0.802533333333
0.725133333333
0.882233333333
0.6606
0.727466666667
0.735333333333
0.7115
0.828533333333
0.8644
1.0397
0.751
0.781
SEC 16
0.9232
0.791
0.703633333333
0.7492
1.03636666667
0.911
0.933666666667
0.899433333333
1.39646666667
0.732266666667
0.825066666667
0.7377
0.7958
0.813
0.667466666667
0.747766666667
SEC 17
0.725533333333
0.655633333333
0.8139
0.7565
0.7976
1.58903333333
0.923466666667
0.721633333333
0.787466666667
0.757466666667
0.8946
0.730833333333
0.6295
0.740766666667
0.992866666667
0.7748
SEC 18
0.710466666667
0.625933333333
0.675633333333
0.642966666667
1.23883333333
0.6107
0.728966666667
0.586766666667
0.610266666667
0.606366666667
0.689666666667
0.6403
0.758666666667
0.614433333333
0.710566666667
0.591933333333
SEC 19
0.6849
0.652866666667
0.711433333333
0.6757
0.675766666667
0.6304
0.7158
0.769733333333
0.621233333333
0.637333333333
0.5909
0.657333333333
0.7443
0.7115
0.747866666667
0.6026
SEC 20
0.687433333333
0.634466666667
0.702933333333
0.809066666667
0.8521
0.758
0.666166666667
1.3955
0.772
1.07843333333
0.712166666667
0.805933333333
0.8038
0.763166666667
0.753866666667
0.641333333333
SEC 21
1.1032
0.777066666667
1.159
0.647866666667
0.8281
0.660466666667
0.744433333333
0.7998
0.759266666667
0.703066666667
0.793
0.7188
0.742733333333
0.7117
1.3159
0.7545
SEC 22
0.6487
0.9269
0.630666666667
0.72
0.6863
0.749133333333
0.8319
0.810066666667
0.657733333333
0.7051
0.677066666667
0.664966666667
1.2599
0.7693
0.7476
0.714666666667
SEC 23
0.709133333333
0.6116
0.6552
0.7292
0.719966666667
0.6971
1.24503333333
0.796566666667
0.703433333333
0.825866666667
0.672
0.7328
1.051
0.727066666667
0.6652
0.7137
SEC 24
0.909666666667
0.668833333333
0.791366666667
0.695266666667
0.602333333333
0.616033333333
0.609733333333
0.575566666667
0.5962
0.7561
0.7385
0.656766666667
0.628866666667
0.6676
0.7475
0.703866666667
SEC 25
0.625733333333
0.662366666667
0.6661
1.0874
0.678633333333
0.665433333333
0.757633333333
0.832566666667
0.787466666667
0.821533333333
0.657466666667
0.7042
0.8678
0.737366666667
0.646633333333
0.624333333333
SEC 26
0.769433333333
0.688
0.746733333333
0.664033333333
0.5933
0.610333333333
0.6445
0.5246
0.644166666667
0.712266666667
0.745266666667
0.601433333333
0.558133333333
0.694666666667
0.607866666667
0.565666666667
SEC 27
0.6249
0.735933333333
0.6769
0.645533333333
0.636966666667
1.08143333333
0.721733333333
0.7674
0.6902
0.808533333333
0.721633333333
0.6086
0.871966666667
0.644933333333
0.746266666667
0.7838
SEC 28
0.694333333333
0.634833333333
0.688033333333
0.8847
0.8708
0.751366666667
0.6482
0.722
0.818033333333
0.856233333333
0.848366666667
0.757
0.589333333333
0.6442
0.6408
0.922933333333
SEC 29
0.7319
1.10733333333
1.67436666667
0.619833333333
0.738666666667
0.987566666667
0.903266666667
1.03063333333
1.11916666667
0.888566666667
0.750733333333
1.49246666667
0.677433333333
0.829733333333
0.594433333333
1.3145
SEC 30
0.635566666667
0.5701
0.6356
0.716833333333
0.7085
0.662966666667
0.5965
0.732066666667
0.660666666667
0.7938
0.6569
0.597966666667
0.6738
0.619366666667
0.6804
0.708866666667
SEC 31
0.625966666667
0.7289
2.15063333333
0.715733333333
0.7263
0.6909
0.5637
0.6675
0.679366666667
0.615666666667
0.608466666667
0.6129
0.7901
0.865233333333
0.724733333333
0.675733333333
SEC 32
0.681033333333
1.43756666667
0.6972
0.697533333333
0.904133333333
0.672033333333
0.748333333333
0.713133333333
0.6904
0.692566666667
0.7142
1.17196666667
0.691266666667
0.691633333333
0.8728
0.631066666667
SEC 33
0.6467
0.766566666667
0.760266666667
0.691233333333
0.7188
0.707466666667
0.727066666667
0.662933333333
0.701366666667
0.682566666667
0.739166666667
0.607033333333
0.733166666667
0.790333333333
0.9109
0.6602
SEC 34
0.7984
0.6332
0.761633333333
0.641733333333
0.738233333333
0.935566666667
1.25206666667
0.6517
0.706133333333
0.6088
0.6752
0.729133333333
0.743966666667
0.652066666667
0.708133333333
0.704866666667
SEC 35
0.665533333333
0.827233333333
0.659366666667
0.638266666667
0.628233333333
0.6593
0.7024
0.639433333333
0.701966666667
0.506433333333
0.761433333333
0.575833333333
0.655066666667
0.718166666667
1.23446666667
0.7259
SEC 36
0.703333333333
0.6955
0.7157
0.6418
0.651066666667
0.6637
0.720633333333
0.592233333333
0.724933333333
0.605066666667
0.668566666667
1.13103333333
0.7866
0.739733333333
0.611266666667
0.649633333333
SEC 37
0.632333333333
0.818933333333
0.603566666667
0.7357
0.7551
0.746166666667
0.7059
0.647533333333
0.673233333333
0.624566666667
0.866666666667
0.743366666667
0.7245
0.879166666667
0.7855
0.677333333333
SEC 38
0.7875
0.795866666667
0.702266666667
0.630633333333
0.759733333333
1.02556666667
0.6986
0.9093
0.6472
0.730966666667
0.7015
0.7187
0.6568
0.7314
0.609966666667
0.828833333333
SEC 39
0.647066666667
0.981966666667
0.7077
0.559866666667
1.11686666667
0.6829
0.662033333333
1.02473333333
0.724633333333
0.6511
0.582166666667
0.7183
0.595666666667
0.670233333333
1.26926666667
0.693066666667
SEC 40
0.671566666667
0.6941
0.6703
0.545633333333
0.7294
0.9412
0.6944
0.735166666667
0.6317
0.6878
0.7426
0.579766666667
0.7203
0.8726
0.6758
0.781933333333
SEC 41
0.789866666667
0.704933333333
0.746466666667
0.738633333333
0.739733333333
0.945
0.7515
0.685366666667
0.708566666667
0.6545
0.7007
0.7428
0.699166666667
0.601566666667
0.853866666667
0.701666666667
SEC 42
0.653433333333
0.677566666667
0.647433333333
0.5855
0.8476
0.706833333333
0.539733333333
0.887966666667
0.630233333333
0.693133333333
0.866566666667
0.608533333333
0.701033333333
0.670766666667
0.738033333333
0.8353
SEC 43
1.27816666667
0.7565
0.658366666667
0.761833333333
0.6826
0.693766666667
0.773533333333
0.768433333333
0.819566666667
0.7372
0.7015
0.732533333333
0.6642
0.797433333333
0.6933
0.996933333333
SEC 44
0.5754
0.586633333333
0.657566666667
0.651733333333
0.869133333333
0.7102
0.7739
0.6798
0.892633333333
0.7336
0.651133333333
0.765966666667
0.910066666667
0.647033333333
0.772633333333
0.729133333333
SEC 45
1.224
0.6958
1.35706666667
0.597666666667
0.727766666667
0.798566666667
0.8471
0.816633333333
0.648066666667
0.745833333333
0.559533333333
0.853166666667
0.757066666667
0.884533333333
0.698633333333
0.623566666667
SEC 46
0.668466666667
0.634033333333
0.624166666667
0.899066666667
0.883
0.689
0.842733333333
0.6351
0.688866666667
0.6032
0.579333333333
0.587633333333
0.615
0.5835
0.624266666667
0.643933333333
SEC 47
0.6727
0.4973
0.648966666667
0.5406
0.640433333333
0.518866666667
0.680766666667
0.6162
0.711766666667
1.30543333333
0.5695
1.0701
0.6646
0.6496
0.670066666667
0.678666666667
SEC 48
0.839466666667
0.658333333333
0.821633333333
0.737166666667
0.765166666667
0.7441
0.833033333333
1.1106
0.662766666667
0.717933333333
0.746433333333
0.611566666667
1.97416666667
0.809066666667
0.591266666667
0.6928
SEC 49
1.04073333333
0.703333333333
1.10896666667
0.628466666667
0.8868
0.631966666667
0.706333333333
0.659733333333
1.03206666667
1.0645
0.6835
0.6412
0.7337
0.760533333333
0.675966666667
0.660733333333
SEC 50
0.7386
0.635766666667
0.671266666667
0.729533333333
0.740933333333
0.684666666667
0.766033333333
0.7774
0.669633333333
0.7283
0.638366666667
0.719733333333
0.611933333333
0.571366666667
0.699033333333
1.07693333333
SEC 51
0.8969
0.612533333333
0.8108
0.870866666667
0.7423
0.7182
0.633366666667
0.699833333333
0.752933333333
0.7406
0.657266666667
0.667966666667
0.881533333333
0.745833333333
0.645366666667
0.714833333333
SEC 52
0.689
0.672166666667
0.706466666667
0.734033333333
0.7536
0.656766666667
0.871066666667
0.874933333333
0.737766666667
0.701433333333
0.931266666667
0.651233333333
0.803466666667
0.766566666667
0.697333333333
0.624
SEC 53
0.663566666667
0.667566666667
0.698633333333
0.573966666667
0.7346
0.681133333333
0.682966666667
0.673733333333
0.726333333333
0.612333333333
0.715466666667
0.948066666667
0.725533333333
0.681266666667
0.699833333333
0.683966666667
SEC 54
0.7018
0.697233333333
0.755066666667
0.7084
0.7157
0.8697
0.6972
0.7021
0.599766666667
0.733
0.5647
0.652433333333
0.664
0.625366666667
0.862733333333
0.969166666667
SEC 55
0.646533333333
0.6014
0.6656
0.719666666667
0.637366666667
0.8076
0.621266666667
0.729566666667
0.676266666667
0.6472
0.715633333333
0.6389
0.6367
0.6908
0.708033333333
0.9549
SEC 56
1.19636666667
0.6451
1.0766
0.7286
0.735533333333
0.9428
0.998933333333
0.718866666667
1.0517
0.733066666667
0.984033333333
1.18203333333
0.918533333333
0.6939
0.690166666667
0.642066666667
SEC 57
0.700333333333
0.645666666667
0.746333333333
0.6955
0.678666666667
0.6754
0.7103
0.7756
0.7121
0.842433333333
0.848433333333
1.51003333333
1.78203333333
0.945866666667
0.7423
0.576766666667
SEC 58
0.546
0.603066666667
0.661733333333
0.622966666667
0.6329
0.593366666667
0.569
0.5215
0.653133333333
0.605733333333
0.659566666667
0.672933333333
0.621566666667
0.5418
1.3324
0.6018
SEC 59
0.627066666667
0.686333333333
0.679666666667
0.621933333333
0.7218
0.937533333333
0.576766666667
0.5528
0.665666666667
0.8354
0.678466666667
0.5748
0.6976
0.608033333333
0.8346
0.818233333333
SEC 60
0.7903
0.638133333333
0.685966666667
0.569666666667
0.710633333333
0.6338
0.861966666667
0.919066666667
0.836533333333
1.595
2.09376666667
0.562966666667
0.588866666667
0.621366666667
0.586
0.641133333333
SEC 61
0.572433333333
0.603366666667
0.6018
0.5834
0.685633333333
0.635766666667
0.6188
0.643666666667
0.6049
0.574033333333
0.552933333333
0.940633333333
0.610133333333
0.691033333333
0.598866666667
0.579566666667
SEC 62
0.5688
0.570966666667
1.011
0.6438
0.684966666667
0.571466666667
0.8042
0.686866666667
0.598
0.570666666667
0.712033333333
0.639066666667
0.7419
0.798466666667
0.629966666667
0.6185
SEC 63
0.520833333333
1.14713333333
0.621766666667
0.6169
0.8897
0.628866666667
1.33703333333
0.5802
0.7761
0.5282
0.634733333333
0.6043
0.681933333333
0.628333333333
0.6976
0.673166666667
SEC 64
0.640466666667
0.664766666667
0.624833333333
0.651266666667
0.642166666667
0.590133333333
0.600633333333
0.827733333333
0.6247
0.615566666667
0.748166666667
0.5684
0.589666666667
0.5979
0.6176
0.649566666667
SEC 65
0.760733333333
0.832866666667
0.724966666667
1.17263333333
0.661133333333
0.664366666667
0.6734
0.608466666667
0.6834
0.7485
0.901133333333
0.704
0.6127
0.6632
0.694633333333
0.713666666667
SEC 66
0.760433333333
0.773933333333
1.00506666667
0.887933333333
0.771433333333
0.623966666667
0.7357
0.709233333333
0.6276
0.6507
0.599466666667
0.816666666667
0.683133333333
0.638366666667
0.8069
0.717733333333
SEC 67
0.9303
0.684333333333
0.706866666667
0.7013
0.7775
0.7062
0.618733333333
0.960666666667
0.641433333333
0.676633333333
0.6563
0.7525
0.939366666667
0.9006
0.684666666667
0.692266666667
SEC 68
0.594633333333
0.6722
0.6261
0.6275
0.7663
0.8462
0.7273
0.6029
0.598666666667
0.578866666667
1.16533333333
0.833933333333
0.563033333333
0.570866666667
0.6537
0.603933333333
SEC 69
0.824666666667
0.6813
0.6626
0.6574
0.6103
0.493733333333
0.6269
0.6463
0.677533333333
0.6916
0.667766666667
0.6278
0.6042
0.6441
0.773
0.632666666667
SEC 70
0.709766666667
0.766133333333
0.8549
0.673466666667
0.705566666667
0.751566666667
0.771833333333
0.676933333333
0.8436
0.8893
0.735633333333
0.6271
1.72993333333
1.73883333333
0.730633333333
0.643466666667
SEC 71
0.7533
0.700866666667
0.764566666667
0.679466666667
0.621833333333
1.18706666667
1.01406666667
0.694433333333
0.755633333333
1.1982
0.674666666667
0.725833333333
0.641366666667
0.730366666667
0.678333333333
0.773233333333
SEC 72
0.702466666667
0.594166666667
1.7514
0.726833333333
0.6909
0.675633333333
0.695233333333
0.650933333333
0.671266666667
0.702833333333
0.7482
0.654366666667
0.723
0.685033333333
0.688466666667
0.7697
SEC 73
0.6958
0.684
0.8124
0.544666666667
0.712033333333
0.6303
0.623833333333
0.687833333333
0.7008
0.559766666667
0.6919
0.787033333333
0.683733333333
0.695033333333
0.697366666667
0.634633333333
SEC 74
0.687533333333
0.7102
0.731733333333
0.970866666667
0.6928
0.648233333333
0.702633333333
0.6098
0.771166666667
0.837566666667
0.696066666667
0.7403
0.806266666667
0.6503
0.730233333333
0.7312
SEC 75
0.687733333333
0.695366666667
0.7497
0.9101
0.6277
0.6978
0.7207
0.685433333333
0.745533333333
1.03426666667
0.682133333333
0.7935
0.6713
0.810533333333
1.13636666667
0.696633333333
SEC 76
0.563333333333
0.776733333333
0.6572
0.669633333333
0.649066666667
0.716
0.658566666667
0.812366666667
0.5607
0.6953
0.6318
0.7074
0.6048
0.679633333333
0.572
0.565466666667
SEC 77
0.745133333333
0.657766666667
0.938833333333
0.634366666667
0.6569
0.665566666667
0.684733333333
0.6446
0.739566666667
0.745733333333
0.569166666667
0.979833333333
1.95486666667
0.668666666667
0.843066666667
0.631133333333
SEC 78
0.6234
0.623566666667
0.649633333333
0.613566666667
0.683966666667
0.895433333333
0.7227
0.884266666667
0.564433333333
0.7003
0.654133333333
0.664266666667
0.728333333333
0.716466666667
0.704533333333
0.6699
SEC 79
0.8592
0.709833333333
0.715266666667
0.694366666667
0.5951
0.569733333333
0.600133333333
0.612566666667
0.691366666667
1.60593333333
0.789333333333
0.708866666667
0.6813
0.6192
1.02013333333
0.6523
SEC 80
0.675466666667
0.5909
0.665266666667
0.685366666667
0.7319
0.7245
0.709433333333
0.652033333333
0.766766666667
0.693033333333
0.924233333333
0.6106
0.634666666667
0.700633333333
1.17163333333
0.606433333333
