WT0
16.6666666667
49.3333333333
56.333333333
54.666666667
59.666666667
57.666666666
54.666666667
52.666666667
62.0
66.666666666
62.333333334
62.0
66.0
65.0
63.333333333
62.333333333
64.333333334
65.333333333
63.66666667
59.33333333
63.0
61.66666667
64.0
56.0
67.0
61.66666666
64.0
63.0
70.66666667
58.66666667
63.33333333
60.33333333
65.33333334
65.33333333
59.0
58.33333333
62.0
55.66666667
68.66666667
58.33333333
58.66666667
66.66666666
69.33333334
62.33333333
62.0
62.66666667
59.66666666
62.33333334
58.66666666
59.66666667
58.66666667
57.66666666
52.66666667
63.66666667
65.66666666
70.66666667
61.0
64.33333333
61.66666667
56.66666667
58.0
58.33333333
59.0
64.33333333
59.33333334
59.0
59.0
57.0
67.33333333
61.66666667
63.66666666
58.66666667
69.66666667
61.66666666
56.66666667
56.66666667
54.0
62.0
55.33333333
WT1
20.0
47.0
54.666666667
55.333333333
55.333333333
58.0
59.666666667
54.666666667
54.666666666
68.666666667
65.0
63.0
64.666666667
71.666666666
65.0
61.666666667
65.0
62.33333333
58.33333334
64.66666666
66.66666667
67.33333333
57.0
54.33333334
60.66666666
62.33333334
70.33333333
63.0
73.0
64.33333333
60.33333334
67.33333333
61.0
60.66666667
55.0
63.0
65.66666666
55.66666667
63.66666667
73.66666666
63.33333334
70.66666666
65.66666667
59.66666667
66.33333333
62.33333333
59.33333334
63.33333333
58.33333333
66.33333334
56.33333333
55.33333333
56.66666667
68.0
69.33333333
66.0
55.0
60.66666667
64.66666667
61.66666666
56.33333334
60.33333333
60.0
65.0
59.0
57.33333333
62.66666667
53.0
65.0
61.66666667
67.0
65.0
66.33333333
61.0
64.0
53.33333333
61.33333334
64.33333333
57.33333333
WT2
16.3333333333
46.0
55.6666666667
57.666666667
52.0
59.0
60.333333333
54.0
66.333333333
68.0
62.666666667
63.666666667
62.0
69.0
62.0
57.666666666
63.666666667
65.0
60.66666667
61.66666666
64.33333334
66.33333333
54.33333333
58.33333334
59.66666666
69.33333334
69.0
59.33333333
60.66666667
62.33333333
55.33333333
64.0
65.33333334
61.66666666
54.33333334
62.66666666
62.66666667
57.0
58.33333333
64.66666667
68.33333333
70.33333334
68.33333333
67.66666667
59.33333333
58.0
61.66666667
58.0
60.0
59.33333333
61.0
62.33333333
53.66666667
63.33333333
69.0
66.33333334
61.33333333
65.33333333
64.33333334
62.33333333
58.66666667
64.33333333
59.66666667
61.33333333
54.66666667
61.0
66.33333333
53.33333333
56.0
65.33333334
64.66666666
60.0
62.0
57.33333334
59.66666666
56.66666667
57.66666667
65.33333333
58.33333333
WT3
21.3333333333
43.6666666667
53.0
52.666666667
60.0
51.0
55.333333333
57.666666667
63.0
67.666666666
62.666666667
65.666666667
70.666666666
63.0
65.333333334
67.0
56.333333333
64.33333333
58.33333334
63.33333333
62.33333333
66.33333334
58.66666666
56.0
69.0
61.0
66.0
62.33333334
61.66666666
66.33333334
55.0
75.0
68.66666666
60.0
58.0
57.66666667
58.0
58.33333333
55.0
67.0
62.33333334
64.66666666
56.0
58.66666667
63.33333333
55.0
64.66666667
60.0
65.66666667
67.33333333
57.0
58.0
56.0
61.33333333
70.33333334
67.66666666
60.66666667
68.0
57.0
63.33333333
57.33333334
61.33333333
62.33333333
63.0
61.66666667
63.66666667
66.0
57.0
60.0
63.0
67.66666666
63.66666667
59.0
57.33333333
58.66666667
56.33333333
55.0
60.66666667
63.0
WT4
15.0
44.6666666667
50.0000000003
42.0
51.0
68.0
58.666666666
48.0
73.666666667
55.0
57.666666667
77.333333333
72.0
57.0
69.0
46.333333333
74.333333334
71.333333333
51.0
61.66666667
70.0
67.33333333
48.0
69.66666667
53.0
65.33333333
60.66666667
75.66666666
70.66666667
58.66666667
53.0
54.0
88.0
58.0
29.0
86.33333333
56.33333333
48.33333334
75.66666666
87.0
23.33333334
86.0
72.33333333
44.0
84.33333333
60.66666667
60.33333333
59.66666667
70.0
44.33333333
66.66666667
47.66666667
56.33333333
58.33333333
75.33333334
59.66666666
64.33333334
64.0
59.33333333
75.0
70.33333333
51.66666667
63.0
61.0
56.33333333
74.66666667
59.0
57.33333333
39.33333334
61.33333333
82.33333333
62.66666667
51.0
61.66666667
65.0
54.0
58.66666666
61.0
30.33333334
WT5
18.0
39.0
40.3333333333
60.6666666667
53.666666667
46.333333333
56.666666667
67.0
46.333333333
86.0
74.0
45.666666667
65.0
70.0
54.0
70.666666666
52.666666667
58.66666667
79.0
73.0
54.0
67.0
65.0
45.66666666
69.33333334
70.0
68.33333333
51.33333333
61.66666667
68.0
64.66666667
69.0
44.33333333
59.33333333
79.66666667
36.66666667
75.66666666
64.66666667
51.66666667
51.0
110.66666666
52.66666667
55.66666667
80.33333333
47.33333333
63.0
55.0
75.0
52.33333334
69.33333333
48.0
61.33333333
48.0
66.33333334
66.0
74.33333333
59.33333333
62.0
80.33333334
54.0
55.33333333
78.33333333
54.0
63.33333334
63.33333333
44.33333333
60.0
53.66666667
75.33333333
65.33333334
48.66666666
61.33333334
84.0
64.0
59.0
58.0
58.0
60.33333333
88.66666667
WT6
18.0
41.3333333333
52.6666666667
59.0
51.666666667
57.333333333
57.666666667
54.0
59.0
64.0
66.333333333
64.666666667
63.0
73.0
58.666666666
67.0
61.0
65.666666667
57.33333333
63.33333334
61.0
65.66666666
59.33333334
58.0
63.0
68.33333333
73.33333333
65.33333334
62.33333333
62.66666667
67.66666666
67.66666667
68.0
57.66666667
59.66666666
61.0
61.33333334
61.0
64.33333333
65.66666667
60.66666666
68.0
65.0
59.66666667
60.0
65.0
64.33333333
65.0
58.0
56.0
64.66666667
57.33333333
59.0
58.0
61.66666667
65.0
58.66666667
62.66666666
64.66666667
64.33333333
53.0
69.0
65.33333334
57.33333333
59.66666667
67.66666666
60.66666667
61.0
62.0
62.0
67.0
59.33333333
70.66666667
53.66666667
59.33333333
61.33333333
59.0
62.66666667
65.0
WT7
20.0
42.0
55.333333333
55.666666667
57.666666667
62.333333333
60.0
51.0
66.333333333
61.0
57.666666667
62.333333333
67.333333334
63.0
61.666666666
57.333333334
58.333333333
60.33333333
56.0
62.66666667
66.0
58.66666667
56.66666666
58.66666667
63.66666667
65.33333333
66.33333333
58.33333334
70.33333333
64.0
55.66666667
63.66666666
69.0
61.66666667
53.66666667
64.33333333
69.66666667
57.66666666
64.33333334
71.66666666
59.33333334
60.33333333
61.33333333
64.33333334
69.66666666
55.0
63.33333334
63.33333333
57.0
58.66666667
65.33333333
56.0
60.0
65.33333333
68.33333334
69.33333333
64.33333333
69.66666667
64.0
57.0
60.0
61.0
64.0
62.0
65.0
60.33333333
59.0
53.66666667
63.66666667
63.0
63.33333333
61.0
70.0
58.66666667
59.33333333
56.66666667
56.0
64.0
59.66666666
WT8
15.3333333333
45.0
47.3333333337
54.666666666
53.333333334
55.0
64.0
55.0
61.666666666
61.0
59.0
64.333333334
70.666666666
64.333333334
62.0
67.666666666
43.333333334
84.333333333
55.0
81.0
51.0
66.33333333
57.66666667
70.0
49.66666667
78.66666666
37.33333334
87.0
49.0
49.66666666
90.66666667
48.66666667
83.0
65.66666666
35.0
93.66666667
26.0
57.66666667
70.0
84.33333333
23.66666667
64.66666666
85.33333334
43.66666666
81.66666667
29.33333333
97.33333334
66.0
41.0
81.33333333
31.66666667
89.33333333
66.66666667
34.33333333
56.66666667
62.66666666
71.33333334
64.0
97.0
70.33333333
22.66666667
107.66666666
13.33333334
65.66666666
96.33333334
16.66666666
53.66666667
101.33333333
71.66666667
59.0
20.33333333
93.33333334
27.33333333
59.66666667
96.33333333
69.33333333
60.0
14.66666667
53.33333333
WT9
16.0
46.0
53.666666667
48.666666666
55.0
64.333333334
50.666666666
53.0
64.0
72.666666667
60.666666667
58.333333333
63.333333333
69.333333334
68.666666666
48.0
92.333333334
52.666666663
65.66666667
40.33333333
72.66666667
62.33333333
63.0
43.66666667
81.33333333
49.33333334
93.0
34.66666666
84.33333334
81.66666666
22.33333334
83.0
48.66666666
55.66666667
74.0
24.66666667
99.66666666
52.66666667
56.0
47.66666667
110.33333333
63.33333333
40.66666667
86.66666667
41.0
86.0
24.0
66.33333333
74.33333333
38.66666667
86.0
32.0
50.33333333
94.33333334
84.0
68.0
52.0
60.0
41.66666666
58.0
96.66666667
17.33333333
113.0
59.0
22.33333334
101.0
64.33333333
10.0
47.66666667
59.33333333
107.66666667
34.33333333
110.66666667
58.66666666
21.66666667
42.0
67.33333333
106.66666667
64.33333333
WT10
19.3333333333
54.0
46.6666666667
55.666666667
51.0
55.0
56.666666666
58.333333334
57.0
60.333333333
59.666666667
72.666666666
62.333333334
68.333333333
56.0
59.333333333
55.666666667
65.33333333
62.33333334
64.66666666
64.0
63.33333334
59.66666666
59.33333334
63.0
67.0
68.33333333
60.66666667
66.33333333
63.0
67.66666667
69.66666666
61.66666667
63.66666667
61.66666666
55.0
69.66666667
56.66666667
59.66666666
68.0
64.66666667
67.0
63.0
64.66666667
66.33333333
59.66666667
68.0
62.66666666
62.33333334
58.33333333
66.66666667
55.33333333
56.66666667
64.33333333
62.66666667
63.33333333
54.66666667
64.33333333
60.33333333
58.0
55.33333334
63.0
64.0
62.33333333
64.33333333
58.0
59.33333334
53.0
64.0
64.33333333
62.33333333
61.33333334
66.0
59.66666666
63.66666667
52.66666667
59.33333333
68.0
61.33333333
WT11
21.6666666667
49.3333333333
53.666666667
52.333333333
55.0
57.666666667
65.333333333
50.333333333
80.0
68.0
56.0
54.666666667
74.333333333
78.666666667
44.0
79.333333333
62.666666667
51.66666667
57.0
76.33333333
48.0
102.0
49.0
55.0
65.33333333
52.33333334
68.33333333
79.66666667
51.0
66.66666666
60.0
72.66666667
52.66666667
76.66666666
57.33333334
55.33333333
61.66666667
39.33333333
64.33333333
57.66666667
65.33333333
55.66666667
74.0
67.0
67.66666667
42.33333333
73.0
65.33333333
57.0
76.66666667
45.33333333
68.66666667
60.33333333
58.0
47.0
65.66666667
86.0
41.33333333
82.0
43.0
87.66666667
61.66666667
32.33333333
76.66666667
80.66666666
26.66666667
52.33333333
93.33333334
33.66666666
54.0
98.33333334
62.66666666
34.66666667
61.66666667
89.66666666
21.66666667
89.0
58.66666667
55.0
WT12
18.3333333333
45.0
57.9999999997
49.333333334
61.666666666
64.333333334
59.0
56.0
49.666666666
71.333333334
70.0
90.666666666
58.666666667
53.666666667
81.333333333
41.333333333
59.666666667
84.0
68.0
49.33333333
77.66666667
31.33333333
63.33333334
66.33333333
65.0
78.66666667
57.0
44.66666666
81.33333334
64.33333333
67.33333333
53.66666667
74.66666667
52.66666666
56.33333334
60.0
63.66666666
59.0
54.0
66.0
57.66666667
71.0
56.33333333
67.33333334
58.66666666
69.33333334
51.0
66.33333333
80.0
47.33333333
72.66666667
45.33333333
58.0
59.0
80.33333334
69.0
41.66666666
85.33333334
49.0
78.33333333
26.66666667
63.0
90.66666666
50.0
41.66666667
92.66666667
68.66666666
11.66666667
93.66666667
74.0
37.66666666
64.33333334
90.66666666
61.66666667
29.66666667
84.33333333
30.0
59.33333333
59.33333334
WT13
15.6666666667
40.6666666666
46.9999999997
54.333333334
51.0
69.333333333
57.666666667
43.666666666
61.0
68.0
54.0
65.333333334
67.0
66.0
59.333333333
53.333333333
68.0
65.999999997
50.0
71.33333334
58.66666666
57.33333334
54.33333333
54.33333333
74.0
54.33333334
76.33333333
46.66666667
81.0
48.66666666
60.33333334
106.33333333
61.66666667
66.0
52.66666666
62.0
58.0
42.33333334
61.66666666
78.0
50.33333334
51.0
82.66666666
37.66666667
117.0
74.0
30.33333333
83.66666667
8.66666667
81.0
66.33333333
86.33333333
17.33333334
54.66666666
76.33333334
52.66666666
55.0
99.66666667
61.0
84.0
2.66666667
53.33333333
80.66666667
75.0
35.33333333
92.66666667
47.33333333
25.66666667
98.66666666
41.66666667
63.66666667
71.66666666
87.33333334
71.0
15.0
49.66666666
73.66666667
42.0
113.66666667
WT14
20.0
41.0
55.333333333
46.666666667
59.666666667
46.666666666
50.666666667
52.333333333
60.0
61.333333334
77.666666666
53.0
64.666666667
63.333333333
69.666666667
56.333333333
60.666666667
61.66666667
65.0
50.0
56.0
79.33333333
63.0
58.0
57.33333333
77.0
52.33333334
79.66666666
54.0
77.33333334
67.33333333
20.66666667
58.66666666
63.33333334
67.66666666
56.66666667
69.0
63.33333333
64.0
52.33333334
80.66666666
86.66666667
56.66666667
92.33333333
8.66666667
49.33333333
84.33333333
45.66666667
110.0
33.0
51.66666667
27.66666666
100.0
62.66666667
62.33333333
76.0
71.0
32.33333334
61.0
43.66666666
110.0
73.66666667
38.0
51.33333333
82.66666667
23.33333333
69.33333334
86.33333333
28.0
90.0
71.33333333
57.33333334
34.33333333
53.33333333
102.33333334
62.33333333
43.33333333
77.33333334
5.0
WT15
17.0
48.0
57.333333333
50.0
57.0
55.0
55.666666667
58.333333333
62.666666667
62.0
62.666666667
64.333333333
65.333333333
69.0
63.0
63.666666667
60.0
67.66666667
65.0
63.66666666
62.66666667
70.33333333
63.33333334
55.66666666
60.33333334
61.0
67.0
65.33333333
63.33333333
62.0
61.33333334
61.0
66.0
58.33333333
57.0
61.33333333
60.0
53.66666667
59.0
63.66666667
67.0
60.0
64.33333333
67.0
57.66666667
64.0
62.66666666
65.33333334
60.66666666
57.33333334
60.66666666
53.66666667
61.0
63.33333333
66.66666667
64.33333333
61.0
60.0
63.66666667
64.0
61.0
68.0
61.66666667
58.0
58.33333333
63.0
60.66666667
54.0
57.33333333
64.66666667
59.33333333
66.0
65.0
64.66666667
63.0
59.0
59.66666666
61.33333334
57.0
WT16
16.6666666667
37.3333333333
50.333333333
50.333333334
51.666666666
59.666666667
52.333333333
50.333333334
62.0
57.0
64.333333333
73.333333333
61.0
69.0
61.666666667
63.0
65.666666667
57.333333333
65.33333333
60.0
63.33333334
64.33333333
64.0
59.33333333
65.33333334
64.33333333
71.66666667
63.0
64.33333333
62.33333333
60.66666667
65.33333333
70.0
57.0
61.66666667
58.33333333
65.33333334
56.66666666
54.0
67.66666667
68.66666667
64.33333333
62.33333333
64.33333334
60.66666666
55.0
63.33333334
64.66666666
59.33333334
67.0
60.0
60.33333333
47.0
63.33333333
68.66666667
64.66666667
57.0
64.33333333
61.33333333
64.33333334
56.33333333
63.0
62.66666667
61.33333333
62.66666667
57.33333333
57.0
59.0
59.33333333
66.0
61.33333334
67.66666666
64.33333334
56.66666666
61.0
50.33333334
59.0
60.0
57.0
WT17
16.3333333333
38.6666666667
46.333333333
58.666666667
51.666666667
58.666666666
58.666666667
52.0
58.0
66.333333333
67.0
52.666666667
64.0
68.0
60.666666667
60.0
59.333333333
70.0
56.66666667
68.66666666
65.66666667
67.0
66.33333333
56.0
58.66666667
61.66666667
63.66666666
67.33333334
65.66666666
61.0
58.33333334
67.33333333
69.66666667
62.0
60.33333333
57.66666667
58.0
59.33333333
62.33333333
61.33333334
61.0
68.33333333
64.0
62.66666667
62.33333333
58.66666667
58.66666666
69.0
57.0
57.0
62.0
57.66666667
56.66666667
57.0
76.0
70.0
66.66666666
68.66666667
64.33333333
59.66666667
60.33333333
60.0
59.33333334
58.33333333
60.33333333
60.33333334
69.0
54.33333333
60.0
65.66666667
65.33333333
58.33333333
68.33333334
59.33333333
59.0
58.33333333
58.33333334
65.0
53.0
WT18
17.3333333333
44.6666666667
52.333333333
54.333333334
56.333333333
58.0
58.333333333
57.666666667
59.666666667
64.0
60.666666666
61.0
68.333333334
67.666666666
66.666666667
64.666666667
57.666666666
62.999999997
66.66666667
66.33333333
61.33333334
65.66666666
58.33333334
55.66666666
63.66666667
61.66666667
61.66666666
66.0
66.33333334
63.66666666
67.33333334
65.0
60.66666666
61.66666667
57.33333333
61.0
58.33333334
58.0
65.33333333
65.66666667
61.0
70.33333333
71.0
67.66666667
62.0
63.0
57.33333333
62.0
57.0
58.66666667
62.66666666
55.0
63.0
56.66666667
69.33333333
68.0
62.33333334
64.0
70.33333333
62.66666667
71.66666666
60.0
58.33333334
67.33333333
60.66666667
54.0
60.0
50.66666666
62.66666667
62.33333333
64.33333334
59.66666666
66.33333334
61.66666666
62.0
58.66666667
55.66666667
60.33333333
57.33333333
WT19
17.6666666667
36.6666666666
53.9999999997
51.666666667
44.0
73.333333333
50.0
54.0
75.666666667
54.333333333
62.0
81.666666667
66.0
42.666666667
67.0
79.666666666
25.0
88.666666667
43.66666667
98.33333333
45.33333333
62.0
62.33333334
27.0
87.0
34.66666666
132.33333334
59.0
7.0
86.33333333
37.0
85.66666667
79.33333333
85.66666667
58.33333333
17.66666667
50.0
89.0
28.66666666
67.0
80.0
95.33333334
28.66666666
86.66666667
36.0
86.0
77.0
15.66666667
81.33333333
36.0
57.0
63.33333333
100.0
54.0
31.0
84.0
36.33333334
88.0
85.0
60.0
36.33333333
57.0
85.66666667
47.33333333
48.33333333
58.0
44.33333334
95.0
40.66666666
54.66666667
91.33333333
36.33333334
63.66666666
60.33333334
68.66666666
69.33333334
89.0
29.33333333
84.66666667
WT20
18.6666666667
52.6666666666
46.9999999997
50.0
58.0
35.333333334
68.333333333
50.333333333
47.0
85.666666667
65.666666667
44.0
61.333333333
87.0
61.333333333
41.333333334
101.0
42.333333333
85.33333333
24.33333334
78.0
75.66666666
52.66666667
80.33333333
43.33333334
90.0
6.66666666
65.33333334
118.33333333
38.33333333
90.0
41.66666667
51.66666667
39.66666666
57.0
99.66666667
79.33333333
23.0
91.66666667
66.33333333
44.66666667
36.0
97.33333333
47.0
99.0
32.0
39.66666667
110.33333333
32.0
79.66666667
61.0
55.66666667
22.33333333
66.33333333
100.33333334
50.0
74.33333333
39.0
44.0
65.0
75.0
64.66666667
32.0
79.66666666
71.0
65.66666667
80.0
14.66666667
77.66666666
71.66666667
44.0
89.66666667
61.66666666
58.66666667
52.33333333
44.66666667
34.0
96.33333333
36.0
WT21
16.3333333333
43.3333333334
49.6666666663
57.666666667
48.666666667
69.0
59.0
48.0
80.666666666
50.666666667
72.0
46.666666667
84.0
65.333333333
58.666666667
51.0
65.333333333
52.33333333
78.66666667
52.66666667
70.33333333
62.0
64.0
53.33333333
65.66666667
50.0
67.0
65.66666667
73.0
61.66666666
60.0
71.33333334
56.33333333
61.33333333
56.0
65.0
53.0
46.33333334
77.0
80.0
62.0
48.66666666
77.66666667
51.33333333
71.0
59.66666667
65.66666667
60.33333333
49.0
54.66666667
78.0
33.0
68.66666666
63.33333334
67.0
52.0
66.33333333
70.66666667
45.66666666
58.33333334
67.0
48.33333333
110.66666667
64.66666666
51.0
47.66666667
49.0
100.66666667
54.66666666
22.66666667
76.66666667
79.33333333
50.66666667
48.66666666
40.0
78.66666667
55.33333333
72.66666667
55.0
WT22
18.3333333333
39.3333333334
63.0000000003
45.0
53.666666666
50.333333334
64.666666666
67.333333334
44.333333333
70.0
57.333333333
80.0
51.333333334
64.0
61.666666666
68.333333334
69.333333333
64.0
56.0
73.0
51.66666667
62.66666666
56.33333334
58.0
63.0
74.66666666
67.0
56.66666667
63.33333333
66.33333334
62.0
63.33333333
67.66666667
52.0
59.0
51.0
71.66666666
66.0
54.33333334
56.0
69.0
87.66666666
54.33333334
68.0
55.33333333
63.33333333
55.66666667
70.0
63.0
57.66666667
34.66666666
80.66666667
43.33333333
55.66666667
61.33333333
88.66666667
60.0
50.33333333
84.33333334
63.66666666
49.66666667
71.66666667
13.66666666
66.0
77.33333334
68.33333333
81.0
11.66666667
57.66666666
107.66666667
55.33333333
46.33333334
81.66666666
67.33333334
75.0
34.0
56.33333333
40.66666667
58.33333333
WT23
14.6666666667
48.6666666666
46.9999999997
57.0
52.333333334
58.333333333
56.0
50.666666667
63.666666666
62.333333334
67.666666666
67.666666667
69.0
61.333333333
62.0
65.333333334
63.666666666
60.666666667
59.33333333
60.33333334
62.66666666
62.33333334
56.66666666
56.0
60.33333334
62.0
71.66666666
59.66666667
65.33333333
63.33333334
62.0
67.0
63.66666666
63.33333334
55.0
59.66666666
59.33333334
56.33333333
66.66666667
63.66666666
64.33333334
60.66666666
65.33333334
73.66666666
58.66666667
64.0
60.0
65.66666667
52.33333333
60.66666667
59.33333333
54.33333333
57.33333334
59.66666666
69.0
71.33333334
63.33333333
63.0
64.0
57.0
60.66666667
66.33333333
63.0
59.66666667
61.66666666
62.33333334
63.33333333
56.33333333
58.33333334
63.0
62.0
69.66666666
68.66666667
61.66666667
60.33333333
58.66666667
59.0
63.0
59.33333333
WT24
16.0
44.6666666667
51.0000000003
60.0
58.333333333
59.666666667
53.0
59.666666666
62.666666667
60.666666667
67.333333333
59.666666667
67.0
60.333333333
58.333333333
52.666666667
59.333333333
63.999999997
60.33333334
61.33333333
62.0
68.66666667
61.0
56.33333333
65.0
66.0
66.33333333
62.33333334
65.33333333
66.33333333
61.0
65.33333334
63.0
65.33333333
60.66666667
56.66666666
63.0
57.0
62.66666667
66.0
65.33333333
62.0
68.66666667
62.33333333
59.66666667
59.0
65.33333333
58.33333334
52.66666666
59.66666667
55.66666667
59.0
61.0
56.0
67.33333333
60.0
55.66666667
65.0
67.66666666
60.0
61.33333334
58.0
57.33333333
63.33333333
60.0
56.0
61.33333334
50.33333333
54.0
61.66666667
59.33333333
66.66666667
67.33333333
62.33333333
61.66666667
56.0
54.33333333
67.0
62.33333334
WT25
18.6666666667
39.0
54.3333333333
50.333333333
53.0
55.0
55.666666667
48.666666667
63.0
65.333333333
61.0
72.0
65.0
71.333333333
70.0
68.333333334
62.666666666
61.333333337
58.33333333
62.66666667
63.0
63.66666666
60.33333334
54.66666666
71.0
61.66666667
63.66666667
66.33333333
65.33333333
60.33333334
60.66666666
67.66666667
67.0
63.0
59.33333333
52.66666667
65.0
58.66666667
59.66666666
63.66666667
68.66666667
65.66666666
60.0
67.33333334
65.33333333
65.0
64.66666667
63.0
59.66666666
61.66666667
62.66666667
61.33333333
51.33333333
56.66666667
67.33333333
65.0
60.0
65.0
60.66666667
64.0
61.33333333
61.66666667
64.33333333
62.0
57.0
56.0
62.33333334
55.0
59.66666666
66.33333334
57.33333333
64.33333333
64.0
64.33333334
53.66666666
61.66666667
62.33333333
59.0
57.33333334
WT26
20.0
37.6666666667
48.6666666663
56.666666667
53.0
58.0
56.333333333
58.0
60.333333334
67.333333333
65.333333333
62.333333334
66.333333333
61.0
61.0
54.333333333
57.333333334
65.000000003
61.33333333
63.33333333
63.0
63.0
58.66666667
59.0
71.66666667
60.33333333
64.0
65.33333333
62.0
63.0
58.0
72.33333334
62.33333333
61.33333333
58.33333334
55.0
70.0
56.33333333
62.66666667
64.66666666
67.0
67.0
64.0
66.33333334
62.66666666
54.66666667
62.0
66.0
54.66666667
57.66666666
58.66666667
60.0
56.66666667
60.66666666
67.66666667
63.33333333
61.0
62.66666667
65.33333333
63.66666667
56.66666667
67.33333333
58.0
64.0
64.66666667
58.33333333
59.66666667
66.33333333
56.33333333
63.33333334
60.66666666
67.33333334
70.33333333
54.66666667
61.0
53.66666666
58.66666667
61.33333333
57.0
WT27
17.3333333333
43.6666666667
56.0
52.666666667
52.666666666
65.0
59.666666667
56.0
62.666666667
70.333333333
68.333333333
59.333333334
75.0
71.0
65.666666666
58.333333334
59.0
66.000000003
66.66666666
61.33333334
62.0
67.0
54.0
55.33333333
61.66666667
60.0
66.0
65.33333333
62.66666667
63.0
61.66666666
62.33333334
68.33333333
65.0
54.66666667
60.33333333
62.33333333
63.66666667
58.66666667
68.0
70.0
67.0
62.0
63.0
67.33333333
55.66666667
58.0
61.0
57.0
59.66666666
65.0
59.33333334
52.0
58.66666666
69.66666667
74.66666667
62.0
63.33333333
63.0
62.33333333
59.66666667
63.0
60.66666667
59.33333333
62.66666667
64.0
57.0
53.66666666
61.0
69.33333334
63.33333333
65.66666667
66.33333333
60.66666667
63.33333333
53.0
55.33333333
58.66666667
56.33333333
WT28
17.3333333333
39.0
56.9999999997
55.0
64.333333334
43.0
78.333333333
42.333333333
45.666666667
63.333333333
94.0
53.333333334
73.0
50.0
83.0
60.333333333
50.0
43.66666667
78.33333333
74.66666667
60.0
54.66666666
64.33333334
55.0
60.0
82.0
51.66666666
69.66666667
72.0
50.66666667
57.66666666
71.33333334
63.66666666
46.33333334
55.0
78.33333333
50.66666667
48.66666666
62.33333334
82.33333333
57.33333333
69.66666667
59.33333333
70.66666667
50.33333333
39.0
77.0
66.0
74.33333334
32.66666666
64.66666667
58.0
57.33333333
72.33333334
52.0
85.33333333
59.33333333
52.33333334
57.0
80.66666666
41.66666667
68.0
61.66666667
58.0
66.33333333
65.66666667
56.66666666
64.0
57.66666667
77.0
53.0
63.33333333
72.33333334
41.66666666
69.33333334
55.66666666
58.0
69.66666667
54.33333333
WT29
18.6666666667
55.3333333333
45.333333333
55.333333334
53.0
65.333333333
37.666666667
66.333333333
76.333333333
59.666666667
37.333333333
75.666666667
56.333333333
79.333333334
40.0
65.0
78.666666666
76.999999997
48.0
57.33333334
61.0
80.0
59.0
58.66666666
69.0
52.33333334
83.66666666
49.0
60.66666667
68.66666667
52.0
64.33333333
64.66666667
71.66666666
58.66666667
41.0
75.66666667
57.33333333
62.0
54.33333333
71.0
51.66666667
63.0
55.66666667
64.0
82.33333333
44.0
68.33333333
42.33333334
87.66666666
53.33333334
60.33333333
54.33333333
54.0
87.0
45.0
64.66666667
70.66666667
68.0
49.33333333
78.66666667
60.33333333
59.66666667
73.66666666
58.0
56.33333334
63.0
49.0
56.0
50.0
67.33333333
68.66666667
59.0
67.66666666
49.33333334
62.66666666
60.33333334
52.0
71.0
WT30
16.3333333333
51.0
54.3333333337
48.0
69.666666666
56.333333334
49.0
57.0
65.0
65.0
66.333333333
66.333333333
66.333333334
61.0
77.666666666
59.666666667
52.666666667
63.333333333
72.0
67.66666667
60.0
31.66666666
81.66666667
44.0
73.33333333
47.0
61.66666667
96.33333333
48.33333334
79.33333333
44.33333333
60.0
91.66666667
35.33333333
60.66666667
53.0
66.0
50.33333333
58.66666667
65.0
86.66666667
47.66666666
67.33333334
66.0
67.66666666
40.66666667
78.66666667
38.66666666
69.0
61.0
77.0
46.66666667
83.0
26.33333333
64.33333334
76.66666666
44.0
113.33333334
17.0
91.66666666
66.33333334
40.0
45.66666666
94.66666667
57.0
61.0
53.0
68.0
81.66666667
51.33333333
65.66666667
21.33333333
81.66666667
43.33333333
88.66666667
42.0
108.33333333
36.0
62.0
WT31
19.3333333333
50.3333333334
46.0000000003
65.666666666
44.0
54.0
68.0
52.666666667
62.0
65.0
64.0
63.666666667
71.333333333
79.0
44.333333333
62.0
72.0
60.666666667
51.0
59.0
60.0
88.66666667
26.33333333
69.33333333
58.66666667
82.66666667
73.33333333
36.66666667
89.66666666
51.0
80.66666667
66.66666667
39.33333333
86.66666667
52.33333333
58.66666667
68.66666666
57.33333334
67.66666666
59.0
33.33333334
86.0
61.33333333
59.33333333
51.33333334
76.33333333
40.66666667
89.0
56.66666666
62.0
38.0
69.66666667
23.66666667
88.33333333
73.33333333
62.33333334
84.33333333
14.66666667
114.0
31.0
60.33333333
83.0
74.0
39.0
65.66666667
57.66666666
66.66666667
38.66666667
42.33333333
75.0
64.66666667
111.66666666
52.33333334
75.0
29.66666666
71.0
7.0
85.33333334
57.0
WT32
18.3333333333
48.6666666667
50.0
54.333333333
60.0
59.333333334
54.0
56.0
57.666666666
64.0
68.0
66.666666667
73.0
65.0
55.0
60.333333333
62.0
59.999999997
59.33333334
64.0
61.33333333
63.33333333
57.66666667
60.33333333
65.0
62.0
69.33333334
57.33333333
65.33333333
60.66666667
57.33333333
68.66666667
65.33333333
63.66666667
56.33333333
57.0
60.0
53.0
60.33333334
67.33333333
64.66666667
69.33333333
62.66666667
63.66666666
62.33333334
54.0
60.66666666
62.33333334
62.33333333
60.0
58.66666667
62.33333333
54.0
59.66666667
60.33333333
63.33333333
63.0
61.0
71.33333334
59.0
56.66666666
64.0
59.66666667
66.33333333
56.66666667
55.0
63.33333333
53.66666667
64.0
66.66666667
67.0
70.0
66.0
65.66666666
59.66666667
53.0
55.66666667
63.33333333
57.0
WT33
20.0
46.3333333333
51.9999999997
53.666666667
53.666666667
54.0
55.333333333
53.666666667
61.0
66.666666666
63.0
61.0
67.666666667
64.333333333
65.0
56.666666667
59.666666667
68.666666663
61.0
67.0
66.33333334
61.0
61.0
53.66666666
70.0
64.66666667
70.33333333
63.33333334
68.33333333
63.33333333
66.66666667
67.33333333
67.0
58.33333334
54.0
61.66666666
60.0
56.0
64.33333334
68.0
63.33333333
66.33333333
65.0
67.0
60.66666667
60.0
64.33333333
65.33333334
57.0
62.66666666
59.66666667
58.0
57.66666667
55.0
71.0
67.0
55.33333333
66.0
66.66666667
60.0
66.33333333
60.0
57.0
62.0
58.33333333
64.0
60.33333334
59.0
58.0
61.0
67.66666666
62.66666667
62.0
59.66666667
64.66666666
55.0
56.33333334
61.0
64.33333333
WT34
16.0
46.6666666667
53.0000000003
52.0
54.333333333
59.666666667
55.333333333
48.666666667
60.333333333
67.0
56.666666667
69.0
61.333333333
64.0
62.666666667
63.0
56.0
70.000000003
60.66666666
58.66666667
67.33333333
66.66666667
59.0
56.66666667
60.66666666
67.66666667
68.0
68.0
60.0
67.66666667
63.66666666
62.0
65.66666667
61.66666667
60.0
58.66666666
65.33333334
57.33333333
63.0
70.33333333
64.0
61.33333334
62.33333333
57.66666667
62.33333333
60.66666667
56.66666666
66.66666667
57.0
60.0
64.66666667
58.0
62.33333333
59.33333333
68.0
70.33333334
63.0
65.66666666
65.33333334
64.66666666
66.33333334
58.0
61.33333333
63.33333333
63.66666667
58.66666667
65.0
57.66666666
61.66666667
63.66666667
68.0
68.0
68.33333333
62.66666667
60.0
52.66666666
52.66666667
65.66666667
59.33333333
WT35
15.6666666667
47.0
49.3333333333
48.333333333
51.333333334
59.333333333
62.333333333
49.666666667
60.0
70.0
65.0
62.666666667
65.0
64.333333333
63.333333333
53.333333334
64.666666666
62.666666667
54.66666667
61.33333333
60.33333333
67.66666667
56.0
65.0
62.33333333
60.66666667
70.66666667
59.0
67.66666666
59.33333334
63.66666666
58.66666667
67.33333333
59.0
57.33333334
58.66666666
67.0
60.33333334
58.0
66.33333333
61.33333333
58.66666667
65.33333333
71.66666667
65.33333333
50.33333334
63.33333333
64.66666667
52.66666666
58.0
60.0
53.33333334
57.66666666
63.33333334
65.66666666
66.66666667
64.0
62.33333333
63.66666667
62.0
55.33333333
59.66666667
62.33333333
61.33333334
62.0
59.66666666
66.0
56.66666667
58.0
66.33333333
57.33333334
67.33333333
69.66666667
60.66666666
58.33333334
59.0
57.66666666
61.0
58.66666667
WT36
18.0
39.6666666667
49.3333333333
53.666666667
58.666666666
55.666666667
57.666666667
54.333333333
58.666666667
70.333333333
64.0
68.0
67.0
65.0
63.0
67.333333333
63.666666667
66.0
65.33333333
62.0
69.0
68.0
57.0
56.0
67.0
62.33333334
70.0
70.0
63.66666666
63.33333334
60.66666666
63.66666667
63.66666667
56.33333333
56.33333333
69.33333334
62.66666666
53.0
61.0
66.0
60.66666667
69.33333333
66.33333334
63.0
65.0
53.33333333
58.33333333
61.0
61.0
63.66666667
61.0
59.0
55.33333333
61.33333334
64.66666666
65.0
56.66666667
61.33333333
65.33333334
61.33333333
60.66666667
64.66666666
61.66666667
66.0
62.33333333
60.0
65.66666667
48.66666667
64.0
57.66666666
65.33333334
65.66666666
64.66666667
58.0
55.0
55.66666667
59.0
58.66666666
61.33333334
WT37
16.6666666667
38.0
51.0000000003
55.333333333
55.666666667
60.333333333
57.333333333
53.0
67.0
69.333333334
63.333333333
66.666666667
67.666666666
67.333333334
63.0
60.0
62.333333333
59.66666667
61.33333333
60.66666667
55.0
66.33333333
57.33333333
59.66666667
69.33333333
56.33333334
71.33333333
68.33333333
64.66666667
67.66666667
63.0
62.66666666
63.0
56.0
57.33333334
61.0
69.0
56.0
58.0
64.0
71.33333333
74.66666667
60.0
63.66666666
64.66666667
68.33333333
65.0
64.33333334
63.0
57.66666666
68.0
52.0
57.66666667
60.33333333
65.0
68.0
62.0
59.0
63.33333334
59.0
60.33333333
63.33333333
57.33333334
63.33333333
58.33333333
64.66666667
61.0
61.66666667
60.33333333
65.33333333
62.33333334
69.0
63.0
61.66666666
55.0
55.0
60.0
62.33333334
60.0
WT38
16.3333333333
45.6666666667
50.333333333
56.666666667
48.333333333
72.0
50.666666667
62.0
51.0
66.666666667
69.0
68.666666666
62.0
60.666666667
73.333333333
49.333333334
64.333333333
71.33333333
65.0
61.33333334
59.0
78.66666666
43.66666667
57.33333333
63.66666667
69.0
76.33333333
63.0
37.66666667
74.66666667
57.66666666
80.66666667
66.33333333
59.0
65.33333334
34.33333333
69.66666667
67.33333333
40.33333333
78.66666667
51.0
68.33333333
68.33333334
53.66666666
83.66666667
67.33333333
50.0
51.0
54.66666667
96.0
59.66666667
42.0
54.0
49.33333333
106.0
49.66666667
57.0
67.0
72.66666666
53.0
40.66666667
62.66666667
88.0
51.33333333
50.0
54.0
74.0
77.33333333
72.33333334
29.33333333
60.66666667
90.33333333
64.0
70.33333333
46.0
43.66666667
92.66666667
38.66666666
79.33333334
WT39
18.0
37.6666666667
60.0000000003
54.0
62.0
47.0
75.666666666
39.666666667
69.666666667
72.0
60.0
54.0
74.333333333
67.666666667
55.666666666
66.666666667
62.333333333
57.999999997
70.33333334
57.33333333
60.66666667
50.0
70.66666666
54.33333334
73.0
62.33333333
53.0
62.0
93.0
53.33333333
66.0
52.66666667
68.33333333
65.33333334
47.66666666
76.66666667
58.66666667
35.33333333
84.0
55.33333333
71.66666667
65.0
55.0
69.66666667
51.0
59.66666666
77.66666667
78.33333333
61.0
23.33333334
56.66666666
78.33333334
62.0
76.0
30.33333333
79.0
66.33333333
67.66666667
52.0
76.33333333
77.0
63.33333334
35.0
77.33333333
68.33333333
70.0
53.66666667
34.33333333
52.0
95.66666667
71.33333333
40.66666667
66.66666667
57.33333333
81.33333333
64.33333334
22.66666666
84.0
37.33333334
WT40
19.3333333333
38.6666666667
53.333333333
58.333333334
52.0
61.666666666
63.333333334
56.666666666
63.333333334
64.333333333
64.666666667
59.0
64.333333333
65.666666667
61.333333333
66.333333333
64.0
62.999999997
59.66666667
62.0
65.33333333
66.0
61.33333334
55.0
64.33333333
64.33333333
72.66666667
67.33333333
63.66666667
65.66666667
61.33333333
63.0
58.0
63.33333333
63.0
59.33333334
66.0
61.0
56.66666666
65.33333334
62.0
71.66666666
61.66666667
64.0
62.66666667
63.66666666
63.33333334
65.33333333
63.33333333
59.33333334
58.33333333
64.66666667
52.66666666
57.33333334
67.33333333
67.0
61.0
69.66666667
67.0
61.33333333
63.33333333
61.33333334
59.66666666
61.33333334
60.0
54.66666666
62.0
55.33333334
54.33333333
58.66666667
67.33333333
70.33333333
66.66666667
63.33333333
58.33333334
54.66666666
60.0
60.33333334
57.33333333
WT41
18.3333333333
42.0
47.6666666667
58.0
52.333333333
62.333333334
54.666666666
54.0
64.0
63.333333334
64.666666666
63.0
66.333333334
70.333333333
66.0
64.333333333
61.0
66.666666667
59.33333333
56.66666667
62.0
63.0
55.66666667
57.33333333
67.0
60.0
70.33333333
63.33333334
65.66666666
56.33333334
62.66666666
63.66666667
68.66666667
59.66666666
57.0
66.33333334
68.0
53.0
59.0
68.33333333
64.33333333
66.33333334
60.33333333
62.33333333
66.0
61.0
62.0
65.33333334
57.66666666
60.0
63.33333334
60.33333333
55.33333333
62.66666667
64.66666667
68.66666666
57.0
64.0
66.33333334
59.0
61.66666666
57.66666667
57.0
64.33333333
59.0
60.33333334
65.66666666
53.33333334
58.33333333
63.33333333
69.33333334
60.33333333
63.66666667
64.66666666
65.33333334
54.66666666
59.66666667
66.0
58.66666667
WT42
19.3333333333
43.0
49.6666666667
55.0
48.0
55.333333333
61.0
48.333333334
60.0
70.666666666
63.333333334
58.666666666
63.666666667
63.333333333
61.0
55.333333334
60.333333333
66.0
59.33333333
62.66666667
54.33333333
66.66666667
57.0
57.0
61.33333333
68.0
67.0
65.66666667
63.66666667
64.33333333
68.66666667
69.33333333
61.0
68.0
52.0
63.0
66.0
57.33333333
65.33333334
65.66666666
62.33333334
67.33333333
60.0
63.0
67.33333333
60.0
59.33333334
66.0
54.66666666
61.0
60.0
64.33333334
62.33333333
56.33333333
62.0
59.0
58.33333334
65.0
63.0
59.0
59.66666666
62.33333334
61.66666666
64.66666667
58.66666667
54.0
61.0
60.0
60.66666666
62.66666667
67.66666667
63.0
59.66666666
63.0
59.66666667
51.0
62.33333333
59.66666667
65.0
WT43
19.0
43.6666666667
53.0000000003
51.666666666
52.333333334
57.333333333
62.0
55.666666667
56.333333333
68.333333333
67.0
67.0
66.333333334
58.666666666
63.333333334
50.333333333
58.0
66.0
62.33333333
70.0
68.33333334
71.33333333
62.33333333
59.33333334
62.33333333
64.0
62.66666667
56.33333333
68.0
59.0
59.33333333
64.66666667
69.33333333
60.66666667
58.33333333
60.66666667
64.66666667
54.0
57.66666666
64.66666667
59.66666667
60.66666666
60.66666667
60.33333333
62.0
63.0
58.0
62.33333334
57.0
65.66666666
60.33333334
59.66666666
54.66666667
58.33333333
61.0
70.33333334
61.0
62.33333333
63.33333333
58.0
57.66666667
62.66666667
58.33333333
62.0
64.33333333
58.66666667
58.33333333
54.66666667
58.66666667
64.0
61.0
63.66666666
69.33333334
58.66666666
67.0
51.33333334
58.66666666
59.33333334
61.0
WT44
16.6666666667
49.6666666666
49.9999999997
51.0
51.666666667
59.666666667
55.666666666
56.0
57.333333334
64.333333333
66.333333333
67.0
71.0
65.0
66.333333334
64.0
61.0
59.666666663
63.0
63.66666667
68.33333333
60.33333334
63.66666666
57.33333334
66.66666666
64.0
65.66666667
61.0
61.0
68.66666667
61.0
75.66666666
63.33333334
57.66666666
60.0
63.66666667
65.0
55.33333333
65.66666667
65.0
64.0
62.66666667
63.0
65.0
70.0
63.0
59.66666666
66.66666667
56.66666667
62.33333333
64.33333333
59.0
60.33333334
64.0
67.33333333
67.33333333
68.0
61.66666667
67.33333333
61.33333334
60.66666666
63.66666667
57.33333333
61.33333334
62.0
61.33333333
57.33333333
58.33333334
59.66666666
65.66666667
58.66666667
68.33333333
65.33333333
63.66666667
56.33333333
63.66666667
57.33333333
58.0
56.0
WT45
18.6666666667
56.0
52.3333333333
50.0
54.0
59.333333333
56.333333334
53.0
58.0
72.333333333
64.333333333
64.666666667
73.666666667
70.0
62.333333333
60.666666667
59.0
67.666666663
68.0
63.0
60.0
65.0
58.0
57.33333334
65.33333333
65.66666667
65.33333333
65.33333333
66.0
63.0
58.33333334
68.33333333
71.0
55.33333333
59.33333334
61.66666666
60.0
57.66666667
58.0
68.0
62.0
67.0
61.0
64.0
61.33333333
58.0
57.33333334
63.0
56.33333333
58.66666667
56.66666666
54.66666667
56.0
57.66666667
76.0
70.33333333
58.0
61.0
66.33333333
61.33333334
54.66666666
64.0
62.0
66.33333334
60.66666666
61.66666667
60.0
52.66666667
55.66666666
61.0
65.0
70.0
62.0
60.33333334
58.0
58.66666666
56.0
58.66666667
59.0
WT46
17.3333333333
46.6666666667
45.0
59.333333333
52.0
57.0
55.0
52.666666667
64.0
69.333333333
66.333333334
64.333333333
64.666666667
61.0
64.666666666
63.333333334
59.666666666
58.999999997
62.33333334
63.0
58.33333333
64.33333333
58.66666667
63.0
65.33333333
66.33333334
59.0
67.0
69.33333333
64.66666667
59.66666666
62.66666667
64.66666667
57.66666666
54.66666667
59.33333333
65.66666667
60.33333333
60.33333334
69.0
58.0
57.66666666
63.0
65.66666667
62.33333333
52.0
58.33333334
64.0
60.0
61.0
53.0
56.0
55.33333333
59.33333333
66.33333334
71.33333333
60.0
63.66666667
70.33333333
63.33333333
59.0
61.33333334
62.66666666
63.66666667
64.66666667
52.66666666
62.0
57.33333334
56.66666666
61.0
63.66666667
64.66666667
61.33333333
62.33333333
60.0
59.0
58.33333334
56.66666666
56.33333334
WT47
17.3333333333
40.3333333334
53.6666666663
55.0
58.666666667
53.0
61.0
53.333333333
60.0
63.666666667
64.666666667
60.333333333
63.666666667
72.333333333
64.0
61.666666667
63.666666666
59.999999997
69.0
64.66666667
63.66666667
64.0
54.66666666
62.0
59.66666667
65.0
67.66666667
60.0
61.66666666
61.0
63.0
64.66666667
63.33333333
65.66666667
57.33333333
59.66666667
65.0
52.0
60.0
63.66666667
63.66666666
67.66666667
63.0
60.33333333
63.33333334
60.0
60.33333333
66.0
64.66666667
61.0
66.0
56.66666666
57.0
59.0
62.33333334
67.33333333
57.33333333
62.33333334
58.0
62.66666666
59.66666667
60.66666667
60.33333333
66.33333333
57.0
57.0
61.33333334
54.0
54.33333333
69.0
63.33333333
62.66666667
62.66666667
64.33333333
61.66666667
54.66666666
62.0
61.66666667
51.33333333
WT48
18.3333333333
44.3333333334
54.6666666663
58.0
58.666666667
57.333333333
60.666666667
51.333333333
63.666666667
61.0
63.0
66.0
69.0
63.666666667
56.666666666
53.333333334
61.666666666
64.333333337
63.33333333
65.0
56.66666667
67.33333333
55.33333333
58.0
60.0
64.0
70.33333334
60.33333333
65.0
62.33333333
56.66666667
63.33333333
66.66666667
64.0
57.66666667
59.66666666
62.33333334
57.66666666
63.66666667
63.66666667
58.0
68.33333333
63.33333333
65.66666667
65.66666667
60.33333333
56.33333333
59.66666667
58.66666667
61.66666666
53.0
57.66666667
53.33333333
63.0
68.66666667
69.66666667
59.33333333
69.0
62.0
73.33333333
55.33333334
70.33333333
61.66666667
70.0
58.66666666
56.33333334
59.0
53.66666666
61.0
64.0
65.33333334
67.0
70.66666666
52.33333334
55.66666666
57.33333334
56.66666666
58.66666667
54.66666667
WT49
19.0
44.3333333333
42.3333333337
50.666666666
57.666666667
60.666666667
58.0
57.666666666
64.333333334
66.333333333
63.666666667
63.0
65.0
67.0
61.666666666
56.333333334
62.0
63.333333333
64.66666667
60.0
64.33333333
70.33333333
58.66666667
59.0
68.0
66.66666667
61.33333333
63.66666667
70.66666666
61.0
57.66666667
63.66666667
60.0
62.33333333
57.33333333
61.33333334
66.0
52.33333333
63.33333333
65.33333334
69.33333333
66.33333333
59.33333334
64.33333333
59.66666667
63.0
57.66666666
61.66666667
60.33333333
58.0
62.0
56.66666667
54.66666667
65.33333333
73.33333333
64.0
59.33333334
68.0
67.0
64.0
54.0
63.0
57.66666666
58.0
58.33333334
60.66666666
59.33333334
58.33333333
60.0
64.33333333
62.0
67.0
62.66666667
59.33333333
60.0
64.0
59.0
60.66666667
59.0
WT50
18.6666666667
41.6666666666
50.9999999997
50.333333334
54.333333333
61.0
62.666666667
49.333333333
64.666666667
74.666666666
66.666666667
60.666666667
67.666666666
65.333333334
56.333333333
59.333333333
65.333333334
61.333333333
63.0
60.66666667
67.66666666
61.66666667
59.66666667
56.66666666
68.66666667
70.0
55.33333333
68.66666667
69.0
60.66666667
64.66666666
65.66666667
63.66666667
56.66666666
52.33333334
58.66666666
64.0
52.0
62.0
62.33333334
60.0
62.0
64.66666666
63.33333334
63.0
62.0
58.33333333
61.0
58.66666667
57.66666666
62.0
55.33333334
57.0
65.33333333
63.33333333
71.33333334
63.66666666
65.33333334
67.66666666
65.66666667
57.0
69.0
56.0
63.33333333
55.0
56.33333334
59.33333333
58.0
61.66666667
64.66666666
64.33333334
66.0
59.33333333
63.0
62.66666667
53.66666666
57.66666667
66.66666667
59.33333333
WT51
16.6666666667
47.0
49.6666666663
48.333333334
55.666666666
54.333333334
56.666666666
50.333333334
63.333333333
62.666666667
69.333333333
63.0
61.666666667
63.333333333
68.0
58.0
58.333333333
63.999999997
58.66666667
61.0
60.0
69.66666667
58.33333333
56.66666667
63.0
63.66666666
68.66666667
63.33333333
64.66666667
59.66666667
67.33333333
69.66666667
63.0
59.66666666
54.66666667
59.33333333
61.0
57.33333334
64.33333333
66.66666667
61.0
65.66666666
64.33333334
63.0
62.33333333
61.0
54.33333333
60.66666667
64.33333333
58.66666667
61.0
56.66666667
56.33333333
57.66666667
61.33333333
68.0
60.66666667
60.0
68.0
57.0
57.33333333
71.66666667
61.33333333
64.66666667
55.0
61.0
65.33333333
57.66666667
58.66666666
64.66666667
62.33333333
69.66666667
75.33333333
57.0
59.33333334
63.0
59.33333333
59.0
64.66666667
WT52
17.6666666667
42.0
53.0000000003
58.333333333
49.333333333
52.666666667
59.0
59.333333333
63.333333334
66.0
64.666666666
56.666666667
65.333333333
68.0
66.666666667
56.333333333
68.0
58.333333337
64.66666666
58.66666667
63.33333333
66.0
58.66666667
60.0
66.33333333
64.0
64.0
60.33333334
66.0
62.66666666
64.66666667
61.66666667
69.33333333
58.0
63.0
59.33333333
55.33333334
54.33333333
63.0
59.66666667
61.33333333
64.0
65.33333333
59.33333334
61.33333333
57.33333333
63.0
64.33333334
59.66666666
58.66666667
61.0
54.0
55.0
62.0
66.0
60.0
58.0
63.66666667
60.66666666
60.66666667
57.33333333
60.0
59.33333334
63.0
56.33333333
59.33333333
64.66666667
58.0
54.66666667
63.33333333
65.33333333
67.66666667
66.0
59.0
57.66666667
63.0
54.66666666
60.66666667
62.33333333
WT53
20.3333333333
39.3333333334
51.3333333333
57.0
52.0
53.666666667
60.0
54.666666666
64.666666667
65.333333333
64.333333334
60.666666666
63.0
61.0
66.0
55.333333334
62.666666666
63.999999997
57.0
60.33333334
65.33333333
69.66666667
59.0
54.33333333
64.33333333
69.66666667
69.0
65.33333333
64.0
70.0
61.33333334
67.33333333
61.66666667
57.0
59.33333333
59.33333333
60.33333334
48.33333333
61.0
64.33333333
66.0
65.66666667
62.66666667
67.66666666
62.66666667
61.66666667
63.33333333
61.33333333
56.0
59.0
63.0
60.0
55.66666667
65.0
66.0
75.0
58.66666667
69.0
64.66666666
67.66666667
59.33333333
64.0
63.66666667
64.66666667
61.0
57.66666666
60.66666667
59.66666667
53.66666666
65.66666667
57.0
72.66666667
64.33333333
58.33333333
56.0
53.66666667
58.33333333
58.33333334
61.33333333
WT54
19.6666666667
47.6666666666
58.6666666667
54.0
53.333333333
55.666666667
57.666666667
58.0
68.333333333
67.333333333
65.0
63.0
62.666666667
67.666666667
63.666666666
52.333333334
60.666666666
66.666666667
63.0
60.0
65.33333333
64.66666667
61.0
58.33333333
68.0
64.33333334
68.66666666
68.66666667
70.33333333
53.66666667
59.33333333
62.0
68.66666667
62.0
55.0
60.33333333
68.0
61.0
61.66666667
64.66666667
62.66666666
73.0
68.66666667
65.66666667
65.0
65.33333333
59.66666667
67.33333333
58.66666667
64.33333333
60.33333333
55.66666667
60.66666667
60.33333333
66.33333333
65.0
54.66666667
64.33333333
68.0
61.66666667
53.66666667
59.33333333
61.66666667
60.33333333
58.0
58.66666667
60.33333333
53.33333333
59.33333334
58.33333333
61.33333333
62.66666667
68.33333333
62.66666667
59.0
52.33333333
58.0
58.33333334
61.33333333
WT55
18.3333333333
45.6666666667
42.333333333
62.0
53.333333334
53.666666666
67.333333334
51.0
73.666666666
56.333333334
58.333333333
60.333333333
78.0
56.333333334
70.333333333
54.333333333
75.666666667
66.66666667
49.33333333
84.33333333
48.33333334
70.66666666
49.0
65.0
72.66666667
59.0
64.33333333
63.33333334
40.66666666
94.33333334
53.0
56.66666666
56.0
87.33333334
52.33333333
62.33333333
45.0
74.33333334
45.0
65.0
63.33333333
67.0
75.0
67.66666667
60.66666666
54.33333334
66.33333333
46.0
75.33333333
33.66666667
75.33333333
56.66666667
48.33333333
68.66666667
39.66666667
79.33333333
68.66666667
57.33333333
57.0
87.33333333
71.66666667
25.33333333
67.0
75.0
87.33333334
60.0
3.0
54.33333333
63.33333333
117.0
55.0
17.66666667
72.33333333
83.0
55.66666667
33.66666667
59.66666666
59.0
78.33333334
WT56
18.0
45.3333333333
51.6666666667
58.0
57.666666667
47.333333333
50.666666667
58.0
57.0
74.666666666
69.666666667
63.333333333
64.333333334
80.666666666
51.0
64.0
64.333333334
69.000000003
67.0
38.66666666
78.66666667
59.33333333
66.33333334
54.0
60.66666666
67.66666667
67.0
57.66666667
88.66666666
27.66666667
70.33333333
78.0
70.66666667
39.0
59.33333333
53.66666667
85.66666667
43.66666666
73.66666667
68.66666667
62.33333333
63.66666667
48.66666666
58.33333334
64.66666666
58.66666667
55.33333333
84.33333334
39.33333333
81.33333333
38.0
58.66666667
64.66666667
48.66666666
88.33333334
53.0
51.0
71.66666666
81.33333334
42.0
49.0
102.33333333
53.0
55.0
28.0
55.33333333
119.0
57.0
47.66666667
17.0
73.33333333
112.0
55.0
35.66666667
63.66666667
74.33333333
58.33333333
68.0
38.33333334
WT57
19.0
41.3333333333
50.9999999997
55.666666667
61.666666667
51.666666666
59.0
52.666666667
67.666666667
64.666666666
67.0
66.666666667
67.333333333
65.0
63.333333334
61.0
63.333333333
64.66666667
65.0
59.0
64.33333333
59.0
57.33333333
59.0
66.0
64.0
65.66666667
62.0
68.0
59.66666667
54.33333333
64.0
62.66666667
63.0
54.33333333
58.0
63.33333333
56.66666667
68.66666667
62.33333333
58.66666667
60.66666666
59.33333334
66.33333333
65.33333333
60.0
62.0
66.33333334
48.66666666
60.33333334
58.0
65.33333333
54.0
61.0
64.66666667
60.0
61.33333333
64.33333333
64.33333334
63.66666666
51.33333334
64.0
56.66666666
63.0
56.66666667
59.33333333
57.33333334
51.33333333
55.33333333
65.0
65.33333334
64.33333333
67.33333333
64.33333334
61.0
57.66666666
57.33333334
56.33333333
58.33333333
WT58
17.6666666667
38.3333333333
48.666666667
52.666666666
53.333333334
60.666666666
60.0
48.333333334
64.666666666
63.333333334
68.666666666
63.333333334
61.0
63.333333333
66.0
57.666666667
65.0
65.333333333
60.0
65.33333333
67.66666667
66.66666667
55.0
60.33333333
67.0
66.0
62.66666667
63.66666666
68.0
61.66666667
65.66666667
63.0
71.0
62.0
55.66666666
57.33333334
63.33333333
57.66666667
65.0
63.66666666
59.66666667
69.33333333
66.0
63.33333334
62.33333333
58.66666667
63.33333333
57.66666667
58.66666666
58.66666667
58.0
61.66666667
54.66666666
59.66666667
60.66666667
66.33333333
56.0
61.33333333
67.0
60.0
54.66666667
68.0
57.33333333
64.0
58.0
61.33333334
55.33333333
60.0
61.66666667
64.0
65.66666666
65.33333334
66.0
57.33333333
57.33333333
50.33333334
60.66666666
64.66666667
58.33333333
WT59
14.6666666667
44.3333333333
59.0
45.333333333
56.666666667
56.666666667
63.333333333
52.666666667
59.0
62.333333333
77.666666667
63.333333333
59.0
51.333333333
76.0
61.333333334
44.666666666
77.666666667
60.33333333
64.33333334
64.33333333
55.0
75.33333333
51.66666667
54.0
50.66666667
83.66666666
80.0
48.66666667
58.0
50.66666667
85.33333333
76.33333333
63.33333334
39.0
36.33333333
66.0
54.33333333
54.0
107.66666667
31.33333333
70.0
98.66666667
19.0
55.66666667
100.33333333
39.33333333
114.66666667
1.33333333
67.66666666
90.33333334
8.33333333
108.33333333
46.33333334
81.0
52.66666666
77.66666667
82.66666667
9.66666666
76.33333334
74.66666666
89.0
50.33333334
15.0
109.0
57.0
24.66666666
38.33333334
122.33333333
67.0
0.66666667
63.0
56.66666667
61.0
38.33333333
96.66666667
83.33333333
8.33333333
80.66666667
WT60
18.0
47.0
51.666666667
54.333333333
52.666666667
59.666666666
45.333333334
57.333333333
60.666666667
70.333333333
45.666666667
66.666666666
78.0
85.666666667
48.333333333
55.333333334
81.333333333
42.0
64.0
61.66666667
58.66666666
82.33333334
42.33333333
69.0
72.0
73.33333333
40.33333334
43.0
87.0
68.33333333
76.33333333
44.0
42.66666667
55.0
73.66666667
83.0
65.33333333
58.0
65.33333333
22.0
103.66666667
63.33333333
35.66666667
111.66666667
67.33333333
18.0
83.33333333
11.33333334
116.0
54.66666666
25.66666667
110.66666667
4.0
79.33333333
44.66666667
80.33333333
44.33333333
47.33333334
122.66666666
52.0
52.0
29.66666667
72.0
109.33333333
10.66666667
58.33333333
104.33333334
70.0
0.33333333
66.0
125.0
57.33333333
68.33333334
61.33333333
82.0
11.0
34.33333333
124.66666667
37.0
WT61
15.6666666667
45.0
53.6666666663
60.0
54.0
49.666666667
58.666666667
51.0
62.666666666
67.333333334
66.0
58.0
69.666666666
65.333333334
62.333333333
60.333333333
63.333333334
64.666666663
63.0
63.33333334
63.66666666
59.66666667
59.33333333
58.33333334
62.0
60.66666666
72.0
61.66666667
67.66666667
68.0
59.66666666
64.0
61.33333334
61.66666666
53.33333334
57.0
61.0
54.33333333
58.66666667
61.66666666
63.33333334
67.66666666
65.33333334
62.66666666
60.66666667
64.0
61.33333333
67.0
50.66666667
62.0
56.33333333
62.0
52.33333334
63.33333333
63.0
65.66666667
58.66666666
59.66666667
63.0
65.33333333
57.33333334
62.0
60.33333333
66.66666667
60.66666666
67.33333334
61.0
59.0
59.0
67.0
57.0
66.66666666
57.0
61.66666667
58.0
50.66666667
54.0
60.33333333
59.0
WT62
18.6666666667
44.0
48.6666666663
55.333333334
46.333333333
54.333333333
58.666666667
61.0
69.666666667
68.333333333
69.333333333
61.0
75.333333334
70.0
68.0
63.333333333
60.0
60.0
62.0
64.66666667
60.33333333
62.0
63.0
61.0
61.66666667
61.0
66.66666666
64.66666667
67.0
57.33333333
54.66666667
66.66666667
68.33333333
58.0
57.0
54.33333333
68.0
62.66666667
59.66666667
62.0
66.66666666
72.66666667
58.66666667
63.33333333
61.66666667
62.0
59.0
57.66666666
64.33333334
57.66666666
62.66666667
58.66666667
61.33333333
60.33333333
69.0
70.33333334
60.66666666
61.66666667
57.66666667
59.0
57.66666666
63.33333334
58.0
65.33333333
59.33333333
61.33333334
57.0
55.0
60.33333333
62.33333333
61.33333334
65.0
70.66666666
55.66666667
59.33333333
54.66666667
59.0
66.0
58.0
WT63
18.3333333333
46.6666666667
56.0
54.666666667
53.0
61.666666666
57.666666667
53.0
57.333333333
65.333333334
58.666666666
69.333333334
61.666666666
63.0
64.333333334
58.0
70.333333333
67.33333333
61.33333334
58.33333333
60.33333333
65.66666667
53.0
60.33333333
66.66666667
64.66666667
68.0
66.33333333
61.33333333
57.33333334
63.0
65.33333333
69.0
62.66666667
62.33333333
62.66666667
66.0
53.33333333
61.66666667
63.33333333
62.33333333
65.66666667
63.0
67.33333333
65.33333334
62.66666666
63.0
60.66666667
58.0
60.66666667
58.33333333
56.0
60.66666667
56.33333333
66.33333333
66.0
57.33333334
61.33333333
62.66666667
63.33333333
64.33333333
62.0
59.33333334
57.0
61.33333333
58.0
64.0
51.0
57.0
62.33333333
60.33333334
67.0
65.33333333
58.0
61.66666667
56.33333333
63.66666667
62.33333333
61.33333333
