WT0
22.3333333333
43.6666666667
57.0
44.666666667
58.0
66.0
57.0
56.0
72.666666666
69.0
65.666666667
68.666666667
62.0
66.0
61.0
50.666666666
53.0
50.666666667
54.33333333
59.33333334
56.33333333
63.66666667
58.66666666
59.66666667
62.33333333
65.0
64.0
63.0
66.33333334
61.0
57.33333333
62.0
59.0
57.66666667
54.66666666
54.0
60.0
55.66666667
67.33333333
60.66666667
64.0
58.66666667
68.33333333
62.66666667
59.33333333
57.66666667
64.66666666
66.66666667
63.0
57.66666667
53.33333333
61.33333333
60.0
61.33333334
68.0
65.33333333
69.33333333
68.33333334
61.0
70.33333333
59.33333333
61.0
65.33333334
58.66666666
57.33333334
62.33333333
62.0
53.0
61.0
70.0
61.33333333
71.0
65.33333334
63.33333333
63.0
58.33333333
64.33333334
59.0
61.0
WT1
26.3333333333
43.3333333334
53.6666666663
45.666666667
62.333333333
58.333333334
63.0
58.0
66.666666666
60.0
66.666666667
69.666666667
61.666666666
69.666666667
60.333333333
51.0
61.333333334
60.666666663
63.33333334
60.66666666
49.33333334
60.66666666
54.33333334
65.66666666
67.33333334
58.33333333
64.33333333
63.33333334
63.0
59.0
52.66666666
62.33333334
67.33333333
64.33333333
68.0
52.66666667
58.0
58.33333333
60.0
60.0
59.66666667
59.33333333
64.0
67.0
60.66666667
62.33333333
58.33333334
59.66666666
57.33333334
60.0
62.0
63.66666666
65.66666667
59.66666667
60.0
64.66666666
66.0
67.0
65.33333334
65.66666666
56.0
65.0
65.33333334
60.66666666
63.66666667
56.66666667
64.0
56.66666666
68.66666667
64.0
61.33333333
68.33333334
63.66666666
69.66666667
54.33333333
61.66666667
68.0
54.33333333
59.0
WT2
22.3333333333
43.3333333334
50.6666666663
51.0
54.0
59.666666667
57.666666667
60.333333333
57.666666667
64.0
64.666666666
64.333333334
65.0
60.0
61.666666666
49.666666667
62.333333333
56.333333337
56.33333333
59.66666667
58.33333333
65.33333333
57.33333334
61.66666666
68.66666667
57.0
65.0
63.0
66.33333333
59.66666667
56.66666667
66.66666666
64.33333334
67.33333333
61.33333333
50.33333334
67.33333333
63.33333333
60.66666667
63.0
66.66666667
67.0
61.0
67.0
64.33333333
61.66666667
64.33333333
57.0
65.66666667
71.0
59.33333333
79.66666667
56.33333333
62.66666667
67.66666666
67.33333334
61.0
66.66666666
62.33333334
62.33333333
51.0
65.33333333
69.0
66.0
57.0
57.33333334
67.33333333
56.33333333
66.33333334
66.0
62.66666666
65.66666667
66.33333333
66.33333334
59.0
64.66666666
58.33333334
54.66666666
59.66666667
WT3
18.6666666667
44.3333333333
53.0
51.0
55.0
59.0
55.0
58.666666667
63.333333333
69.666666667
63.666666666
71.333333334
65.0
63.666666666
56.333333334
51.666666666
60.666666667
56.0
52.66666667
56.66666666
61.0
60.33333334
59.66666666
58.66666667
69.0
57.0
70.0
64.0
65.33333333
63.66666667
53.66666667
62.33333333
67.33333333
62.0
57.0
57.0
63.0
57.0
61.0
64.33333334
65.0
70.33333333
66.66666667
67.0
56.66666666
63.33333334
61.33333333
60.66666667
62.0
59.0
63.66666666
68.33333334
61.66666666
63.66666667
63.0
69.0
78.0
65.33333333
71.66666667
54.66666667
58.33333333
65.66666667
65.0
62.33333333
57.0
59.66666667
58.33333333
54.66666667
68.66666666
64.33333334
69.0
67.66666666
65.0
72.66666667
51.0
57.33333333
66.33333334
56.0
66.66666666
WT4
17.0
47.6666666667
45.3333333333
47.666666667
65.666666666
58.0
66.666666667
58.666666667
64.666666666
59.0
53.666666667
90.333333333
56.666666667
65.333333333
47.0
62.333333334
50.333333333
55.66666667
69.66666666
56.66666667
57.33333333
66.33333334
50.66666666
61.0
67.33333334
55.0
57.66666666
90.33333334
35.33333333
54.0
90.33333333
31.66666667
89.0
67.33333333
44.33333334
38.0
55.66666666
94.0
31.33333334
98.33333333
61.66666667
30.0
69.33333333
85.0
63.33333333
37.0
69.33333334
66.33333333
41.0
62.0
118.0
22.66666667
49.33333333
58.0
110.0
61.0
17.33333333
79.66666667
60.0
122.0
60.66666667
47.33333333
66.66666667
46.33333333
8.66666667
70.0
62.0
118.33333333
58.33333333
64.66666667
65.0
69.33333333
15.0
108.0
17.66666667
105.0
11.0
56.66666667
109.33333333
WT5
23.6666666667
41.0
49.0000000003
54.0
61.0
62.666666666
47.0
54.666666667
60.333333333
72.0
84.0
43.666666667
72.666666667
54.0
68.0
39.333333333
68.666666667
56.000000003
61.33333333
57.66666667
61.0
53.0
68.0
63.0
74.0
57.66666666
70.66666667
38.0
92.33333333
61.0
26.33333334
92.0
34.66666666
48.0
66.33333334
83.33333333
70.66666667
20.33333333
94.33333333
31.0
58.33333334
92.66666666
66.0
47.66666667
61.33333333
83.33333334
60.0
57.0
82.0
55.0
13.0
103.33333333
74.33333333
62.66666667
20.33333333
67.0
117.66666667
58.33333333
67.0
2.66666666
58.0
73.66666666
63.33333334
63.0
117.33333333
48.0
63.33333333
1.0
68.0
65.33333334
63.66666666
72.66666667
113.33333333
17.33333334
100.33333333
16.66666667
110.0
57.66666666
12.66666667
WT6
22.6666666667
48.0
50.6666666663
50.666666667
62.666666667
67.0
57.0
52.666666666
61.333333334
66.666666666
70.333333334
63.0
69.333333333
65.666666667
58.333333333
52.0
61.333333333
50.999999997
62.0
56.33333334
59.66666666
70.0
55.33333334
64.33333333
68.33333333
62.0
60.66666667
62.0
63.33333333
58.66666667
48.66666667
65.0
62.33333333
53.33333333
58.0
58.33333334
61.66666666
58.0
56.33333334
61.66666666
62.66666667
66.33333333
64.33333334
67.66666666
54.66666667
58.33333333
64.0
62.66666667
66.66666667
60.0
57.66666666
60.0
59.33333334
64.0
64.33333333
66.33333333
67.0
65.0
59.0
57.66666667
61.33333333
66.66666667
63.0
62.66666667
57.33333333
62.33333333
65.66666667
57.66666667
56.33333333
64.66666667
62.33333333
66.66666667
62.0
60.66666666
53.33333334
58.33333333
61.33333333
56.66666667
62.33333333
WT7
23.6666666667
37.0
49.6666666663
48.333333334
56.0
58.333333333
59.666666667
56.666666666
65.333333334
67.333333333
74.666666667
68.333333333
69.333333333
60.333333334
61.666666666
50.333333334
60.0
59.333333333
57.0
64.66666667
53.66666666
54.0
55.33333334
66.33333333
68.33333333
64.33333334
63.33333333
63.0
65.33333333
59.66666667
57.33333333
67.33333334
63.0
59.33333333
60.33333333
56.33333334
56.66666666
56.66666667
63.0
58.66666667
59.33333333
63.66666667
63.0
57.66666666
62.66666667
59.66666667
65.33333333
59.0
66.66666667
54.33333333
62.0
56.33333333
62.33333334
60.0
64.66666666
67.66666667
70.66666667
74.0
62.0
66.66666666
62.66666667
67.66666667
63.33333333
64.0
61.66666667
58.0
57.66666666
52.33333334
63.33333333
65.0
64.0
69.0
61.33333333
69.33333334
58.33333333
54.66666667
61.66666666
66.0
62.0
WT8
17.6666666667
45.3333333333
50.666666667
41.0
57.0
69.666666666
57.0
55.333333334
72.333333333
62.666666667
64.0
66.0
60.0
57.333333333
62.666666667
49.333333333
59.333333333
62.999999997
44.66666667
68.33333333
69.66666667
56.0
45.66666667
78.0
65.33333333
57.33333333
54.66666667
65.33333333
61.0
54.33333334
65.66666666
86.66666667
52.33333333
56.66666667
37.66666667
69.0
59.66666666
57.66666667
61.66666667
53.66666666
71.0
61.0
63.0
68.66666667
54.66666667
69.0
44.66666666
77.0
55.66666667
69.66666667
41.66666666
69.0
56.33333334
72.0
62.33333333
73.66666667
65.0
65.33333333
66.66666667
57.33333333
50.0
66.0
66.66666667
62.33333333
62.33333333
53.0
66.0
63.66666667
74.33333333
44.66666667
69.33333333
61.33333334
58.33333333
79.66666667
65.33333333
45.0
56.33333333
82.66666667
32.66666667
WT9
24.0
36.0
50.333333333
50.0
53.333333334
49.333333333
69.666666667
56.666666666
60.333333334
74.333333333
72.0
57.0
62.333333333
77.333333334
48.666666666
56.0
53.666666667
52.66666667
68.66666666
51.66666667
54.66666667
66.33333333
69.66666667
42.0
68.66666666
65.66666667
75.33333333
62.66666667
71.66666667
58.0
52.66666666
37.66666667
71.66666667
62.33333333
77.33333333
41.33333334
61.66666666
57.33333334
59.0
69.0
49.0
72.33333333
66.0
66.66666667
61.66666666
43.66666667
78.33333333
52.33333334
62.0
44.33333333
76.66666667
55.0
64.0
65.33333333
68.66666667
51.66666666
64.33333334
75.66666666
60.33333334
65.66666666
62.66666667
55.66666667
63.33333333
67.66666667
53.66666666
66.0
61.0
55.0
51.66666667
85.33333333
68.66666667
70.66666667
62.0
49.0
56.0
73.0
68.33333333
35.66666667
76.66666666
WT10
25.0
42.0
57.666666667
38.666666666
56.666666667
60.666666667
59.333333333
50.333333333
66.666666667
59.666666667
69.666666666
60.666666667
59.333333333
65.333333334
66.666666666
52.666666667
57.333333333
58.999999997
56.33333334
54.66666666
57.0
58.33333334
57.33333333
61.33333333
70.66666667
58.33333333
63.66666667
59.0
64.66666667
64.66666666
56.33333334
67.66666666
59.0
58.33333334
63.0
56.66666666
57.0
55.0
62.0
55.66666667
61.66666667
62.33333333
60.0
62.66666667
57.33333333
57.66666667
63.0
62.0
67.66666666
62.66666667
67.33333333
64.0
59.0
64.33333334
66.0
69.0
63.0
62.33333333
63.0
66.0
55.33333333
60.33333334
58.0
57.0
56.66666666
62.0
62.0
54.66666667
59.33333333
64.33333334
59.33333333
64.0
59.66666667
65.0
60.33333333
63.66666667
60.66666666
55.66666667
59.0
WT11
21.3333333333
43.6666666667
51.333333333
44.0
60.0
56.0
61.333333334
66.333333333
56.0
64.0
65.0
64.666666667
57.333333333
65.666666667
61.333333333
50.333333333
57.0
49.0
73.333333337
64.66666666
47.33333334
57.33333333
78.33333333
37.66666667
51.0
73.33333333
85.33333334
21.33333333
73.66666667
92.33333333
41.0
68.66666667
45.66666666
86.66666667
39.0
52.33333333
75.33333334
59.66666666
66.0
41.66666667
62.0
87.0
58.33333333
68.0
41.33333334
60.33333333
76.0
73.66666667
45.66666666
68.0
69.33333334
35.0
82.0
60.0
57.33333333
72.66666667
65.33333333
51.66666667
64.33333333
49.33333333
62.66666667
64.0
60.33333333
75.0
57.66666667
51.0
61.66666667
53.0
81.0
48.0
57.66666666
97.33333334
59.0
56.33333333
37.66666667
82.33333333
38.33333333
81.66666667
35.33333333
WT12
21.3333333333
44.6666666667
47.666666667
49.0
59.333333333
64.333333333
58.0
46.0
73.333333334
58.333333333
64.666666667
63.333333333
69.666666667
60.0
59.0
50.666666666
52.0
65.999999997
47.0
58.0
73.66666667
63.66666667
31.33333333
87.66666667
73.66666666
41.0
43.0
100.0
51.66666667
27.0
76.33333333
58.66666667
74.33333333
34.66666667
75.0
69.33333333
46.0
61.33333334
56.33333333
91.0
60.66666667
41.0
71.66666666
62.66666667
73.66666667
61.33333333
45.33333333
52.33333334
89.66666666
52.33333334
46.0
92.66666666
39.66666667
63.33333333
68.0
54.33333334
67.66666666
83.66666667
54.0
62.0
55.66666667
73.66666666
66.66666667
40.66666667
60.33333333
67.33333333
61.33333334
60.33333333
41.33333333
81.66666667
78.66666667
37.0
61.66666666
77.33333334
78.33333333
45.33333333
81.66666667
42.66666667
80.0
WT13
19.0
40.6666666667
52.3333333333
49.666666667
59.333333333
56.666666667
67.666666666
65.333333334
65.0
64.333333333
57.666666667
76.0
60.333333333
68.0
42.666666667
64.0
49.333333333
72.0
47.66666667
67.66666666
54.33333334
73.33333333
57.0
66.0
68.33333333
59.33333334
65.33333333
72.66666667
74.33333333
42.0
67.0
65.0
46.33333333
64.66666667
48.33333333
83.66666667
60.33333333
61.0
41.66666667
82.66666667
61.0
54.33333333
77.33333333
69.33333334
36.66666666
63.0
56.0
70.66666667
68.33333333
65.66666667
64.66666667
22.0
72.0
85.0
28.66666666
64.66666667
50.66666667
86.0
103.66666666
26.33333334
33.66666666
123.0
30.0
63.33333334
61.0
60.33333333
79.66666667
51.66666666
19.0
140.0
19.66666667
40.33333333
57.66666667
101.0
29.0
99.0
16.66666667
118.33333333
28.0
WT14
20.3333333333
46.0
50.9999999997
45.333333334
56.666666666
74.0
63.0
52.0
63.0
64.666666667
70.333333333
56.666666667
60.333333333
58.333333334
76.333333333
40.0
74.666666667
38.000000003
78.0
59.66666666
70.33333334
49.33333333
69.66666667
66.66666666
68.33333334
64.0
61.66666666
59.0
58.66666667
73.0
50.66666667
67.66666666
69.66666667
51.33333333
68.66666667
32.66666667
65.33333333
55.33333333
82.66666667
42.0
70.0
84.0
46.0
64.33333333
85.33333334
59.0
60.33333333
50.0
56.66666667
52.66666666
54.33333334
102.0
37.66666666
32.33333334
99.66666666
59.66666667
86.0
42.66666667
16.66666666
101.0
84.33333334
4.66666666
100.0
64.66666667
63.0
63.66666667
38.66666666
57.66666667
109.33333333
9.0
108.66666667
95.33333333
65.0
27.33333334
87.0
16.66666666
108.0
2.66666666
102.0
WT15
19.6666666667
39.6666666666
50.6666666667
45.0
49.333333333
58.666666667
63.666666667
53.0
61.333333333
70.666666667
71.0
71.666666666
62.0
60.666666667
55.666666667
48.666666666
59.0
53.666666667
62.33333333
59.66666667
54.0
59.0
59.0
59.66666667
61.66666666
60.66666667
68.0
63.66666667
68.0
58.33333333
64.33333333
65.0
68.66666667
57.0
57.0
53.66666667
59.0
64.0
59.0
58.66666666
61.66666667
62.66666667
67.0
63.0
61.66666666
60.33333334
57.33333333
62.33333333
68.0
65.66666667
61.66666667
60.66666666
53.33333334
58.66666666
66.66666667
67.33333333
67.33333334
68.66666666
63.33333334
65.66666666
58.66666667
60.66666667
66.0
63.66666666
55.66666667
59.66666667
60.66666666
53.66666667
63.33333333
64.33333334
67.66666666
68.0
60.33333334
59.66666666
59.0
60.0
62.66666667
58.0
63.66666667
WT16
18.3333333333
48.0
47.6666666667
44.333333333
53.0
65.666666667
63.0
55.666666667
71.333333333
67.333333333
66.666666667
62.333333333
64.333333334
62.666666666
64.0
54.0
62.666666667
59.66666667
59.33333333
60.0
57.33333333
62.66666667
59.33333333
63.0
63.0
59.33333334
64.33333333
58.66666667
67.33333333
58.0
60.66666667
61.66666666
61.66666667
63.0
60.33333333
56.33333334
57.0
56.66666666
56.66666667
58.33333333
55.33333334
63.66666666
64.66666667
65.0
58.66666667
64.33333333
59.33333333
58.0
58.66666667
64.66666667
62.66666666
65.0
64.0
66.66666667
69.33333333
63.0
67.0
66.33333334
58.33333333
53.33333333
61.0
61.33333334
64.33333333
63.66666667
57.0
62.66666666
65.0
61.66666667
62.33333333
65.33333334
60.66666666
63.33333334
57.33333333
67.66666667
60.66666666
62.33333334
64.33333333
58.66666667
61.0
WT17
21.0
43.6666666667
50.6666666663
48.0
54.0
61.666666667
62.0
55.666666667
65.0
65.333333333
65.666666667
64.666666666
62.333333334
63.666666666
57.333333334
52.666666666
58.666666667
57.0
60.0
62.66666667
56.33333333
65.0
54.33333333
61.0
64.0
62.66666667
68.66666667
66.33333333
66.0
73.33333333
56.33333334
66.33333333
64.66666667
61.33333333
57.33333333
59.33333334
63.0
55.66666666
65.0
58.66666667
65.33333333
64.0
69.33333334
66.66666666
61.33333334
56.66666666
62.33333334
65.33333333
58.0
61.66666667
59.0
56.66666666
63.0
62.33333334
63.66666666
65.0
59.33333334
62.33333333
63.0
63.66666667
57.33333333
63.33333333
59.66666667
65.33333333
55.66666667
59.0
68.66666667
64.66666666
64.0
67.0
64.0
64.66666667
60.66666667
61.33333333
57.33333333
57.66666667
62.33333333
64.33333334
59.66666666
WT18
16.6666666667
49.3333333333
51.666666667
47.0
53.666666666
60.666666667
61.666666667
55.666666666
64.0
64.0
64.666666667
63.333333333
60.0
67.0
61.0
56.0
54.666666667
53.33333333
63.33333334
59.66666666
63.66666667
65.0
56.0
66.33333333
68.33333334
58.0
60.33333333
58.0
67.66666667
58.66666666
58.0
65.33333334
58.33333333
57.33333333
56.66666667
55.0
65.66666667
51.33333333
62.66666667
63.33333333
68.66666667
64.66666666
58.33333334
64.66666666
56.33333334
63.33333333
64.66666667
58.33333333
63.66666667
63.0
62.0
59.66666666
58.0
55.33333334
72.66666666
59.0
65.33333334
67.66666666
69.0
67.66666667
60.33333333
60.33333334
66.66666666
61.0
59.0
56.66666667
65.33333333
59.66666667
59.66666667
64.66666666
69.33333334
67.0
61.33333333
59.33333333
55.66666667
59.33333333
65.0
58.0
64.0
WT19
23.0
41.0
49.333333333
54.0
56.333333334
69.0
56.333333333
46.333333333
69.666666667
82.333333333
64.666666667
50.666666667
64.333333333
84.0
40.666666667
62.666666666
63.666666667
51.0
48.66666667
71.0
60.0
52.33333333
82.66666667
29.66666666
70.66666667
99.0
37.66666667
83.33333333
63.0
81.33333333
24.0
87.33333334
48.66666666
50.33333334
71.0
51.0
61.33333333
53.66666667
63.66666666
66.33333334
51.33333333
71.0
79.33333333
60.33333334
58.33333333
58.33333333
65.33333334
57.33333333
51.66666667
56.66666666
69.66666667
60.33333333
72.33333334
45.0
62.0
64.66666666
65.0
68.0
58.0
69.66666667
50.33333333
86.0
65.66666667
36.66666667
54.66666666
59.66666667
85.0
35.0
61.66666667
60.33333333
69.66666667
89.66666666
51.0
63.33333334
57.0
57.66666666
70.0
46.66666667
77.33333333
WT20
22.3333333333
42.6666666667
47.333333333
47.333333334
63.0
61.0
76.333333333
62.666666667
55.333333333
55.666666667
67.333333333
75.333333333
59.666666667
52.666666667
81.666666666
47.0
57.0
60.999999997
65.33333334
45.0
52.0
77.33333333
33.66666667
104.66666666
69.66666667
22.0
106.66666667
44.33333333
73.66666667
42.33333333
91.33333333
38.33333334
74.66666666
69.33333334
42.33333333
60.0
56.66666667
59.33333333
55.0
64.0
80.0
64.66666667
55.33333333
69.0
53.0
65.0
55.66666667
61.33333333
75.0
60.66666667
51.33333333
65.66666667
41.66666666
78.0
66.0
62.0
67.33333334
63.66666666
64.66666667
62.0
63.0
37.0
56.66666667
88.66666666
60.0
60.0
37.66666667
74.0
61.33333333
68.66666667
57.0
48.0
66.33333333
68.0
57.0
62.0
56.0
71.66666667
39.0
WT21
17.6666666667
42.0
51.3333333333
38.666666667
66.0
49.333333333
61.333333333
73.666666667
52.0
80.666666667
64.666666666
65.333333334
62.0
81.666666666
54.0
55.0
59.333333334
47.666666663
71.66666667
51.66666667
52.0
80.0
60.66666666
54.0
58.66666667
69.0
54.0
63.66666667
72.33333333
50.33333333
51.66666667
56.33333333
89.0
58.33333334
39.0
49.33333333
65.66666667
47.0
102.0
29.33333333
110.0
65.33333333
19.66666667
110.0
38.66666667
62.33333333
61.66666667
55.66666666
60.33333334
98.33333333
60.66666667
11.33333333
77.66666667
40.66666666
85.66666667
49.33333333
60.66666667
114.66666667
70.0
33.0
33.66666666
82.0
46.33333334
59.66666666
125.0
19.0
76.33333334
42.0
22.0
137.0
8.33333334
98.66666667
75.33333333
67.33333334
99.66666666
20.66666667
64.0
94.0
20.33333333
WT22
17.6666666667
49.3333333333
42.333333333
53.0
45.666666667
68.0
63.666666667
48.666666666
81.0
58.0
63.666666667
80.333333333
69.0
51.666666667
60.0
52.333333333
59.0
63.999999997
51.33333334
64.0
61.33333333
42.0
60.66666667
72.0
77.33333333
49.66666667
70.0
61.33333333
59.33333333
70.66666667
56.66666667
75.0
34.33333333
63.0
69.33333333
61.66666667
55.33333333
80.33333334
27.0
106.0
17.66666666
65.33333334
107.0
26.0
78.0
59.66666666
65.33333334
63.66666666
63.66666667
29.66666667
61.0
110.0
47.0
77.0
43.0
87.33333333
67.66666667
19.0
60.33333333
88.0
83.0
36.66666667
88.66666666
65.33333334
0.66666667
97.0
49.0
70.0
102.33333333
6.0
145.33333334
30.0
50.66666666
65.33333334
17.0
98.0
58.33333333
23.66666667
99.0
WT23
20.6666666667
42.0
50.6666666663
44.0
56.333333334
63.666666666
61.0
64.0
63.0
65.666666667
68.0
65.666666667
65.333333333
58.0
62.333333333
47.666666667
66.666666667
58.000000003
62.33333333
56.33333333
54.0
66.0
54.66666667
62.0
72.0
67.66666667
66.0
65.33333333
63.33333333
60.66666667
52.33333333
66.0
56.66666667
65.33333333
55.66666667
57.33333333
65.33333334
54.33333333
60.66666667
60.33333333
63.33333333
69.33333334
66.66666666
64.33333334
58.66666666
61.33333334
67.0
60.0
65.66666666
59.33333334
61.0
61.33333333
64.66666667
58.66666666
62.33333334
68.0
67.33333333
65.66666667
67.0
65.66666666
66.33333334
65.0
56.66666666
59.66666667
64.0
60.0
63.33333333
65.0
59.33333334
67.0
64.0
72.66666666
61.0
63.33333334
57.66666666
62.0
65.0
52.33333334
53.33333333
WT24
19.0
44.3333333333
53.6666666667
46.0
53.666666667
55.333333333
57.0
60.0
66.666666667
69.0
71.666666666
59.0
64.666666667
64.333333333
53.666666667
50.0
61.0
57.0
59.0
58.0
58.33333333
58.33333334
58.0
66.66666666
70.33333334
60.0
68.33333333
67.66666667
63.33333333
61.33333333
58.0
65.0
62.0
67.0
59.33333334
59.0
60.33333333
56.33333333
63.0
66.0
58.66666667
65.33333333
67.0
68.66666667
56.66666667
60.33333333
61.66666667
58.66666666
61.66666667
61.33333333
63.66666667
59.33333333
57.0
64.33333334
64.66666666
67.0
67.66666667
64.66666667
62.33333333
64.66666667
60.33333333
55.33333333
61.33333334
65.33333333
53.66666667
64.0
62.33333333
58.0
63.66666667
63.33333333
68.0
68.33333333
62.66666667
59.66666667
60.33333333
55.66666667
71.66666666
53.33333334
58.0
WT25
20.0
46.6666666667
55.6666666663
43.666666667
57.0
57.333333333
62.666666667
60.0
58.666666667
61.333333333
67.0
65.0
63.666666667
62.333333333
54.333333333
49.0
62.0
58.666666667
61.0
60.66666667
58.33333333
63.33333333
60.0
60.0
66.66666667
57.66666667
64.0
63.66666666
62.33333334
55.66666666
58.0
69.0
62.0
58.33333334
58.33333333
63.66666667
72.33333333
52.33333333
61.0
61.66666667
58.66666667
60.33333333
69.33333333
63.0
61.66666667
56.0
64.66666667
63.66666666
67.33333334
56.0
60.0
64.0
62.0
66.66666666
68.33333334
70.0
64.33333333
65.33333333
64.0
70.33333334
56.33333333
63.33333333
68.33333334
60.0
56.33333333
58.66666667
62.33333333
51.66666667
60.0
60.0
61.66666666
66.0
57.33333334
62.0
56.33333333
64.0
65.66666667
60.66666666
65.33333334
WT26
18.3333333333
42.3333333334
53.0000000003
48.666666666
54.333333334
62.666666666
63.333333334
61.666666666
66.0
75.666666667
65.666666667
70.333333333
61.333333333
63.666666667
59.0
51.0
57.333333333
57.666666667
63.0
61.33333333
62.0
65.0
60.66666667
64.66666667
65.0
61.0
67.66666666
63.33333334
66.66666666
63.66666667
61.0
67.33333333
60.66666667
59.66666667
54.33333333
59.33333333
63.0
65.0
58.0
61.66666667
62.33333333
66.0
69.33333334
65.66666666
53.33333334
64.66666666
62.66666667
59.66666667
63.0
53.66666666
65.0
55.66666667
57.66666667
66.66666666
68.66666667
65.0
62.0
67.33333333
65.0
55.66666667
59.0
61.0
59.66666667
60.33333333
55.33333333
61.66666667
60.66666667
64.66666666
66.0
64.66666667
67.66666667
66.33333333
58.0
60.33333333
62.66666667
54.0
61.0
57.33333333
57.33333334
WT27
21.0
52.0
57.666666667
45.0
59.0
62.0
69.333333333
55.666666667
64.0
69.0
74.0
64.333333333
71.333333333
60.666666667
55.0
54.0
62.333333333
58.999999997
60.0
61.66666667
58.66666667
56.0
59.0
60.66666666
60.66666667
59.66666667
69.0
60.0
67.33333333
53.66666667
58.66666666
61.33333334
69.33333333
56.66666667
56.0
56.66666666
63.0
56.0
62.0
64.0
63.33333334
67.33333333
63.0
68.66666667
52.66666666
62.33333334
59.66666666
63.33333334
62.66666666
55.66666667
58.0
57.66666667
54.0
63.66666666
67.33333334
64.33333333
61.66666667
70.66666666
59.66666667
60.0
55.0
64.33333333
67.33333334
61.66666666
62.33333334
66.33333333
64.33333333
50.0
63.66666667
62.33333333
75.66666667
63.66666667
64.66666666
70.66666667
62.0
64.33333333
64.33333334
62.33333333
59.33333333
WT28
18.3333333333
44.6666666667
48.333333333
46.666666667
58.333333333
70.333333334
53.0
61.0
76.333333333
63.666666667
59.666666666
70.333333334
63.666666666
63.0
58.0
59.666666667
45.666666667
64.000000003
52.66666666
56.33333334
60.0
60.66666666
57.33333334
54.66666666
65.0
67.0
76.66666667
58.0
64.0
55.33333333
57.33333334
74.0
45.0
62.0
80.0
64.33333333
62.66666667
61.66666666
28.0
56.0
89.0
38.66666667
93.66666667
69.0
56.0
62.66666666
39.0
75.33333334
34.0
97.0
39.66666666
46.33333334
99.33333333
22.66666667
110.33333333
56.33333333
67.0
36.66666667
68.0
50.33333333
91.66666667
26.66666667
78.33333333
92.66666667
49.33333333
46.66666667
60.0
56.0
60.66666666
61.66666667
61.33333333
67.33333334
30.0
102.66666666
86.0
24.66666667
36.0
63.66666667
74.0
WT29
20.6666666667
38.6666666666
47.3333333337
49.666666666
61.666666667
56.333333333
72.666666667
56.0
52.333333333
73.0
75.666666667
68.333333333
60.666666667
65.0
59.333333333
44.333333334
64.0
52.000000003
62.66666666
57.66666667
62.0
60.0
65.66666667
77.0
67.66666666
61.0
45.0
65.0
68.66666667
55.0
59.0
56.66666667
75.66666666
61.66666667
36.66666667
50.33333333
66.0
58.66666667
85.33333333
57.33333333
34.66666667
94.0
34.0
62.66666667
69.33333333
58.33333333
88.66666667
37.0
95.0
17.0
81.0
76.33333333
28.0
95.33333334
27.33333333
67.66666667
67.66666666
99.33333334
54.66666666
70.33333334
22.0
101.66666666
44.33333334
30.0
66.0
75.66666666
59.0
59.66666667
64.33333333
67.66666667
67.0
71.66666667
83.66666666
33.0
32.33333334
93.0
90.33333333
52.33333333
48.66666667
WT30
22.0
43.3333333333
46.3333333337
53.666666666
49.333333334
64.333333333
59.666666667
78.666666666
59.333333334
44.333333333
75.0
68.666666667
50.666666666
84.0
63.666666667
44.333333333
79.0
37.999999997
76.33333334
42.33333333
48.66666667
75.0
31.66666666
79.0
51.0
93.0
59.33333334
46.33333333
60.0
55.66666667
72.66666666
78.33333334
6.66666666
97.66666667
52.0
30.66666667
64.0
112.0
43.66666666
89.0
60.66666667
28.66666667
65.33333333
36.66666667
60.66666666
100.0
61.66666667
82.33333333
66.0
29.0
52.0
94.33333334
41.0
80.66666666
35.33333334
106.33333333
27.66666667
32.33333333
140.66666667
21.66666666
57.0
68.66666667
54.0
114.0
38.33333333
40.0
35.33333334
55.66666666
126.33333334
54.33333333
56.0
57.66666667
96.33333333
65.0
23.0
143.66666667
16.66666666
48.0
62.66666667
WT31
19.0
45.3333333333
52.3333333337
51.0
57.666666666
63.666666667
67.333333333
33.333333334
65.333333333
89.333333333
58.666666667
58.666666667
82.333333333
44.0
52.0
62.666666667
40.0
67.000000003
53.33333333
74.33333333
70.66666667
47.66666667
81.33333333
56.0
84.66666667
28.0
64.33333333
82.33333333
68.66666667
53.0
41.0
41.33333333
112.0
28.66666667
62.0
87.0
62.66666667
8.0
77.66666666
31.66666667
61.66666667
101.33333333
63.0
97.0
64.66666667
17.66666666
63.0
43.66666667
58.33333333
87.33333334
56.66666666
35.0
83.33333334
39.0
98.0
22.66666666
96.66666667
98.66666667
14.66666667
108.33333333
68.66666667
52.0
81.0
8.66666667
75.0
80.33333333
96.66666667
56.33333333
0.66666667
82.33333334
78.33333333
84.0
19.33333333
59.33333334
144.66666666
27.0
104.66666667
73.33333333
57.0
WT32
20.6666666667
44.3333333333
50.666666667
50.0
63.666666666
59.666666667
59.666666667
55.666666666
64.666666667
73.333333333
73.0
67.333333334
59.666666666
65.0
57.333333334
50.0
57.0
63.333333333
62.66666667
57.66666666
61.66666667
57.33333333
53.66666667
65.0
68.0
64.0
56.33333333
65.0
64.66666667
53.66666667
60.0
63.66666666
58.66666667
60.33333333
58.33333334
61.0
68.0
54.0
69.0
63.33333333
65.33333333
67.33333334
64.66666666
64.66666667
56.0
54.66666667
67.66666666
58.33333334
62.66666666
55.33333334
65.66666666
69.33333334
63.66666666
61.0
67.33333334
64.0
66.0
65.66666666
58.66666667
61.66666667
60.33333333
64.0
66.33333333
61.0
56.33333334
61.66666666
65.66666667
53.0
61.66666667
67.66666666
66.33333334
72.66666666
63.0
68.0
63.33333334
71.0
61.0
53.66666666
55.66666667
WT33
19.3333333333
40.6666666667
48.333333333
49.666666667
56.333333333
57.666666667
62.0
54.333333333
65.666666667
70.0
69.333333333
67.333333334
69.0
62.0
55.333333333
56.0
61.0
56.66666667
60.33333333
65.0
57.0
58.0
65.66666667
61.66666666
66.66666667
56.33333333
60.0
64.66666667
59.66666667
58.0
57.66666666
65.0
67.66666667
55.66666667
54.33333333
62.33333333
57.66666667
59.66666667
62.66666666
62.33333334
62.0
64.66666666
67.66666667
64.66666667
61.0
60.33333333
54.66666667
60.66666666
67.0
58.33333334
62.0
59.0
63.0
63.0
67.0
68.66666666
72.66666667
73.0
62.33333333
57.66666667
57.33333333
64.33333334
62.0
57.33333333
57.33333333
57.0
65.0
57.0
61.0
59.33333334
63.33333333
71.66666667
59.66666666
67.0
58.0
61.66666667
59.66666667
60.33333333
61.33333333
WT34
20.6666666667
39.3333333333
54.666666667
41.333333333
53.0
66.666666667
59.666666666
56.333333334
58.333333333
67.0
68.666666667
61.333333333
63.333333333
65.333333334
56.666666666
54.666666667
64.0
55.33333333
63.0
58.66666667
60.66666667
62.66666666
57.33333334
59.33333333
66.0
62.66666667
66.66666666
61.33333334
64.33333333
55.66666667
57.0
64.0
62.66666666
56.66666667
59.33333333
54.33333334
59.0
61.0
60.66666666
61.0
62.66666667
64.66666667
63.0
61.66666666
59.0
60.0
63.66666667
66.33333333
64.0
58.0
67.33333334
59.66666666
56.0
68.33333334
68.33333333
62.33333333
72.66666667
65.33333333
63.66666667
57.33333333
56.66666667
59.0
66.33333333
58.66666667
55.0
57.33333333
62.33333334
55.66666666
60.0
66.66666667
62.66666667
64.33333333
60.0
64.0
62.0
65.0
58.66666667
62.66666666
61.0
WT35
25.6666666667
37.3333333333
53.333333333
49.0
57.0
58.666666667
54.666666667
55.666666666
67.0
66.0
62.666666667
67.666666667
66.0
61.666666666
59.0
57.666666667
63.0
61.66666667
65.66666666
62.0
54.33333334
67.0
59.0
67.33333333
71.33333333
56.66666667
61.0
63.66666667
58.0
66.66666666
61.33333334
65.33333333
59.33333333
54.66666667
65.0
54.33333333
60.33333334
57.66666666
64.0
63.66666667
56.0
63.33333333
63.33333334
67.33333333
59.33333333
60.0
63.33333334
59.0
61.0
62.33333333
56.33333333
57.0
59.0
63.33333334
62.33333333
67.0
71.33333333
64.0
64.33333334
62.0
58.0
59.0
66.66666666
61.66666667
53.66666667
61.66666666
62.33333334
60.33333333
60.33333333
68.0
67.33333334
72.33333333
65.0
64.33333333
56.33333334
56.0
63.33333333
61.33333333
59.0
WT36
20.6666666667
37.6666666666
49.3333333337
58.0
56.0
60.666666666
61.0
55.0
64.333333334
70.333333333
65.0
64.666666667
66.333333333
61.333333333
64.666666667
51.333333333
53.333333334
62.000000003
60.66666666
58.33333334
61.0
61.66666666
58.0
65.0
74.33333334
60.33333333
60.0
62.66666667
64.66666666
60.66666667
59.33333333
65.0
64.33333334
67.66666666
56.33333334
57.33333333
74.0
49.33333333
64.0
65.0
65.33333334
62.0
69.66666666
63.0
65.0
59.66666667
67.0
63.33333333
66.33333334
59.66666666
61.33333334
65.66666666
58.33333334
59.33333333
66.66666667
68.0
69.0
66.0
63.0
63.33333333
63.66666667
70.0
66.33333333
63.0
66.66666667
61.33333333
65.33333333
58.0
56.66666667
62.66666667
78.66666666
64.33333334
59.66666666
68.0
59.0
62.33333334
70.66666666
58.66666667
53.0
WT37
20.0
43.0
59.666666667
53.0
52.666666666
58.666666667
62.333333333
55.333333334
63.666666666
66.333333334
66.333333333
62.333333333
63.666666667
68.0
55.666666667
49.333333333
65.0
60.0
55.33333333
57.66666667
55.66666667
57.66666666
57.0
69.0
63.33333334
60.33333333
61.0
65.33333333
62.66666667
63.33333333
54.33333334
74.0
60.33333333
64.33333333
55.0
61.0
60.0
62.0
63.66666667
66.0
68.33333333
63.66666667
62.33333333
69.0
62.0
66.0
59.33333334
57.0
67.66666666
53.66666667
60.66666667
61.0
62.33333333
59.66666667
62.0
66.66666666
63.0
64.33333334
66.66666666
60.33333334
58.33333333
63.0
62.66666667
63.33333333
62.0
58.0
67.33333333
54.33333334
62.66666666
58.33333334
63.66666666
61.33333334
61.0
65.0
54.0
61.66666666
62.0
56.66666667
62.33333333
WT38
20.3333333333
48.6666666667
51.666666667
40.0
57.333333333
67.333333333
55.666666667
62.333333333
64.333333334
70.333333333
45.333333333
78.0
74.666666667
64.333333333
63.0
24.666666667
68.333333333
58.666666667
41.66666667
102.66666666
16.66666667
81.33333333
30.0
90.66666667
41.33333333
98.0
63.33333334
32.66666666
101.0
20.66666667
131.0
26.0
67.0
52.0
63.33333333
27.33333334
76.33333333
77.66666667
42.33333333
66.0
65.66666667
59.33333333
51.33333333
62.33333334
95.66666666
78.0
6.33333334
103.33333333
22.33333333
56.33333334
99.33333333
58.33333333
58.33333334
65.66666666
45.33333334
63.0
85.0
42.66666666
81.0
32.0
86.0
67.33333334
64.66666666
83.0
52.66666667
40.33333333
69.33333334
58.0
90.66666666
11.66666666
62.66666666
124.33333334
57.0
67.66666666
4.33333334
87.66666666
126.66666667
35.66666667
103.0
WT39
19.3333333333
40.0
53.3333333337
47.333333333
58.0
56.0
70.333333333
51.666666667
59.333333333
64.333333334
90.666666666
57.0
51.666666667
59.666666667
60.0
77.666666666
50.0
53.666666667
77.0
21.33333333
94.0
40.66666667
86.0
43.66666667
97.66666666
31.66666667
63.66666667
100.0
32.0
98.33333333
12.33333333
95.33333333
63.0
71.33333333
46.33333334
88.33333333
38.33333333
42.33333334
75.0
66.66666666
62.33333334
70.66666666
76.33333334
63.66666666
27.33333334
36.0
122.0
24.66666666
96.0
61.33333334
14.66666666
66.66666667
59.0
50.66666667
96.66666666
70.0
39.66666667
92.0
42.66666667
98.33333333
38.0
53.33333333
65.0
41.66666667
61.0
75.66666667
50.66666666
55.66666667
38.0
143.0
64.0
13.66666667
62.66666666
64.66666667
112.0
37.33333333
1.66666667
156.66666667
19.66666666
WT40
19.3333333333
40.3333333334
44.6666666663
48.666666667
52.0
56.0
60.666666667
58.666666666
64.0
69.666666667
64.666666667
64.333333333
60.666666667
62.666666666
61.333333334
49.666666666
56.333333334
62.333333333
63.0
58.33333333
56.33333334
63.33333333
53.0
64.0
67.0
69.0
67.33333333
65.66666667
64.66666667
57.66666666
60.0
56.66666667
57.66666667
58.66666666
59.0
55.0
63.66666667
55.33333333
63.0
65.0
64.0
65.0
61.66666667
64.33333333
70.33333334
62.66666666
63.0
60.33333334
61.33333333
63.33333333
61.33333334
57.0
55.33333333
61.66666667
64.66666666
71.66666667
64.0
72.33333333
62.0
64.66666667
58.33333333
68.33333334
59.33333333
61.66666667
58.0
64.0
63.0
58.33333333
66.0
58.33333333
59.66666667
62.66666667
69.0
67.66666666
63.0
59.66666667
64.0
67.0
57.66666667
WT41
21.3333333333
40.3333333334
45.6666666663
40.0
55.0
58.333333334
59.666666666
57.0
62.666666667
70.0
77.333333333
63.333333334
63.0
59.666666666
59.666666667
53.666666667
64.0
54.666666663
57.66666667
61.0
62.66666667
60.66666666
54.33333334
58.66666666
65.33333334
64.33333333
65.66666667
65.33333333
61.33333333
64.66666667
58.66666667
64.0
65.33333333
55.33333333
54.66666667
59.66666667
64.33333333
60.66666667
63.0
60.66666666
63.0
68.0
66.66666667
67.33333333
64.66666667
56.0
65.33333333
63.33333334
63.0
61.66666666
59.33333334
55.33333333
57.66666667
66.0
71.33333333
66.66666667
62.0
67.33333333
63.0
63.0
62.33333333
57.66666667
71.33333333
65.33333334
59.0
61.66666666
62.0
54.66666667
62.66666667
67.0
65.0
65.66666666
67.33333334
62.0
59.66666666
66.0
66.33333334
60.0
65.33333333
WT42
21.3333333333
40.6666666667
54.333333333
54.0
50.0
62.333333334
57.333333333
53.0
62.666666667
71.666666666
64.666666667
66.333333333
62.0
71.0
57.333333334
57.333333333
53.0
57.66666667
59.0
59.0
58.0
67.66666666
55.33333334
65.66666666
66.66666667
58.33333333
61.33333334
65.33333333
68.33333333
51.66666667
58.0
75.0
61.33333333
58.0
52.33333334
51.66666666
62.0
58.33333334
60.0
61.0
56.66666666
71.33333334
63.0
61.66666666
65.66666667
64.66666667
63.33333333
61.33333333
63.0
56.33333334
56.0
66.0
55.33333333
60.33333333
67.66666667
65.0
65.0
66.33333333
68.33333334
55.0
56.33333333
68.0
72.66666667
54.33333333
59.0
55.0
65.66666667
51.33333333
64.33333333
62.0
60.0
63.33333334
61.33333333
67.0
53.0
61.0
60.0
61.33333333
58.33333334
WT43
18.0
39.6666666667
55.0000000003
47.666666666
55.333333334
60.666666666
59.0
56.666666667
63.333333333
67.0
67.333333334
66.0
61.0
63.666666666
54.333333334
47.666666666
56.333333334
60.0
55.333333333
61.33333333
63.33333334
58.0
59.66666666
57.33333334
66.66666666
58.66666667
64.0
60.33333333
65.33333334
55.0
62.66666666
65.33333334
60.0
62.0
62.0
59.66666666
59.33333334
62.33333333
58.33333333
63.33333334
64.0
63.0
65.0
62.66666666
60.66666667
67.66666667
61.0
61.33333333
60.66666667
64.33333333
58.33333333
64.33333334
75.66666666
57.33333334
72.0
63.33333333
61.0
62.33333333
61.33333334
62.33333333
63.33333333
60.66666667
65.0
63.0
56.0
60.66666667
61.0
57.66666666
57.66666667
61.33333333
64.33333334
67.0
60.66666666
60.33333334
56.33333333
68.33333333
67.66666667
59.33333333
59.33333334
WT44
19.6666666667
38.3333333333
47.666666667
47.666666666
61.333333334
60.666666666
60.0
55.333333334
61.333333333
60.666666667
64.0
70.0
64.666666666
63.666666667
64.333333333
54.333333334
63.333333333
57.33333333
59.33333334
59.33333333
61.0
66.66666667
54.33333333
59.66666667
66.66666666
61.33333334
65.33333333
64.0
64.0
57.33333333
58.0
66.33333334
62.33333333
58.66666667
54.66666666
56.33333334
53.0
54.66666666
61.0
61.66666667
59.33333333
68.66666667
60.33333333
64.66666667
61.33333333
61.66666667
64.0
58.0
66.66666667
60.66666666
62.66666667
69.33333333
62.0
64.33333334
66.66666666
61.0
67.0
69.33333334
64.66666666
64.0
60.0
58.66666667
65.0
60.33333333
62.0
57.0
63.0
55.0
67.33333334
67.66666666
64.66666667
65.66666667
57.0
60.33333333
56.66666667
54.66666666
64.33333334
58.33333333
58.0
WT45
21.0
44.6666666667
53.3333333333
48.333333333
51.666666667
58.333333333
63.0
60.666666667
62.666666667
64.666666666
66.333333334
64.666666666
68.0
67.0
60.333333334
49.333333333
57.666666667
59.333333333
56.0
56.66666667
66.66666666
64.0
61.33333334
60.33333333
69.0
57.66666667
64.0
65.33333333
63.66666667
58.0
55.66666666
63.66666667
53.66666667
57.66666666
57.0
53.66666667
64.0
60.66666667
51.66666666
60.0
62.0
66.66666667
62.33333333
69.66666667
63.0
58.33333333
63.66666667
60.0
60.0
58.66666667
65.33333333
63.33333333
63.33333334
61.33333333
65.66666667
61.33333333
60.66666667
70.66666666
67.0
61.66666667
56.66666667
63.66666666
65.0
58.0
58.66666667
58.0
66.33333333
55.33333334
65.33333333
65.33333333
56.0
62.33333334
59.0
65.0
59.66666666
63.66666667
60.0
59.66666667
51.66666666
WT46
25.3333333333
43.0
48.9999999997
45.333333334
58.333333333
60.333333333
65.666666667
53.333333333
62.333333334
67.666666666
66.0
71.0
61.0
64.666666667
62.666666667
47.0
57.0
64.000000003
61.66666666
55.66666667
57.66666667
62.66666666
58.66666667
59.0
63.33333333
64.66666667
61.0
68.0
64.33333333
59.33333334
52.66666666
63.66666667
64.33333333
61.66666667
56.66666667
50.33333333
60.33333333
56.0
61.66666667
64.33333333
63.33333334
57.0
64.33333333
65.33333333
60.66666667
56.0
61.0
63.66666667
62.33333333
56.66666667
62.33333333
62.33333333
57.66666667
56.66666667
63.33333333
57.0
65.66666667
68.33333333
67.0
64.0
66.66666667
61.33333333
67.0
65.33333333
60.66666667
57.66666667
61.66666666
57.33333334
65.33333333
68.66666667
66.33333333
68.66666667
62.0
64.0
59.66666666
57.0
64.33333334
57.33333333
59.0
WT47
20.3333333333
38.3333333334
52.3333333333
44.0
54.666666667
66.333333333
58.666666667
49.0
68.666666666
66.0
68.0
64.0
51.666666667
59.0
62.666666667
51.666666666
62.0
57.0
61.666666667
58.66666667
61.0
63.66666666
59.33333334
63.33333333
65.66666667
66.0
63.0
69.66666666
60.33333334
57.66666666
55.33333334
67.33333333
66.66666667
62.0
62.66666666
53.66666667
64.33333333
65.0
62.33333334
71.66666666
63.66666667
61.66666667
71.0
62.33333333
61.66666667
57.0
61.0
65.33333333
64.66666667
54.66666666
61.66666667
56.66666667
59.66666666
58.33333334
65.33333333
65.66666667
60.66666666
69.33333334
63.0
61.66666666
56.33333334
65.33333333
66.66666667
57.66666666
60.66666667
61.33333333
55.33333334
54.33333333
69.66666667
68.0
60.33333333
68.0
62.66666667
62.33333333
58.66666667
55.0
61.33333333
57.0
62.33333333
WT48
20.3333333333
45.0
52.3333333337
48.666666666
54.666666667
64.0
59.0
57.666666667
69.333333333
67.0
67.333333333
68.0
68.333333334
66.0
53.333333333
51.333333333
65.0
57.666666667
58.0
58.33333333
61.66666667
59.33333333
58.33333334
66.0
61.66666666
60.33333334
65.33333333
57.0
61.33333333
60.0
56.66666667
65.33333333
65.33333334
57.66666666
66.33333334
52.0
60.66666666
53.33333334
64.0
60.33333333
61.66666667
65.66666666
67.33333334
64.33333333
59.0
57.66666667
65.0
61.33333333
65.66666667
67.66666666
57.0
60.33333334
57.33333333
58.66666667
66.66666666
64.66666667
67.33333333
67.0
58.66666667
55.0
60.66666667
63.33333333
63.33333333
57.0
53.33333334
57.33333333
64.66666667
52.0
67.33333333
60.0
66.0
70.66666667
62.66666666
69.66666667
61.66666667
56.0
60.33333333
58.33333333
65.33333334
WT49
27.6666666667
44.0
48.0000000003
48.666666666
51.333333334
61.0
67.666666666
52.666666667
65.666666667
73.333333333
65.666666667
62.333333333
66.333333333
62.666666667
53.666666667
55.333333333
58.333333333
54.999999997
62.33333334
59.0
56.0
62.66666666
60.66666667
69.66666667
67.0
61.0
61.66666666
62.66666667
65.0
59.0
57.0
63.66666667
58.0
55.66666666
64.66666667
61.33333333
65.66666667
59.66666667
58.0
61.66666666
61.33333334
65.66666666
61.66666667
64.66666667
62.66666666
64.0
59.66666667
62.66666667
61.0
67.33333333
56.66666667
59.0
57.66666666
61.66666667
66.0
66.66666667
61.0
70.33333333
61.66666667
61.33333333
62.33333333
64.66666667
67.33333333
59.66666667
54.66666667
60.33333333
67.0
61.66666667
63.33333333
66.33333333
64.66666667
60.66666667
63.66666666
66.0
57.66666667
59.33333333
57.0
64.0
59.0
WT50
18.3333333333
41.3333333334
48.3333333333
51.333333333
60.0
64.666666667
59.333333333
55.0
63.333333334
67.0
72.666666666
62.666666667
59.666666667
63.0
58.666666666
54.0
61.0
52.666666667
64.0
60.0
55.66666667
57.0
56.33333333
67.33333333
65.0
59.33333334
67.33333333
60.33333333
65.66666667
56.33333333
59.33333334
61.0
65.0
57.66666666
59.66666667
56.33333333
64.0
61.66666667
62.0
68.66666667
62.66666666
62.33333334
60.33333333
61.0
60.33333333
65.33333334
59.0
62.66666666
63.0
57.0
59.0
64.0
57.66666667
58.66666667
69.66666666
65.0
61.33333334
68.33333333
62.0
67.66666667
59.66666666
63.0
62.33333334
63.33333333
57.66666667
63.33333333
66.33333333
55.66666667
66.33333333
63.0
65.33333334
70.0
62.66666666
65.0
58.33333334
60.66666666
63.66666667
59.33333333
60.66666667
WT51
18.6666666667
37.3333333333
44.333333333
42.666666667
55.0
54.666666667
54.333333333
52.0
63.333333333
66.666666667
59.666666667
64.333333333
62.333333333
65.666666667
62.0
56.333333333
60.333333334
56.333333333
64.0
55.66666667
52.0
58.33333333
63.33333333
57.66666667
72.33333333
53.33333334
62.33333333
64.66666667
62.33333333
52.66666667
59.33333333
68.33333333
68.33333334
63.66666666
51.33333334
61.33333333
61.33333333
52.66666667
59.0
67.66666667
64.0
66.33333333
70.66666667
67.66666666
57.0
56.33333334
53.66666666
60.33333334
67.33333333
51.33333333
61.33333334
64.0
61.0
64.33333333
67.33333333
65.33333334
69.0
68.0
59.0
59.66666666
57.66666667
66.33333333
66.33333334
58.0
63.66666666
66.33333334
61.66666666
56.66666667
60.66666667
66.0
64.33333333
70.66666667
58.66666666
68.66666667
67.66666667
63.0
66.33333333
60.33333333
58.0
WT52
21.0
43.0
48.666666667
42.0
58.666666666
61.0
61.0
48.666666667
66.0
64.333333333
58.0
66.666666667
59.666666667
72.0
65.333333333
52.0
62.0
53.33333333
59.33333334
59.0
60.33333333
58.0
57.0
70.33333333
67.33333334
64.33333333
65.0
59.66666667
65.0
54.0
59.33333333
67.0
60.66666667
57.66666666
55.66666667
58.0
62.33333333
60.66666667
60.33333333
56.33333334
58.66666666
66.33333334
62.33333333
63.0
60.66666667
61.0
63.66666666
62.66666667
63.66666667
61.66666666
61.33333334
62.66666666
58.0
59.33333334
61.66666666
64.66666667
63.66666667
74.0
63.66666666
62.0
60.0
66.66666667
57.66666667
60.33333333
57.33333333
60.33333334
62.66666666
58.66666667
60.33333333
67.33333334
69.33333333
62.0
60.33333333
64.66666667
60.66666667
64.33333333
57.0
58.0
61.33333333
WT53
20.3333333333
44.6666666667
50.0
49.333333333
52.0
63.666666667
65.333333333
55.333333334
61.333333333
68.333333333
65.333333334
65.333333333
63.666666667
69.666666666
61.666666667
48.666666667
58.0
56.333333333
66.66666667
57.66666666
51.33333334
63.33333333
55.66666667
63.66666666
69.33333334
61.0
60.66666666
60.33333334
65.0
63.0
56.66666666
62.33333334
63.33333333
54.0
54.0
57.66666667
60.66666666
51.33333334
62.33333333
63.0
57.33333333
70.0
68.33333334
63.0
60.66666666
66.0
66.0
62.0
57.66666667
56.33333333
57.33333334
68.0
53.0
60.66666666
65.0
69.0
61.66666667
69.33333333
64.66666667
63.66666667
58.0
62.33333333
61.33333333
63.66666667
60.33333333
57.33333334
61.33333333
48.66666667
67.33333333
65.33333333
59.0
65.0
60.0
62.33333334
57.33333333
65.0
64.33333333
54.33333334
61.33333333
WT54
19.3333333333
45.0
48.6666666667
49.0
52.333333333
61.0
61.666666667
54.0
62.333333333
66.0
65.333333334
67.0
65.333333333
60.0
59.333333333
55.333333334
60.666666666
60.333333337
60.66666666
57.66666667
62.66666667
64.66666666
57.0
63.33333334
65.66666666
59.33333334
59.66666666
55.33333334
71.0
51.0
58.66666666
66.66666667
59.66666667
58.66666666
58.66666667
52.66666667
63.0
60.66666666
59.66666667
62.0
64.66666667
65.66666666
64.33333334
63.66666666
51.66666667
67.33333333
63.33333334
59.33333333
60.66666667
60.66666666
60.33333334
64.33333333
63.33333333
64.33333334
67.0
60.0
62.66666666
67.66666667
60.33333333
61.33333334
62.33333333
65.66666667
74.0
61.66666666
58.33333334
59.66666666
58.0
56.66666667
63.33333333
69.0
64.66666667
71.66666667
64.0
63.0
60.33333333
58.66666667
67.66666666
58.33333334
62.33333333
WT55
22.6666666667
39.3333333333
47.666666667
42.333333333
56.0
59.666666667
65.666666666
53.666666667
77.0
63.333333333
55.333333334
69.666666666
75.0
56.666666667
62.333333333
48.333333334
58.0
72.000000003
67.66666666
46.33333334
57.66666666
62.0
55.33333334
67.33333333
84.33333333
48.66666667
56.33333333
67.0
62.33333334
63.0
61.66666666
74.66666667
54.0
50.66666667
71.33333333
43.66666667
74.66666666
76.33333334
48.0
65.0
60.66666666
72.66666667
52.0
74.0
50.66666667
69.0
49.0
57.66666666
66.66666667
53.33333333
58.0
83.0
37.33333334
81.33333333
64.0
39.66666667
86.0
48.66666666
87.66666667
47.0
62.0
71.66666667
34.66666666
77.0
36.0
101.33333334
32.66666666
48.0
73.66666667
42.0
102.0
31.33333333
76.33333334
48.0
82.33333333
39.66666667
108.0
24.0
64.66666666
WT56
20.6666666667
41.0
50.6666666663
50.333333334
59.666666666
57.0
61.666666667
56.0
53.0
69.333333333
74.0
62.0
70.0
62.666666667
59.0
60.333333333
62.0
38.999999997
56.33333334
71.33333333
63.33333333
61.0
67.33333334
60.33333333
54.66666667
68.33333333
72.0
63.33333333
68.66666667
61.33333333
55.33333334
56.66666666
72.33333334
71.66666666
44.0
68.66666667
50.66666667
51.0
72.33333333
63.0
64.33333333
55.0
79.66666667
54.33333333
64.0
49.66666667
66.33333333
61.0
50.66666667
57.66666667
65.33333333
48.0
79.0
40.66666667
64.33333333
88.0
51.33333333
84.66666667
40.0
72.0
59.0
48.66666667
94.0
49.66666666
78.0
9.33333334
83.66666666
57.33333334
47.33333333
89.0
29.0
99.0
55.0
83.0
24.66666667
88.0
16.33333333
101.33333333
61.66666667
WT57
20.6666666667
46.0
50.6666666663
44.666666667
58.333333333
62.333333334
63.666666666
57.0
62.0
72.0
66.666666667
63.0
70.0
64.0
57.666666667
60.0
59.333333333
57.66666667
54.66666666
54.33333334
61.66666666
65.66666667
58.33333333
67.66666667
64.66666667
60.0
67.0
56.33333333
62.33333333
60.33333334
58.0
68.0
62.0
57.0
59.33333333
56.0
56.66666667
59.66666666
61.0
62.66666667
63.0
65.66666667
69.0
63.0
54.0
59.0
69.66666666
62.33333334
65.33333333
55.33333333
58.66666667
65.66666667
62.33333333
68.33333333
62.66666667
71.0
66.0
65.33333333
69.33333334
59.33333333
57.0
65.33333333
66.66666667
61.33333333
53.0
64.0
60.66666667
56.66666667
60.0
61.33333333
68.33333333
66.33333334
66.66666666
64.66666667
57.0
65.33333333
60.66666667
60.0
64.66666667
WT58
22.3333333333
39.0
53.9999999997
48.333333334
56.333333333
58.333333333
65.333333334
51.0
70.0
63.333333333
57.0
67.333333333
64.0
69.333333334
64.666666666
54.666666667
60.333333333
62.666666667
61.0
58.66666667
53.66666666
58.66666667
55.66666667
65.33333333
69.0
61.33333333
62.0
58.66666667
61.33333333
56.66666667
61.0
63.66666667
60.66666666
63.66666667
58.33333333
57.0
67.0
53.33333334
64.66666666
66.66666667
59.0
67.33333333
63.66666667
66.66666667
62.66666666
55.0
62.0
56.66666667
64.66666667
61.33333333
56.66666667
65.0
57.33333333
58.33333333
62.33333334
60.66666666
66.0
66.66666667
65.0
67.0
57.0
59.33333333
63.33333334
58.0
66.0
58.0
60.66666666
55.0
61.33333334
65.33333333
63.66666667
71.66666666
60.0
63.0
64.66666667
60.0
55.66666667
62.66666666
62.0
WT59
21.6666666667
47.3333333333
54.0
44.333333333
56.0
51.333333334
73.333333333
52.0
57.333333333
70.666666667
63.333333333
74.0
57.666666667
61.666666667
65.666666666
48.666666667
63.333333333
44.999999997
75.0
50.33333334
61.66666666
56.33333334
74.66666666
64.66666667
65.66666667
64.66666666
59.66666667
55.66666667
57.33333333
75.66666667
49.66666666
77.0
45.0
63.0
64.33333334
57.33333333
56.0
89.33333333
33.0
82.33333334
66.33333333
35.66666667
82.66666666
71.33333334
27.66666666
92.66666667
79.66666667
1.0
102.66666666
61.33333334
5.33333333
119.33333333
35.33333334
66.33333333
67.66666667
108.0
16.33333333
99.33333333
11.0
83.66666667
35.33333333
138.0
6.66666666
104.66666666
68.33333334
53.33333333
34.33333333
77.66666667
43.66666667
89.33333333
90.33333333
47.33333334
25.66666666
119.0
15.33333334
45.0
79.33333333
67.0
51.0
WT60
20.0
41.0
49.666666667
50.333333333
49.333333333
76.0
51.333333334
58.333333333
71.0
66.333333333
71.666666667
49.666666667
75.333333333
63.0
54.333333333
54.0
61.666666667
64.66666667
46.0
77.66666666
53.33333334
64.0
42.0
66.0
70.33333333
61.66666667
66.66666666
71.66666667
66.0
40.66666667
65.33333333
55.0
81.33333333
58.66666667
56.0
60.33333333
72.66666667
27.0
88.33333333
48.0
56.33333334
95.0
44.33333333
51.66666667
86.66666666
30.66666667
48.0
126.33333333
22.66666667
53.33333333
111.66666667
8.33333333
91.0
63.33333334
65.33333333
21.33333333
115.33333334
36.33333333
118.0
36.0
83.66666667
15.0
145.66666666
11.66666667
47.0
59.33333333
95.66666667
36.66666667
83.66666666
43.0
38.66666667
90.33333333
96.0
2.66666667
105.33333333
74.0
41.0
47.66666667
75.66666667
WT61
20.3333333333
40.0
48.3333333337
45.666666666
55.666666667
59.333333333
61.333333334
57.0
62.666666666
67.666666667
66.333333333
70.333333334
61.333333333
62.333333333
61.0
53.0
63.666666667
53.33333333
57.0
67.33333334
54.33333333
66.0
60.66666667
64.33333333
69.66666667
61.66666666
60.0
66.66666667
61.0
60.33333333
62.66666667
58.0
60.0
69.66666667
56.66666666
58.66666667
61.66666667
59.0
56.0
60.33333333
61.0
65.33333333
67.33333334
65.0
55.0
65.0
60.66666666
56.66666667
60.0
60.33333333
62.0
59.33333334
58.0
59.33333333
65.0
64.66666667
61.0
69.33333333
61.33333333
58.0
57.0
62.66666667
66.66666667
62.66666666
58.33333334
62.33333333
56.33333333
54.66666667
64.33333333
66.0
69.33333334
65.0
57.66666666
61.0
66.0
64.0
57.66666667
64.0
65.33333333
WT62
19.0
43.0
47.333333333
52.0
57.0
59.0
58.666666667
58.666666667
64.666666666
59.333333334
67.0
63.333333333
66.0
65.666666667
54.333333333
55.0
62.0
58.0
55.33333333
56.0
60.66666667
62.0
58.0
63.66666667
70.66666666
64.0
67.0
60.33333334
67.33333333
58.33333333
61.33333334
62.0
61.66666666
63.33333334
52.66666666
57.33333334
64.33333333
52.66666667
57.33333333
61.0
67.0
60.33333333
67.0
64.33333334
56.66666666
52.66666667
67.0
61.0
64.0
54.33333333
64.33333334
65.33333333
57.0
60.66666667
64.66666666
65.66666667
63.33333333
66.33333334
66.33333333
58.33333333
53.33333334
59.66666666
70.66666667
67.33333333
58.0
60.66666667
61.0
62.33333333
69.0
68.66666667
63.0
68.0
64.33333333
66.33333334
58.66666666
61.66666667
64.0
57.66666667
59.33333333
WT63
19.6666666667
40.3333333333
46.333333333
49.0
55.0
58.333333334
64.333333333
58.666666667
65.0
61.666666666
66.666666667
65.666666667
63.0
66.0
58.666666666
53.333333334
64.333333333
57.66666667
65.66666666
62.0
55.66666667
62.33333333
61.0
62.0
65.0
56.0
62.0
58.33333334
64.33333333
63.66666667
54.66666666
62.66666667
65.33333333
62.66666667
63.0
62.0
62.0
57.0
64.0
71.66666667
62.0
71.33333333
60.33333333
61.0
62.66666667
63.66666667
62.66666666
61.0
59.33333334
63.0
59.66666666
58.33333334
61.0
59.0
64.33333333
67.33333333
64.66666667
70.33333333
62.33333334
65.0
65.0
60.33333333
62.66666667
61.0
64.33333333
59.66666667
67.66666666
52.0
68.0
68.33333334
67.66666666
70.0
62.0
62.66666667
54.0
65.0
64.33333333
59.66666667
61.0
