SEC 1
200.333333333
200.0
193.0
199.333333333
197.333333333
199.0
195.0
197.666666667
SEC 2
557.0
540.333333333
545.333333333
547.0
539.333333333
554.333333333
553.666666667
540.0
SEC 3
907.666666667
884.0
880.333333333
910.333333333
892.666666667
909.333333333
903.666666667
894.333333333
SEC 4
1314.0
1280.66666667
1280.66666667
1311.0
1293.66666667
1304.66666667
1306.66666667
1311.66666667
SEC 5
1786.33333333
1750.0
1748.33333333
1781.66666667
1767.0
1771.66666667
1764.33333333
1782.0
SEC 6
2272.33333333
2226.33333333
2226.0
2269.0
2260.0
2245.33333333
2243.33333333
2262.33333333
SEC 7
2703.0
2646.0
2650.66666667
2693.0
2681.66666667
2677.33333333
2653.33333333
2690.0
SEC 8
3182.66666667
3147.33333333
3131.66666667
3201.0
3176.33333333
3164.33333333
3143.33333333
3178.0
SEC 9
3681.0
3649.66666667
3618.33333333
3688.33333333
3658.0
3657.0
3631.33333333
3673.0
SEC 10
4158.0
4121.0
4070.0
4145.33333333
4135.33333333
4123.0
4090.0
4127.66666667
SEC 11
4651.66666667
4636.66666667
4570.0
4645.66666667
4634.66666667
4621.33333333
4588.0
4629.33333333
SEC 12
5111.66666667
5099.33333333
5030.0
5098.0
5086.33333333
5089.0
5030.0
5079.0
SEC 13
5614.0
5617.0
5532.0
5589.0
5596.66666667
5584.0
5525.33333333
5576.0
SEC 14
6103.33333333
6107.66666667
6023.0
6081.66666667
6080.33333333
6068.0
6020.33333333
6065.0
SEC 15
6602.0
6597.0
6538.33333333
6581.66666667
6563.33333333
6566.33333333
6506.33333333
6561.0
SEC 16
7092.66666667
7078.33333333
7025.33333333
7069.33333333
7047.0
7047.0
6993.33333333
7040.66666667
SEC 17
7580.66666667
7573.33333333
7519.66666667
7560.0
7531.66666667
7540.66666667
7492.0
7539.33333333
SEC 18
8033.33333333
8026.0
7974.0
8008.66666667
7981.66666667
7994.0
7940.33333333
7988.0
SEC 19
8538.66666667
8521.66666667
8477.66666667
8504.66666667
8481.33333333
8488.33333333
8438.33333333
8480.66666667
SEC 20
9048.0
9022.33333333
8967.33333333
9014.66666667
8968.66666667
8975.66666667
8949.66666667
8984.66666667
SEC 21
9530.33333333
9508.0
9449.66666667
9501.0
9443.33333333
9460.33333333
9423.0
9461.66666667
SEC 22
9998.0
9967.0
9907.0
9959.66666667
9913.66666667
9920.66666667
9880.33333333
9934.0
SEC 23
10474.6666667
10447.0
10391.3333333
10437.0
10382.0
10406.6666667
10357.0
10418.6666667
SEC 24
10951.6666667
10938.0
10879.3333333
10909.0
10861.0
10902.0
10850.0
10898.0
SEC 25
11412.6666667
11408.0
11347.6666667
11373.6666667
11350.3333333
11373.6666667
11333.0
11384.6666667
SEC 26
11906.6666667
11885.3333333
11846.6666667
11858.3333333
11837.3333333
11860.0
11824.3333333
11882.3333333
SEC 27
12416.6666667
12403.0
12362.0
12365.6666667
12352.6666667
12373.6666667
12334.0
12413.6666667
SEC 28
12939.3333333
12919.3333333
12872.6666667
12879.3333333
12876.3333333
12893.3333333
12833.0
12916.0
SEC 29
13377.0
13358.0
13314.3333333
13329.0
13316.3333333
13344.6666667
13279.0
13364.6666667
SEC 30
13863.0
13854.6666667
13807.6666667
13825.3333333
13810.6666667
13832.3333333
13771.6666667
13865.0
SEC 31
14369.6666667
14357.6666667
14300.0
14334.3333333
14297.3333333
14333.0
14267.6666667
14367.0
SEC 32
14884.0
14860.6666667
14801.3333333
14839.6666667
14803.0
14830.3333333
14770.3333333
14870.0
SEC 33
15352.0
15345.6666667
15286.3333333
15323.0
15276.3333333
15308.3333333
15247.6666667
15355.3333333
SEC 34
15823.6666667
15801.6666667
15753.0
15805.0
15754.6666667
15802.3333333
15716.3333333
15824.3333333
SEC 35
16295.6666667
16259.0
16226.6666667
16265.3333333
16225.6666667
16274.3333333
16188.3333333
16297.0
SEC 36
16783.3333333
16743.0
16715.6666667
16745.0
16712.3333333
16743.0
16686.3333333
16777.3333333
SEC 37
17263.3333333
17232.3333333
17201.0
17228.0
17193.0
17220.3333333
17164.0
17254.0
SEC 38
17728.3333333
17697.3333333
17659.0
17696.3333333
17662.6666667
17683.6666667
17619.6666667
17724.0
SEC 39
18221.6666667
18176.6666667
18142.0
18186.3333333
18140.3333333
18159.0
18099.3333333
18203.3333333
SEC 40
18683.3333333
18646.0
18622.3333333
18666.3333333
18600.6666667
18645.3333333
18577.6666667
18676.6666667
SEC 41
19197.0
19141.6666667
19117.3333333
19166.0
19096.0
19144.6666667
19089.3333333
19165.3333333
SEC 42
19696.0
19637.0
19621.0
19671.0
19597.3333333
19652.6666667
19599.0
19693.3333333
SEC 43
20210.3333333
20147.6666667
20152.3333333
20179.0
20115.6666667
20165.6666667
20102.6666667
20219.3333333
SEC 44
20732.6666667
20663.3333333
20659.6666667
20671.3333333
20626.3333333
20678.0
20613.6666667
20737.0
SEC 45
21235.0
21155.6666667
21152.0
21166.3333333
21122.3333333
21178.6666667
21112.0
21225.6666667
SEC 46
21706.0
21637.3333333
21616.3333333
21637.3333333
21606.0
21647.6666667
21595.3333333
21686.6666667
SEC 47
22206.0
22133.0
22095.6666667
22126.3333333
22111.3333333
22143.3333333
22067.6666667
22173.0
SEC 48
22672.0
22610.0
22571.3333333
22598.6666667
22583.3333333
22625.6666667
22533.6666667
22649.3333333
SEC 49
23164.0
23097.6666667
23062.6666667
23101.3333333
23075.3333333
23120.0
23031.0
23152.0
SEC 50
23684.0
23614.6666667
23569.0
23621.6666667
23593.0
23655.6666667
23551.6666667
23677.0
SEC 51
24202.0
24117.6666667
24072.0
24127.3333333
24094.0
24170.0
24065.0
24183.6666667
SEC 52
24660.0
24587.3333333
24538.3333333
24608.3333333
24572.0
24644.0
24543.0
24657.3333333
SEC 53
25160.6666667
25081.0
25027.0
25109.0
25067.0
25134.0
25047.0
25153.6666667
SEC 54
25619.0
25550.0
25476.0
25568.3333333
25529.0
25604.3333333
25512.3333333
25612.6666667
SEC 55
26083.6666667
26023.0
25946.6666667
26019.3333333
25990.6666667
26082.6666667
25981.3333333
26072.6666667
SEC 56
26586.6666667
26512.6666667
26452.3333333
26515.0
26494.0
26577.6666667
26495.0
26577.0
SEC 57
27089.6666667
27009.3333333
26955.6666667
27011.6666667
27000.6666667
27081.0
26999.0
27082.6666667
SEC 58
27612.6666667
27496.0
27461.0
27503.6666667
27507.3333333
27574.6666667
27497.3333333
27582.3333333
SEC 59
28114.0
28018.6666667
27988.0
28012.6666667
28018.0
28076.6666667
28009.6666667
28092.0
SEC 60
28619.0
28531.0
28511.6666667
28526.3333333
28530.3333333
28569.3333333
28519.0
28591.0
SEC 61
29114.0
29038.3333333
29019.6666667
29026.3333333
29039.3333333
29064.6666667
29013.6666667
29099.3333333
SEC 62
29621.0
29551.3333333
29528.0
29544.0
29553.0
29572.3333333
29548.0
29612.6666667
SEC 63
30098.3333333
30022.0
30011.3333333
30034.0
30028.0
30053.6666667
30047.6666667
30101.6666667
SEC 64
30618.0
30525.6666667
30527.6666667
30538.0
30537.6666667
30560.0
30550.6666667
30607.0
SEC 65
31109.6666667
31014.0
31013.0
31043.6666667
31034.3333333
31044.0
31036.0
31103.3333333
SEC 66
31601.0
31512.6666667
31513.0
31525.6666667
31525.0
31528.3333333
31539.6666667
31597.0
SEC 67
32083.3333333
31986.3333333
31974.6666667
32001.3333333
31999.3333333
31999.3333333
32008.6666667
32075.0
SEC 68
32577.0
32473.0
32477.6666667
32495.3333333
32492.6666667
32485.6666667
32490.6666667
32568.0
SEC 69
33059.3333333
32955.6666667
32968.6666667
32977.6666667
32978.3333333
32972.3333333
32983.0
33066.3333333
SEC 70
33537.0
33429.3333333
33444.0
33455.6666667
33452.0
33462.6666667
33468.3333333
33557.6666667
SEC 71
34036.3333333
33914.3333333
33918.0
33927.3333333
33919.3333333
33957.0
33954.6666667
34057.0
SEC 72
34552.0
34419.0
34424.3333333
34429.6666667
34421.6666667
34475.6666667
34462.3333333
34582.3333333
SEC 73
35066.0
34928.0
34938.6666667
34934.0
34937.0
34984.0
34956.3333333
35093.3333333
SEC 74
35570.3333333
35431.3333333
35450.3333333
35437.6666667
35452.0
35488.6666667
35452.6666667
35614.0
SEC 75
36047.6666667
35895.3333333
35906.3333333
35907.0
35918.6666667
35942.0
35923.3333333
36074.0
SEC 76
36550.0
36420.0
36419.0
36392.6666667
36419.0
36451.3333333
36435.3333333
36587.0
SEC 77
37056.3333333
36914.0
36932.0
36897.6666667
36937.3333333
36962.3333333
36946.0
37091.3333333
SEC 78
37544.3333333
37379.3333333
37399.3333333
37376.6666667
37408.6666667
37444.3333333
37433.3333333
37574.0
SEC 79
38043.6666667
37860.0
37895.0
37851.3333333
37910.6666667
37944.6666667
37913.6666667
38073.0
SEC 80
38519.6666667
38347.0
38379.3333333
38336.6666667
38392.3333333
38430.3333333
38397.0
38567.0
