SEC 1
17.0
18.0
16.0
17.3333333333
18.3333333333
19.6666666667
20.6666666667
18.6666666667
19.3333333333
18.3333333333
18.0
19.0
17.3333333333
16.6666666667
18.0
19.0
18.3333333333
17.3333333333
21.0
17.0
18.0
15.6666666667
17.3333333333
17.0
19.0
17.3333333333
18.0
17.6666666667
14.6666666667
18.3333333333
19.0
18.0
16.6666666667
20.0
15.0
15.6666666667
18.3333333333
18.0
15.3333333333
19.3333333333
19.6666666667
15.3333333333
18.0
17.3333333333
19.3333333333
16.6666666667
17.3333333333
16.3333333333
21.3333333333
16.3333333333
18.0
18.6666666667
16.6666666667
18.3333333333
16.6666666667
20.0
17.6666666667
21.0
20.0
16.6666666667
15.6666666667
16.0
16.6666666667
17.0
SEC 2
62.0
57.3333333333
56.3333333333
58.6666666667
60.6666666667
54.0
57.6666666667
58.0
62.0
59.6666666667
58.6666666667
61.6666666667
58.6666666667
56.0
56.3333333333
52.0
66.6666666667
62.6666666667
63.3333333333
60.0
59.0
63.6666666667
60.0
56.6666666667
60.0
56.0
57.6666666667
61.6666666667
55.6666666667
55.6666666667
55.6666666667
67.0
62.3333333333
59.3333333333
52.6666666667
61.6666666667
55.6666666667
58.6666666667
66.6666666667
57.0
55.3333333333
58.0
59.0
58.6666666667
62.3333333333
55.0
63.0
55.3333333333
56.6666666667
62.3333333333
60.0
57.3333333333
58.3333333333
60.6666666667
58.3333333333
63.6666666667
65.0
61.3333333333
58.6666666667
53.3333333333
62.0
59.3333333333
54.6666666667
59.0
SEC 3
109.0
101.0
101.333333333
104.0
99.0
114.0
102.333333333
103.0
104.666666667
108.333333333
103.333333333
111.0
107.666666667
104.666666667
102.333333333
103.666666667
112.666666667
111.666666667
110.333333333
109.666666667
106.666666667
112.666666667
104.666666667
102.333333333
112.666666667
102.0
101.0
108.0
110.0
101.666666667
99.3333333333
109.333333333
113.0
108.666666667
99.6666666667
108.0
103.0
106.0
100.333333333
115.0
102.0
104.666666667
107.666666667
109.333333333
113.666666667
99.0
108.666666667
105.333333333
103.666666667
108.333333333
113.666666667
107.0
104.333333333
113.0
106.333333333
113.0
113.666666667
114.333333333
105.333333333
109.0
100.666666667
110.333333333
100.0
106.0
SEC 4
170.0
155.666666667
160.333333333
160.666666667
154.666666667
169.0
165.333333333
164.0
159.666666667
170.0
165.333333333
173.0
165.0
161.0
162.333333333
166.0
176.0
168.0
164.666666667
169.333333333
162.0
167.666666667
165.333333333
162.0
172.333333333
162.0
154.666666667
166.666666667
170.0
161.666666667
166.666666667
155.333333333
169.0
166.666666667
156.666666667
170.0
164.666666667
167.666666667
175.666666667
163.333333333
160.333333333
162.0
166.666666667
168.333333333
167.333333333
160.0
162.666666667
172.0
162.0
169.0
172.333333333
160.0
165.0
166.0
162.0
172.333333333
175.0
171.666666667
164.333333333
157.666666667
161.666666667
163.666666667
157.666666667
162.333333333
SEC 5
233.0
211.333333333
221.666666667
219.666666667
212.666666667
229.666666667
226.0
227.666666667
229.666666667
220.0
221.0
227.0
226.666666667
221.333333333
220.0
231.333333333
237.333333333
224.333333333
227.666666667
223.0
226.666666667
231.666666667
219.333333333
215.333333333
234.333333333
225.333333333
217.0
218.666666667
221.333333333
236.333333333
217.666666667
218.0
232.333333333
221.0
219.666666667
228.333333333
221.666666667
217.666666667
230.0
230.666666667
221.0
217.333333333
233.333333333
224.0
227.333333333
219.0
226.0
234.333333333
224.333333333
230.0
228.0
218.0
227.0
221.333333333
219.0
225.0
236.333333333
231.666666667
228.666666667
219.666666667
218.666666667
228.0
222.0
222.666666667
SEC 6
294.666666667
274.333333333
283.0
281.666666667
294.666666667
277.333333333
284.333333333
292.0
295.333333333
275.0
283.0
286.666666667
294.333333333
276.333333333
285.333333333
294.333333333
297.333333333
287.333333333
289.666666667
290.0
283.0
293.666666667
282.333333333
281.0
293.666666667
288.666666667
277.666666667
279.666666667
291.333333333
284.666666667
277.333333333
283.333333333
294.333333333
279.666666667
283.666666667
282.0
282.333333333
282.666666667
290.0
291.333333333
285.666666667
281.666666667
288.666666667
282.0
288.666666667
283.333333333
283.0
289.0
285.666666667
293.0
287.0
274.666666667
282.0
285.0
285.666666667
285.666666667
299.0
291.333333333
288.333333333
274.333333333
281.0
289.666666667
277.333333333
282.0
SEC 7
349.333333333
337.666666667
341.333333333
334.666666667
337.333333333
347.333333333
338.333333333
341.666666667
336.666666667
353.0
336.0
343.0
354.666666667
336.333333333
340.666666667
354.0
353.0
346.666666667
345.0
335.333333333
341.0
348.666666667
332.666666667
339.0
353.333333333
349.0
337.666666667
340.333333333
344.0
342.666666667
326.666666667
341.0
355.666666667
338.666666667
340.666666667
340.0
334.666666667
340.666666667
346.333333333
346.666666667
336.0
338.0
340.0
337.333333333
348.0
343.333333333
342.333333333
348.0
343.0
346.333333333
342.666666667
326.333333333
332.666666667
342.333333333
335.333333333
355.333333333
342.0
349.0
339.666666667
341.666666667
325.666666667
338.666666667
336.0
337.0
SEC 8
404.666666667
396.333333333
404.0
392.666666667
398.666666667
393.0
402.0
398.333333333
398.333333333
404.0
393.333333333
405.0
407.333333333
403.0
395.666666667
410.333333333
415.0
405.666666667
403.0
396.666666667
388.333333333
407.0
390.333333333
398.0
409.666666667
406.0
395.666666667
401.0
400.0
405.333333333
394.666666667
387.666666667
412.333333333
394.0
405.333333333
400.333333333
388.666666667
401.666666667
413.0
399.0
400.333333333
392.666666667
393.333333333
398.0
408.333333333
402.333333333
405.666666667
404.666666667
395.333333333
399.666666667
402.666666667
389.0
391.333333333
400.333333333
397.333333333
411.0
408.0
405.333333333
394.666666667
381.333333333
398.0
391.333333333
384.0
398.0
SEC 9
460.333333333
450.0
463.0
444.666666667
443.333333333
451.333333333
457.333333333
456.333333333
476.333333333
454.0
451.0
472.333333333
459.0
461.0
443.666666667
462.333333333
479.0
465.666666667
462.333333333
454.333333333
444.666666667
448.0
449.666666667
463.0
468.0
459.666666667
450.0
455.666666667
456.333333333
459.666666667
436.666666667
452.666666667
475.666666667
451.333333333
459.666666667
450.333333333
441.0
454.666666667
456.0
463.0
452.333333333
447.333333333
448.333333333
449.666666667
464.0
462.0
457.333333333
457.333333333
449.666666667
454.0
456.333333333
447.666666667
448.0
456.0
454.0
461.666666667
462.666666667
457.333333333
454.666666667
453.666666667
439.666666667
449.333333333
442.333333333
451.666666667
SEC 10
527.333333333
517.666666667
530.333333333
511.333333333
507.666666667
514.0
520.666666667
521.333333333
517.333333333
550.666666667
517.333333333
523.0
544.333333333
522.0
519.666666667
531.333333333
543.0
529.0
529.666666667
520.0
515.0
504.666666667
526.0
525.0
539.0
522.666666667
513.666666667
524.333333333
521.666666667
524.0
504.0
522.0
538.666666667
517.333333333
528.333333333
519.0
507.0
523.666666667
522.333333333
527.666666667
520.0
512.0
513.0
518.333333333
528.333333333
528.0
516.333333333
524.666666667
521.333333333
517.0
521.666666667
512.666666667
515.666666667
516.666666667
525.0
517.0
538.333333333
520.666666667
519.666666667
513.0
510.333333333
516.0
509.0
523.0
SEC 11
593.0
580.666666667
599.333333333
573.0
575.666666667
579.0
586.666666667
583.0
619.333333333
583.333333333
581.333333333
620.0
580.0
586.0
595.0
599.666666667
613.333333333
595.333333333
597.0
587.666666667
576.333333333
575.0
591.333333333
600.333333333
604.333333333
592.0
578.666666667
591.0
589.666666667
584.0
592.666666667
567.666666667
602.666666667
578.666666667
598.0
581.0
568.666666667
592.0
604.0
582.333333333
579.333333333
582.666666667
583.333333333
583.666666667
594.0
586.666666667
582.0
598.0
586.0
587.333333333
594.666666667
581.333333333
583.333333333
585.333333333
589.0
589.666666667
598.333333333
585.666666667
582.666666667
573.333333333
582.666666667
585.666666667
573.333333333
590.0
SEC 12
658.0
645.666666667
665.666666667
640.333333333
639.333333333
648.0
651.0
654.333333333
666.666666667
674.333333333
651.333333333
687.666666667
650.0
660.666666667
660.0
666.333333333
682.0
660.666666667
665.0
652.333333333
641.0
642.333333333
660.0
664.666666667
676.666666667
653.333333333
642.666666667
663.0
648.0
654.0
656.333333333
634.666666667
664.333333333
650.666666667
662.333333333
652.0
636.0
667.0
644.0
672.0
647.333333333
651.666666667
649.666666667
652.333333333
670.333333333
653.0
652.0
666.666666667
648.333333333
652.333333333
657.333333333
643.333333333
646.666666667
663.333333333
657.333333333
657.666666667
654.666666667
653.666666667
647.333333333
656.333333333
631.0
652.333333333
638.666666667
658.333333333
SEC 13
720.0
706.666666667
728.333333333
697.0
694.666666667
719.0
713.666666667
713.0
725.666666667
737.666666667
715.333333333
740.666666667
718.333333333
730.666666667
710.666666667
724.333333333
748.666666667
719.0
721.333333333
706.0
720.0
722.333333333
703.0
724.0
739.0
712.333333333
701.0
722.333333333
710.333333333
720.333333333
706.666666667
706.0
730.333333333
715.333333333
722.666666667
716.666666667
696.0
729.666666667
730.333333333
706.0
709.0
710.333333333
712.0
710.666666667
726.666666667
710.0
713.0
728.666666667
710.333333333
713.333333333
720.0
707.0
706.666666667
720.666666667
724.333333333
730.666666667
708.666666667
722.666666667
711.0
693.0
722.333333333
719.0
700.666666667
721.666666667
SEC 14
782.333333333
772.333333333
794.666666667
762.666666667
760.333333333
786.0
773.0
774.333333333
781.0
804.0
776.333333333
784.0
805.0
781.0
791.0
791.666666667
810.666666667
787.666666667
786.333333333
783.0
769.666666667
785.666666667
768.0
789.333333333
809.333333333
780.0
764.0
784.0
779.0
780.0
769.0
768.666666667
795.0
776.0
791.666666667
779.666666667
763.0
797.666666667
776.333333333
782.0
773.333333333
778.333333333
775.666666667
772.0
792.0
774.0
775.0
793.333333333
774.333333333
773.666666667
785.333333333
770.666666667
771.666666667
790.333333333
790.333333333
770.0
803.0
783.333333333
776.666666667
793.333333333
753.666666667
783.333333333
759.333333333
786.666666667
SEC 15
853.333333333
841.333333333
858.333333333
827.0
851.666666667
836.0
844.666666667
843.333333333
865.333333333
852.0
843.666666667
869.666666667
858.333333333
842.666666667
864.666666667
860.0
883.0
853.0
857.333333333
849.333333333
845.666666667
831.333333333
860.666666667
851.666666667
875.333333333
846.0
826.666666667
855.333333333
844.666666667
848.0
839.333333333
825.666666667
859.0
847.333333333
857.0
843.333333333
833.666666667
863.666666667
858.0
836.333333333
842.0
846.666666667
836.0
839.333333333
865.333333333
836.0
842.666666667
860.0
841.333333333
835.333333333
856.666666667
831.666666667
839.0
858.333333333
851.333333333
851.666666667
854.333333333
849.0
840.0
832.333333333
848.0
850.0
828.0
850.333333333
SEC 16
915.666666667
898.666666667
920.666666667
892.666666667
884.666666667
910.666666667
898.333333333
898.0
919.666666667
909.333333333
899.0
933.333333333
921.0
921.333333333
902.666666667
914.333333333
935.0
913.333333333
911.333333333
896.666666667
912.333333333
894.666666667
910.0
908.666666667
935.333333333
901.0
879.0
910.0
897.0
909.333333333
895.666666667
887.333333333
914.333333333
899.333333333
916.666666667
900.0
888.666666667
924.0
914.666666667
889.666666667
899.0
906.666666667
886.0
893.333333333
924.0
894.0
901.666666667
923.0
894.0
899.666666667
916.333333333
892.666666667
896.333333333
915.666666667
908.333333333
919.333333333
907.333333333
907.333333333
902.333333333
891.0
902.0
909.0
888.0
910.666666667
SEC 17
971.333333333
958.333333333
982.333333333
949.333333333
955.666666667
957.0
956.666666667
961.666666667
963.0
986.0
955.333333333
988.333333333
987.0
974.0
961.333333333
974.666666667
995.333333333
974.0
972.0
973.0
951.333333333
953.0
961.666666667
968.0
994.666666667
959.0
934.0
967.0
956.0
967.666666667
956.0
951.0
975.666666667
959.666666667
977.666666667
958.0
946.0
986.0
971.666666667
950.0
961.666666667
964.333333333
945.0
947.0
984.0
954.666666667
960.333333333
983.666666667
954.0
959.666666667
974.0
949.666666667
956.333333333
970.666666667
971.666666667
961.0
985.666666667
969.0
959.333333333
967.666666667
943.666666667
970.0
945.333333333
973.333333333
SEC 18
1037.66666667
1024.0
1050.0
1014.0
1025.66666667
1021.0
1020.66666667
1031.33333333
1030.66666667
1057.66666667
1023.33333333
1038.66666667
1075.0
1038.66666667
1034.0
1043.66666667
1062.66666667
1044.33333333
1041.0
1043.0
1023.0
1037.66666667
1020.0
1039.0
1063.0
1026.33333333
998.333333333
1030.33333333
1027.0
1032.66666667
1009.66666667
1024.33333333
1042.33333333
1024.66666667
1042.33333333
1023.0
1018.33333333
1051.66666667
1018.66666667
1039.0
1028.33333333
1031.0
1012.0
1011.0
1053.33333333
1023.0
1025.33333333
1047.33333333
1018.0
1028.0
1038.66666667
1013.66666667
1024.33333333
1036.66666667
1038.66666667
1051.66666667
1027.33333333
1041.33333333
1024.33333333
1015.66666667
1026.66666667
1031.66666667
1013.0
1036.66666667
SEC 19
1097.66666667
1086.33333333
1112.66666667
1079.66666667
1069.0
1092.0
1091.66666667
1091.0
1088.66666667
1121.0
1088.66666667
1121.33333333
1113.0
1105.66666667
1092.0
1105.66666667
1127.66666667
1101.66666667
1103.0
1109.33333333
1083.0
1105.0
1089.0
1097.33333333
1123.33333333
1087.33333333
1056.66666667
1093.0
1086.66666667
1092.0
1069.66666667
1088.33333333
1103.66666667
1093.33333333
1104.0
1087.33333333
1086.66666667
1109.0
1070.0
1102.33333333
1085.0
1095.0
1069.66666667
1075.66666667
1118.66666667
1093.66666667
1086.0
1104.0
1083.0
1094.33333333
1100.0
1081.0
1083.0
1098.0
1103.33333333
1113.33333333
1078.0
1104.0
1082.66666667
1090.33333333
1077.66666667
1091.0
1073.0
1096.33333333
SEC 20
1156.0
1144.66666667
1171.0
1139.66666667
1140.33333333
1135.33333333
1151.66666667
1148.66666667
1177.66666667
1150.33333333
1149.33333333
1177.0
1174.33333333
1162.0
1161.66666667
1168.66666667
1189.33333333
1155.66666667
1160.0
1141.0
1173.33333333
1145.0
1166.66666667
1155.0
1180.66666667
1146.0
1113.0
1148.66666667
1142.33333333
1153.0
1144.0
1138.33333333
1160.66666667
1151.0
1160.66666667
1143.33333333
1155.0
1174.66666667
1144.66666667
1145.66666667
1144.0
1153.0
1130.33333333
1133.33333333
1177.66666667
1155.66666667
1146.66666667
1161.33333333
1137.0
1153.33333333
1153.0
1139.0
1143.66666667
1156.66666667
1163.0
1140.33333333
1164.66666667
1160.66666667
1145.66666667
1169.0
1116.66666667
1150.0
1129.33333333
1152.66666667
SEC 21
1208.0
1196.33333333
1229.0
1205.33333333
1188.66666667
1200.66666667
1203.33333333
1202.0
1220.66666667
1218.33333333
1201.66666667
1243.0
1215.0
1225.0
1215.0
1227.66666667
1242.66666667
1214.0
1215.0
1216.0
1210.66666667
1201.66666667
1220.66666667
1216.33333333
1238.33333333
1201.0
1166.66666667
1208.33333333
1200.0
1205.66666667
1187.66666667
1203.0
1216.0
1210.33333333
1213.33333333
1203.66666667
1212.33333333
1234.66666667
1216.66666667
1198.0
1200.33333333
1209.33333333
1187.33333333
1189.33333333
1238.0
1206.66666667
1201.33333333
1216.66666667
1199.0
1209.66666667
1210.33333333
1198.0
1204.33333333
1214.0
1222.0
1192.0
1232.0
1219.0
1203.66666667
1219.0
1174.66666667
1207.0
1181.33333333
1209.66666667
SEC 22
1265.33333333
1251.33333333
1283.66666667
1260.66666667
1252.0
1243.33333333
1263.66666667
1256.0
1278.0
1280.33333333
1263.66666667
1279.66666667
1295.33333333
1285.66666667
1270.33333333
1285.0
1302.0
1271.33333333
1270.0
1263.33333333
1275.66666667
1266.66666667
1275.66666667
1274.66666667
1294.33333333
1253.66666667
1224.0
1263.66666667
1257.66666667
1261.66666667
1253.66666667
1256.0
1276.0
1267.66666667
1276.33333333
1261.66666667
1268.66666667
1293.33333333
1273.33333333
1250.33333333
1256.33333333
1268.33333333
1244.0
1250.0
1295.0
1264.66666667
1258.33333333
1280.33333333
1261.0
1265.66666667
1267.66666667
1257.33333333
1263.66666667
1272.66666667
1276.33333333
1275.66666667
1256.66666667
1276.33333333
1268.0
1225.66666667
1274.0
1262.33333333
1242.0
1267.0
SEC 23
1327.66666667
1313.66666667
1343.66666667
1321.66666667
1302.66666667
1313.66666667
1320.0
1317.66666667
1340.66666667
1340.33333333
1320.66666667
1358.33333333
1333.66666667
1332.66666667
1339.33333333
1343.66666667
1369.33333333
1333.33333333
1329.0
1324.33333333
1334.33333333
1333.0
1327.0
1331.33333333
1355.33333333
1313.0
1284.66666667
1326.66666667
1337.33333333
1307.66666667
1307.66666667
1326.33333333
1334.66666667
1325.0
1334.66666667
1320.66666667
1333.0
1356.66666667
1329.0
1319.33333333
1315.0
1326.0
1306.33333333
1317.33333333
1356.66666667
1325.66666667
1318.66666667
1340.33333333
1317.0
1331.0
1330.33333333
1317.33333333
1324.66666667
1328.0
1336.66666667
1351.0
1299.66666667
1336.0
1328.0
1301.33333333
1315.33333333
1320.66666667
1302.0
1328.0
SEC 24
1383.0
1375.33333333
1399.33333333
1380.0
1361.33333333
1369.0
1381.0
1379.66666667
1386.66666667
1407.66666667
1380.0
1412.0
1403.0
1383.66666667
1400.66666667
1405.66666667
1426.0
1394.66666667
1377.0
1382.0
1392.66666667
1392.33333333
1392.66666667
1397.66666667
1412.0
1382.33333333
1337.0
1378.33333333
1380.33333333
1387.0
1364.33333333
1387.66666667
1395.66666667
1381.66666667
1396.0
1376.0
1388.33333333
1410.66666667
1391.66666667
1375.66666667
1375.0
1386.66666667
1366.0
1380.0
1414.33333333
1384.66666667
1381.0
1404.66666667
1377.33333333
1396.33333333
1383.33333333
1382.0
1381.0
1390.66666667
1396.0
1394.33333333
1362.66666667
1392.66666667
1393.0
1340.66666667
1396.0
1386.33333333
1361.66666667
1393.33333333
SEC 25
1447.66666667
1447.66666667
1462.33333333
1449.33333333
1425.0
1430.0
1447.66666667
1446.0
1477.0
1456.0
1445.66666667
1470.0
1477.66666667
1447.66666667
1473.0
1473.66666667
1495.66666667
1468.66666667
1443.0
1444.33333333
1464.66666667
1454.33333333
1468.33333333
1464.66666667
1478.0
1447.33333333
1405.0
1446.0
1450.0
1454.33333333
1432.33333333
1457.0
1461.0
1447.66666667
1462.0
1439.66666667
1456.66666667
1478.66666667
1460.66666667
1443.66666667
1445.0
1462.0
1431.66666667
1445.33333333
1477.66666667
1451.0
1450.33333333
1472.66666667
1444.0
1468.0
1452.66666667
1451.33333333
1444.0
1462.0
1466.33333333
1416.33333333
1469.66666667
1460.33333333
1459.66666667
1407.33333333
1459.0
1450.0
1428.66666667
1456.66666667
SEC 26
1516.66666667
1521.33333333
1528.33333333
1516.0
1489.0
1504.33333333
1516.33333333
1518.0
1524.66666667
1541.66666667
1515.66666667
1540.33333333
1538.33333333
1515.0
1540.0
1544.33333333
1570.66666667
1535.66666667
1507.66666667
1529.0
1517.0
1533.66666667
1535.33333333
1534.33333333
1551.66666667
1515.66666667
1476.66666667
1523.0
1504.66666667
1529.33333333
1507.0
1530.66666667
1527.66666667
1521.0
1525.33333333
1505.33333333
1525.66666667
1557.0
1522.33333333
1522.0
1515.66666667
1530.66666667
1496.0
1509.66666667
1543.33333333
1523.0
1519.33333333
1542.0
1513.0
1533.66666667
1522.33333333
1519.66666667
1513.66666667
1531.0
1531.33333333
1482.33333333
1538.66666667
1530.66666667
1528.0
1512.33333333
1486.33333333
1516.0
1499.0
1527.66666667
SEC 27
1588.33333333
1584.66666667
1593.33333333
1587.0
1568.66666667
1559.33333333
1587.0
1585.33333333
1581.0
1620.33333333
1579.33333333
1607.66666667
1608.0
1587.0
1600.0
1613.33333333
1635.33333333
1606.33333333
1571.33333333
1595.66666667
1584.66666667
1609.0
1597.33333333
1607.33333333
1618.0
1584.0
1542.0
1585.66666667
1591.66666667
1573.33333333
1586.66666667
1592.0
1591.66666667
1586.0
1589.33333333
1573.33333333
1595.0
1628.33333333
1583.33333333
1590.66666667
1577.0
1597.66666667
1560.66666667
1575.33333333
1613.66666667
1587.66666667
1586.33333333
1606.33333333
1576.33333333
1593.33333333
1591.66666667
1588.66666667
1583.0
1597.66666667
1600.66666667
1563.33333333
1586.66666667
1600.0
1594.33333333
1572.33333333
1557.33333333
1579.66666667
1565.0
1595.33333333
SEC 28
1655.0
1652.66666667
1660.0
1649.66666667
1632.33333333
1627.0
1648.33333333
1651.33333333
1652.66666667
1677.33333333
1654.0
1674.33333333
1674.66666667
1654.33333333
1660.33333333
1675.33333333
1694.66666667
1670.0
1634.66666667
1648.0
1663.66666667
1659.33333333
1681.66666667
1673.33333333
1680.66666667
1649.0
1609.66666667
1651.0
1655.66666667
1643.0
1655.33333333
1655.33333333
1656.66666667
1652.66666667
1651.66666667
1639.66666667
1658.33333333
1695.0
1659.33333333
1647.33333333
1640.33333333
1660.66666667
1628.33333333
1638.33333333
1682.0
1649.33333333
1648.33333333
1671.33333333
1644.0
1656.66666667
1661.0
1652.66666667
1649.33333333
1668.33333333
1663.33333333
1629.0
1651.0
1663.33333333
1659.0
1669.0
1597.66666667
1642.0
1629.0
1659.0
SEC 29
1716.0
1716.66666667
1718.33333333
1706.66666667
1686.66666667
1689.66666667
1708.33333333
1715.66666667
1720.0
1737.33333333
1713.66666667
1722.33333333
1754.33333333
1724.0
1716.33333333
1733.0
1757.0
1736.33333333
1699.33333333
1711.66666667
1719.0
1722.66666667
1739.0
1735.66666667
1740.33333333
1704.66666667
1666.33333333
1707.0
1702.66666667
1711.33333333
1713.33333333
1712.33333333
1717.66666667
1714.33333333
1713.33333333
1701.66666667
1714.0
1757.66666667
1724.33333333
1705.66666667
1700.66666667
1721.66666667
1688.0
1694.0
1744.33333333
1710.0
1708.0
1726.33333333
1702.0
1716.66666667
1715.33333333
1711.0
1708.66666667
1727.33333333
1725.66666667
1673.0
1736.0
1722.33333333
1719.0
1680.33333333
1698.33333333
1703.0
1692.66666667
1716.33333333
SEC 30
1774.0
1775.0
1780.66666667
1770.66666667
1753.66666667
1751.0
1775.33333333
1780.0
1788.33333333
1801.66666667
1778.66666667
1817.66666667
1783.0
1779.66666667
1787.66666667
1795.0
1816.33333333
1803.0
1765.0
1788.66666667
1775.33333333
1810.0
1778.66666667
1799.66666667
1806.33333333
1763.66666667
1728.33333333
1772.66666667
1780.33333333
1763.33333333
1781.33333333
1774.0
1777.66666667
1785.0
1783.66666667
1765.66666667
1777.33333333
1824.66666667
1774.0
1778.0
1767.0
1785.0
1752.0
1763.33333333
1809.66666667
1774.33333333
1768.0
1791.0
1763.33333333
1776.33333333
1782.33333333
1771.66666667
1772.66666667
1795.0
1788.0
1779.33333333
1757.66666667
1790.0
1787.33333333
1782.66666667
1721.0
1764.0
1754.0
1780.66666667
SEC 31
1832.33333333
1835.33333333
1843.66666667
1833.33333333
1808.33333333
1818.0
1831.0
1845.0
1845.0
1860.0
1837.66666667
1877.33333333
1841.0
1835.0
1851.0
1856.33333333
1873.33333333
1865.0
1826.33333333
1847.0
1827.0
1847.0
1862.33333333
1857.0
1867.66666667
1814.66666667
1788.33333333
1829.33333333
1837.66666667
1823.66666667
1842.66666667
1837.66666667
1838.66666667
1840.0
1839.0
1817.33333333
1833.33333333
1881.0
1838.0
1838.0
1828.0
1841.0
1810.66666667
1822.33333333
1871.33333333
1833.66666667
1823.33333333
1850.66666667
1820.66666667
1832.0
1841.0
1835.33333333
1827.66666667
1857.33333333
1850.0
1814.33333333
1840.0
1847.0
1842.33333333
1844.0
1777.33333333
1826.0
1812.33333333
1837.0
SEC 32
1892.66666667
1891.0
1907.33333333
1894.33333333
1882.33333333
1880.0
1889.0
1907.0
1942.33333333
1887.0
1901.66666667
1905.0
1936.33333333
1915.0
1899.66666667
1916.33333333
1940.33333333
1927.0
1886.66666667
1907.0
1889.0
1921.33333333
1915.33333333
1920.66666667
1922.66666667
1870.0
1855.66666667
1890.66666667
1900.0
1889.66666667
1913.0
1897.33333333
1903.66666667
1899.0
1893.66666667
1882.0
1896.0
1948.0
1894.66666667
1907.0
1888.0
1903.33333333
1870.66666667
1882.66666667
1937.0
1889.66666667
1889.66666667
1910.33333333
1887.33333333
1891.66666667
1906.33333333
1899.33333333
1888.33333333
1925.0
1902.33333333
1895.0
1887.33333333
1904.66666667
1901.33333333
1861.33333333
1887.33333333
1887.33333333
1874.33333333
1905.0
SEC 33
1958.66666667
1957.66666667
1972.66666667
1958.33333333
1958.33333333
1952.0
1958.66666667
1972.0
1985.33333333
1976.66666667
1965.66666667
1982.33333333
1998.66666667
1979.0
1968.66666667
1981.0
1995.66666667
1994.33333333
1953.66666667
1946.33333333
1977.0
1971.0
1996.66666667
1985.66666667
1992.33333333
1936.66666667
1928.66666667
1958.66666667
1953.66666667
1967.0
1966.33333333
1975.66666667
1967.66666667
1967.0
1964.33333333
1941.66666667
1962.66666667
2012.33333333
1969.33333333
1958.66666667
1956.66666667
1973.0
1934.66666667
1947.33333333
2001.0
1957.33333333
1953.66666667
1978.0
1951.66666667
1965.0
1975.66666667
1962.0
1953.33333333
1991.66666667
1968.0
1968.66666667
1937.66666667
1966.33333333
1967.66666667
1912.33333333
1969.66666667
1957.0
1935.66666667
1965.0
SEC 34
2020.33333333
2018.66666667
2034.0
2021.66666667
2024.33333333
2012.66666667
2022.33333333
2034.33333333
2059.66666667
2028.33333333
2026.33333333
2033.0
2084.0
2056.66666667
2024.0
2046.0
2056.33333333
2054.33333333
2013.33333333
2011.33333333
2036.33333333
2071.33333333
2028.66666667
2051.66666667
2059.0
1997.66666667
1984.66666667
2020.33333333
2027.33333333
2017.66666667
2029.66666667
2041.0
2031.33333333
2033.0
2029.66666667
2004.33333333
2031.33333333
2071.66666667
2036.0
2020.0
2022.0
2030.0
1995.0
2014.0
2064.0
2018.33333333
2017.33333333
2046.33333333
2016.66666667
2027.33333333
2038.33333333
2029.0
2016.0
2052.66666667
2031.33333333
2029.0
2004.66666667
2026.33333333
2033.66666667
1994.0
2022.33333333
2021.0
1996.33333333
2025.33333333
SEC 35
2073.66666667
2077.0
2089.33333333
2077.33333333
2069.66666667
2075.0
2080.66666667
2095.33333333
2090.33333333
2112.33333333
2077.66666667
2141.0
2090.33333333
2113.66666667
2079.66666667
2101.66666667
2116.33333333
2115.66666667
2071.0
2091.66666667
2067.33333333
2083.66666667
2124.66666667
2103.66666667
2115.0
2053.66666667
2042.33333333
2080.66666667
2085.66666667
2072.66666667
2081.66666667
2097.66666667
2083.33333333
2089.66666667
2085.33333333
2061.0
2085.66666667
2126.66666667
2078.66666667
2086.0
2079.66666667
2079.33333333
2048.33333333
2066.0
2117.0
2076.66666667
2071.0
2097.66666667
2071.33333333
2080.0
2095.66666667
2087.33333333
2070.66666667
2120.33333333
2088.66666667
2098.33333333
2039.33333333
2083.66666667
2092.33333333
2046.0
2087.0
2077.66666667
2059.0
2077.66666667
SEC 36
2130.0
2133.66666667
2146.0
2132.66666667
2141.66666667
2130.0
2147.0
2158.66666667
2168.0
2162.0
2138.66666667
2195.0
2168.66666667
2136.0
2171.0
2164.0
2175.66666667
2175.33333333
2128.33333333
2142.0
2128.66666667
2146.66666667
2185.66666667
2160.66666667
2178.0
2116.66666667
2107.33333333
2140.0
2135.33333333
2140.0
2146.66666667
2162.33333333
2147.33333333
2153.0
2141.0
2128.33333333
2141.0
2186.0
2155.0
2134.33333333
2141.33333333
2138.66666667
2108.66666667
2131.0
2181.33333333
2132.0
2129.66666667
2161.66666667
2134.66666667
2142.66666667
2158.33333333
2146.66666667
2129.0
2175.66666667
2144.0
2101.0
2159.66666667
2142.0
2152.0
2165.33333333
2089.0
2135.33333333
2113.33333333
2133.0
SEC 37
2193.33333333
2196.66666667
2205.33333333
2194.66666667
2184.66666667
2205.66666667
2206.66666667
2216.66666667
2219.0
2225.66666667
2196.33333333
2255.33333333
2225.66666667
2217.0
2209.66666667
2222.66666667
2236.33333333
2230.33333333
2186.0
2213.0
2178.66666667
2203.0
2253.0
2218.33333333
2232.66666667
2175.0
2175.33333333
2200.33333333
2197.33333333
2197.0
2206.66666667
2217.66666667
2211.0
2217.0
2199.33333333
2186.66666667
2197.33333333
2244.66666667
2213.0
2193.0
2207.33333333
2200.66666667
2167.66666667
2185.0
2236.0
2191.0
2187.66666667
2223.0
2191.66666667
2202.0
2219.0
2208.33333333
2187.0
2230.66666667
2202.0
2167.33333333
2207.66666667
2196.66666667
2205.66666667
2226.0
2150.66666667
2192.66666667
2172.33333333
2192.0
SEC 38
2260.0
2254.33333333
2262.33333333
2248.0
2250.33333333
2246.33333333
2268.66666667
2278.66666667
2292.0
2272.66666667
2257.33333333
2332.33333333
2265.33333333
2269.66666667
2279.33333333
2288.0
2299.0
2290.33333333
2243.66666667
2261.0
2247.0
2312.66666667
2260.33333333
2276.0
2294.0
2233.33333333
2234.66666667
2268.66666667
2247.33333333
2271.66666667
2267.33333333
2285.33333333
2276.0
2278.33333333
2255.33333333
2245.33333333
2255.33333333
2302.0
2266.33333333
2262.66666667
2262.0
2262.0
2229.66666667
2243.66666667
2289.66666667
2246.66666667
2242.33333333
2277.66666667
2249.0
2258.33333333
2280.0
2266.0
2247.33333333
2288.0
2261.33333333
2268.0
2227.66666667
2253.66666667
2267.0
2210.0
2285.66666667
2250.66666667
2234.66666667
2255.33333333
SEC 39
2321.0
2314.66666667
2320.66666667
2300.66666667
2292.0
2318.0
2324.33333333
2339.66666667
2305.33333333
2378.66666667
2313.66666667
2395.66666667
2323.66666667
2342.66666667
2336.0
2340.66666667
2356.0
2344.33333333
2303.33333333
2297.66666667
2330.66666667
2352.66666667
2330.66666667
2341.0
2357.0
2287.66666667
2290.66666667
2324.33333333
2319.33333333
2320.33333333
2339.33333333
2332.0
2328.0
2337.33333333
2309.33333333
2305.66666667
2315.0
2357.33333333
2315.33333333
2330.33333333
2319.0
2323.33333333
2287.0
2301.0
2352.66666667
2308.0
2304.33333333
2342.66666667
2312.0
2316.0
2333.0
2321.0
2306.66666667
2347.33333333
2325.0
2333.66666667
2283.0
2312.33333333
2326.0
2305.66666667
2309.66666667
2304.0
2292.0
2311.0
SEC 40
2383.33333333
2377.33333333
2378.66666667
2361.0
2365.66666667
2368.33333333
2388.66666667
2405.0
2414.0
2382.33333333
2372.0
2395.0
2445.0
2416.33333333
2388.33333333
2405.0
2414.33333333
2408.0
2361.66666667
2378.66666667
2366.66666667
2377.33333333
2428.33333333
2401.66666667
2414.66666667
2350.66666667
2349.66666667
2392.33333333
2375.66666667
2384.66666667
2389.0
2403.0
2386.0
2394.0
2375.0
2361.0
2372.66666667
2420.66666667
2397.0
2364.66666667
2382.33333333
2384.33333333
2348.66666667
2364.66666667
2415.33333333
2372.66666667
2370.33333333
2405.0
2365.66666667
2378.0
2396.66666667
2376.0
2368.0
2412.0
2387.33333333
2389.66666667
2347.66666667
2373.66666667
2386.33333333
2351.0
2381.0
2361.0
2351.33333333
2371.33333333
SEC 41
2447.66666667
2439.66666667
2435.66666667
2425.0
2438.0
2421.66666667
2453.33333333
2471.33333333
2426.66666667
2492.33333333
2433.0
2519.33333333
2446.33333333
2464.66666667
2460.66666667
2470.33333333
2482.33333333
2468.0
2421.66666667
2451.33333333
2419.0
2486.66666667
2445.0
2465.0
2480.33333333
2415.0
2415.33333333
2460.0
2446.33333333
2446.0
2463.33333333
2455.33333333
2444.66666667
2460.33333333
2431.0
2423.0
2432.0
2479.66666667
2454.0
2425.33333333
2447.33333333
2444.66666667
2413.66666667
2429.33333333
2477.0
2434.0
2431.33333333
2467.66666667
2425.33333333
2441.33333333
2459.0
2440.0
2432.0
2472.66666667
2451.66666667
2435.33333333
2419.33333333
2439.0
2446.66666667
2425.0
2428.33333333
2420.33333333
2412.33333333
2433.0
SEC 42
2516.0
2505.66666667
2502.33333333
2491.33333333
2496.33333333
2495.0
2520.33333333
2543.33333333
2554.0
2498.33333333
2496.33333333
2527.0
2559.33333333
2516.33333333
2539.66666667
2538.66666667
2546.0
2540.33333333
2488.66666667
2520.66666667
2486.33333333
2523.0
2540.33333333
2533.66666667
2543.66666667
2479.33333333
2480.66666667
2528.33333333
2514.33333333
2504.0
2536.0
2517.33333333
2514.0
2530.0
2499.0
2488.66666667
2497.33333333
2547.33333333
2499.0
2513.33333333
2511.0
2512.66666667
2480.0
2496.66666667
2543.66666667
2498.0
2495.66666667
2542.66666667
2488.66666667
2505.66666667
2529.0
2509.33333333
2497.33333333
2541.0
2511.0
2524.33333333
2471.0
2508.0
2518.66666667
2496.0
2487.66666667
2482.66666667
2479.66666667
2504.0
SEC 43
2583.66666667
2572.66666667
2563.33333333
2552.0
2571.0
2552.0
2583.0
2609.66666667
2597.0
2593.66666667
2561.0
2612.0
2603.0
2603.0
2578.66666667
2603.0
2613.0
2604.0
2551.33333333
2577.33333333
2561.33333333
2566.66666667
2626.33333333
2598.66666667
2610.0
2539.33333333
2551.66666667
2594.66666667
2572.0
2573.33333333
2580.33333333
2599.33333333
2581.33333333
2590.33333333
2562.33333333
2551.33333333
2560.0
2612.0
2574.0
2568.66666667
2575.0
2570.33333333
2541.33333333
2563.0
2612.33333333
2566.33333333
2555.33333333
2601.0
2552.33333333
2570.33333333
2592.66666667
2579.0
2559.66666667
2598.0
2576.0
2560.33333333
2558.0
2571.0
2579.66666667
2561.66666667
2551.66666667
2553.66666667
2544.0
2565.66666667
SEC 44
2644.0
2639.66666667
2632.33333333
2615.66666667
2613.66666667
2641.0
2650.66666667
2673.33333333
2658.0
2660.66666667
2629.66666667
2648.66666667
2700.33333333
2644.66666667
2675.33333333
2671.0
2678.66666667
2666.0
2615.0
2617.66666667
2647.66666667
2650.0
2667.33333333
2658.0
2670.0
2607.0
2617.0
2658.66666667
2622.0
2652.66666667
2657.0
2654.33333333
2644.66666667
2657.33333333
2630.0
2617.33333333
2624.66666667
2681.0
2610.33333333
2659.0
2635.0
2637.0
2600.66666667
2632.33333333
2676.33333333
2629.33333333
2615.33333333
2667.33333333
2612.33333333
2631.0
2661.0
2642.66666667
2630.0
2662.33333333
2641.66666667
2652.0
2601.0
2641.33333333
2644.0
2596.33333333
2652.0
2618.66666667
2611.0
2631.66666667
SEC 45
2707.33333333
2702.66666667
2690.66666667
2677.66666667
2694.66666667
2699.0
2718.0
2733.66666667
2723.33333333
2727.66666667
2697.0
2739.0
2744.33333333
2712.66666667
2742.33333333
2738.66666667
2743.0
2726.33333333
2681.0
2709.0
2681.66666667
2699.0
2756.66666667
2725.0
2727.66666667
2668.33333333
2683.33333333
2721.0
2706.0
2697.0
2710.66666667
2730.33333333
2709.66666667
2722.0
2692.0
2687.0
2689.33333333
2743.66666667
2691.66666667
2707.66666667
2700.0
2701.0
2664.33333333
2696.0
2743.0
2692.33333333
2676.66666667
2736.33333333
2678.0
2698.33333333
2724.0
2702.0
2701.66666667
2727.33333333
2705.66666667
2706.0
2675.66666667
2702.66666667
2703.33333333
2644.0
2722.66666667
2681.33333333
2676.0
2695.0
SEC 46
2764.66666667
2759.66666667
2743.33333333
2734.0
2733.0
2769.66666667
2777.66666667
2782.0
2787.0
2782.33333333
2752.0
2802.33333333
2795.0
2768.33333333
2799.0
2796.66666667
2798.66666667
2784.33333333
2735.66666667
2747.0
2755.66666667
2792.0
2776.0
2779.0
2784.0
2728.0
2744.33333333
2782.33333333
2740.66666667
2772.33333333
2779.33333333
2772.66666667
2762.66666667
2777.66666667
2753.0
2748.33333333
2746.66666667
2801.0
2749.66666667
2762.33333333
2754.66666667
2758.66666667
2721.33333333
2756.0
2796.0
2752.0
2732.33333333
2793.33333333
2728.0
2756.33333333
2779.66666667
2754.0
2759.33333333
2785.66666667
2759.66666667
2739.66666667
2755.66666667
2760.33333333
2758.66666667
2721.33333333
2760.66666667
2741.0
2726.66666667
2750.66666667
SEC 47
2830.33333333
2816.66666667
2807.66666667
2791.0
2786.66666667
2821.0
2831.66666667
2836.66666667
2841.0
2838.33333333
2806.66666667
2853.66666667
2849.66666667
2831.33333333
2854.33333333
2851.66666667
2852.66666667
2839.0
2798.0
2829.66666667
2791.66666667
2832.33333333
2847.66666667
2836.0
2840.66666667
2779.66666667
2800.33333333
2833.0
2830.66666667
2791.33333333
2840.33333333
2820.0
2824.33333333
2836.0
2810.66666667
2802.0
2803.0
2857.66666667
2815.33333333
2808.33333333
2811.66666667
2818.33333333
2779.66666667
2813.66666667
2857.33333333
2807.0
2787.0
2849.0
2783.66666667
2811.0
2841.33333333
2812.0
2815.0
2839.33333333
2817.33333333
2801.33333333
2815.33333333
2817.0
2820.0
2821.33333333
2776.0
2797.0
2779.0
2806.33333333
SEC 48
2898.0
2884.33333333
2870.0
2857.0
2839.0
2904.33333333
2894.66666667
2908.66666667
2908.33333333
2904.66666667
2871.66666667
2888.66666667
2948.33333333
2890.66666667
2934.66666667
2927.0
2919.33333333
2908.66666667
2863.33333333
2892.66666667
2862.33333333
2916.33333333
2895.0
2903.0
2916.0
2843.0
2866.0
2902.0
2859.33333333
2897.66666667
2895.66666667
2907.33333333
2889.0
2900.66666667
2879.0
2867.33333333
2864.66666667
2929.33333333
2902.66666667
2854.66666667
2876.66666667
2884.0
2843.33333333
2876.33333333
2923.0
2873.33333333
2858.66666667
2916.66666667
2854.0
2876.33333333
2901.33333333
2879.33333333
2880.0
2911.33333333
2885.66666667
2889.66666667
2855.66666667
2888.66666667
2879.66666667
2887.33333333
2841.66666667
2857.33333333
2834.66666667
2877.66666667
SEC 49
2961.0
2953.33333333
2932.33333333
2920.66666667
2957.0
2922.66666667
2954.33333333
2968.66666667
2983.66666667
2960.33333333
2939.0
2944.66666667
3028.33333333
2986.0
2975.66666667
2991.0
2988.0
2974.66666667
2936.0
2956.0
2933.66666667
2980.66666667
2962.33333333
2975.0
2983.66666667
2907.66666667
2927.66666667
2968.0
2938.33333333
2947.66666667
2980.0
2954.33333333
2958.0
2966.33333333
2947.33333333
2931.0
2933.0
2996.0
2947.0
2937.33333333
2948.33333333
2948.66666667
2911.66666667
2949.33333333
2992.66666667
2939.33333333
2925.33333333
2985.0
2914.66666667
2945.0
2968.33333333
2945.66666667
2947.33333333
2980.66666667
2947.66666667
2929.0
2947.0
2954.66666667
2945.0
2910.0
2956.33333333
2920.0
2894.66666667
2945.33333333
SEC 50
3024.0
3018.0
3000.0
2985.66666667
2996.66666667
3002.33333333
3013.0
3035.0
3075.0
2998.0
3002.33333333
3042.0
3055.66666667
3052.33333333
3032.33333333
3050.0
3054.33333333
3034.0
2998.0
3032.66666667
2997.0
3005.0
3063.33333333
3047.33333333
3049.0
2969.33333333
2990.66666667
3034.66666667
3025.0
2987.33333333
3036.0
3022.0
3027.0
3028.66666667
3012.66666667
2994.33333333
2992.66666667
3057.33333333
3026.33333333
2985.33333333
3007.33333333
3011.33333333
2976.0
3015.0
3060.0
3000.33333333
2990.66666667
3046.0
2984.66666667
3006.0
3042.33333333
3011.66666667
3012.66666667
3049.33333333
3009.33333333
2994.66666667
3012.0
3014.66666667
3003.0
3011.33333333
2985.66666667
2981.33333333
2957.66666667
3010.33333333
SEC 51
3085.33333333
3078.0
3063.33333333
3049.66666667
3043.33333333
3078.33333333
3078.0
3094.66666667
3143.0
3054.0
3069.33333333
3141.33333333
3084.0
3095.0
3111.66666667
3109.0
3119.0
3096.66666667
3066.0
3097.0
3055.33333333
3124.66666667
3072.0
3110.66666667
3114.66666667
3032.0
3056.0
3096.33333333
3089.0
3050.0
3093.0
3092.33333333
3091.33333333
3092.33333333
3073.0
3060.66666667
3054.0
3122.0
3041.66666667
3095.0
3070.0
3080.0
3036.66666667
3082.66666667
3123.66666667
3062.33333333
3054.33333333
3109.66666667
3050.0
3069.33333333
3106.33333333
3075.33333333
3073.33333333
3111.33333333
3074.0
3049.33333333
3089.33333333
3076.0
3060.33333333
3047.33333333
3073.33333333
3045.66666667
3018.33333333
3073.0
SEC 52
3147.66666667
3139.66666667
3125.66666667
3111.0
3081.33333333
3151.0
3134.33333333
3152.33333333
3215.66666667
3107.66666667
3122.66666667
3197.66666667
3145.33333333
3145.33333333
3183.0
3162.66666667
3178.33333333
3148.0
3124.66666667
3122.0
3139.66666667
3164.66666667
3149.33333333
3167.66666667
3172.0
3091.0
3110.0
3154.66666667
3131.0
3134.66666667
3153.0
3143.33333333
3145.66666667
3154.33333333
3129.0
3122.0
3113.33333333
3180.33333333
3134.66666667
3114.33333333
3127.66666667
3135.66666667
3098.66666667
3140.66666667
3185.66666667
3125.0
3112.33333333
3176.33333333
3110.66666667
3127.33333333
3165.0
3137.33333333
3130.0
3165.66666667
3138.0
3133.66666667
3122.33333333
3138.0
3121.0
3085.33333333
3151.33333333
3110.0
3074.0
3128.66666667
SEC 53
3206.66666667
3197.0
3191.0
3163.66666667
3192.66666667
3164.66666667
3198.66666667
3208.66666667
3222.0
3229.33333333
3181.66666667
3185.66666667
3280.66666667
3204.66666667
3237.66666667
3228.33333333
3234.66666667
3206.33333333
3190.0
3183.33333333
3195.0
3246.0
3188.66666667
3229.33333333
3229.66666667
3158.33333333
3177.0
3214.66666667
3170.66666667
3212.33333333
3213.0
3202.0
3207.0
3217.66666667
3184.0
3186.0
3171.33333333
3237.33333333
3159.66666667
3228.0
3187.66666667
3196.66666667
3156.33333333
3209.0
3244.0
3186.66666667
3169.33333333
3238.33333333
3173.0
3181.33333333
3223.66666667
3195.33333333
3192.33333333
3219.0
3195.66666667
3194.66666667
3183.66666667
3201.0
3176.0
3207.66666667
3154.66666667
3165.33333333
3139.33333333
3189.33333333
SEC 54
3263.33333333
3257.33333333
3252.66666667
3221.0
3215.0
3260.66666667
3252.66666667
3266.0
3327.66666667
3244.0
3238.0
3298.0
3281.33333333
3302.66666667
3256.0
3289.33333333
3292.33333333
3268.33333333
3243.33333333
3266.66666667
3229.66666667
3298.66666667
3245.66666667
3286.66666667
3285.33333333
3219.0
3231.0
3274.33333333
3265.66666667
3232.0
3264.66666667
3265.33333333
3262.33333333
3274.33333333
3240.33333333
3241.0
3231.0
3293.66666667
3239.0
3260.0
3246.33333333
3252.66666667
3210.0
3271.66666667
3300.0
3244.66666667
3224.66666667
3292.0
3231.66666667
3241.0
3277.66666667
3257.0
3245.0
3278.66666667
3256.66666667
3249.66666667
3242.0
3262.0
3237.66666667
3267.0
3214.0
3223.0
3199.33333333
3248.0
SEC 55
3329.0
3323.66666667
3320.33333333
3289.66666667
3326.66666667
3289.0
3317.33333333
3336.0
3298.0
3409.66666667
3306.66666667
3371.33333333
3344.0
3353.66666667
3341.33333333
3357.33333333
3358.66666667
3339.66666667
3311.66666667
3314.33333333
3324.33333333
3342.66666667
3337.66666667
3353.0
3355.66666667
3287.66666667
3294.33333333
3347.33333333
3326.66666667
3301.0
3340.66666667
3323.66666667
3330.66666667
3341.66666667
3306.33333333
3306.66666667
3299.66666667
3363.66666667
3296.33333333
3336.66666667
3314.0
3321.0
3274.33333333
3338.66666667
3373.66666667
3312.66666667
3290.66666667
3356.66666667
3297.0
3307.66666667
3345.33333333
3326.66666667
3312.0
3347.33333333
3319.33333333
3336.33333333
3296.33333333
3325.33333333
3307.66666667
3299.0
3317.0
3294.0
3271.66666667
3313.0
SEC 56
3399.66666667
3388.33333333
3392.33333333
3355.66666667
3357.33333333
3396.0
3381.66666667
3405.66666667
3417.0
3424.33333333
3373.0
3382.0
3471.0
3394.33333333
3437.0
3422.66666667
3428.0
3409.66666667
3377.0
3377.33333333
3395.33333333
3408.33333333
3416.33333333
3417.66666667
3417.66666667
3355.66666667
3359.66666667
3417.66666667
3389.66666667
3374.66666667
3398.66666667
3397.66666667
3397.33333333
3409.33333333
3373.66666667
3371.0
3372.33333333
3429.66666667
3378.66666667
3382.33333333
3379.66666667
3385.66666667
3339.33333333
3405.0
3444.0
3380.66666667
3366.0
3424.33333333
3365.0
3373.0
3412.0
3395.33333333
3382.0
3413.33333333
3386.66666667
3409.33333333
3364.66666667
3396.66666667
3375.66666667
3386.0
3363.33333333
3362.33333333
3335.33333333
3384.0
SEC 57
3463.66666667
3451.66666667
3456.33333333
3413.33333333
3446.66666667
3439.0
3444.0
3473.0
3485.33333333
3485.0
3435.66666667
3474.33333333
3500.33333333
3485.33333333
3483.33333333
3493.66666667
3492.0
3476.0
3441.66666667
3445.0
3460.33333333
3445.33333333
3505.0
3481.66666667
3484.0
3418.66666667
3427.0
3481.33333333
3436.33333333
3458.33333333
3458.66666667
3466.0
3463.66666667
3472.66666667
3438.66666667
3431.66666667
3436.66666667
3497.33333333
3414.66666667
3475.0
3444.33333333
3451.66666667
3406.66666667
3467.0
3507.0
3442.0
3428.66666667
3491.66666667
3425.0
3438.33333333
3481.33333333
3465.0
3441.33333333
3482.0
3449.33333333
3443.33333333
3459.66666667
3466.33333333
3445.0
3430.0
3444.0
3425.66666667
3399.33333333
3450.0
SEC 58
3534.0
3524.33333333
3523.33333333
3481.33333333
3532.0
3487.33333333
3511.0
3541.0
3607.0
3492.0
3501.66666667
3535.66666667
3568.66666667
3575.33333333
3527.33333333
3559.0
3563.0
3541.66666667
3511.0
3510.33333333
3527.0
3573.66666667
3508.0
3554.33333333
3553.66666667
3488.0
3490.33333333
3546.0
3519.0
3512.33333333
3529.66666667
3528.33333333
3525.66666667
3540.66666667
3502.33333333
3500.66666667
3505.66666667
3564.66666667
3480.33333333
3550.66666667
3510.33333333
3524.0
3475.66666667
3531.66666667
3571.66666667
3509.0
3496.33333333
3560.0
3490.33333333
3512.0
3550.66666667
3531.66666667
3511.0
3544.33333333
3509.66666667
3496.0
3539.66666667
3534.0
3508.66666667
3521.66666667
3485.33333333
3495.66666667
3462.0
3525.0
SEC 59
3598.33333333
3586.33333333
3585.66666667
3545.66666667
3546.33333333
3590.33333333
3577.33333333
3602.66666667
3594.0
3623.66666667
3563.66666667
3593.33333333
3641.0
3640.33333333
3593.33333333
3616.33333333
3625.66666667
3610.66666667
3574.0
3558.0
3604.33333333
3567.33333333
3636.0
3620.66666667
3615.0
3548.66666667
3553.33333333
3610.33333333
3592.66666667
3567.33333333
3588.66666667
3597.0
3583.33333333
3606.33333333
3560.66666667
3570.0
3562.33333333
3626.66666667
3616.33333333
3539.66666667
3573.0
3577.33333333
3537.66666667
3592.0
3638.0
3573.0
3557.66666667
3625.0
3557.33333333
3573.33333333
3612.66666667
3590.33333333
3573.0
3602.0
3569.66666667
3576.0
3590.0
3596.33333333
3566.66666667
3585.66666667
3551.66666667
3556.66666667
3523.66666667
3588.0
SEC 60
3666.0
3653.66666667
3656.66666667
3615.33333333
3656.0
3629.66666667
3639.66666667
3673.0
3673.66666667
3670.33333333
3637.33333333
3661.33333333
3712.33333333
3683.33333333
3679.66666667
3681.66666667
3692.0
3679.0
3646.66666667
3623.0
3676.0
3645.0
3691.66666667
3688.0
3685.33333333
3613.0
3625.0
3678.33333333
3651.33333333
3650.0
3669.66666667
3651.0
3655.66666667
3673.66666667
3629.0
3641.0
3628.0
3694.33333333
3674.66666667
3622.33333333
3640.0
3646.0
3610.33333333
3658.0
3705.66666667
3638.0
3629.0
3696.0
3627.66666667
3638.66666667
3683.33333333
3654.33333333
3643.66666667
3679.33333333
3640.33333333
3658.33333333
3647.0
3664.66666667
3631.0
3622.0
3650.66666667
3619.0
3588.66666667
3654.0
SEC 61
3729.66666667
3718.0
3716.66666667
3672.33333333
3677.33333333
3730.66666667
3701.0
3732.0
3717.66666667
3745.66666667
3695.66666667
3747.66666667
3743.0
3711.0
3771.33333333
3739.66666667
3754.66666667
3741.0
3707.33333333
3722.33333333
3691.33333333
3703.66666667
3751.0
3745.66666667
3749.66666667
3675.0
3689.33333333
3743.33333333
3688.0
3737.0
3715.66666667
3727.33333333
3715.0
3730.33333333
3685.0
3702.0
3694.33333333
3753.0
3681.0
3732.66666667
3701.33333333
3702.33333333
3674.0
3715.66666667
3761.66666667
3695.0
3699.66666667
3757.66666667
3690.66666667
3702.33333333
3737.0
3715.66666667
3698.0
3736.33333333
3701.66666667
3689.0
3742.0
3724.0
3692.66666667
3711.33333333
3684.33333333
3675.0
3647.66666667
3719.33333333
SEC 62
3786.66666667
3782.33333333
3779.33333333
3736.33333333
3736.0
3794.33333333
3760.33333333
3799.66666667
3784.66666667
3799.66666667
3752.33333333
3757.33333333
3856.0
3795.33333333
3807.66666667
3800.33333333
3817.33333333
3802.0
3772.66666667
3748.0
3792.0
3746.66666667
3822.66666667
3804.66666667
3810.33333333
3736.0
3746.0
3805.66666667
3788.33333333
3765.0
3773.66666667
3791.0
3773.66666667
3793.66666667
3747.66666667
3769.0
3755.66666667
3814.0
3760.66666667
3775.0
3759.0
3765.0
3735.66666667
3774.66666667
3822.66666667
3758.66666667
3764.66666667
3822.33333333
3753.0
3764.33333333
3797.66666667
3778.0
3758.66666667
3794.0
3766.66666667
3768.66666667
3778.33333333
3781.66666667
3761.33333333
3768.66666667
3749.66666667
3730.0
3705.0
3780.33333333
SEC 63
3845.33333333
3847.66666667
3843.0
3796.33333333
3817.0
3842.66666667
3827.0
3868.66666667
3855.66666667
3865.33333333
3815.33333333
3841.66666667
3901.33333333
3890.0
3845.0
3863.66666667
3882.0
3865.0
3848.66666667
3839.66666667
3825.66666667
3847.66666667
3851.66666667
3871.33333333
3874.0
3802.66666667
3811.33333333
3873.0
3827.66666667
3855.66666667
3834.33333333
3853.33333333
3838.33333333
3864.33333333
3815.33333333
3832.33333333
3822.0
3881.0
3806.33333333
3869.0
3832.0
3828.66666667
3802.66666667
3844.66666667
3888.0
3826.0
3836.0
3893.33333333
3819.66666667
3831.0
3860.0
3839.66666667
3825.33333333
3857.66666667
3840.0
3857.0
3816.0
3846.66666667
3824.66666667
3849.33333333
3796.66666667
3794.66666667
3767.33333333
3853.0
SEC 64
3916.0
3911.0
3908.33333333
3863.0
3914.33333333
3886.66666667
3893.0
3936.0
3929.33333333
3936.0
3879.0
3938.0
3936.33333333
3926.0
3941.33333333
3928.66666667
3953.0
3929.33333333
3909.66666667
3892.33333333
3908.0
3928.0
3898.66666667
3937.0
3943.33333333
3871.33333333
3874.0
3935.33333333
3906.66666667
3907.0
3895.33333333
3916.66666667
3899.33333333
3927.0
3875.0
3899.33333333
3886.0
3944.66666667
3915.0
3899.33333333
3888.66666667
3889.66666667
3865.66666667
3913.0
3954.66666667
3891.0
3899.0
3963.33333333
3879.0
3891.66666667
3930.0
3907.66666667
3888.33333333
3924.66666667
3910.66666667
3921.33333333
3880.0
3915.33333333
3887.33333333
3909.66666667
3871.33333333
3860.0
3829.33333333
3916.66666667
SEC 65
3970.0
3972.33333333
3969.33333333
3930.66666667
3945.66666667
3978.33333333
3957.0
4000.0
3987.66666667
4008.66666667
3943.66666667
3983.66666667
4018.66666667
3988.33333333
4013.0
3989.33333333
4021.0
3987.66666667
3981.33333333
3952.33333333
3977.66666667
4014.33333333
3938.0
4006.66666667
4002.0
3934.33333333
3944.66666667
3996.0
3975.0
3971.66666667
3964.0
3975.0
3963.33333333
3992.33333333
3941.66666667
3956.33333333
3949.0
4010.66666667
3952.33333333
3992.33333333
3952.0
3952.66666667
3925.66666667
3971.0
4017.66666667
3953.0
3959.33333333
4026.33333333
3940.0
3951.0
3996.33333333
3972.0
3947.33333333
3991.0
3971.33333333
3975.33333333
3957.0
3979.0
3955.33333333
3937.33333333
3976.0
3923.66666667
3892.66666667
3982.0
SEC 66
4029.0
4036.33333333
4030.33333333
3990.66666667
4052.0
3991.33333333
4021.33333333
4062.33333333
4007.0
4109.0
4010.33333333
4067.33333333
4060.0
4092.66666667
4037.66666667
4055.0
4091.66666667
4050.0
4042.33333333
4014.0
4038.66666667
4066.66666667
4014.66666667
4071.66666667
4062.66666667
3992.0
4006.33333333
4060.33333333
4032.0
4040.33333333
4019.33333333
4035.33333333
4030.66666667
4049.33333333
4006.33333333
4015.66666667
4010.0
4075.33333333
4040.33333333
4033.33333333
4007.66666667
4012.33333333
3991.66666667
4039.33333333
4081.66666667
4016.66666667
4025.33333333
4090.33333333
4006.33333333
4015.66666667
4051.66666667
4038.0
4011.66666667
4051.0
4030.33333333
4049.33333333
4020.0
4041.33333333
4017.66666667
3993.0
4042.0
3988.33333333
3956.66666667
4043.0
SEC 67
4090.0
4097.66666667
4091.33333333
4050.0
4103.33333333
4063.66666667
4081.33333333
4126.0
4112.33333333
4127.33333333
4073.0
4082.33333333
4173.33333333
4097.33333333
4158.33333333
4116.33333333
4156.0
4108.0
4108.33333333
4077.33333333
4104.0
4125.33333333
4075.33333333
4136.33333333
4120.33333333
4050.33333333
4065.66666667
4117.33333333
4100.33333333
4096.33333333
4095.33333333
4088.33333333
4092.66666667
4111.0
4062.0
4078.66666667
4066.33333333
4135.33333333
4112.66666667
4075.0
4070.33333333
4073.33333333
4051.0
4105.66666667
4150.66666667
4080.66666667
4085.0
4147.66666667
4068.33333333
4079.66666667
4119.0
4103.66666667
4069.66666667
4108.33333333
4090.33333333
4071.66666667
4118.33333333
4108.33333333
4076.33333333
4102.0
4061.33333333
4051.66666667
4022.33333333
4104.33333333
SEC 68
4153.33333333
4155.0
4149.0
4110.0
4172.66666667
4112.66666667
4141.33333333
4187.33333333
4191.66666667
4168.66666667
4140.66666667
4240.0
4142.0
4163.33333333
4211.0
4173.33333333
4221.66666667
4176.33333333
4167.66666667
4168.66666667
4131.66666667
4158.33333333
4170.33333333
4200.33333333
4179.33333333
4115.66666667
4125.33333333
4174.33333333
4165.33333333
4151.33333333
4136.66666667
4165.0
4157.0
4172.66666667
4121.33333333
4138.66666667
4127.0
4194.33333333
4133.33333333
4177.33333333
4129.66666667
4131.66666667
4116.66666667
4162.0
4219.0
4143.33333333
4140.33333333
4206.66666667
4130.33333333
4142.0
4182.33333333
4166.0
4134.66666667
4177.33333333
4151.33333333
4140.0
4170.66666667
4167.66666667
4138.0
4124.66666667
4159.33333333
4112.33333333
4084.66666667
4165.33333333
SEC 69
4207.33333333
4210.33333333
4202.0
4164.33333333
4227.33333333
4162.66666667
4191.66666667
4239.66666667
4293.0
4172.66666667
4194.0
4257.66666667
4233.0
4248.33333333
4229.0
4225.33333333
4276.0
4232.0
4220.0
4225.0
4182.66666667
4219.66666667
4218.0
4246.33333333
4233.33333333
4161.33333333
4179.0
4223.66666667
4205.0
4219.33333333
4215.33333333
4185.0
4210.33333333
4217.66666667
4171.0
4188.66666667
4178.66666667
4239.33333333
4188.66666667
4228.66666667
4183.0
4180.66666667
4173.66666667
4215.0
4268.33333333
4199.0
4196.66666667
4260.0
4192.66666667
4193.66666667
4237.33333333
4219.66666667
4194.33333333
4229.66666667
4203.66666667
4238.33333333
4181.0
4226.66666667
4192.33333333
4185.33333333
4199.0
4168.0
4135.0
4223.0
SEC 70
4268.33333333
4279.0
4264.0
4232.33333333
4241.0
4270.0
4253.33333333
4300.66666667
4354.0
4241.33333333
4253.0
4319.0
4303.33333333
4320.0
4283.66666667
4287.0
4340.66666667
4294.0
4281.66666667
4289.66666667
4247.66666667
4287.33333333
4279.66666667
4307.0
4299.33333333
4229.33333333
4239.66666667
4289.66666667
4272.33333333
4290.0
4268.33333333
4257.0
4272.33333333
4281.66666667
4236.66666667
4249.66666667
4246.33333333
4306.0
4223.33333333
4316.0
4247.0
4238.33333333
4238.0
4279.0
4336.66666667
4267.66666667
4262.66666667
4320.0
4258.33333333
4264.33333333
4299.33333333
4282.33333333
4258.33333333
4299.66666667
4266.66666667
4250.0
4290.33333333
4289.0
4253.0
4216.0
4285.66666667
4228.33333333
4203.33333333
4285.0
SEC 71
4332.0
4346.33333333
4329.33333333
4300.33333333
4338.33333333
4313.33333333
4320.66666667
4373.33333333
4421.0
4304.33333333
4321.33333333
4388.66666667
4375.33333333
4353.0
4392.66666667
4359.66666667
4409.0
4360.33333333
4348.0
4348.0
4320.33333333
4387.0
4321.66666667
4378.33333333
4366.33333333
4294.0
4304.0
4358.66666667
4338.0
4359.33333333
4321.33333333
4330.33333333
4339.66666667
4353.0
4306.33333333
4317.33333333
4312.0
4371.66666667
4295.0
4385.33333333
4311.33333333
4310.0
4307.0
4349.0
4400.33333333
4335.33333333
4327.0
4386.0
4323.0
4332.0
4365.0
4347.0
4324.33333333
4368.66666667
4334.66666667
4303.33333333
4365.66666667
4362.33333333
4324.33333333
4332.33333333
4299.33333333
4296.33333333
4271.33333333
4352.66666667
SEC 72
4395.66666667
4413.0
4390.66666667
4368.66666667
4358.33333333
4425.66666667
4386.66666667
4434.66666667
4496.66666667
4359.0
4386.33333333
4401.33333333
4495.33333333
4452.33333333
4417.33333333
4422.0
4474.0
4422.33333333
4409.33333333
4415.66666667
4383.66666667
4451.0
4392.0
4443.33333333
4432.0
4363.66666667
4368.33333333
4428.66666667
4396.33333333
4437.33333333
4387.33333333
4386.0
4410.0
4412.33333333
4372.66666667
4385.0
4375.66666667
4439.0
4364.66666667
4451.33333333
4382.66666667
4374.66666667
4367.0
4413.66666667
4461.0
4396.33333333
4395.33333333
4447.33333333
4391.0
4397.0
4427.33333333
4414.66666667
4389.0
4429.33333333
4405.66666667
4365.0
4433.33333333
4427.0
4387.33333333
4413.66666667
4346.0
4364.66666667
4330.66666667
4413.0
SEC 73
4461.0
4482.0
4456.33333333
4436.0
4427.66666667
4493.33333333
4449.66666667
4498.66666667
4565.33333333
4419.33333333
4447.0
4513.66666667
4510.66666667
4520.33333333
4476.33333333
4491.66666667
4539.66666667
4488.0
4475.33333333
4484.33333333
4441.33333333
4453.0
4516.0
4509.66666667
4501.33333333
4432.66666667
4435.33333333
4495.33333333
4490.66666667
4473.0
4456.33333333
4447.33333333
4473.0
4474.33333333
4438.0
4460.66666667
4442.0
4510.33333333
4426.33333333
4519.0
4450.66666667
4436.33333333
4430.33333333
4485.66666667
4534.0
4461.33333333
4470.0
4510.0
4458.0
4461.33333333
4501.66666667
4477.66666667
4458.66666667
4498.33333333
4476.33333333
4429.33333333
4506.33333333
4494.33333333
4455.0
4476.0
4410.33333333
4428.66666667
4392.66666667
4487.66666667
SEC 74
4528.33333333
4547.33333333
4517.66666667
4495.66666667
4541.33333333
4500.66666667
4510.66666667
4563.0
4495.0
4615.33333333
4508.0
4528.33333333
4621.66666667
4586.66666667
4538.66666667
4554.33333333
4601.66666667
4551.66666667
4538.66666667
4553.0
4504.0
4546.66666667
4551.0
4574.0
4564.66666667
4501.0
4498.33333333
4555.0
4580.66666667
4515.0
4513.66666667
4523.0
4532.33333333
4536.33333333
4496.66666667
4528.0
4507.33333333
4576.33333333
4519.66666667
4556.66666667
4515.0
4500.33333333
4494.33333333
4551.0
4597.0
4525.0
4531.66666667
4575.66666667
4520.0
4526.33333333
4572.66666667
4540.66666667
4522.33333333
4561.0
4542.33333333
4508.66666667
4558.33333333
4564.66666667
4520.33333333
4541.66666667
4478.33333333
4491.66666667
4455.33333333
4556.33333333
SEC 75
4596.33333333
4615.33333333
4585.66666667
4555.0
4610.33333333
4568.33333333
4571.0
4631.0
4604.33333333
4629.33333333
4570.33333333
4689.0
4593.33333333
4595.33333333
4660.0
4618.33333333
4666.0
4612.33333333
4606.33333333
4579.0
4605.33333333
4611.66666667
4609.66666667
4639.33333333
4627.0
4564.66666667
4565.33333333
4616.66666667
4634.0
4595.66666667
4578.0
4589.0
4603.66666667
4601.0
4560.66666667
4593.33333333
4570.33333333
4643.33333333
4556.0
4656.0
4580.0
4567.0
4569.0
4614.66666667
4662.0
4594.66666667
4598.66666667
4636.33333333
4578.33333333
4590.0
4636.66666667
4602.33333333
4585.0
4620.33333333
4602.0
4575.33333333
4622.0
4635.0
4586.66666667
4588.66666667
4567.66666667
4559.33333333
4521.33333333
4623.66666667
SEC 76
4655.0
4674.0
4646.0
4613.33333333
4609.66666667
4688.33333333
4633.0
4693.33333333
4609.66666667
4739.66666667
4629.0
4697.33333333
4692.33333333
4709.0
4661.0
4687.33333333
4726.66666667
4668.0
4667.66666667
4628.33333333
4679.66666667
4666.33333333
4671.66666667
4697.0
4685.0
4622.33333333
4629.66666667
4666.33333333
4668.0
4682.66666667
4638.66666667
4643.66666667
4661.66666667
4657.0
4619.66666667
4647.66666667
4626.66666667
4702.33333333
4623.66666667
4712.66666667
4640.66666667
4623.66666667
4625.33333333
4668.0
4722.33333333
4648.33333333
4654.66666667
4692.66666667
4633.33333333
4649.0
4693.0
4666.66666667
4639.0
4686.66666667
4664.66666667
4638.33333333
4671.0
4698.0
4645.66666667
4624.33333333
4646.33333333
4618.66666667
4577.33333333
4685.0
SEC 77
4713.33333333
4734.66666667
4704.66666667
4668.33333333
4686.66666667
4723.66666667
4687.66666667
4752.33333333
4801.33333333
4666.66666667
4686.33333333
4783.33333333
4724.66666667
4709.33333333
4778.33333333
4745.33333333
4781.66666667
4726.33333333
4728.66666667
4705.66666667
4720.66666667
4729.33333333
4728.0
4753.33333333
4744.66666667
4680.0
4689.0
4720.33333333
4734.66666667
4726.66666667
4717.66666667
4679.66666667
4720.33333333
4718.33333333
4678.66666667
4705.33333333
4685.66666667
4760.66666667
4715.66666667
4743.0
4698.33333333
4681.33333333
4689.0
4724.66666667
4780.66666667
4701.66666667
4715.0
4745.33333333
4692.0
4709.33333333
4756.0
4722.0
4701.33333333
4744.66666667
4723.66666667
4692.33333333
4740.0
4750.33333333
4700.33333333
4682.0
4709.66666667
4685.66666667
4641.33333333
4744.66666667
SEC 78
4780.66666667
4797.33333333
4773.66666667
4734.0
4816.33333333
4730.66666667
4754.33333333
4813.0
4877.66666667
4720.33333333
4749.0
4863.0
4778.0
4840.0
4784.0
4806.66666667
4847.33333333
4796.66666667
4794.33333333
4788.0
4769.66666667
4799.66666667
4794.0
4819.33333333
4807.66666667
4749.33333333
4752.33333333
4787.66666667
4800.0
4789.0
4762.66666667
4761.33333333
4783.33333333
4783.66666667
4742.33333333
4770.33333333
4753.0
4823.33333333
4843.66666667
4740.33333333
4761.66666667
4746.33333333
4758.33333333
4791.0
4851.33333333
4768.33333333
4784.0
4811.33333333
4756.0
4771.66666667
4818.33333333
4791.66666667
4769.0
4808.66666667
4788.66666667
4752.33333333
4807.0
4820.33333333
4767.33333333
4776.0
4748.33333333
4754.66666667
4706.0
4810.66666667
SEC 79
4843.33333333
4857.66666667
4836.33333333
4796.0
4820.33333333
4855.33333333
4815.0
4874.0
4940.66666667
4775.66666667
4808.0
4924.66666667
4838.66666667
4900.66666667
4851.33333333
4867.33333333
4904.0
4859.0
4853.0
4838.66666667
4847.0
4857.0
4858.33333333
4884.33333333
4872.33333333
4814.0
4813.0
4852.0
4868.66666667
4839.66666667
4804.33333333
4849.33333333
4846.0
4847.33333333
4803.33333333
4839.66666667
4813.0
4887.0
4843.66666667
4863.33333333
4827.0
4804.33333333
4819.0
4855.66666667
4913.0
4829.33333333
4847.66666667
4877.33333333
4813.33333333
4834.66666667
4875.33333333
4855.66666667
4833.66666667
4869.33333333
4848.0
4861.33333333
4817.66666667
4880.33333333
4833.33333333
4836.33333333
4808.0
4811.66666667
4766.0
4875.33333333
SEC 80
4898.0
4914.0
4888.33333333
4849.33333333
4876.0
4912.66666667
4872.0
4931.33333333
4974.66666667
4852.0
4861.0
4916.33333333
4948.66666667
4954.66666667
4907.66666667
4924.66666667
4967.66666667
4911.33333333
4907.33333333
4897.66666667
4902.0
4913.33333333
4922.33333333
4938.33333333
4930.33333333
4875.66666667
4869.0
4907.0
4906.66666667
4917.66666667
4873.33333333
4892.33333333
4900.0
4905.33333333
4856.66666667
4898.33333333
4864.66666667
4939.0
4919.0
4899.66666667
4883.0
4860.66666667
4876.66666667
4906.66666667
4970.0
4883.66666667
4901.0
4934.0
4876.66666667
4891.33333333
4928.0
4911.33333333
4884.66666667
4928.33333333
4898.33333333
4865.66666667
4919.33333333
4935.33333333
4889.33333333
4896.66666667
4867.0
4862.0
4817.0
4935.0
