WT0
17.0
45.0
47.0
61.0
63.0
61.666666667
54.666666666
55.333333334
55.666666666
67.0
65.666666667
65.0
62.0
62.333333333
71.0
62.333333334
55.666666666
66.333333337
60.0
58.33333333
52.0
57.33333333
62.33333334
55.33333333
64.66666667
69.0
71.66666666
66.66666667
61.0
58.0
58.33333333
60.33333334
66.0
61.66666666
53.33333334
56.33333333
63.33333333
66.66666667
61.0
62.33333333
64.33333334
68.33333333
67.66666667
60.33333333
63.33333333
57.33333334
65.66666666
67.66666667
63.0
63.0
61.33333333
62.33333334
59.0
56.66666666
65.66666667
70.66666667
64.0
70.33333333
64.33333333
67.66666667
63.66666667
57.0
58.66666666
70.66666667
54.0
59.0
61.0
63.33333333
54.0
61.0
63.66666667
63.66666667
65.33333333
67.33333333
68.0
58.66666667
58.33333333
67.33333334
62.66666666
WT1
18.0
39.3333333333
43.6666666667
54.666666667
55.666666666
63.0
63.333333334
58.666666666
53.666666667
67.666666667
63.0
65.0
61.0
65.666666666
69.0
57.333333334
59.666666666
65.666666667
62.33333333
58.33333334
51.66666666
55.0
62.33333334
61.66666666
72.33333334
73.66666666
63.33333334
68.0
64.0
58.33333333
60.33333333
55.66666667
66.66666667
61.0
58.33333333
56.66666667
63.0
57.66666666
60.33333334
62.66666666
62.33333334
66.0
67.0
67.0
63.0
57.0
57.0
67.66666666
69.0
64.66666667
60.0
61.66666667
57.33333333
60.33333333
66.33333334
64.66666666
63.33333334
72.66666666
62.0
67.33333334
64.33333333
64.33333333
65.33333334
63.33333333
61.33333333
64.0
61.33333334
57.33333333
55.33333333
68.66666667
67.33333333
66.66666667
69.0
65.33333333
68.0
58.66666667
60.66666667
62.66666666
60.33333334
WT2
16.0
40.3333333333
44.9999999997
59.0
61.333333334
61.333333333
58.333333333
62.666666667
59.0
67.333333333
69.0
66.333333334
62.666666666
66.333333334
63.666666666
62.333333334
61.666666666
67.666666667
62.66666667
58.33333333
58.0
54.66666667
60.0
55.66666666
63.0
66.0
65.0
66.66666667
58.33333333
62.33333334
63.0
63.66666666
65.33333334
61.33333333
55.33333333
56.66666667
59.33333333
57.0
58.33333334
58.0
57.0
66.66666666
61.0
69.0
58.33333334
52.66666666
64.33333334
62.33333333
62.33333333
67.66666667
63.33333333
62.33333334
65.33333333
61.66666667
67.66666666
72.0
64.0
67.0
62.33333334
71.0
60.0
62.66666666
63.66666667
65.33333333
61.0
61.0
61.0
57.66666667
53.0
62.0
65.33333333
61.33333334
65.66666666
61.33333334
68.0
60.33333333
58.66666667
69.0
62.66666666
WT3
17.3333333333
41.3333333334
45.3333333333
56.666666667
59.0
62.0
53.0
58.0
52.0
66.666666666
61.666666667
67.333333333
56.666666667
65.666666667
64.333333333
65.666666667
56.666666666
64.666666667
65.66666667
60.0
65.66666666
55.33333334
61.0
58.33333333
69.33333333
66.66666667
71.0
62.66666667
57.0
64.0
62.66666666
61.0
64.0
63.33333334
55.66666666
55.33333334
62.0
53.33333333
52.66666667
60.33333333
64.0
66.33333333
60.66666667
63.66666667
62.0
56.33333333
57.0
66.0
63.66666667
65.0
64.0
61.33333333
52.66666667
57.33333333
68.66666667
66.0
57.66666666
68.0
64.33333334
69.66666666
57.0
64.0
60.0
66.66666667
67.66666667
60.0
59.33333333
60.0
54.33333333
68.0
68.0
68.33333334
67.33333333
59.66666667
59.33333333
58.33333333
55.0
65.66666667
62.0
WT4
18.3333333333
42.3333333334
38.3333333333
55.666666667
58.0
82.0
42.666666666
61.333333334
44.666666666
64.333333334
68.0
63.666666666
55.333333334
65.666666666
91.333333334
33.0
71.0
70.000000003
43.33333333
71.33333333
48.33333334
63.33333333
50.66666667
58.66666666
63.66666667
64.0
79.66666667
63.66666666
54.33333334
67.0
54.66666666
74.0
76.0
66.0
45.33333334
72.0
43.0
65.66666666
41.66666667
73.66666667
72.33333333
58.33333333
74.66666667
42.66666667
81.0
38.33333333
53.66666667
52.33333333
118.0
39.66666667
46.66666666
38.0
111.33333334
22.33333333
111.66666667
30.66666666
89.33333334
85.33333333
14.33333333
109.66666667
21.33333333
58.66666667
81.0
97.33333333
31.33333334
106.33333333
51.33333333
69.33333334
54.66666666
13.66666667
97.33333333
20.0
69.33333334
113.66666666
69.0
0.666666659999
77.0
129.66666666
4.0
WT5
19.6666666667
34.3333333333
60.0
55.0
60.666666667
47.666666666
70.0
45.666666667
58.333333333
62.666666667
65.0
69.0
71.0
67.0
50.0
74.666666667
46.333333333
64.0
71.0
43.33333333
65.33333334
42.66666666
70.33333334
55.33333333
61.0
74.33333333
55.0
67.66666667
62.66666667
61.33333333
67.0
62.0
72.0
60.66666667
62.33333333
55.0
75.66666667
40.66666666
71.66666667
50.33333333
53.33333334
73.33333333
57.0
89.0
58.0
70.66666667
51.33333333
83.33333333
18.33333334
79.66666666
76.0
72.66666667
13.66666667
96.0
28.33333333
107.0
43.0
48.33333333
103.0
39.33333334
101.0
63.66666666
48.33333334
44.0
91.66666666
13.0
72.33333334
49.0
50.0
107.33333333
43.33333333
112.33333334
67.66666666
7.33333334
67.66666666
120.0
35.33333334
7.0
124.66666666
WT6
20.6666666667
37.0
44.6666666663
63.0
60.666666667
58.333333333
54.0
63.666666667
55.333333333
63.333333334
66.0
64.333333333
62.666666667
59.333333333
71.666666667
53.666666666
58.333333334
64.000000003
71.0
60.0
51.66666666
60.33333334
56.33333333
61.0
66.66666667
68.66666666
70.66666667
61.33333333
60.0
67.0
55.66666667
58.0
69.66666667
63.66666666
58.33333334
66.33333333
59.66666667
62.0
55.66666666
64.33333334
64.66666666
67.0
62.66666667
67.66666667
67.33333333
59.66666667
54.0
63.0
59.66666666
58.66666667
65.0
56.33333333
64.33333334
54.0
64.66666666
64.33333334
62.33333333
67.0
66.33333333
62.33333334
61.33333333
59.33333333
66.66666667
66.0
64.0
64.33333333
60.0
60.0
50.33333334
61.66666666
67.33333334
66.0
63.0
61.0
60.33333333
62.0
54.66666667
66.66666666
60.66666667
WT7
18.6666666667
39.3333333333
45.0
61.0
63.666666667
64.333333333
49.666666667
56.666666666
58.0
65.0
61.666666667
71.333333333
58.666666667
61.333333333
69.0
54.666666667
63.666666667
69.666666663
59.66666667
57.66666667
53.33333333
54.0
61.66666667
62.0
66.33333333
72.0
67.33333333
66.0
64.33333334
64.33333333
65.0
62.0
65.0
62.33333333
61.0
63.33333334
58.0
62.0
61.0
65.33333333
66.33333333
72.0
66.33333334
63.66666666
60.33333334
48.33333333
54.66666667
72.0
60.0
66.33333333
59.66666667
57.66666666
56.33333334
57.33333333
70.0
69.66666667
67.33333333
68.0
61.66666667
70.33333333
59.0
67.66666667
69.0
67.33333333
64.0
62.33333333
63.66666667
61.33333333
52.33333334
61.0
72.66666666
61.33333334
64.0
64.33333333
68.0
62.33333333
59.0
60.66666667
61.0
WT8
19.3333333333
42.6666666667
42.666666667
55.0
70.0
65.666666666
41.333333334
61.666666666
78.0
41.0
102.0
47.333333334
59.0
55.333333333
84.333333333
54.333333334
43.333333333
67.66666667
58.0
89.0
43.0
57.33333333
62.66666667
46.0
90.33333333
47.66666667
56.33333333
71.66666667
67.33333333
68.33333333
56.66666667
97.33333333
43.0
74.33333334
30.66666666
77.66666667
51.0
73.0
13.33333333
108.66666667
12.66666667
127.33333333
43.0
61.0
65.33333333
63.66666667
54.0
67.33333333
75.33333334
91.33333333
68.0
72.66666667
6.33333333
105.66666667
29.66666667
119.0
68.33333333
121.66666667
13.0
79.66666667
44.0
67.0
71.0
73.66666666
58.33333334
19.33333333
105.33333333
79.33333334
101.33333333
61.0
67.0
75.66666667
68.66666666
70.33333333
109.33333333
5.33333334
191.66666666
76.33333334
63.0
WT9
18.3333333333
41.3333333334
48.6666666663
61.666666667
50.0
55.0
78.0
51.0
50.0
96.666666667
32.666666666
91.0
63.333333334
66.333333333
48.0
57.333333333
76.666666667
71.66666667
63.33333333
29.33333333
68.0
62.0
60.0
67.33333334
48.33333333
85.66666667
78.66666666
57.0
60.0
64.33333334
58.33333333
27.0
89.66666667
51.66666666
84.0
49.66666667
63.66666667
47.0
106.0
3.66666666
110.0
6.0
95.33333334
67.0
67.0
54.66666666
56.0
66.33333334
55.66666666
37.66666667
56.0
53.66666667
121.66666666
14.66666667
165.66666667
14.66666666
60.66666667
7.0
131.66666667
46.66666666
75.33333334
54.0
65.66666666
70.66666667
72.66666667
100.33333333
18.33333333
41.33333334
4.0
68.66666666
63.0
54.66666667
60.33333333
196.0
14.0
110.33333334
73.0
53.66666666
55.33333334
WT10
18.0
40.6666666667
44.6666666663
62.0
55.666666667
62.0
53.0
57.333333333
57.666666667
66.333333333
64.0
70.0
64.0
61.0
67.333333334
55.333333333
56.333333333
67.999999997
65.33333334
60.66666666
52.33333334
62.0
57.0
59.33333333
65.66666667
70.0
63.66666666
74.66666667
59.66666667
65.0
59.0
64.0
64.0
60.66666666
51.33333334
61.0
57.66666666
61.0
56.33333334
58.33333333
61.0
63.33333333
64.66666667
68.66666667
67.33333333
55.0
54.66666667
65.0
67.33333333
63.33333333
67.0
53.33333334
59.0
56.33333333
68.66666667
66.33333333
62.66666667
66.0
62.0
73.66666666
58.33333334
56.66666666
63.0
63.66666667
64.66666667
66.66666666
62.66666667
67.66666667
53.33333333
59.0
68.33333333
65.0
60.66666667
61.0
62.33333333
58.66666667
57.33333333
62.66666667
59.0
WT11
19.0
42.6666666667
49.3333333333
62.0
54.0
59.666666667
56.333333333
62.0
67.333333333
50.666666667
97.0
67.666666667
53.0
43.333333333
85.666666667
63.666666666
55.0
50.333333337
82.66666666
55.66666667
66.0
36.66666667
78.66666666
53.66666667
58.0
70.33333333
67.33333334
66.66666666
48.0
95.33333334
59.66666666
27.66666667
77.33333333
50.66666667
108.0
54.0
60.33333333
77.0
63.33333334
0.66666667
124.33333333
7.66666667
85.0
36.66666667
90.33333333
63.33333333
51.33333334
35.0
56.0
97.33333333
99.33333333
56.33333334
12.0
112.33333333
73.33333333
10.66666667
92.33333333
61.33333334
57.66666666
68.0
86.33333334
9.66666666
84.33333334
96.33333333
45.66666667
83.66666666
15.0
157.66666667
17.66666667
61.33333333
69.66666667
12.66666666
112.33333334
14.66666666
160.66666667
8.33333333
86.0
79.66666667
61.66666667
WT12
17.3333333333
41.3333333334
49.0000000003
57.333333333
61.666666667
67.666666666
60.333333334
52.666666666
51.666666667
85.333333333
35.666666667
70.0
68.333333333
86.666666667
53.333333333
62.666666667
66.0
88.0
38.0
61.33333333
40.66666667
80.33333333
38.33333334
69.33333333
74.66666667
60.66666666
69.66666667
66.66666667
79.66666666
28.66666667
58.0
95.33333333
62.33333334
85.33333333
6.33333333
78.33333334
57.0
39.66666666
58.33333334
121.33333333
1.33333333
113.0
43.66666667
97.33333333
44.0
50.66666667
54.66666667
98.66666666
80.0
27.33333334
28.33333333
61.33333333
135.33333334
0.66666666
62.66666667
127.0
29.33333333
68.33333334
72.33333333
71.33333333
30.66666667
113.0
45.33333333
35.0
82.33333334
41.33333333
113.33333333
31.33333333
91.0
70.33333333
72.0
120.0
15.33333334
111.0
28.33333334
99.0
32.33333334
53.33333333
60.66666667
WT13
16.6666666667
39.3333333333
48.666666667
56.333333333
60.333333333
55.0
60.0
66.666666667
58.0
61.0
64.0
74.666666667
70.0
50.333333333
61.666666667
78.666666666
52.666666667
64.66666667
67.0
56.33333333
63.0
60.66666667
47.0
51.0
64.0
67.33333333
72.0
67.33333333
69.66666667
55.66666667
55.33333333
80.0
64.0
77.66666667
57.0
22.33333333
81.0
52.66666667
73.0
73.66666666
48.33333334
51.66666666
86.66666667
41.66666667
68.0
55.66666666
63.0
59.33333334
95.33333333
66.33333333
42.66666667
50.33333333
59.33333334
98.0
51.0
40.66666666
91.0
90.0
65.0
43.0
27.66666667
84.33333333
94.66666667
36.0
62.33333333
104.33333334
4.66666666
66.0
85.0
71.66666667
33.0
99.33333333
68.0
66.33333334
8.66666666
113.66666667
0.33333333
130.66666667
60.66666667
WT14
18.0
38.3333333333
45.9999999997
60.0
57.666666667
65.333333333
55.333333334
55.0
48.0
76.0
75.333333333
65.0
50.666666667
80.333333333
73.666666667
38.0
58.666666666
72.666666667
58.0
69.66666667
53.33333333
55.33333333
69.0
61.33333334
72.33333333
67.0
60.0
60.33333333
56.0
71.33333334
63.33333333
48.66666667
69.0
55.33333333
55.66666667
91.33333333
38.66666667
69.66666666
56.66666667
52.33333333
72.33333334
79.0
39.0
96.66666666
67.0
56.66666667
55.33333333
80.33333334
41.0
56.66666666
79.33333334
71.33333333
54.66666667
18.33333333
85.33333333
95.66666667
46.33333333
44.0
66.0
86.33333334
91.66666666
36.33333334
37.33333333
96.33333333
71.66666667
24.66666667
120.66666666
52.66666667
18.0
54.66666667
109.0
24.66666666
59.0
62.33333334
121.33333333
1.0
117.33333333
5.66666667
67.33333333
WT15
19.0
33.0
51.666666667
62.333333333
65.333333333
63.0
59.666666667
56.333333333
52.0
69.0
68.333333334
66.666666666
58.0
67.333333334
68.333333333
54.333333333
60.333333334
69.000000003
62.0
63.0
59.0
57.33333333
58.66666667
62.0
68.0
70.66666666
69.0
62.0
57.66666667
62.0
61.33333333
60.0
64.66666667
65.0
55.66666667
62.33333333
58.66666667
65.33333333
52.66666667
64.33333333
65.33333333
68.33333334
64.33333333
68.0
67.66666667
58.0
55.0
75.33333333
64.0
59.0
59.0
53.66666667
65.66666666
61.0
68.0
65.33333334
71.0
65.33333333
57.33333333
65.33333334
58.0
60.66666666
63.33333334
65.0
60.66666666
65.66666667
61.33333333
57.0
52.0
61.66666667
72.66666667
62.33333333
69.66666667
62.66666666
64.0
69.0
58.0
61.33333334
60.66666666
WT16
18.3333333333
48.3333333334
46.0000000003
63.333333333
61.333333333
60.0
55.666666667
62.0
64.0
64.0
70.333333333
68.666666667
66.666666667
62.0
72.333333333
52.0
60.333333333
67.333333337
65.0
61.66666666
53.33333334
59.33333333
67.33333333
56.66666667
69.66666667
75.0
64.66666666
59.33333334
62.33333333
59.33333333
57.0
67.0
55.33333334
60.66666666
60.0
59.33333334
60.66666666
62.66666667
57.0
58.33333333
68.0
63.66666667
67.0
65.66666667
64.33333333
55.66666667
54.0
66.66666666
68.66666667
66.33333333
64.66666667
59.33333333
56.33333334
57.66666666
66.33333334
69.33333333
64.0
71.0
62.66666667
66.33333333
62.66666667
62.66666666
64.66666667
71.0
68.0
70.66666667
64.33333333
65.66666667
54.33333333
64.66666667
68.33333333
65.0
65.66666667
62.0
64.33333333
60.66666667
55.0
65.66666666
56.66666667
WT17
17.3333333333
45.3333333334
49.0000000003
56.333333333
56.333333333
63.0
59.333333334
59.0
60.0
63.333333333
66.333333333
65.333333334
58.333333333
68.666666667
65.333333333
60.333333333
60.666666667
70.33333333
57.33333334
54.0
58.33333333
57.33333333
62.0
61.33333334
74.0
67.0
70.66666666
63.66666667
66.33333333
66.66666667
62.0
62.0
67.33333333
60.0
61.33333334
59.66666666
55.0
60.0
54.0
63.66666667
60.0
72.33333333
63.66666667
62.0
60.33333333
58.0
54.66666667
69.66666667
66.0
59.33333333
62.66666667
51.33333333
58.33333333
62.0
71.33333334
70.0
66.33333333
65.66666667
69.0
68.33333333
62.0
61.0
63.0
64.33333333
58.33333334
62.33333333
58.0
68.33333333
55.66666667
62.0
66.33333333
62.0
65.66666667
63.66666667
60.66666666
55.66666667
58.33333333
70.33333334
62.33333333
WT18
21.0
42.3333333333
46.9999999997
54.333333334
63.0
62.0
55.333333333
58.0
59.333333333
67.333333334
67.333333333
68.0
56.333333333
65.0
71.0
54.0
60.666666667
69.0
62.0
57.0
55.0
55.0
59.0
48.0
66.0
64.66666667
63.66666666
63.33333334
64.66666666
65.66666667
61.33333333
60.33333334
67.0
59.66666666
57.66666667
57.33333333
57.66666667
57.66666667
59.66666666
58.33333334
60.0
67.0
62.66666666
63.66666667
66.0
54.66666667
62.33333333
65.33333333
72.66666667
62.0
68.0
58.66666667
65.33333333
53.33333333
68.33333334
65.33333333
64.66666667
69.33333333
63.0
72.66666667
60.66666666
65.33333334
76.0
61.0
71.66666666
61.0
66.0
59.33333334
52.33333333
61.66666667
66.33333333
61.33333333
66.0
63.33333334
67.66666666
61.33333334
61.0
65.66666666
58.66666667
WT19
17.0
43.0
49.666666667
59.666666666
53.666666667
67.0
45.333333333
61.333333334
57.666666666
65.666666667
67.666666667
64.666666666
53.666666667
77.0
66.333333333
47.333333334
76.333333333
70.0
66.33333333
31.66666667
75.0
47.33333333
61.0
57.66666667
62.33333333
84.66666667
66.66666667
52.33333333
63.66666667
77.0
58.33333333
60.0
39.33333333
65.0
80.33333334
50.33333333
71.0
48.0
36.66666667
81.0
72.66666666
69.33333334
56.66666666
40.33333334
91.33333333
38.0
82.66666667
63.0
63.33333333
76.66666667
64.33333333
25.0
61.33333333
83.33333334
47.66666666
63.0
67.66666667
65.33333333
47.66666667
65.0
99.33333333
25.66666667
91.66666667
52.66666666
60.0
61.66666667
63.33333333
91.33333334
56.33333333
64.66666667
58.33333333
67.66666667
68.66666666
68.66666667
26.0
49.33333333
77.33333334
82.33333333
50.66666667
WT20
18.0
41.0
47.666666667
55.333333333
64.666666667
56.333333333
58.0
47.333333333
56.333333334
70.333333333
61.333333333
64.666666667
79.0
49.666666667
76.0
66.666666666
39.0
71.666666667
60.0
90.33333333
37.33333334
65.0
58.66666666
58.33333334
72.0
52.33333333
67.66666667
79.0
55.33333333
56.33333333
51.66666667
62.0
88.0
59.33333333
31.0
61.33333334
50.0
68.33333333
83.66666667
36.0
52.33333333
67.33333333
75.0
86.33333334
34.0
74.0
36.0
70.66666666
71.33333334
63.33333333
58.33333333
84.33333334
55.33333333
34.66666667
94.66666666
71.0
65.0
66.66666667
77.33333333
71.66666667
15.33333333
100.66666667
33.66666667
82.33333333
69.66666667
61.0
65.33333333
27.66666667
51.0
65.0
72.66666666
63.33333334
57.66666666
62.66666667
101.33333333
74.33333334
41.0
49.0
77.33333333
WT21
15.6666666667
48.0
49.0000000003
55.0
64.0
62.0
55.0
58.333333333
41.0
56.666666667
70.333333333
67.333333333
80.0
63.333333334
45.666666666
63.333333334
58.333333333
84.66666667
67.33333333
40.0
56.66666667
65.0
66.33333333
59.33333333
62.0
79.33333334
75.33333333
50.33333333
63.33333334
87.33333333
37.0
74.33333333
49.66666667
100.33333333
12.33333334
63.0
56.33333333
109.66666667
40.0
24.66666666
109.33333334
36.33333333
43.66666667
83.33333333
49.0
93.0
40.33333333
84.0
64.33333334
24.33333333
119.66666667
40.0
81.33333333
52.66666667
44.0
65.66666666
37.0
128.33333334
6.33333334
77.66666667
58.66666667
43.0
101.0
80.33333333
86.33333333
52.33333334
58.66666666
33.0
61.33333334
67.66666666
99.66666667
64.0
2.0
93.66666667
65.0
54.66666666
63.0
70.33333334
57.33333333
WT22
17.3333333333
42.6666666667
44.666666667
60.666666666
54.0
63.0
50.333333334
57.666666666
59.333333334
76.333333333
65.333333333
68.666666667
43.0
65.0
92.666666667
49.333333333
51.666666667
58.333333333
69.0
77.66666667
54.0
55.0
51.33333333
65.66666667
75.66666666
67.0
62.0
84.33333334
57.33333333
39.66666667
83.66666666
53.0
81.33333334
32.0
96.0
61.0
67.33333333
7.33333333
70.33333334
97.66666666
16.66666667
95.33333333
86.0
41.0
89.33333334
19.33333333
71.66666667
47.33333333
67.33333333
101.0
8.66666667
77.33333333
39.33333334
57.0
92.0
78.66666666
88.66666667
3.0
128.0
55.66666667
59.33333333
71.66666667
29.0
47.0
39.33333333
76.66666667
60.66666666
95.0
47.66666667
61.66666667
42.0
70.33333333
124.0
35.0
58.66666667
62.0
56.33333333
66.0
64.33333333
WT23
17.0
39.6666666667
45.6666666663
59.666666667
53.333333333
65.666666667
58.0
59.0
65.0
62.0
75.333333333
64.333333334
59.333333333
65.333333333
62.333333334
57.0
59.333333333
71.0
58.33333333
57.66666667
61.33333333
58.33333334
56.66666666
66.33333334
67.0
69.66666666
73.0
66.0
62.33333334
64.0
57.33333333
63.66666667
65.0
66.0
52.0
57.0
57.66666666
57.66666667
65.0
60.66666667
63.33333333
68.66666667
65.0
59.33333333
67.0
54.0
57.0
67.0
72.0
72.33333333
63.33333334
57.0
61.66666666
57.33333334
66.33333333
64.66666667
64.0
72.66666666
66.33333334
67.33333333
57.66666667
59.0
66.66666666
65.66666667
69.66666667
65.0
64.66666666
64.0
46.0
60.66666667
71.33333333
65.0
66.33333334
64.33333333
65.33333333
57.66666667
56.33333333
66.0
65.0
WT24
19.0
41.0
52.666666667
59.666666666
62.0
59.333333334
59.666666666
56.333333334
58.333333333
71.0
65.333333333
72.333333334
62.333333333
70.333333333
66.0
60.0
59.333333334
68.333333333
60.33333333
57.33333334
57.66666666
56.0
61.0
56.66666667
66.0
73.66666667
66.33333333
62.66666667
59.66666666
66.0
61.33333334
55.0
69.66666666
66.66666667
56.0
63.0
54.66666667
61.33333333
63.0
57.66666667
65.66666666
63.33333334
66.33333333
60.0
57.66666667
56.33333333
56.66666667
75.33333333
67.66666667
65.33333333
65.66666667
57.33333333
57.66666667
55.66666666
70.33333334
62.0
66.33333333
69.66666667
61.33333333
70.33333333
64.33333334
60.66666666
63.66666667
69.33333333
58.66666667
60.66666667
57.66666666
59.0
54.0
66.0
67.0
65.66666667
69.33333333
63.33333334
62.33333333
58.0
59.66666667
63.0
64.66666666
WT25
17.3333333333
38.6666666667
46.0
60.0
63.333333333
63.333333334
60.333333333
57.0
53.666666667
63.0
69.333333333
61.333333333
59.0
67.666666667
66.0
55.0
58.0
67.33333333
61.0
58.66666667
55.0
52.66666667
59.33333333
69.33333333
65.0
68.33333334
68.33333333
65.0
55.66666667
59.0
51.0
55.33333333
66.66666667
61.0
56.0
63.0
58.33333333
58.33333333
54.33333334
63.0
64.33333333
64.33333333
60.0
67.66666667
61.33333333
59.66666667
51.66666667
63.33333333
64.66666667
61.66666666
62.66666667
59.0
67.33333333
60.66666667
68.66666667
68.0
63.0
69.33333333
60.66666667
64.33333333
62.0
61.0
66.66666667
68.66666666
63.0
57.66666667
58.33333333
65.33333334
45.66666666
68.0
64.66666667
69.66666667
69.0
68.33333333
63.66666667
57.66666666
57.66666667
69.33333333
64.66666667
WT26
18.0
39.6666666667
43.3333333333
53.666666667
62.333333333
60.666666667
60.0
58.0
54.333333333
63.666666667
65.0
64.0
58.333333333
63.0
62.666666667
52.333333333
55.0
64.333333333
58.333333337
56.33333333
53.66666667
57.33333333
60.66666667
52.33333333
68.0
71.66666667
65.33333333
67.66666667
56.66666666
62.0
60.0
67.33333334
73.0
56.0
57.66666666
65.0
68.0
59.33333334
56.0
59.0
65.66666666
65.33333334
71.0
65.33333333
66.33333333
61.0
56.0
65.66666667
61.66666667
63.0
65.33333333
54.0
67.0
54.0
63.33333333
65.33333334
67.33333333
63.33333333
63.0
71.66666667
64.33333333
56.66666667
65.33333333
62.66666667
70.66666667
61.66666666
59.33333334
59.66666666
53.66666667
60.66666667
64.33333333
64.33333333
67.0
63.0
67.0
64.33333334
59.33333333
63.33333333
60.66666667
WT27
17.6666666667
44.0
46.3333333333
58.666666667
52.0
61.0
60.666666666
60.666666667
54.666666667
68.666666666
66.666666667
72.0
59.333333333
61.666666667
71.333333333
54.666666667
57.0
63.33333333
62.66666667
55.66666667
59.66666666
55.33333334
63.0
51.66666666
67.66666667
77.0
62.66666667
65.33333333
56.0
65.66666667
56.66666666
61.33333334
68.0
61.66666666
60.33333334
59.33333333
60.33333333
68.33333334
55.66666666
68.0
67.66666667
68.33333333
66.33333334
64.0
62.33333333
61.33333333
50.66666667
69.0
66.0
66.66666667
61.66666666
58.33333334
60.0
59.66666666
73.0
70.33333334
63.66666666
64.66666667
64.33333333
68.0
65.0
62.33333334
67.33333333
62.33333333
60.66666667
64.33333333
57.0
57.0
49.33333334
66.0
69.0
70.0
66.66666666
59.66666667
61.66666667
49.66666666
54.0
67.33333334
64.33333333
WT28
14.6666666667
41.0
54.3333333333
60.0
51.333333333
70.0
52.666666667
56.0
56.333333333
65.333333334
68.0
58.333333333
62.333333333
68.666666667
65.666666667
52.333333333
59.0
71.0
59.66666667
55.66666666
57.66666667
57.66666667
79.66666666
43.0
69.66666667
54.66666667
87.0
64.0
47.0
77.66666666
57.33333334
62.33333333
53.66666667
73.66666666
58.33333334
49.66666666
62.0
50.0
72.0
56.33333334
70.66666666
68.0
57.66666667
50.0
84.0
34.66666667
90.0
28.66666666
79.0
86.66666667
64.0
42.0
39.66666667
95.0
61.0
63.0
46.66666666
82.66666667
73.66666667
58.66666666
36.66666667
100.33333333
39.33333334
79.0
68.33333333
57.0
68.33333333
65.0
39.66666667
67.33333333
65.66666667
58.33333333
94.33333334
90.0
53.33333333
34.0
66.66666667
65.33333333
68.66666667
WT29
18.3333333333
37.3333333334
46.0000000003
60.0
74.666666666
48.333333334
58.0
62.666666666
54.333333334
64.333333333
60.0
70.0
66.333333333
59.666666667
68.0
61.333333333
58.333333334
65.000000003
59.33333333
61.0
52.66666667
56.0
46.0
79.33333333
67.33333333
75.0
44.0
69.66666667
68.33333333
52.0
60.33333334
66.0
77.33333333
50.66666667
55.0
67.33333333
57.0
74.66666667
48.66666666
64.33333334
61.33333333
58.0
69.33333333
79.33333334
44.33333333
75.33333333
19.0
106.33333334
50.0
39.66666666
62.66666667
84.66666667
77.66666666
19.66666667
69.0
73.66666667
83.66666666
54.0
55.0
82.66666667
87.0
28.0
90.66666667
51.33333333
64.66666667
68.66666666
56.0
55.0
68.0
70.66666667
69.33333333
78.0
35.66666667
42.0
80.66666667
87.0
44.0
62.33333333
50.66666667
WT30
19.0
36.6666666667
43.6666666666
67.3333333337
51.0
59.666666666
49.333333334
68.0
42.0
67.333333333
88.666666667
63.666666666
50.333333334
62.333333333
70.333333333
56.333333334
60.333333333
53.66666667
60.0
74.33333333
43.66666667
66.0
54.0
56.66666666
68.0
74.66666667
79.66666667
68.66666666
58.0
68.0
61.33333334
70.33333333
53.33333333
63.33333334
52.0
65.0
60.0
60.66666666
72.0
49.66666667
74.33333333
72.66666667
44.33333333
76.66666667
53.66666667
68.66666666
61.0
55.33333334
84.33333333
56.0
57.0
60.0
60.0
51.66666667
76.0
58.0
60.0
71.0
59.0
81.0
46.0
58.0
60.66666666
61.0
68.66666667
55.33333333
76.0
41.33333334
78.66666666
53.0
53.0
66.0
69.0
57.33333334
64.33333333
60.66666667
79.0
45.0
41.66666666
WT31
18.0
49.0
42.333333333
46.0
62.666666667
65.333333333
57.666666667
46.666666667
65.0
69.333333333
45.666666667
67.0
71.333333333
62.666666667
57.0
61.666666666
63.666666667
73.33333333
64.0
50.0
64.66666667
53.0
70.33333333
61.33333334
69.33333333
73.66666667
61.33333333
63.33333333
57.0
61.66666667
63.66666667
59.66666666
78.33333334
65.33333333
56.66666667
64.66666666
55.33333334
67.66666666
46.66666667
71.0
52.33333333
62.0
82.0
55.0
76.0
42.33333334
47.33333333
87.33333333
47.0
67.66666667
70.33333333
51.0
58.66666667
63.33333333
58.33333334
74.0
68.33333333
62.33333333
68.66666667
54.0
76.33333333
63.66666667
62.33333333
63.33333334
58.33333333
60.33333333
53.0
76.66666667
20.0
72.0
73.33333333
55.66666667
61.33333333
75.66666667
66.0
54.66666667
36.0
81.66666666
88.0
WT32
16.6666666667
45.6666666666
50.6666666667
56.0
63.333333333
62.0
61.333333334
56.666666666
63.333333334
63.0
64.0
61.666666666
66.0
64.666666667
64.0
55.333333333
61.333333334
66.666666663
61.33333334
57.0
55.33333333
60.0
58.66666667
61.0
65.33333333
66.66666667
64.0
65.0
61.0
60.0
61.0
65.0
64.0
63.66666666
52.0
64.0
63.66666667
65.0
52.0
58.0
58.66666667
69.33333333
67.33333333
63.33333334
65.0
53.0
61.66666666
64.66666667
69.0
69.0
64.33333333
54.33333334
61.33333333
55.33333333
68.33333334
66.66666666
66.33333334
62.0
57.66666666
72.33333334
59.33333333
58.66666667
64.66666666
61.0
64.0
67.33333334
62.0
64.33333333
53.33333333
62.0
67.33333334
70.33333333
63.0
59.33333333
71.33333334
58.0
58.66666666
63.0
62.66666667
WT33
20.0
39.3333333333
49.3333333337
58.0
54.333333333
58.666666667
59.0
55.333333333
57.333333333
66.0
61.333333334
72.0
64.666666666
60.666666667
71.333333333
52.0
60.333333334
65.000000003
68.66666666
57.66666667
59.33333333
57.33333334
57.33333333
56.66666667
66.0
73.33333333
65.0
66.66666667
61.66666666
70.66666667
55.0
59.0
68.0
66.0
56.66666667
63.33333333
64.0
61.33333333
59.0
56.66666667
66.33333333
69.66666667
60.33333333
67.0
64.66666667
55.66666667
58.33333333
64.66666667
65.66666666
62.33333334
63.66666666
62.0
63.33333334
56.66666666
67.33333334
67.66666666
63.33333334
68.0
65.66666666
67.33333334
56.66666666
63.33333334
70.66666666
62.66666667
65.33333333
57.0
61.66666667
61.66666667
45.0
64.0
71.33333333
59.33333333
62.0
62.0
64.66666667
56.0
61.33333333
65.33333334
63.66666666
WT34
15.0
37.6666666667
47.0
57.0000000003
63.0
64.0
57.0
64.666666666
54.333333334
68.666666666
69.666666667
64.333333333
60.333333334
69.0
65.333333333
59.666666667
61.0
64.666666663
61.66666667
56.66666667
52.66666666
63.0
58.33333334
61.33333333
66.0
63.33333333
64.0
62.33333334
61.66666666
70.33333334
55.33333333
54.66666667
70.66666666
65.33333334
55.66666666
55.66666667
58.33333333
56.0
54.0
65.66666667
56.0
68.0
63.33333333
67.66666667
62.0
61.0
57.66666667
68.33333333
68.33333333
65.33333334
60.33333333
56.0
55.0
56.33333333
66.0
67.33333334
65.0
63.66666666
58.33333334
68.33333333
56.0
62.66666667
67.66666666
59.66666667
66.66666667
64.66666666
55.66666667
59.33333333
49.66666667
65.66666667
69.66666666
66.33333334
65.33333333
58.66666667
64.0
59.0
59.0
63.66666666
61.0
WT35
15.6666666667
46.0
46.3333333333
62.0
58.333333333
53.666666667
58.0
60.333333333
50.0
68.666666667
62.0
71.0
64.666666667
63.0
63.666666666
56.666666667
58.0
65.0
64.33333333
56.0
60.33333334
58.0
59.0
55.33333333
63.66666667
65.66666666
68.0
66.33333334
62.0
64.0
51.66666666
64.66666667
59.66666667
62.66666666
56.66666667
67.33333333
58.33333334
58.66666666
60.33333334
55.33333333
62.0
65.66666667
62.66666666
66.0
69.66666667
61.33333333
53.66666667
65.33333333
63.66666667
63.33333333
66.33333334
61.33333333
64.0
55.0
65.66666667
64.33333333
60.66666667
69.0
69.33333333
71.0
61.0
67.0
63.33333333
67.0
57.0
59.33333334
63.0
60.0
50.0
61.0
67.66666666
67.66666667
75.66666667
67.33333333
65.33333333
54.33333334
57.66666666
65.0
69.33333334
WT36
18.3333333333
37.3333333334
47.3333333333
61.666666667
57.0
60.666666666
52.333333334
54.0
52.333333333
66.0
61.666666667
67.333333333
60.0
67.0
70.666666667
55.0
57.333333333
72.33333333
68.33333334
68.33333333
57.33333333
56.33333334
64.33333333
55.33333333
68.33333334
69.0
69.33333333
63.33333333
55.66666667
63.33333333
56.0
62.66666667
66.66666667
68.66666666
54.33333334
55.33333333
56.33333333
58.0
59.66666667
57.66666667
59.33333333
65.33333333
62.66666667
64.66666667
64.66666666
57.33333334
56.33333333
61.66666667
68.33333333
59.66666667
61.33333333
59.33333333
58.0
59.66666667
68.66666667
72.66666666
64.33333334
69.0
56.66666666
65.66666667
66.33333333
61.33333334
66.33333333
64.0
63.0
61.0
56.33333333
60.66666667
51.66666667
67.66666666
65.66666667
63.66666667
66.33333333
65.33333333
63.0
56.33333334
59.0
67.33333333
60.0
WT37
18.0
40.6666666667
47.3333333333
61.666666667
50.0
65.0
58.0
61.0
53.0
69.0
68.333333333
75.0
62.666666667
68.0
66.0
60.333333333
62.0
65.66666667
57.33333333
65.66666667
60.0
58.66666666
63.33333334
54.0
68.0
78.33333333
71.33333333
66.66666667
62.66666667
67.0
56.33333333
67.0
64.33333333
59.33333334
55.0
59.33333333
58.66666667
57.33333333
55.33333333
63.33333334
59.0
67.66666666
64.66666667
69.0
62.66666667
57.33333333
56.66666667
71.66666666
66.66666667
61.33333333
64.66666667
58.33333333
57.0
56.33333334
70.0
66.0
67.66666666
67.33333334
62.0
67.66666666
58.66666667
61.0
67.0
63.66666667
66.0
64.66666666
60.0
59.0
45.0
66.66666667
65.66666667
67.33333333
71.33333333
66.0
67.0
59.0
58.33333334
62.66666666
63.66666667
WT38
15.3333333333
51.3333333334
33.6666666663
75.333333334
54.333333333
60.0
56.333333333
66.666666667
43.0
66.333333333
81.666666667
40.0
86.333333333
46.0
81.666666667
56.666666667
57.0
47.000000003
51.33333333
74.66666667
72.0
56.66666666
55.66666667
62.66666667
69.0
61.66666666
61.0
76.0
65.0
49.66666667
64.0
56.66666667
74.66666666
66.66666667
42.66666667
76.33333333
58.0
53.33333333
49.0
81.66666667
57.0
45.0
75.0
36.33333333
81.33333334
58.0
65.66666666
87.33333334
44.33333333
79.33333333
15.33333334
93.0
25.0
79.33333333
57.33333333
82.33333334
36.0
65.66666666
136.0
58.33333334
6.33333333
79.66666667
45.66666666
108.66666667
37.33333333
88.0
72.33333334
20.66666666
55.33333334
34.66666666
71.66666667
69.66666667
61.66666666
93.33333334
36.33333333
67.66666667
92.0
128.0
0.0
WT39
19.3333333333
37.6666666667
58.0
48.333333333
67.333333334
60.666666666
55.333333334
52.333333333
64.0
64.666666667
54.666666666
89.666666667
34.0
76.0
54.333333333
53.333333334
60.333333333
89.0
63.33333333
43.33333334
52.33333333
52.33333333
69.0
56.33333334
68.0
78.33333333
68.66666667
56.66666666
58.33333334
72.33333333
60.0
69.0
51.66666667
61.33333333
66.0
48.33333333
58.66666667
69.66666667
67.66666666
34.33333334
60.66666666
88.0
55.33333334
90.33333333
48.66666667
54.66666666
46.0
46.33333334
82.66666666
48.0
109.66666667
19.33333333
113.66666667
32.0
76.66666667
45.66666666
92.66666667
75.66666667
11.0
82.66666666
110.33333334
42.33333333
94.0
30.33333333
93.0
41.0
41.66666667
102.33333333
51.33333334
87.33333333
69.33333333
66.0
67.66666667
37.66666667
99.33333333
56.66666667
30.33333333
2.66666667
123.0
WT40
19.6666666667
35.6666666666
46.6666666667
58.333333333
60.666666667
64.666666667
50.333333333
64.333333333
52.0
67.666666667
59.333333333
68.0
61.666666667
64.333333333
68.666666667
57.0
62.666666667
66.666666663
56.66666667
59.0
56.33333333
56.0
58.66666667
60.0
70.0
70.66666667
61.33333333
63.33333333
60.33333334
66.33333333
61.0
60.0
68.66666667
65.33333333
57.66666667
61.66666666
66.0
54.66666667
57.0
63.33333333
65.0
63.66666667
64.0
60.0
65.0
54.66666667
57.0
65.0
71.66666666
59.0
62.66666667
57.66666667
60.0
58.66666666
67.66666667
65.66666667
64.66666666
66.0
62.66666667
67.0
61.33333333
57.66666667
73.0
56.66666667
63.33333333
55.66666667
62.66666666
59.33333334
53.33333333
64.0
64.33333333
71.33333334
68.0
64.33333333
65.0
60.66666667
57.66666666
63.33333334
65.33333333
WT41
15.3333333333
42.6666666667
46.666666667
57.333333333
55.333333333
64.333333334
56.333333333
54.666666667
54.666666666
64.666666667
70.666666667
69.0
58.666666666
68.0
68.333333334
60.0
57.666666666
66.666666667
64.0
58.0
56.33333333
59.0
57.66666667
60.66666667
75.33333333
68.66666667
67.0
63.0
61.0
63.33333333
56.0
62.33333333
69.66666667
57.0
49.33333333
59.33333334
62.0
61.33333333
61.33333333
61.0
60.33333334
68.0
57.66666666
66.66666667
64.0
57.66666667
59.66666666
65.66666667
64.66666667
62.66666666
68.66666667
55.66666667
61.0
56.0
68.33333333
64.66666667
66.0
72.33333333
53.33333333
68.66666667
56.33333333
62.66666667
63.66666667
61.0
63.0
59.66666666
61.0
58.33333334
49.0
57.66666666
71.66666667
64.66666667
61.66666666
64.0
66.66666667
56.66666667
57.66666666
65.0
58.0
WT42
18.0
41.0
48.666666667
59.0
66.666666666
55.333333334
51.333333333
53.333333333
55.0
64.666666667
70.333333333
66.333333334
62.333333333
63.666666667
60.333333333
50.0
59.0
67.0
57.66666667
60.66666666
57.0
56.66666667
62.33333333
59.66666667
65.66666667
64.33333333
64.66666667
67.66666666
59.66666667
64.0
58.66666667
60.0
64.0
60.33333333
53.33333333
60.33333334
59.0
62.0
57.33333333
61.66666667
65.0
66.33333333
61.33333333
59.33333334
63.66666666
57.0
58.33333334
63.66666666
68.33333334
64.33333333
60.66666667
62.0
57.66666666
53.66666667
64.33333333
65.0
67.33333334
69.0
62.0
72.66666666
63.66666667
61.66666667
67.0
63.0
60.0
66.0
59.33333333
65.66666667
57.0
64.33333333
69.0
60.0
63.33333333
64.0
74.66666667
56.33333333
63.66666667
69.33333333
60.66666667
WT43
17.3333333333
41.3333333334
50.6666666663
59.0
55.666666667
58.0
55.333333333
60.666666667
51.666666667
68.666666666
65.333333334
68.666666666
58.333333334
61.333333333
67.333333333
54.0
53.666666667
64.0
64.66666667
57.66666666
56.0
60.66666667
67.33333333
62.66666667
65.33333333
64.33333334
65.66666666
63.0
55.66666667
69.33333333
59.0
60.33333334
64.66666666
66.66666667
52.0
65.0
54.0
58.66666667
57.33333333
63.66666667
64.66666666
67.33333334
66.33333333
69.33333333
63.66666667
60.0
57.66666667
62.66666666
73.0
65.66666667
67.66666667
58.0
68.33333333
62.66666667
67.0
66.33333333
62.0
64.66666667
60.33333333
66.0
57.66666667
59.0
70.0
68.33333333
58.0
68.33333333
66.33333334
56.33333333
53.0
64.0
70.0
64.66666667
72.0
65.33333333
63.66666667
53.33333333
56.66666667
66.33333333
64.66666667
WT44
19.3333333333
43.0
51.3333333337
53.666666666
60.0
61.333333334
59.333333333
60.333333333
55.666666667
64.333333333
65.666666667
76.333333333
56.333333334
65.333333333
73.333333333
58.666666667
60.0
69.33333333
65.33333334
59.0
60.33333333
57.0
61.66666667
57.66666666
63.33333334
65.66666666
70.33333334
68.33333333
62.33333333
65.33333334
61.66666666
65.66666667
64.0
63.0
53.0
64.33333333
54.66666667
53.66666667
63.0
62.66666666
61.66666667
66.66666667
68.66666666
64.0
66.66666667
53.0
61.33333333
65.66666667
69.66666667
67.33333333
63.66666667
62.0
58.33333333
56.0
73.66666667
70.33333333
63.0
64.66666667
66.33333333
67.66666667
56.0
61.0
65.33333333
66.66666667
63.0
64.0
69.0
68.33333333
49.33333333
68.33333334
63.66666666
60.66666667
73.0
63.0
65.0
60.33333333
58.33333334
70.66666666
61.66666667
WT45
16.6666666667
38.3333333333
44.0
61.0
59.0
64.333333333
60.0
59.0
59.666666667
66.0
58.666666667
66.333333333
57.0
64.0
62.0
58.0
60.666666667
68.333333333
70.66666667
62.0
51.0
58.0
61.0
59.0
66.33333333
72.0
64.66666667
61.66666666
60.66666667
64.33333333
59.33333334
56.0
67.66666666
61.0
58.33333334
55.33333333
59.0
55.66666667
61.33333333
64.66666667
61.33333333
64.0
68.33333333
63.0
63.0
59.66666667
55.0
66.33333333
66.0
61.0
62.0
62.66666667
61.66666667
58.0
68.0
68.0
61.33333333
67.0
64.0
65.0
57.0
63.66666667
67.33333333
65.0
62.0
63.66666667
64.0
62.66666666
55.66666667
68.66666667
67.66666666
61.0
65.0
63.66666667
69.66666667
53.66666666
53.33333334
66.66666666
61.0
WT46
17.3333333333
45.6666666667
45.666666667
54.0
63.333333333
57.0
59.333333333
63.333333334
51.666666666
59.0
65.666666667
70.0
61.0
62.0
67.666666667
59.0
58.666666666
64.999999997
60.66666667
60.66666667
54.66666666
57.0
60.33333334
62.33333333
69.33333333
69.0
67.0
62.0
59.66666667
60.0
55.33333333
66.33333334
64.0
63.66666666
53.66666667
58.66666667
58.0
54.66666666
62.0
66.0
61.0
64.33333334
59.66666666
60.0
61.33333334
55.66666666
54.66666667
71.66666667
66.66666666
65.33333334
63.66666666
58.0
57.0
55.33333334
66.0
75.33333333
62.66666667
67.66666666
61.33333334
71.33333333
70.66666667
65.0
71.33333333
63.0
60.33333333
66.0
59.66666667
55.33333333
56.33333334
66.0
64.33333333
68.33333333
74.66666667
61.66666667
67.0
56.0
60.33333333
69.0
63.66666667
WT47
16.3333333333
39.0
49.9999999997
66.666666667
62.333333333
54.666666667
59.0
56.666666667
52.666666666
67.333333334
73.333333333
68.666666667
62.0
64.666666666
66.666666667
63.0
60.666666667
63.666666663
56.66666667
57.33333333
55.33333334
63.66666666
60.0
64.33333334
68.0
69.33333333
64.33333333
65.0
55.0
64.66666667
59.66666667
59.66666666
67.66666667
68.33333333
51.33333334
64.0
61.33333333
54.66666667
65.0
62.33333333
62.66666667
75.0
58.33333333
66.33333333
69.0
57.0
55.66666667
67.66666667
68.33333333
61.0
63.66666667
66.66666666
62.0
53.66666667
64.66666667
67.66666666
67.33333334
68.33333333
65.0
71.0
61.66666667
64.66666666
71.0
70.0
63.0
64.0
57.33333334
59.0
53.33333333
60.0
66.0
61.33333333
62.66666667
65.66666667
60.66666666
56.33333334
52.66666666
66.0
66.0
WT48
21.3333333333
35.3333333334
47.0000000003
58.333333333
62.333333333
61.333333334
57.333333333
52.333333333
54.333333334
71.666666666
64.666666667
62.333333333
62.0
64.0
67.0
52.666666667
60.0
64.0
65.0
54.0
62.0
62.0
56.0
60.33333333
66.66666667
69.0
63.33333333
67.66666667
58.0
61.33333333
57.33333334
66.66666666
64.33333334
65.0
54.66666666
63.33333334
57.0
57.33333333
63.0
53.66666667
59.66666666
63.33333334
63.66666666
60.0
65.66666667
50.0
55.66666667
70.33333333
60.66666667
70.0
65.33333333
60.66666667
62.33333333
58.66666667
65.33333333
68.0
60.0
65.33333333
67.0
70.33333334
63.0
62.33333333
66.66666667
59.33333333
61.0
66.33333333
62.0
62.0
62.33333334
65.66666666
64.66666667
68.0
67.0
62.0
58.33333333
55.0
58.66666667
64.0
57.33333333
WT49
16.3333333333
46.0
45.9999999997
60.666666667
61.0
63.0
53.333333333
53.333333334
54.333333333
63.0
70.333333333
65.0
61.0
60.333333334
61.666666666
64.333333334
60.0
68.333333333
66.33333333
59.0
56.33333334
56.0
65.33333333
65.33333333
71.66666667
65.66666667
59.66666666
63.33333334
60.0
59.66666666
55.66666667
59.66666667
73.33333333
62.33333333
52.66666667
62.66666667
59.33333333
56.33333333
57.66666667
62.0
63.33333333
64.33333334
64.66666666
60.66666667
67.33333333
58.0
54.66666667
65.33333333
68.66666667
61.0
63.33333333
58.0
54.0
59.66666667
66.66666667
65.33333333
65.33333333
73.66666667
61.33333333
65.33333334
63.66666666
62.0
66.66666667
60.66666667
59.33333333
64.66666667
64.0
62.33333333
51.66666667
70.66666666
67.66666667
65.0
64.33333333
65.0
63.66666667
59.0
60.33333333
62.33333334
63.0
WT50
18.0
42.0
53.666666667
58.666666666
55.666666667
59.0
55.666666667
60.0
53.666666666
65.333333334
73.0
62.666666666
62.666666667
65.333333333
71.333333334
59.666666666
57.666666667
64.66666667
61.33333333
53.0
57.33333333
57.33333334
62.66666666
53.0
69.33333334
69.66666666
69.33333334
69.33333333
54.33333333
67.0
58.66666667
65.33333333
69.33333334
62.66666666
57.33333334
62.66666666
60.66666667
61.0
53.0
63.66666667
62.33333333
70.0
63.66666667
68.33333333
63.0
55.66666667
61.66666666
60.0
67.0
74.0
64.0
58.66666667
58.66666667
54.0
67.66666666
66.66666667
69.33333333
69.33333334
62.0
70.66666666
53.66666667
60.66666667
62.33333333
70.0
66.33333333
55.33333334
67.33333333
63.33333333
55.0
62.0
65.66666667
62.33333333
74.33333334
71.0
64.0
56.33333333
63.0
62.33333333
57.0
WT51
18.6666666667
38.6666666666
49.6666666667
53.0
58.0
56.666666667
51.666666666
62.666666667
58.666666667
65.0
68.666666666
62.0
63.666666667
63.666666667
61.0
61.0
57.0
64.000000003
67.33333333
58.0
59.0
59.33333333
60.0
64.66666667
69.33333333
68.33333334
69.0
64.0
58.33333333
60.66666667
63.66666666
64.0
62.66666667
67.0
58.33333333
59.33333334
61.66666666
57.66666667
55.0
55.0
64.0
69.33333333
69.66666667
63.66666667
59.33333333
52.0
58.0
67.33333333
66.33333334
66.0
63.66666666
62.0
58.0
61.66666667
69.66666667
68.66666666
69.66666667
66.66666667
58.66666666
64.0
61.33333334
62.33333333
61.66666667
68.0
64.33333333
66.0
65.66666667
62.33333333
53.66666667
62.66666666
64.66666667
67.66666667
63.0
63.0
61.66666666
64.33333334
55.33333333
69.66666667
64.0
WT52
16.6666666667
41.6666666666
45.9999999997
60.666666667
62.0
55.0
50.666666667
58.666666666
56.666666667
67.666666667
67.666666666
63.333333334
60.0
65.0
67.333333333
57.333333333
60.0
67.999999997
58.66666667
60.66666667
60.66666666
59.33333334
61.0
56.33333333
63.0
69.66666667
69.33333333
66.33333333
59.33333334
64.0
55.0
60.66666666
65.0
62.66666667
54.66666667
58.33333333
58.0
60.33333333
59.33333334
61.33333333
64.0
65.33333333
62.33333334
70.33333333
71.66666667
57.66666666
55.66666667
65.0
67.33333333
65.33333334
60.66666666
56.66666667
62.33333333
52.66666667
67.0
70.0
59.33333333
69.66666667
62.0
70.66666667
54.33333333
60.66666667
66.66666666
63.0
59.0
64.33333334
58.0
65.0
59.66666666
64.0
66.0
64.66666667
69.66666667
63.66666666
62.66666667
54.0
62.33333333
67.66666667
64.66666667
WT53
18.3333333333
42.3333333334
52.3333333333
53.0
55.333333333
63.666666667
57.333333333
58.0
55.666666667
60.666666667
68.666666666
78.0
57.333333334
69.666666666
68.0
57.333333334
55.0
66.000000003
61.33333333
58.66666667
57.33333333
58.66666667
55.33333333
62.66666667
71.33333333
69.0
66.66666667
70.66666666
59.0
67.66666667
62.33333333
67.66666667
66.66666667
61.0
67.66666666
55.33333334
55.0
57.33333333
59.33333333
64.66666667
60.66666667
68.33333333
57.0
64.33333333
65.0
58.33333334
53.66666666
72.0
69.33333334
68.66666666
62.0
54.33333334
53.33333333
59.66666667
68.66666666
66.0
68.66666667
62.33333333
57.66666667
77.33333333
57.0
57.66666667
63.66666667
67.0
66.33333333
60.0
57.33333333
69.0
52.33333334
70.0
69.0
60.66666666
69.0
62.66666667
59.33333333
66.33333334
58.0
64.0
60.66666666
WT54
16.6666666667
41.6666666666
47.9999999997
55.666666667
57.0
66.666666667
49.666666666
62.0
56.666666667
71.0
64.0
68.333333333
67.0
66.0
61.0
57.0
63.333333334
67.000000003
64.66666666
59.66666667
59.0
54.33333333
60.33333334
59.33333333
70.33333333
65.0
69.33333334
62.66666666
62.33333334
62.33333333
62.0
52.33333333
65.66666667
63.33333333
57.33333334
55.33333333
58.0
59.33333333
63.66666667
62.33333333
64.33333334
59.33333333
65.0
65.66666667
64.0
54.0
57.66666666
68.33333334
62.0
61.66666666
64.66666667
64.0
57.66666667
61.0
62.66666666
67.33333334
62.66666666
60.33333334
60.0
70.66666666
61.33333334
65.0
73.33333333
70.66666667
60.66666666
59.0
60.0
61.0
52.33333334
63.0
68.0
71.0
70.66666666
66.0
59.66666667
62.66666667
59.0
65.0
59.33333333
WT55
20.0
43.6666666667
49.3333333333
59.333333333
52.666666667
60.666666667
69.666666666
55.666666667
50.666666667
55.333333333
72.666666667
68.0
73.0
39.333333333
81.666666667
67.666666666
41.666666667
90.66666667
61.66666666
27.0
51.66666667
83.66666667
75.33333333
43.33333333
22.0
66.0
81.0
65.66666667
44.0
106.33333333
35.0
80.66666667
73.66666667
60.33333333
69.33333333
2.66666667
66.33333333
100.66666667
65.66666667
56.0
45.66666666
89.0
36.0
91.66666667
54.0
33.66666667
61.66666666
88.33333334
39.33333333
65.66666667
54.66666666
84.33333334
61.0
55.0
86.66666666
73.0
34.0
52.66666667
80.0
82.33333333
30.66666667
79.66666667
88.33333333
64.33333333
54.0
74.0
22.33333334
68.33333333
98.33333333
11.66666667
53.33333333
61.66666667
64.33333333
79.33333334
66.66666666
63.0
54.0
60.0
109.0
WT56
17.6666666667
47.3333333333
48.666666667
61.333333333
61.333333333
62.666666667
43.0
66.0
54.666666667
75.666666666
60.0
56.333333334
54.0
94.333333333
51.333333333
53.0
78.333333334
41.666666663
50.66666667
86.66666667
67.33333333
24.66666667
43.0
63.0
107.0
69.0
48.0
64.33333333
85.0
21.66666667
82.33333333
47.33333333
50.33333334
67.0
34.66666666
120.33333334
48.0
20.0
55.33333333
64.66666667
71.66666666
51.66666667
87.0
43.0
74.66666667
80.0
59.66666666
40.33333334
91.33333333
65.0
77.33333333
33.0
61.33333334
58.33333333
54.33333333
68.33333334
95.0
80.0
50.33333333
57.0
95.0
36.33333333
37.66666667
64.0
77.0
63.0
98.33333333
52.33333334
10.33333333
109.33333333
75.33333334
67.66666666
73.0
52.0
63.66666667
49.0
69.0
67.0
10.66666667
WT57
21.0
40.3333333333
52.9999999997
57.333333334
60.0
59.666666666
57.666666667
56.333333333
52.0
63.333333334
65.0
68.0
69.0
60.666666666
65.666666667
58.333333333
61.666666667
72.33333333
62.66666667
56.66666667
58.33333333
57.33333333
59.66666667
56.66666667
67.66666666
70.33333334
69.33333333
63.33333333
59.0
67.66666667
57.0
57.66666667
61.66666666
60.0
57.33333334
58.33333333
54.66666667
57.0
58.66666666
61.33333334
65.33333333
69.0
63.0
70.33333333
61.33333334
57.66666666
56.66666667
71.66666667
66.0
60.0
61.33333333
62.0
63.0
61.0
63.33333333
71.33333334
69.66666666
67.66666667
62.33333333
68.33333334
59.33333333
57.66666667
65.0
68.66666666
63.66666667
62.33333333
67.0
59.33333334
59.0
62.33333333
73.33333333
64.66666667
67.33333333
70.33333334
70.33333333
63.0
52.33333333
70.0
60.0
WT58
20.0
38.6666666667
46.6666666663
59.0
64.333333334
59.666666666
51.333333334
55.0
60.0
65.0
63.0
64.666666666
63.666666667
65.666666667
63.333333333
62.333333333
57.0
64.999999997
58.33333334
63.0
58.0
64.33333333
60.0
65.0
66.66666667
68.33333333
66.33333333
64.66666667
60.0
68.33333333
55.0
59.0
66.33333334
66.0
58.66666666
59.66666667
53.66666667
61.33333333
59.0
60.33333333
60.33333334
72.0
61.0
64.33333333
59.33333333
55.33333334
61.33333333
59.66666667
65.33333333
58.0
57.33333333
60.66666667
55.0
61.66666667
70.0
68.0
69.33333333
63.66666667
58.0
64.33333333
61.66666667
68.66666666
63.33333334
62.66666666
68.0
62.33333334
58.66666666
61.66666667
54.33333333
60.66666667
71.33333333
63.0
67.66666667
65.33333333
66.33333334
59.0
54.66666666
67.0
66.0
WT59
16.6666666667
36.6666666666
55.6666666667
48.666666667
62.0
54.666666666
67.333333334
39.666666666
72.333333334
59.333333333
60.333333333
83.0
36.666666667
100.333333333
39.0
58.666666667
76.666666667
48.000000003
74.66666666
78.66666667
50.0
6.66666667
75.66666666
39.33333334
66.66666666
105.0
60.0
96.66666667
11.33333333
102.33333334
61.33333333
17.33333333
51.0
81.66666667
52.0
119.33333333
60.66666667
16.0
95.66666667
45.33333333
74.0
71.0
65.66666667
34.66666666
47.66666667
77.33333333
100.0
66.0
22.66666667
101.33333333
36.0
38.0
122.33333334
59.33333333
32.0
87.0
44.0
91.66666667
64.0
36.33333333
89.33333333
57.33333334
80.66666666
60.33333334
27.66666666
55.66666667
109.0
22.66666667
60.66666666
30.66666667
116.33333333
81.33333334
62.33333333
65.66666667
47.0
35.66666666
57.66666667
94.0
60.33333333
WT60
15.6666666667
46.3333333333
38.666666667
61.0
57.0
62.333333333
44.666666667
72.333333333
41.666666667
70.666666666
72.333333334
48.333333333
91.333333333
31.333333334
94.333333333
54.0
41.666666667
83.000000003
51.0
39.0
58.0
99.33333333
41.33333333
80.66666667
63.0
27.33333333
71.0
40.33333334
100.66666666
22.66666667
56.33333333
110.0
82.33333334
52.66666666
64.66666667
2.0
61.66666667
135.0
24.0
71.33333333
47.33333333
59.33333334
64.0
100.33333333
70.66666667
38.0
15.33333333
65.66666667
114.66666666
29.33333334
87.66666666
78.0
3.33333334
59.33333333
103.0
46.33333333
80.66666667
41.33333333
66.33333334
99.0
33.66666666
65.33333334
47.0
74.66666666
104.66666667
66.0
19.33333333
98.0
39.66666667
86.66666667
13.66666666
46.66666667
64.33333333
68.0
89.33333334
78.66666666
63.33333334
38.66666666
59.66666667
WT61
16.0
43.3333333333
50.9999999997
53.333333334
64.333333333
61.666666667
49.0
52.666666666
58.0
66.666666667
69.666666667
66.666666666
66.666666667
64.333333333
66.666666667
59.0
61.0
61.66666667
59.33333333
59.0
57.0
55.33333333
58.33333334
65.66666666
63.66666667
66.0
63.66666667
62.33333333
61.0
61.0
62.0
61.33333333
69.66666667
64.0
56.66666667
57.66666666
57.33333334
58.0
53.33333333
57.0
59.33333333
62.33333334
71.0
65.0
62.66666666
59.66666667
56.0
60.33333333
62.66666667
61.33333333
64.33333334
64.33333333
55.33333333
57.66666667
71.0
68.33333333
63.33333334
70.0
61.0
62.33333333
56.0
55.0
64.66666667
65.33333333
63.66666667
64.66666666
63.33333334
60.66666666
55.66666667
60.33333333
68.0
68.33333334
64.0
63.0
67.66666666
59.33333334
67.0
69.0
57.0
WT62
16.6666666667
38.0
45.3333333333
57.666666667
64.333333333
55.333333333
58.666666667
48.0
58.333333333
66.666666667
64.333333333
65.333333334
62.0
58.666666666
68.666666667
60.0
57.333333333
67.666666667
60.0
56.33333333
52.0
60.66666667
60.0
59.66666667
67.0
70.33333333
66.0
64.0
63.66666667
61.33333333
58.33333333
62.0
61.33333334
60.66666666
62.66666667
54.33333333
59.0
62.33333334
57.33333333
59.33333333
61.0
67.33333334
64.33333333
67.0
65.0
50.66666667
52.33333333
55.66666667
60.0
63.0
60.66666666
55.66666667
65.33333333
60.0
72.33333334
63.66666666
64.0
62.66666667
61.66666667
65.0
59.0
57.33333333
62.33333333
62.0
63.33333334
64.0
65.66666666
62.33333334
50.33333333
68.33333333
68.0
59.33333334
62.0
62.66666666
66.0
56.0
64.0
64.66666667
60.0
WT63
17.0
42.0
47.0
56.333333333
60.333333334
59.333333333
55.0
61.0
53.666666667
71.333333333
67.0
68.333333333
63.333333334
65.0
63.666666666
60.333333334
62.666666666
63.333333337
59.66666666
56.33333334
57.0
57.33333333
61.0
65.33333333
63.33333334
71.0
67.66666666
63.66666667
57.33333333
64.33333334
56.33333333
68.0
60.0
60.33333333
52.33333334
55.33333333
59.0
63.33333333
55.66666667
60.33333333
61.66666667
71.0
61.66666667
66.0
63.33333333
55.66666667
55.66666666
71.33333334
67.66666666
65.0
62.66666667
55.66666667
60.66666666
58.66666667
65.0
71.0
66.0
75.0
63.0
66.0
65.33333333
61.0
72.66666667
63.66666667
65.33333333
61.0
61.33333333
61.0
57.66666667
62.0
67.66666667
60.33333333
74.66666667
68.66666666
67.33333334
61.33333333
59.66666667
66.0
64.66666666
