WT0
189.666666667
306.666666666
341.0
384.333333337
409.0
433.33333333
461.66666667
446.0
462.0
453.33333333
478.66666667
462.33333333
476.66666667
492.0
459.66666666
474.0
445.0
457.0
459.33333334
458.33333333
456.0
465.66666667
460.66666666
449.66666667
447.0
459.6666667
445.6666666
468.0
460.0
476.6666667
486.0
446.3333333
434.3333334
458.3333333
427.3333333
414.0
427.3333334
471.6666666
438.0
427.3333334
447.3333333
456.0
458.0
457.3333333
442.0
424.0
437.0
428.3333334
459.6666666
464.0
453.6666667
432.6666667
435.6666666
431.0
472.6666667
466.6666667
473.0
471.0
475.3333333
491.6666667
481.6666666
457.6666667
442.6666667
480.6666666
451.6666667
460.0
465.3333333
461.3333334
471.0
432.6666666
469.0
465.0
440.3333334
435.0
483.6666666
450.6666667
477.0
447.6666667
464.0
WT1
182.666666667
317.666666666
335.333333334
383.333333333
407.66666667
433.33333333
444.33333333
438.33333334
449.0
449.0
477.0
465.33333333
469.66666667
490.0
466.66666666
481.66666667
439.66666667
473.0
472.66666666
474.33333334
475.66666666
455.33333334
467.0
460.66666663
435.6666667
472.6666667
460.6666666
467.3333334
471.6666666
470.0
468.0
447.0
441.6666667
454.0
416.6666667
425.6666666
428.6666667
467.0
439.3333333
416.0
460.6666667
452.6666667
439.3333333
464.3333333
443.0
416.6666667
435.6666667
438.3333333
473.0
471.6666667
443.6666666
434.0
426.6666667
431.3333333
449.6666667
461.0
462.6666667
467.6666666
485.0
471.3333334
478.3333333
464.6666667
455.3333333
463.0
450.6666667
450.6666666
460.3333334
462.6666666
464.6666667
443.3333333
480.0
472.0
451.6666667
450.0
485.3333333
455.6666667
468.0
452.6666667
468.0
WT2
183.0
311.0
335.666666667
391.666666663
415.33333334
425.33333333
459.0
440.0
445.33333333
458.66666667
469.66666667
471.0
459.0
489.33333333
467.66666667
480.66666666
448.66666667
471.33333333
460.33333334
461.66666666
466.66666667
455.0
474.33333333
467.33333337
439.0
468.0
464.6666666
467.6666667
474.3333333
474.6666667
478.3333333
444.3333334
446.6666666
471.3333334
421.0
429.3333333
437.0
469.0
441.3333333
429.0
453.0
452.6666667
455.0
455.3333333
449.3333334
428.3333333
431.6666667
432.6666666
484.6666667
456.3333333
462.3333334
430.6666666
427.6666667
450.0
456.6666667
466.6666666
471.0
465.0
492.3333334
476.0
491.6666666
459.6666667
447.3333333
457.0
455.6666667
458.3333333
460.6666667
463.0
461.3333333
434.3333334
469.3333333
462.3333333
438.6666667
464.6666667
484.3333333
457.6666667
462.3333333
456.0
465.0
WT3
183.666666667
310.666666666
343.666666667
384.0
408.66666667
420.0
453.66666666
446.66666667
445.0
447.66666667
480.0
457.66666666
468.66666667
490.66666667
462.66666666
475.0
452.66666667
464.0
458.33333333
478.33333334
459.66666666
447.0
470.66666667
456.0
444.3333333
464.3333334
455.0
468.0
476.6666666
461.3333334
478.3333333
450.6666667
436.6666666
473.0
428.3333334
408.3333333
439.0
456.0
441.0
426.0
450.3333333
446.3333334
453.0
459.0
448.6666666
409.0
433.3333334
430.6666666
472.6666667
475.0
450.3333333
442.3333334
438.3333333
441.0
458.0
469.0
463.3333333
466.3333334
486.6666666
474.0
490.0
460.6666667
440.6666667
462.3333333
443.0
457.6666667
463.3333333
466.3333333
461.6666667
430.3333333
457.3333334
469.6666666
451.0
452.6666667
491.3333333
463.6666667
467.6666667
449.3333333
460.3333333
WT4
179.666666667
309.333333333
340.0
396.66666667
404.0
431.66666666
463.66666667
437.66666667
460.0
447.0
473.66666666
465.33333334
468.33333333
484.33333333
465.0
469.0
446.33333334
457.66666666
463.0
466.0
461.0
441.66666667
470.0
463.3333333
442.6666667
470.0
452.0
475.6666667
457.6666666
490.0
482.0
436.3333334
437.0
470.6666666
437.3333334
407.3333333
433.0
459.0
436.0
423.0
451.6666667
461.0
440.0
472.0
443.6666666
415.3333334
434.3333333
438.0
478.0
461.0
436.3333333
433.0
431.0
437.0
460.3333334
476.3333333
462.0
475.6666667
467.3333333
464.0
479.0
459.3333333
463.3333334
466.6666666
445.6666667
450.3333333
463.6666667
460.6666667
472.3333333
429.3333333
470.3333334
477.6666666
445.6666667
465.3333333
486.3333334
460.6666666
464.3333334
448.3333333
478.0
WT5
183.666666667
300.0
338.0
387.000000003
409.33333333
437.0
461.0
447.33333333
446.33333334
441.33333333
478.66666667
462.66666666
474.0
491.66666667
466.33333333
486.33333334
448.66666666
461.33333334
460.66666666
467.0
470.33333334
448.33333333
460.66666667
461.66666663
426.6666667
464.6666667
447.0
478.3333333
464.6666667
465.0
484.0
437.6666666
447.6666667
446.0
436.6666667
412.6666666
447.3333334
461.0
438.6666666
434.6666667
456.3333333
457.6666667
442.3333333
460.0
451.6666667
428.0
434.6666667
426.6666666
479.3333334
462.3333333
434.6666667
441.3333333
437.0
446.6666667
444.3333333
463.6666667
468.6666666
462.3333334
482.3333333
475.0
488.3333333
458.3333334
449.6666666
468.3333334
438.3333333
450.3333333
459.0
461.6666667
460.3333333
430.6666667
478.0
468.3333333
451.3333334
448.0
474.3333333
456.6666667
450.3333333
449.0
460.3333333
WT6
186.666666667
315.0
357.0
393.000000003
416.0
437.66666666
466.33333334
447.33333333
444.66666667
458.33333333
467.33333333
462.66666667
462.33333333
492.66666667
473.0
491.33333333
452.66666667
457.33333333
459.66666667
480.33333333
456.0
460.66666667
470.6666667
458.3333333
439.6666667
475.3333333
444.3333333
470.3333334
461.6666666
462.3333334
469.6666666
439.0
449.3333334
474.3333333
426.0
413.0
441.3333333
469.6666667
433.0
421.3333333
442.3333334
461.6666666
443.6666667
451.6666667
466.6666666
424.3333334
436.3333333
431.3333333
484.3333334
466.3333333
448.0
439.6666667
449.0
430.0
451.3333333
476.6666667
474.0
462.6666666
487.3333334
498.3333333
471.6666667
460.3333333
453.0
472.0
444.0
460.6666667
473.3333333
467.0
461.3333333
423.6666667
466.3333333
475.0
436.3333334
453.6666666
496.0
458.0
459.0
440.3333334
472.0
WT7
180.0
298.0
341.0
389.0
411.33333333
431.66666667
450.33333333
437.0
438.0
453.0
467.33333334
448.33333333
473.66666667
476.66666666
467.33333334
487.66666666
431.0
467.0
480.0
476.66666667
467.0
456.33333333
460.33333334
459.66666663
446.3333334
459.0
457.0
467.6666666
462.0
473.6666667
474.3333333
452.0
437.6666667
464.3333333
428.6666667
410.0
449.6666667
452.3333333
445.3333333
425.0
450.0
454.6666667
453.3333333
447.3333334
444.0
423.6666666
440.6666667
434.0
474.6666667
473.0
432.3333333
429.6666667
444.0
423.3333333
454.6666667
466.0
467.0
472.3333333
481.0
480.6666667
475.6666666
468.0
459.3333334
473.3333333
444.6666667
456.3333333
468.6666667
460.6666666
461.3333334
432.3333333
466.6666667
469.6666666
447.6666667
458.3333333
487.3333334
454.0
454.0
449.6666666
479.6666667
