1901097
1881449
1705344
1503310
1335935
1609026
1239784
1412321
1414744
1223593
1226387
1223311
1078369
913168
1002339
1018445
1018790
937893
1023143
1050344
886543
1111487
1197441
844793
947403
858120
820897
1031093
905376
780711
962414
868601
837751
794297
936515
790751
819051
879580
851466
847019
1534819
892702
831358
822377
823952
854462
810421
888698
838966
892591
972372
821985
856150
772005
851484
837798
870144
767666
810564
847184
809672
825614
768702
841903
801365
782088
855356
804781
876950
854734
808677
871810
833565
868426
783144
859591
803589
885827
796025
836714
