3279385
3476422
1645673
1613324
1862281
1773694
1382195
1444016
1603429
1298976
1676901
1067348
1272708
1332481
2392605
20428694
1405685
1235320
1599861
1444090
1547713
1417013
1409522
1376065
1345119
1335766
1342114
1691836
1608104
1481425
1434868
1230764
1210736
1251012
1402136
1439576
1341255
1379091
1644571
1377045
1640470
1387654
1408000
1287577
1507483
1553476
1474356
1338458
1436855
1608353
1604894
1520734
1531619
1637810
1470892
1508177
1432137
1469020
1378928
1389136
1543448
1490497
1207688
1645009
1893117
1461683
1497252
1404716
1394028
1479677
1337086
1466266
1453661
1720514
1465943
1366535
1552289
1316722
1277906
1458487
