9325835
7219100
5339720
4211519
3930734
3235414
3901948
3734088
3035372
4348576
3013187
3308595
3639358
4053689
3293629
3886734
3545455
3170946
3614021
3712302
3944682
3657016
3528114
4289358
3612474
3694960
4182840
3727301
3343991
3415668
3570080
3615354
3966170
3235149
3343947
3196149
3210026
3335167
3223580
4579458
3588284
3939327
5655680
4422564
3347868
3785489
3996293
3767208
3405467
3971347
6271558
3677521
4217098
3944155
3714601
3182750
3501811
3651998
4065796
3835302
3485845
3913309
3845596
3969907
3211563
3868089
4266128
6237439
4271689
3686069
4176896
4049278
3031455
3366178
3988318
3851224
3451663
3835375
3658399
3376612
