7669971
3032424
3363167
2720436
5893419
3209485
2931251
2701828
2660223
3052083
2508897
2786994
2682495
2291162
3025704
2494407
2666321
2669721
2633284
3492783
3185075
2478913
2779735
2363675
2956086
2959487
2854643
3394784
2933190
2639966
2883824
3367115
2783102
3438684
3134049
2762788
2700720
3060367
2746274
3012141
3149885
2880496
2956966
3289210
3110828
3094297
2902411
3309728
3754881
3543737
3177457
2643510
2682622
2831165
2752615
2958512
3242697
3608665
2515509
2891542
3004575
3277657
3512777
2881456
2376415
3150738
2830786
3265114
3301570
3097368
2887917
3249290
3335449
3249404
3823777
3018588
3241291
3011925
2710421
2754904
