9931582
7792627
5750952
5146432
6095944
5925052
4849423
4708611
5623720
4290740
4458661
4080287
3715238
4029866
4125310
4851629
7209577
5162328
4754686
4451211
4302177
4417158
4667089
4756108
4601082
4773063
4096889
4971351
4597448
4945098
4606236
4725624
4609106
4372707
5213719
4395044
4502611
6194895
4887983
4584973
5073726
4239797
5516014
4495317
6259939
5036320
4241529
4195579
4888824
4816687
4510041
4243749
4246448
4244882
4435407
4164087
4261314
4323153
4902151
4275433
4002519
4043440
4488322
4543145
5089392
4488639
4515110
6430763
7676024
4000512
4373320
3902419
4240644
5423279
4383566
4075807
4061686
4217430
4242960
5078421
