2577629
2152973
1473976
1820615
1327148
2207236
1188165
1047858
937279
569136
903532
713615
799792
786104
715384
946230
1012257
1091504
771831
852157
849455
3545227
699738
500794
757335
993908
932945
863803
761738
642412
963540
1069033
917666
985044
1177061
625015
726865
674879
712222
539171
708078
672713
553840
607594
899345
976824
586622
927443
673915
756884
782842
669142
874572
655654
933319
637429
674963
713793
667063
744831
751969
891521
810900
843674
1037603
661153
1171682
566846
659629
578417
1168648
947124
381335
955405
659354
788975
713743
1115991
725515
971437
