9675469
6867271
5768482
11296701
6529328
5826467
5114386
4525661
4069675
4272855
5411175
4387981
4639506
4290705
4600799
5598135
4900681
4582783
5028558
4321131
4699244
4494361
4537045
5383103
5149437
4843379
5030779
5075153
5441871
5810983
5059331
4678631
5179342
5475051
4609288
5192205
4719720
5319551
4527646
5222051
5787014
4333101
5022412
4828017
4697603
4519885
4736958
4621418
4685126
4981330
5364187
4753132
5314971
4716648
4912376
5335918
4909651
4845455
4436388
5722138
4639533
5082253
5829130
4708114
4748210
6465207
5265120
5093212
4127622
4221540
4308200
5452363
4537712
4118677
4849238
5858705
5539823
5241042
4659420
4660955
