2279527
1515615
2246954
1085148
517430
550548
331659
324786
385120
421038
676807
358880
486354
654775
460929
608462
318646
339978
371339
418812
547071
542315
334152
286439
613299
292845
289383
330651
389053
329133
264851
435337
426335
428312
366322
544592
650557
683226
332163
361493
292537
454912
351088
518471
584985
558930
695698
473152
360890
556952
645706
732055
678056
517493
705811
584610
557834
517862
421430
594427
409718
413437
281785
486986
305261
562298
560697
530296
450506
433843
663478
385811
737148
428888
627007
349773
452599
421930
689254
615097
