4273688
3052768
3419037
3105190
2676384
1943683
2120930
1959778
1759834
1735783
1331638
1981141
1197190
1610747
1425712
1296697
2179798
1856825
3335451
1073701
1464467
968226
1313264
826517
2057650
1786062
1311847
1187497
844748
690641
1605296
1180321
1383091
1661798
1534789
1018696
969942
1204309
1344101
879596
1204636
1253768
1403249
1441621
1506766
1412320
1418392
1431233
1187545
1744622
1503400
1821705
1736915
1240415
1353701
1146693
1790869
2402449
1552525
1963442
1850604
1408731
1392634
1868991
1620373
1290059
1244680
1489078
1378373
1487589
1927499
1649070
1734536
1745019
1878371
2094301
1882946
1940890
1745806
1497400
