3653118
4233781
2845614
6705602
2532686
2324375
2246537
2485845
1653899
1990858
1950292
1676285
1979025
1761383
1509348
1810450
1688207
1842376
2485915
1621255
1883629
1820098
1661502
1945147
1988979
1672437
1536317
1750401
2156976
1835963
1696637
3041447
1760721
1571638
1801872
1726403
1586906
1783482
1704988
1722004
1658194
1519322
1633641
1661537
1462816
2026631
1536845
1431544
1445793
1638654
1655623
1698315
1453065
1491386
1555091
4075975
1792806
1687320
2023647
1965329
1637371
2028643
2125243
1831002
1681387
1491920
1808023
1888582
1700468
1653285
1777664
1815143
1881577
1674604
1728757
1724472
1556163
1741307
1511228
1803406
