1323916
754105
682541
744122
574361
370936
727031
315722
218827
322350
351594
335200
345909
458386
400099
391085
331411
421625
327469
264102
360889
422104
297069
469735
447361
350515
303179
264283
276965
281933
398918
426476
341794
314329
347283
309344
221109
308807
434437
345386
283513
407362
348239
341070
515828
465462
380926
520029
382883
373588
334866
368312
406717
509985
405124
297609
357124
370974
353923
455013
302466
312059
292711
269235
433869
297275
255906
326725
192518
316571
364364
254819
395197
445121
367947
352194
288760
265295
226473
298341
