257734
294966
282624
243708
219496
241744
213607
209534
191454
236382
190181
195610
201273
160929
144252
204620
180135
226212
204378
255418
210344
277090
197042
215678
181677
227904
197529
176440
160949
160031
143881
229981
245035
225405
202855
204086
168730
282873
228191
271357
231989
233761
163397
210281
195534
194897
176343
259288
180658
150022
171144
172687
182494
189547
244510
171513
151486
174453
220302
200408
191579
176756
274244
199130
232648
182140
238419
136784
140909
198452
165264
139758
208129
182869
205767
180703
218305
235662
265655
414131
66000
