1351319
553944
619676
383620
629599
441183
572240
700204
522949
353416
441370
491077
3737019
467280
500197
597870
586757
412742
487853
424768
512936
358245
439889
621917
475900
437577
385209
641725
399223
528325
503131
448977
434974
459235
484972
486734
421758
493353
434188
482479
396914
431906
463864
440925
582762
487161
580828
487547
474540
466515
492581
889315
650894
448286
460102
485410
466903
416745
454175
558980
527694
445414
564468
610280
427358
507574
520457
639758
472850
380815
479606
372838
514188
516101
387413
458769
464986
409127
432350
412372
