1298226
622767
440428
385760
675494
512672
396646
577608
512694
463481
442928
521017
519581
506862
438898
475831
452346
454457
441747
408051
513678
402372
477339
457117
460414
581526
466177
475883
539406
433808
427495
553505
410578
441826
470176
438707
453802
637873
679302
413048
422635
422152
429116
451830
563354
484221
400653
479799
810754
492971
532137
692054
682913
714018
618665
435158
476648
499677
483799
568750
551908
564969
527106
533446
608195
540485
549979
545520
492764
458170
546990
668248
606579
1056098
396888
544585
717302
696084
476591
577961
