1044875
537554
324131
360216
318611
371858
202926
474022
420411
551700
207426
303068
279791
257716
423879
376259
280867
267630
360215
309417
324653
208537
314813
440370
420873
304045
269565
339839
254792
290737
379537
312237
268082
272974
363733
404239
320348
296001
246993
284514
257382
268563
383574
383722
381608
287891
333001
331113
352517
344723
666341
290272
372333
318508
252005
218815
249076
271220
277546
355857
341406
358873
343757
365639
209674
220912
242759
387634
338709
277605
332614
206324
233961
277866
268493
208711
289620
355766
297930
210386
