1073431
250660
324452
199502
247659
168192
178280
162015
185180
150080
151140
226036
242538
219720
154361
143212
174941
205160
211113
191343
204269
207824
265226
214363
215690
217404
292443
145641
130874
176919
156371
159614
131971
195929
134985
130314
163871
175394
203683
170968
219029
218621
294829
210681
230866
198459
270782
277365
265363
166722
147502
113392
149159
165625
269434
131335
135382
218453
205247
172518
150522
175225
205756
136505
157546
216849
214658
118546
118516
236917
152904
134123
160954
171682
141709
156213
141622
138770
155013
211120
292100
