1577404
513193
570446
379810
297351
352632
257160
317606
287853
221575
290137
288404
255988
265286
255250
323548
343761
294848
252264
270665
285934
312821
277035
187219
192217
238017
212509
317404
294263
274292
259996
240040
267865
227603
234256
264268
278309
300047
211874
292709
225687
248883
214104
272390
270738
258449
225732
237443
287069
232442
278059
187747
331962
257394
255915
260513
250122
279274
301555
282223
226736
271346
300446
284546
250594
321514
176655
384679
303815
235938
308127
232962
339378
193038
195522
250754
244186
257933
263019
301309
