2210455
1919217
1594979
1612335
1806474
1811808
1594770
1474886
1503367
1422604
1415998
2526680
1560034
1681147
1456910
1493617
1477846
1479447
1753496
1573995
1876234
1560894
1392634
1560511
1629171
1626062
1549977
1444331
1569377
1495245
1455169
1412158
1411150
1477615
1448147
1560277
1414147
1382798
1342272
1597756
2220944
1553172
1374021
1462580
1505977
1479037
1504602
1507697
1431231
2326341
1384671
1452124
1374537
1560690
1430925
1724002
1429768
1524370
2179143
1532119
1583078
1536194
1579413
2121921
1659816
1434088
1434219
1800995
1534189
1520983
1529238
1368509
1542684
1408901
1480842
1427238
1368870
1537142
1451961
1510161
