1954651
1642647
1596625
1682304
1697029
1748876
2002409
1540862
2581441
1368299
1442519
1583549
1405378
1472925
1634935
1600187
1426108
1822875
1586499
1484843
1451970
1504280
1540420
1536277
1602887
1517236
1501218
1442973
1493599
1351710
1471781
1494942
1535901
1535575
1491517
1619656
1520918
1776208
1569011
1491476
1540804
1388074
1490221
1524153
1479739
1647686
1766994
1380493
1533249
1621850
2043602
1651601
1625828
1427678
1845475
1597522
1687681
1576831
1510058
1536910
3847049
1398368
1405254
1270746
1384955
1285014
1470500
1426913
1498471
1495561
1336070
1539267
1481464
1352219
1392736
1334936
1400572
1357207
1355218
1381387
