1668487
1664911
1658242
2290607
1458506
1511004
1361274
1420559
1469841
1439642
1490533
1197525
1330761
1442484
1309838
1417857
1407148
1500437
1311767
1497569
1330797
1424032
1406809
1356903
1452150
1517084
1496777
1405570
2024725
1417828
1333861
1255448
1330089
1345292
1463661
1529789
1320865
1247314
1492699
1427618
1485575
1509034
1487548
1348761
1476830
1498057
1367074
1477623
1442064
2582873
1495385
1382962
1328100
1399927
1442263
1383812
1536729
1403306
1432808
1461350
1452762
1851556
1399830
1351144
1338939
1376398
1417839
1397662
1446544
1398364
1441801
1440219
1468783
1338424
1339801
1330893
1346489
1278774
1387173
1399711
