1943307
1425888
1218285
1316797
1323410
1301769
1121893
928072
992674
846764
834097
857973
840560
780892
781009
893545
778164
862547
805732
848102
899000
854005
864160
812835
786547
857069
805075
815316
820168
837548
795976
766405
811336
809611
885225
820655
823023
762639
775965
827768
835114
813804
930512
771009
784058
775979
878867
894554
784473
855590
768223
865217
840842
800962
953020
849002
795625
822145
869114
946547
822719
899939
866693
992773
863045
887089
901702
821081
790707
842618
928656
824322
980064
865307
882077
920616
898058
946148
973605
892379
