1562924
1450278
1682321
1981417
1663461
1402220
1314428
1316936
1370807
1509244
1365080
1534632
1391731
1321795
1372743
1164015
1458981
1197239
1357884
1154324
1442866
1736662
1191075
1210617
1295193
1263132
1428287
1392975
2222700
1393862
1355160
1300585
1314505
1319266
1241600
1350454
1329763
1280827
1527129
1248402
2010292
1363229
1288676
1250100
1346876
1314860
1362261
1332502
1335600
1266265
1390790
1369614
1469423
1312770
1342476
1250368
1450102
1308468
1242110
1373375
1340895
1495076
1493680
1476336
1225689
1285730
1237818
1255935
1155299
1329876
1415001
1539744
1488242
1439504
1507382
1467962
1193786
1403683
1257624
1363233
