1747685
1665025
1286446
1573512
1237097
1305389
2397331
1340877
1354518
3336407
1259604
1470303
1311513
1837224
1267293
1532553
1545910
1318285
1465130
1370231
1423477
1383428
1300112
1303373
1243323
1427484
1123898
1191888
1245825
1248346
1300412
4027733
1485096
1981572
1246274
1337650
1353999
1299485
1285507
1280529
1131934
1136694
1191602
1239609
1101092
1215199
1018740
1177357
1450376
1406695
1212200
1262500
1089156
1165808
1225092
1191453
1206292
1340575
1426142
1180916
1385313
1533265
1335049
1311780
1358620
1367410
1369205
1450403
1943028
1341210
1368735
1244590
1347607
1356386
1425557
1371814
1627608
1219991
1282548
1427705
