1603896
1453908
2233842
1475729
1268918
1239261
1142386
1086068
1048890
1255191
1085370
1163391
1164778
1075407
1091224
1088501
1152156
1231007
1146928
1209677
1225610
1527459
1173873
1069769
1118605
1139070
1132992
1478563
1270137
1091832
1380750
1286252
1167246
1212305
1274087
1177928
1207615
1282495
1131690
1154210
1063410
1148544
2181113
1189704
1276306
1216350
1220411
1605131
1260027
1164405
1215059
1271104
1206098
1199746
1360148
1189831
1187116
1146647
1186090
1079317
1108168
1491863
1278629
1216937
1227917
1433356
1263845
1124307
1136373
1137925
1289407
1192190
1245736
1264346
1127283
1685874
1138419
1107537
1200180
1161858
