1247173
2161324
1426322
1340300
1614087
1279986
1346799
1134276
1311667
1416522
1312720
1266623
1527705
1274039
1384095
1255477
1616643
1301135
1329229
1258827
1461548
1647841
2994490
1345690
3805658
1375272
1210520
1195417
1178075
1227501
1700574
1406166
1346130
1386614
2085521
1381157
1652391
1376708
1394976
1211128
2260461
1635511
1430666
1369634
1125238
1126888
1441269
1339332
1321532
1318211
1514266
1419050
1243285
1301771
1813471
1345325
1458453
1397275
1970463
1447818
1525085
1428525
1729800
1774289
1362428
1261789
1191660
1261829
1437820
2523183
1191357
1222926
1377887
1564568
1373692
1173818
1392868
1521710
1421537
1447432
