1372253
698735
798721
555956
639605
802347
641150
395291
510288
471605
570465
545223
582426
654413
515758
826306
479555
654604
503323
429835
377868
464913
576219
454607
580278
453921
444748
472278
568121
550880
668217
728439
719968
496024
453538
510419
484381
682624
484265
536430
542327
459602
632474
457839
857093
731518
624878
509372
533652
688157
741077
468514
637053
678404
437754
597531
531890
888945
750914
698346
581699
438604
439684
395735
401765
610482
426776
419633
550272
529239
392905
354294
453282
465097
516809
581268
590800
509287
362272
583002
