2780940
610611
637965
786245
797816
1245849
657431
624588
599354
723086
559524
541451
602460
707903
619379
603810
420534
762319
705448
627227
545583
677019
499531
925095
666961
528783
610047
519593
545003
585088
798253
776234
474359
585511
595519
594074
631117
620702
559724
677087
789484
706619
1121639
628515
891872
567614
663747
608222
673242
621415
522089
726085
613960
622557
587197
560609
498132
533281
680290
588756
572750
548595
661421
521058
490088
598366
540430
619752
552270
565976
536556
769558
667239
624717
645719
835230
516638
561336
666953
556456
9601922
