1365202
488681
530232
495898
592979
455326
708708
452555
459114
517866
400103
433160
499643
431050
455392
866208
562230
371978
554768
445912
563864
515639
958085
402397
668804
592533
430959
766849
389672
419155
383892
468440
404249
551379
687208
621281
677921
514437
499112
510760
495848
870247
594554
451111
547273
524520
545023
514848
359176
494839
413510
513798
461637
527358
832378
439203
660545
455505
458963
426855
615181
847314
706855
510362
548750
588651
462422
501951
764689
376284
415894
354560
485185
559929
482169
573280
414225
501273
594292
633484
