1710959
735590
591133
570622
667035
630859
524460
408063
497292
458239
748988
387496
401218
428206
508887
468103
379336
403015
379233
397074
454368
725502
806279
406344
386807
442068
334290
512534
312122
355281
427710
388294
359312
513166
340939
347422
361249
421561
411022
441658
349779
373473
324175
383607
420237
314941
356416
345586
381961
394723
417903
401526
422243
409318
502429
385998
395839
342285
527340
398438
451465
351035
427341
558587
396942
380645
422762
320288
387028
311797
347272
411123
374857
352022
396022
760049
374282
338653
367966
470910
