1611040
1020750
702347
544132
533495
459598
484773
666015
405048
610566
450699
494212
498965
658861
500481
576559
477251
459611
458603
526651
568575
525388
478785
517027
448549
514149
558777
548667
519817
453942
522712
547817
572162
482395
448500
501059
525025
530564
421593
688048
525709
570800
597583
574329
435111
570436
757521
457222
488405
661497
755933
536040
616796
504201
524477
404466
540077
567814
644227
556829
443952
666980
653784
708610
443180
597601
685970
823353
775579
569316
787830
653695
391178
522068
588678
525928
501458
527408
683252
387246
