566439
262456
367212
193709
243676
161157
192372
190384
163368
196312
142739
271118
231186
245279
181944
186690
162591
263986
249748
187510
200395
206976
240148
248625
316682
289050
340416
178500
106051
212829
193057
155007
154111
167448
191064
117660
191981
225085
225951
198537
210649
234278
324794
163237
239803
257954
271082
241784
204452
153110
153770
115565
170394
195886
214859
177690
140663
242517
243171
189888
163376
235513
196722
166364
153883
201330
224019
137027
136147
222574
115451
209286
156874
170978
174387
132271
104865
149410
253054
240558
954142
