925715
428357
342379
414411
332637
546774
401637
493181
487901
362558
350197
620905
625769
324046
540491
302298
309767
354235
356864
426078
446661
357520
483610
341722
376134
356459
305415
373985
394014
324452
242724
528909
470979
314843
318844
323974
312680
335323
392004
330260
305216
537363
325972
361771
375173
256240
438561
326946
401983
378989
387609
332876
455801
368204
376534
352435
561920
280192
336387
426948
472880
468776
320452
436066
354614
469902
550363
623113
394158
579784
351219
430751
378211
355685
339246
428145
286437
320002
440583
376095
