661686
494153
524575
600884
651117
381167
315528
446476
366407
297602
417083
362354
359562
342265
365008
309329
375112
281660
366845
344066
562253
292540
377737
348211
344255
413565
396160
405609
307042
339153
308994
395898
438981
347309
373080
355744
344827
292459
659911
346867
318650
344230
419386
299129
341747
508925
335616
406523
365054
386044
287454
513376
342160
323575
317116
361135
313488
289768
344798
413583
326035
400216
440519
334059
369421
272364
395633
393896
301140
417653
300533
316758
289515
498609
514830
371435
385956
362780
286941
358937
