1562456
1091783
892088
872080
672436
665262
709738
792453
733270
783284
702755
625325
542273
565593
764882
553040
589583
587968
530496
737806
821702
609858
701297
579338
510321
650988
553565
1008432
695883
754059
753392
924453
914574
1267995
727366
605595
580072
524267
629557
906149
1086883
733773
799352
978733
606725
968985
840305
637601
828820
816271
717247
644002
665684
727481
658744
522462
658379
615205
683073
610742
879813
665460
620314
794245
881056
826318
681769
650313
712013
549184
509389
550318
641136
623393
640971
623122
593316
693675
601249
602863
