992740
478528
459913
418685
521730
428442
427923
492200
571932
437126
693789
492137
578446
491761
458110
521709
399387
383249
345477
353788
549719
447525
420576
404112
619280
463329
675339
621818
493773
623510
513763
406856
574927
615084
454838
425995
446846
470169
488936
494250
650265
513683
561484
620287
560969
594887
594691
572321
378985
520829
481312
500768
686564
509116
556428
562755
393756
709668
623723
426471
544676
478953
544309
490395
565310
634711
621739
531165
853166
497011
520985
550382
805682
915144
477900
642606
683012
476103
616087
564401
