589717
376047
341011
294587
309646
282303
182261
172625
154301
171939
183039
172945
184818
199074
206979
165350
160064
151075
225213
165201
156654
145820
195798
175107
143481
197678
239442
252142
189865
176960
176477
189727
200652
157566
167934
173972
144741
152394
217477
171283
179454
172550
203589
174711
238442
185767
198510
153635
161145
167680
147333
167734
171398
183303
212048
178976
164314
198213
183602
196558
153773
177019
180922
212491
182512
152309
173539
191099
172949
184086
191187
155518
166224
194167
169727
203974
155932
179984
164850
181296
