574784
255897
280759
236539
174735
210566
134082
147854
148014
142850
129852
115086
135188
126127
146324
139892
146035
135437
120350
148231
156545
152554
142530
103416
160727
125947
161490
161972
117759
118428
126885
135521
121191
126342
126230
123417
138230
146342
131175
160554
134181
148524
131133
162023
133266
137212
118553
134625
140931
100525
116853
106537
133693
143230
138985
159557
139034
155567
126241
125554
119720
141538
165347
148514
132340
136005
117510
138722
124717
136246
124414
127721
167906
136093
111282
134450
117819
125264
188614
168775
