507196
444051
403346
333948
370908
258469
338047
327749
286119
310305
262036
295851
242557
302041
299372
278153
255024
345082
277412
287095
268327
340369
273809
290362
290077
309095
275239
310538
282893
281409
281188
308306
255075
445922
252200
280677
325482
334495
321428
264177
302990
277062
293314
260329
316148
281500
272190
447053
343433
283193
264041
296361
275697
308840
304926
267463
273744
279177
305702
248036
284125
303711
324542
271860
282422
224888
257012
287519
330241
268498
296869
288136
223309
275918
242752
243541
253132
270703
255668
275477
