755384
314955
400300
341311
292707
344441
274879
252090
259603
208410
208213
205845
256958
270478
260015
258023
242977
247537
236497
228077
263733
243366
276154
247099
279070
227047
277298
395450
224231
239658
288740
272768
254167
260168
320343
259598
260188
265281
224249
266724
251684
245356
229489
237486
243220
295323
361467
285151
257967
249910
269468
242293
237059
282213
227787
220631
244221
267626
261467
275707
265944
396738
255203
243169
254752
244073
264131
272691
272743
296802
290684
316367
290469
240121
293420
288833
313273
320347
272445
301187
