551155
252197
296516
237803
302465
192636
225118
214086
195126
237232
226934
193595
186766
195318
232191
231647
171428
187929
217444
206317
303514
181018
198562
207796
217701
315679
201199
209700
170851
199011
237743
205798
187030
180251
210498
275550
160232
189455
211765
195636
201579
201971
217890
204647
183105
217418
176414
174626
176435
239113
185295
213515
218858
191618
214438
179953
190277
186979
238187
213695
239798
220024
193708
203698
203738
186285
233416
186085
225853
195157
207769
242666
215176
197412
231145
202225
179859
187990
193818
190308
