518679
237505
207188
186662
206365
145772
129217
126059
146787
149261
124562
152958
115827
106650
124235
135677
136364
160446
134682
143526
127704
176326
131461
140041
151214
130043
137362
135846
142281
173981
125446
144062
130995
178700
159717
146224
147654
120884
125357
170430
138279
138462
156882
120366
147321
141192
155083
150724
154722
124278
128543
146828
185296
140833
136908
138172
155942
151380
133969
137497
119785
195667
140929
158273
137074
180503
163699
151005
176434
148925
127357
160418
142549
115201
131570
177157
132936
192691
150802
148779
