r=1, wt=8, c=32
2021947
617712
594274
584691
443147
407675
396867
376627
363126
383662
356211
400408
493131
417862
491856
370716
366318
339681
322853
327233
334442
374332
414931
375690
346418
316823
394120
404135
353480
363291
402383
309597
355125
346988
334733
333978
345068
352639
405019
382818
353102
365253
367266
334165
341482
397689
330291
314347
348235
329905
337162
355206
333330
361511
366960
350139
316048
362454
345933
347904
348209
323976
328790
348930
318793
335878
363548
349634
382892
354609
323552
362035
330184
322986
334917
354561
330753
341789
336852
332259
AVG: 359250.728571

r=2, wt=8, c=32
1741851
910103
724297
514298
427764
422577
340716
372411
406250
368360
353467
405617
386518
383511
365857
359595
343507
374298
356832
337990
348117
333232
353665
345858
356569
363678
329327
358268
341840
347494
346052
393729
326500
355848
344554
343779
301982
311595
323736
354707
374044
357619
349209
361688
366759
349019
401823
356273
346626
351987
321875
344455
370781
362568
346049
331304
349683
369039
342173
364023
336936
333926
305530
332565
332455
357498
346239
354567
369614
358852
324910
339893
367894
323038
348198
342740
371665
336329
346936
331697
882500
AVG: 352815.323944

r=3, wt=8, c=32
1851952
784415
659227
512663
434484
379435
397274
391049
351582
345808
359853
361320
376994
363249
367749
353795
371011
414845
334367
361777
352657
351736
341251
337060
391338
364846
353275
344289
369537
370267
383425
367731
333869
328422
359409
352128
329332
363304
324325
341097
339414
325087
356451
318489
366314
325678
366903
366634
354078
355806
334949
336656
342606
341973
366167
373122
321090
407864
378366
368746
359876
385215
352119
347804
349547
361218
380457
367874
357882
357041
342818
373456
356453
372375
368303
329395
400208
349165
341209
327426
AVG: 358117.671429

