r=1, wt=64, c=1
397151
144819
164880
146565
124368
93770
96200
101064
73028
102076
78836
74972
66864
76219
79004
68913
62416
70393
70900
74153
70058
76960
70660
78182
79194
68170
72911
69373
71003
70346
71250
70096
86570
85323
70329
75465
66887
86470
68517
81336
82079
79184
75286
74445
76678
67966
70822
69022
73350
72740
74957
69184
75565
80561
86096
76763
91220
82391
79371
66574
88487
68891
76896
74048
70991
71975
83314
79111
82420
78470
72770
76347
70017
72069
72036
72237
77901
65192
69916
70100
AVG: 76285.7714286

r=2, wt=64, c=1
368061
145993
164930
134321
120493
86109
88775
89737
85652
86685
69596
67959
63070
81893
74810
69056
60849
76587
73161
97428
87750
70298
87515
72992
80116
73784
80701
75677
72105
75816
78322
77955
72610
77147
77700
71062
75208
78948
77489
75925
81948
80915
75455
77141
73050
70923
70366
80625
73262
72742
76044
62311
71483
74377
74744
74657
67244
78712
85357
73550
76568
70649
74389
71375
68744
85204
78081
72337
77832
79108
63569
72704
67046
84784
68301
63935
67167
72832
74390
62353
AVG: 75944.0571429

r=3, wt=64, c=1
402179
165084
175325
143964
145520
104086
83838
92440
101822
100496
81895
75704
88856
97918
69728
83333
77319
80123
93881
67067
79233
78429
71300
81879
79498
89676
68638
78302
64657
69743
68859
73614
81330
71569
75136
82824
73136
70657
82239
77776
71420
75333
76121
73990
78436
82986
75491
82801
78551
75367
75122
73643
83215
70541
79986
72292
70229
72568
69353
70453
79795
76577
76049
73897
75401
72503
73178
77141
75969
73272
73987
73748
77046
66506
74592
75254
74798
74004
73459
77570
AVG: 77779.4285714

