WT0
67.6666666667
119.0
117.666666666
148.333333334
124.0
151.333333333
172.0
192.66666667
178.33333333
206.33333333
169.66666667
172.0
160.33333333
175.66666667
167.0
175.33333333
179.33333334
174.0
224.66666666
134.0
236.33333334
169.0
206.0
121.0
178.33333333
157.0
236.33333333
106.33333334
243.0
155.0
122.66666666
169.66666667
216.33333333
211.0
177.66666667
176.0
107.33333333
233.0
95.66666667
247.0
142.0
157.33333333
115.0
243.0
76.66666667
171.33333333
217.66666667
156.66666667
203.0
153.0
100.0
141.33333333
200.33333333
208.0
83.66666667
170.33333333
271.33333334
156.66666666
100.33333334
252.33333333
83.6666667
191.3333333
155.0
213.6666667
185.0
99.0
170.6666666
246.3333334
86.0
184.0
191.3333333
219.3333333
111.6666667
262.3333333
176.6666667
191.6666667
167.3333333
99.0
236.6666667
WT1
75.3333333333
99.3333333337
126.0
128.666666666
156.333333334
157.333333333
182.666666667
177.333333333
189.66666667
150.66666666
187.0
165.33333334
215.33333333
204.33333333
147.0
202.33333334
152.66666666
171.0
137.33333334
225.33333333
146.33333333
170.33333334
193.0
236.66666666
164.33333334
179.0
99.0
244.66666666
109.0
169.33333334
229.0
186.66666666
115.0
143.33333334
192.33333333
161.33333333
247.66666667
131.0
224.33333333
74.66666667
186.33333333
163.0
225.33333334
94.66666666
261.0
147.0
90.0
172.33333334
140.66666666
186.66666667
237.33333333
114.33333334
133.66666666
131.0
246.66666667
205.33333333
92.0
200.0
251.66666667
98.6666667
219.3333333
149.3333333
188.0
83.3333334
169.0
234.3333333
175.0
102.3333333
253.0
153.3333334
165.0
132.3333333
233.3333333
110.0
175.0
189.3333334
185.6666666
233.3333334
78.6666666
WT2
72.3333333333
113.333333334
123.666666666
154.666666667
152.666666667
145.333333333
185.333333333
193.333333337
189.66666666
166.0
189.66666667
173.66666667
176.0
187.0
161.0
179.66666666
164.33333334
168.66666666
177.33333334
176.0
174.0
165.66666666
204.66666667
180.0
173.33333333
175.66666667
162.66666667
163.66666666
164.33333334
165.0
174.0
178.33333333
173.33333333
183.0
190.66666667
174.66666667
184.0
180.66666666
155.0
167.66666667
169.0
156.33333333
169.0
160.66666667
168.33333333
156.33333334
145.0
159.0
178.0
173.0
174.66666666
133.0
168.0
172.0
169.33333334
179.33333333
179.0
171.66666667
179.33333333
174.3333333
148.6666667
171.0
168.6666667
147.3333333
174.3333333
167.3333334
174.3333333
185.3333333
173.6666667
171.0
178.6666667
177.3333333
181.6666667
184.0
175.6666666
196.0
174.0
170.6666667
155.0
WT3
73.6666666667
115.0
129.333333333
147.333333333
153.666666667
149.666666667
180.666666666
191.999999997
192.0
171.33333334
176.66666666
171.33333334
184.33333333
203.66666667
163.0
173.33333333
160.33333333
183.33333334
162.33333333
176.0
187.66666667
172.66666666
193.0
175.33333334
174.66666666
153.66666667
174.33333333
178.33333334
171.33333333
167.0
168.33333333
186.0
159.66666667
161.33333333
186.0
170.66666667
176.0
179.0
161.0
177.0
167.33333333
159.0
159.33333334
173.0
180.0
158.33333333
159.33333333
167.33333334
174.66666666
177.66666667
168.0
130.0
171.0
164.0
163.0
185.33333333
194.33333334
177.66666666
185.0
178.99999997
155.0
176.0
175.0
157.6666667
171.0
165.3333333
167.3333334
173.0
173.6666666
173.0
182.0
186.0
165.0
200.3333334
183.0
178.3333333
167.6666667
176.0
165.3333333
WT4
60.0
114.0
128.333333333
142.333333334
145.666666666
158.0
178.0
188.999999997
189.0
173.33333334
174.0
164.33333333
175.33333333
184.33333334
166.33333333
175.0
161.66666667
169.33333333
178.0
178.0
182.33333333
174.0
194.0
182.33333334
181.0
162.0
164.33333333
176.66666667
167.0
158.0
165.0
170.33333333
169.66666667
169.0
189.33333333
179.33333333
189.66666667
172.66666667
168.66666666
171.0
174.33333334
163.33333333
164.66666667
175.33333333
165.0
160.33333333
150.66666667
175.0
175.33333333
181.33333334
162.33333333
122.66666667
162.33333333
169.33333333
165.33333334
179.33333333
179.33333333
175.66666667
168.66666667
178.00000003
152.6666666
165.6666667
181.0
155.3333333
164.0
157.0
172.3333334
161.6666666
174.0
170.6666667
176.3333333
175.0
173.6666667
192.6666667
178.6666666
186.3333334
178.3333333
168.0
154.3333333
WT5
75.3333333333
97.3333333337
116.0
136.666666666
147.333333334
152.0
186.0
181.666666663
185.0
173.33333334
195.0
173.0
179.66666666
198.0
157.0
189.66666667
171.66666667
165.33333333
173.33333333
174.33333334
178.0
172.33333333
183.33333333
178.33333334
172.0
167.33333333
170.33333333
168.66666667
156.66666667
160.66666666
170.66666667
176.33333333
174.0
180.66666667
181.0
171.33333333
172.33333334
194.0
157.33333333
163.33333333
165.33333334
159.66666666
174.33333334
175.33333333
172.66666667
159.66666666
143.66666667
167.33333333
169.0
172.33333334
172.66666666
125.66666667
176.66666667
171.66666666
170.33333334
183.0
190.33333333
183.33333333
169.0
173.33333337
155.6666666
169.0
168.6666667
146.6666667
179.0
166.0
179.0
166.3333333
182.6666667
177.3333333
175.0
182.6666667
176.0
196.0
175.6666666
183.6666667
160.0
156.0
153.3333333
WT6
65.6666666667
111.666666666
120.333333334
142.666666666
135.0
173.0
181.0
189.333333337
175.66666666
176.33333334
183.0
181.0
189.66666666
188.0
163.33333334
175.33333333
163.33333333
170.33333334
183.0
165.66666666
183.33333334
175.66666666
189.0
188.0
173.33333334
166.0
169.0
175.66666666
159.66666667
165.0
164.66666667
177.33333333
169.0
181.0
178.66666667
173.0
187.33333333
178.0
162.66666667
170.66666666
161.33333334
160.66666666
160.0
169.66666667
165.66666667
158.66666666
154.0
173.0
171.66666667
173.66666667
168.66666666
126.0
178.0
169.66666667
153.66666667
176.33333333
184.33333333
182.33333334
168.0
181.00000003
159.0
170.6666666
173.6666667
146.0
173.0
165.0
166.3333333
186.3333334
177.6666666
165.3333334
166.0
174.0
181.0
196.3333333
175.6666667
185.0
180.0
166.3333333
162.3333333
WT7
60.6666666667
105.333333333
128.0
137.333333333
147.666666667
161.0
190.666666667
196.000000003
187.33333333
181.0
178.33333333
172.33333334
182.66666666
191.0
158.0
182.0
175.66666667
169.33333333
171.66666667
172.0
186.33333333
176.66666667
188.0
165.33333333
176.33333334
165.0
174.33333333
179.33333333
161.33333334
154.33333333
172.33333333
180.66666667
171.66666667
174.66666666
189.0
180.33333334
179.33333333
187.0
158.0
170.33333333
164.0
171.66666667
164.33333333
185.66666667
174.66666667
161.0
155.33333333
171.0
167.66666667
174.33333333
170.66666667
124.0
173.0
181.0
162.66666666
186.66666667
181.0
180.33333333
170.66666667
175.0
154.0
178.0
161.6666667
152.6666666
175.3333334
164.6666666
168.6666667
167.6666667
172.3333333
167.3333333
183.0
186.0
170.6666667
193.3333333
177.0
186.0
179.6666667
168.0
162.6666667
WT8
65.6666666667
112.666666666
135.0
142.666666667
143.333333333
149.0
172.0
188.999999997
179.0
174.0
180.33333334
174.66666666
183.0
197.33333334
159.0
175.0
160.0
170.66666666
169.33333334
169.0
182.33333333
166.0
197.33333333
174.66666667
176.33333333
175.0
172.33333334
169.0
167.66666666
154.0
174.66666667
177.0
168.66666667
169.33333333
179.66666667
170.66666666
180.66666667
194.0
155.33333333
174.33333334
168.66666666
158.33333334
154.33333333
180.66666667
167.66666666
150.66666667
147.33333333
162.66666667
165.66666667
183.66666666
174.33333334
128.66666666
177.66666667
164.66666667
172.66666666
171.33333334
179.66666666
185.66666667
172.0
181.3333333
159.0
170.6666667
163.3333333
146.3333334
183.3333333
165.0
160.3333333
172.3333334
176.6666666
171.6666667
180.3333333
175.3333334
163.6666666
194.6666667
179.6666667
176.0
181.3333333
159.3333333
158.6666667
WT9
63.6666666667
117.666666666
110.0
153.666666667
146.666666667
157.333333333
184.666666667
174.000000003
179.33333333
200.0
180.33333333
167.33333334
187.33333333
155.66666667
164.0
193.0
162.0
158.0
192.33333333
156.0
195.66666667
164.33333333
194.0
181.66666667
173.33333333
168.66666667
183.66666666
175.33333334
154.66666666
147.0
162.33333334
225.66666666
131.66666667
162.0
185.0
188.66666667
197.33333333
200.33333333
101.33333334
170.33333333
166.66666667
173.66666666
223.33333334
115.66666666
234.33333334
145.33333333
177.66666667
122.33333333
220.0
180.0
136.0
165.66666667
116.66666666
168.33333334
169.33333333
153.66666667
208.66666666
151.0
239.0
185.66666667
133.0
175.3333333
154.0
131.0
168.0
178.0
165.3333334
213.3333333
137.0
144.6666667
238.6666666
149.3333334
148.3333333
162.3333333
183.3333334
236.3333333
115.0
213.6666667
172.6666666
WT10
69.0
97.0
147.333333333
140.666666667
140.666666667
152.333333333
174.0
195.66666667
200.0
147.0
179.0
168.66666666
182.0
209.0
165.66666667
168.33333333
160.33333334
178.0
156.66666666
203.66666667
164.66666667
189.33333333
184.33333333
179.0
173.33333334
165.0
162.33333333
176.0
174.33333333
173.33333334
168.66666666
133.0
196.33333334
197.66666666
170.0
174.0
162.0
155.66666667
226.33333333
168.0
166.66666667
162.0
121.33333333
233.66666667
112.33333333
171.33333334
128.33333333
217.0
120.0
175.33333333
205.33333334
86.0
231.0
173.0
173.66666666
204.0
147.66666667
196.33333333
116.66666667
173.0
187.6666667
162.3333333
174.0
158.0
179.0
156.0
172.0
132.6666667
212.0
189.6666666
107.3333334
198.3333333
202.3333333
211.0
188.0
123.6666667
238.6666667
120.3333333
148.6666667
WT11
71.3333333333
121.333333334
130.666666666
145.666666667
155.666666667
152.666666666
186.333333334
178.666666663
182.0
177.33333334
177.66666666
166.66666667
187.33333333
193.0
163.66666667
180.66666667
169.0
169.0
175.66666666
173.0
189.33333334
179.0
189.0
174.66666666
167.66666667
165.66666667
163.0
178.66666666
163.66666667
156.66666667
163.33333333
178.0
169.33333333
178.0
172.66666667
175.33333333
182.66666667
180.66666667
161.0
169.0
167.33333333
164.0
178.33333333
178.66666667
172.66666667
156.66666666
144.0
168.33333334
172.0
165.66666666
170.0
127.0
179.66666667
170.33333333
164.33333334
179.0
171.0
179.66666666
177.33333334
165.00000003
158.0
169.3333333
167.6666667
147.6666666
168.6666667
167.6666667
171.6666666
171.0
172.3333334
171.6666666
171.3333334
171.0
175.0
203.0
180.0
185.3333333
174.0
167.6666667
162.6666666
WT12
65.0
110.0
125.333333333
132.666666667
149.333333333
152.333333334
184.333333333
181.66666667
181.0
177.33333333
169.66666667
171.33333333
181.33333333
191.66666667
160.0
180.33333333
162.33333334
180.66666666
176.0
174.33333334
176.66666666
177.33333334
192.66666666
180.33333334
172.66666666
173.0
160.66666667
175.33333333
172.33333334
165.33333333
169.33333333
176.0
160.33333334
176.0
184.33333333
174.0
174.0
186.66666667
162.33333333
178.66666667
160.66666666
162.0
166.66666667
178.33333333
166.0
160.66666667
155.0
172.0
169.66666667
165.0
165.0
126.33333333
168.0
155.33333333
171.0
177.0
188.33333334
180.66666666
173.33333334
176.00000003
153.3333333
170.6666667
168.3333333
156.0
173.0
159.3333333
160.0
169.0
174.3333334
162.0
170.0
174.3333333
167.0
201.3333333
183.3333334
193.3333333
180.0
166.0
163.0
WT13
68.6666666667
105.333333333
125.666666667
136.0
158.333333333
143.666666667
163.666666666
203.333333337
201.33333333
127.66666667
183.0
220.0
138.33333333
190.0
211.0
178.33333333
172.0
158.33333334
143.33333333
229.33333333
131.0
179.33333334
260.66666666
116.0
243.33333334
103.33333333
242.0
89.33333333
248.33333334
159.66666666
163.66666667
90.33333333
266.66666667
165.0
104.33333333
266.0
183.0
93.66666667
253.33333333
64.0
269.0
130.66666667
180.66666667
197.33333333
138.66666667
98.66666666
128.33333334
290.0
59.33333333
198.33333333
142.66666667
249.0
120.0
137.0
115.33333333
209.33333334
200.33333333
218.33333333
226.66666667
149.6666667
156.0
216.6666666
136.6666667
153.6666667
55.0
250.0
169.6666666
236.0
81.3333334
232.3333333
171.3333333
129.3333334
59.0
286.6666666
257.0
100.6666667
150.0
171.6666667
157.3333333
WT14
65.3333333333
108.333333334
127.0
151.666666666
127.666666667
161.333333333
201.666666667
164.66666667
173.0
206.33333333
190.0
121.0
230.0
182.0
117.33333333
182.33333334
165.0
192.0
214.33333333
118.66666667
238.33333333
188.33333333
121.66666667
254.66666667
117.66666666
231.0
99.33333334
249.0
96.66666666
153.66666667
172.33333333
268.66666667
60.33333333
205.33333334
256.33333333
81.66666667
171.0
269.0
61.0
263.0
69.33333333
189.33333333
167.66666667
152.33333333
206.33333334
213.66666666
193.0
51.66666667
281.33333333
161.33333334
184.33333333
5.33333333
219.33333334
198.0
217.0
144.66666666
167.0
149.33333334
133.0
204.66666663
154.0
112.6666667
201.0
150.0
285.3333333
83.3333334
166.6666666
112.0
254.0
112.3333334
169.0
214.0
279.0
108.0
97.3333333
261.3333333
189.3333334
172.3333333
159.6666667
WT15
66.3333333333
114.666666667
125.666666667
147.666666666
158.333333334
164.666666666
173.0
177.999999997
193.33333334
173.0
176.0
175.0
178.33333333
190.33333333
153.66666667
183.33333333
170.0
168.33333334
180.66666666
181.0
190.33333334
174.33333333
191.33333333
176.66666667
174.66666667
167.66666666
170.0
174.66666667
169.66666667
159.33333333
172.0
178.66666667
164.66666666
179.0
189.33333334
175.33333333
176.0
177.0
158.66666667
172.0
164.0
170.0
167.33333333
173.66666667
167.66666666
158.0
146.33333334
165.0
174.66666666
176.66666667
159.0
134.33333333
175.66666667
154.66666667
172.66666666
181.0
180.33333334
168.0
176.66666666
170.66666667
157.3333333
163.6666667
169.0
148.0
181.0
165.0
174.6666667
162.3333333
171.6666667
173.3333333
182.0
171.3333333
178.3333334
189.3333333
168.0
186.0
183.3333333
177.6666667
162.3333333
