SEC 1
21.0
20.6666666667
22.3333333333
21.3333333333
21.6666666667
22.6666666667
21.3333333333
23.3333333333
21.6666666667
20.3333333333
22.3333333333
22.6666666667
24.6666666667
21.0
22.6666666667
21.6666666667
25.6666666667
22.0
21.3333333333
22.3333333333
21.3333333333
22.6666666667
23.0
21.6666666667
21.6666666667
20.3333333333
20.0
22.3333333333
18.3333333333
21.0
20.0
22.3333333333
SEC 2
53.3333333333
49.6666666667
50.6666666667
50.6666666667
51.0
55.6666666667
52.3333333333
50.6666666667
54.0
51.3333333333
52.0
51.6666666667
51.0
49.6666666667
54.0
48.3333333333
56.6666666667
54.0
51.3333333333
50.0
50.0
52.0
53.6666666667
50.6666666667
55.3333333333
51.0
51.6666666667
48.6666666667
49.6666666667
50.0
48.3333333333
53.0
SEC 3
80.0
79.3333333333
81.3333333333
77.0
80.3333333333
87.6666666667
82.0
80.3333333333
82.3333333333
80.3333333333
81.0
82.0
84.0
77.0
85.0
81.0
84.6666666667
82.0
83.6666666667
80.3333333333
79.0
82.3333333333
82.0
79.3333333333
85.6666666667
82.0
80.0
83.0
77.0
80.6666666667
82.0
80.6666666667
SEC 4
114.333333333
113.666666667
119.333333333
114.0
113.666666667
120.0
119.666666667
116.666666667
117.333333333
115.666666667
118.0
115.333333333
119.666666667
112.666666667
118.333333333
112.333333333
118.333333333
117.333333333
118.0
116.666666667
113.0
113.333333333
116.666666667
115.333333333
122.333333333
111.0
114.0
113.333333333
115.333333333
115.333333333
116.0
117.666666667
SEC 5
152.0
151.333333333
150.666666667
150.666666667
148.0
155.666666667
151.666666667
158.333333333
151.0
147.666666667
153.666666667
153.0
148.0
157.333333333
153.666666667
148.666666667
153.666666667
152.0
150.333333333
151.666666667
148.333333333
150.666666667
147.666666667
150.333333333
161.0
146.0
147.666666667
147.666666667
153.0
150.333333333
148.666666667
157.0
SEC 6
186.0
189.0
186.333333333
190.0
181.0
190.0
192.666666667
191.0
184.666666667
186.0
188.333333333
192.666666667
189.666666667
188.333333333
190.0
184.333333333
188.0
184.333333333
189.666666667
185.666666667
184.666666667
187.666666667
181.0
184.666666667
195.666666667
184.333333333
184.0
187.333333333
183.333333333
185.666666667
187.333333333
191.333333333
SEC 7
224.333333333
224.333333333
226.333333333
230.666666667
218.0
230.0
230.333333333
226.333333333
220.333333333
224.0
223.666666667
229.666666667
225.0
228.666666667
227.333333333
222.333333333
224.666666667
227.666666667
221.333333333
226.333333333
225.333333333
225.666666667
216.666666667
220.666666667
233.333333333
223.666666667
222.333333333
224.666666667
223.0
223.666666667
223.666666667
230.333333333
SEC 8
266.333333333
263.666666667
264.333333333
267.333333333
255.333333333
266.0
262.666666667
269.333333333
259.666666667
264.0
262.0
269.666666667
266.333333333
271.666666667
266.0
259.666666667
264.666666667
266.666666667
261.333333333
266.0
262.666666667
257.333333333
262.333333333
260.666666667
276.0
263.333333333
262.666666667
267.0
259.333333333
262.333333333
262.0
271.0
SEC 9
302.666666667
300.0
313.0
307.333333333
299.333333333
308.0
303.333333333
310.0
300.0
303.0
301.0
313.666666667
307.0
310.333333333
308.666666667
300.666666667
307.0
307.0
300.333333333
308.0
303.0
298.666666667
300.333333333
301.333333333
316.0
305.333333333
304.333333333
307.333333333
300.0
301.666666667
312.666666667
301.333333333
SEC 10
348.333333333
345.333333333
349.0
352.333333333
345.666666667
351.666666667
346.0
354.666666667
345.0
348.333333333
344.666666667
359.666666667
351.333333333
352.333333333
352.333333333
345.333333333
353.0
341.0
348.666666667
350.333333333
346.333333333
344.333333333
342.333333333
343.0
358.333333333
350.333333333
349.0
343.666666667
348.333333333
346.333333333
347.333333333
356.333333333
SEC 11
385.333333333
395.0
392.333333333
397.0
389.666666667
394.666666667
390.0
398.0
388.666666667
390.666666667
388.0
403.333333333
395.333333333
393.0
396.666666667
389.666666667
399.333333333
391.0
385.666666667
394.666666667
390.666666667
387.666666667
386.666666667
386.333333333
402.0
391.666666667
394.333333333
391.0
387.666666667
391.666666667
394.0
396.333333333
SEC 12
430.666666667
438.333333333
432.333333333
440.333333333
434.333333333
439.333333333
428.333333333
447.666666667
432.666666667
434.0
433.0
447.0
438.333333333
436.333333333
441.333333333
432.333333333
441.0
436.333333333
428.333333333
439.333333333
433.666666667
427.666666667
435.0
430.666666667
446.0
435.333333333
437.0
435.666666667
437.333333333
437.0
429.0
451.0
SEC 13
484.666666667
483.666666667
474.666666667
487.333333333
481.333333333
488.333333333
483.0
486.0
480.666666667
483.0
484.0
496.0
481.333333333
486.666666667
490.666666667
480.333333333
493.666666667
474.666666667
485.0
487.666666667
480.333333333
478.666666667
479.0
478.333333333
493.0
482.666666667
486.0
485.333333333
482.0
486.0
478.0
498.0
SEC 14
519.333333333
528.0
533.333333333
531.0
528.0
535.0
535.0
525.0
525.333333333
529.0
530.333333333
541.0
535.333333333
528.333333333
536.0
524.333333333
539.0
529.333333333
519.666666667
535.0
526.333333333
524.0
524.333333333
524.0
538.333333333
526.666666667
531.333333333
531.333333333
527.0
533.333333333
536.666666667
530.333333333
SEC 15
573.333333333
574.0
563.0
573.333333333
570.0
578.666666667
575.333333333
569.666666667
568.333333333
571.666666667
571.0
584.333333333
574.666666667
574.0
579.333333333
566.333333333
583.0
573.333333333
561.333333333
576.666666667
571.666666667
569.666666667
565.333333333
567.333333333
580.333333333
569.0
574.0
569.0
576.0
575.666666667
572.333333333
580.333333333
SEC 16
610.0
621.666666667
608.333333333
614.333333333
613.333333333
619.333333333
618.0
608.0
610.666666667
614.0
613.0
626.666666667
613.666666667
620.666666667
622.666666667
608.333333333
624.0
604.0
614.666666667
618.666666667
612.666666667
608.666666667
608.333333333
615.0
621.0
610.333333333
616.666666667
617.333333333
610.666666667
618.333333333
611.0
628.666666667
SEC 17
646.333333333
640.666666667
641.0
643.0
644.333333333
650.333333333
631.0
653.333333333
638.666666667
643.666666667
642.666666667
656.0
646.666666667
647.0
652.0
637.0
654.0
640.666666667
635.666666667
648.333333333
643.0
636.0
640.666666667
645.0
649.333333333
639.0
645.666666667
645.0
641.0
648.333333333
657.0
645.333333333
SEC 18
690.333333333
690.666666667
680.666666667
687.666666667
690.666666667
694.0
694.666666667
680.666666667
683.333333333
687.666666667
687.666666667
701.0
690.666666667
692.333333333
696.666666667
682.666666667
699.0
677.333333333
687.666666667
694.0
685.666666667
681.333333333
686.666666667
691.0
693.666666667
682.666666667
691.0
692.0
682.666666667
691.666666667
703.0
690.0
SEC 19
743.0
728.333333333
726.666666667
732.666666667
734.666666667
740.666666667
722.666666667
747.333333333
728.666666667
731.666666667
733.666666667
749.666666667
733.666666667
740.0
743.0
727.0
745.666666667
732.0
728.333333333
739.0
729.333333333
732.666666667
727.333333333
738.666666667
740.666666667
728.666666667
737.333333333
741.666666667
725.0
738.666666667
743.0
740.333333333
SEC 20
777.0
774.0
781.333333333
778.0
778.666666667
783.333333333
770.333333333
787.333333333
774.333333333
777.0
781.0
794.0
782.333333333
782.0
787.333333333
772.0
791.666666667
778.0
773.666666667
782.666666667
773.333333333
781.666666667
767.0
784.333333333
786.0
773.666666667
781.666666667
784.666666667
773.0
782.666666667
782.333333333
794.0
SEC 21
813.0
823.666666667
835.333333333
824.666666667
825.666666667
829.333333333
828.0
822.666666667
823.0
822.666666667
827.333333333
839.666666667
827.666666667
828.666666667
833.0
817.666666667
836.666666667
823.0
818.0
828.333333333
820.666666667
814.0
827.333333333
827.666666667
830.333333333
820.666666667
827.666666667
823.0
826.333333333
829.0
831.0
841.0
SEC 22
870.0
867.333333333
876.0
871.666666667
871.333333333
876.666666667
868.333333333
882.666666667
870.333333333
870.0
874.666666667
888.333333333
880.0
875.0
880.333333333
865.333333333
885.0
872.0
864.333333333
876.333333333
866.666666667
866.333333333
871.333333333
875.666666667
880.0
866.333333333
876.0
869.666666667
873.0
874.0
892.666666667
875.0
SEC 23
929.0
908.333333333
912.333333333
917.666666667
915.666666667
922.666666667
914.0
928.666666667
914.333333333
919.0
918.666666667
933.0
927.333333333
918.0
925.0
909.666666667
928.666666667
911.666666667
918.666666667
923.333333333
914.333333333
921.0
908.333333333
921.666666667
924.666666667
911.0
922.0
925.666666667
906.666666667
919.0
930.666666667
928.333333333
SEC 24
958.0
961.0
968.666666667
964.666666667
963.0
969.666666667
974.666666667
960.333333333
962.333333333
966.666666667
965.666666667
978.0
971.333333333
966.333333333
970.333333333
955.666666667
972.666666667
967.666666667
957.0
970.0
960.0
960.666666667
964.333333333
967.333333333
974.333333333
957.333333333
968.333333333
960.0
966.0
965.666666667
985.0
966.333333333
SEC 25
1007.0
1005.33333333
1017.33333333
1012.33333333
1011.0
1017.33333333
1014.33333333
1016.0
1009.66666667
1013.33333333
1013.33333333
1028.33333333
1018.33333333
1016.66666667
1018.0
1004.33333333
1018.33333333
1006.66666667
1017.66666667
1017.0
1007.33333333
1017.0
1003.33333333
1014.33333333
1021.66666667
1005.0
1021.33333333
1001.33333333
1018.66666667
1013.0
1016.66666667
1029.66666667
SEC 26
1059.33333333
1058.66666667
1055.0
1058.66666667
1057.66666667
1064.33333333
1072.66666667
1054.33333333
1058.0
1061.66666667
1060.66666667
1076.33333333
1074.0
1061.0
1065.33333333
1054.33333333
1066.33333333
1060.33333333
1062.0
1066.0
1056.66666667
1058.0
1063.66666667
1063.0
1069.66666667
1052.33333333
1067.66666667
1057.66666667
1057.33333333
1061.0
1069.33333333
1074.0
SEC 27
1102.0
1097.0
1094.33333333
1100.66666667
1100.33333333
1105.66666667
1107.0
1103.66666667
1100.0
1102.33333333
1102.66666667
1118.33333333
1113.0
1108.0
1108.33333333
1095.0
1108.66666667
1103.33333333
1103.33333333
1108.0
1099.33333333
1097.66666667
1107.66666667
1106.66666667
1111.0
1096.66666667
1109.0
1103.0
1095.66666667
1101.0
1107.0
1121.0
SEC 28
1154.0
1142.33333333
1128.33333333
1147.33333333
1145.66666667
1151.66666667
1155.0
1147.33333333
1144.66666667
1146.33333333
1146.33333333
1163.33333333
1160.33333333
1153.0
1154.66666667
1141.66666667
1153.0
1151.66666667
1141.33333333
1152.33333333
1147.0
1152.66666667
1143.33333333
1149.33333333
1156.66666667
1143.33333333
1153.66666667
1149.66666667
1137.0
1146.33333333
1154.66666667
1162.33333333
SEC 29
1179.0
1171.0
1188.33333333
1188.0
1184.66666667
1191.0
1182.0
1198.33333333
1185.0
1185.33333333
1185.66666667
1203.0
1192.0
1199.66666667
1195.0
1181.0
1193.0
1182.0
1190.66666667
1192.66666667
1187.33333333
1192.0
1183.0
1187.0
1197.66666667
1181.0
1191.0
1181.0
1184.33333333
1187.66666667
1205.33333333
1191.33333333
SEC 30
1229.33333333
1227.33333333
1212.66666667
1235.33333333
1228.0
1236.33333333
1234.33333333
1234.33333333
1229.33333333
1230.33333333
1230.0
1248.0
1237.33333333
1244.66666667
1239.33333333
1225.0
1238.0
1225.66666667
1240.0
1235.66666667
1231.33333333
1229.33333333
1237.33333333
1230.33333333
1242.0
1224.33333333
1233.33333333
1229.66666667
1225.66666667
1232.66666667
1245.33333333
1239.33333333
SEC 31
1271.33333333
1278.0
1262.66666667
1283.0
1276.33333333
1284.66666667
1272.66666667
1290.0
1276.33333333
1278.66666667
1277.66666667
1296.0
1291.33333333
1284.66666667
1288.33333333
1271.66666667
1285.66666667
1287.33333333
1273.33333333
1289.66666667
1275.0
1277.0
1288.0
1276.66666667
1287.33333333
1271.33333333
1279.66666667
1271.0
1276.0
1279.33333333
1286.33333333
1292.0
SEC 32
1306.66666667
1334.0
1313.33333333
1333.66666667
1325.0
1331.66666667
1331.33333333
1325.66666667
1326.33333333
1326.0
1326.33333333
1344.0
1337.33333333
1334.33333333
1336.33333333
1318.66666667
1334.66666667
1324.0
1333.33333333
1337.66666667
1323.66666667
1336.0
1322.0
1324.33333333
1334.0
1318.66666667
1326.66666667
1323.66666667
1321.66666667
1326.33333333
1334.0
1340.0
SEC 33
1369.0
1361.0
1358.0
1379.66666667
1372.33333333
1375.33333333
1364.66666667
1381.0
1370.33333333
1371.66666667
1370.0
1387.66666667
1373.66666667
1389.0
1380.0
1361.66666667
1377.0
1374.33333333
1375.33333333
1381.33333333
1373.33333333
1381.0
1364.66666667
1369.33333333
1377.33333333
1362.33333333
1370.66666667
1368.0
1365.33333333
1370.0
1379.33333333
1384.33333333
SEC 34
1412.0
1418.33333333
1407.33333333
1427.66666667
1418.66666667
1423.66666667
1418.33333333
1426.33333333
1419.0
1420.66666667
1417.66666667
1436.66666667
1429.66666667
1433.0
1428.33333333
1410.0
1425.66666667
1424.33333333
1423.0
1429.33333333
1422.33333333
1419.33333333
1429.33333333
1418.66666667
1425.33333333
1409.66666667
1419.33333333
1424.33333333
1406.0
1418.66666667
1437.66666667
1423.66666667
SEC 35
1452.66666667
1466.66666667
1463.33333333
1475.33333333
1467.0
1475.33333333
1469.33333333
1471.66666667
1466.66666667
1470.33333333
1467.33333333
1485.33333333
1481.66666667
1480.0
1475.0
1458.66666667
1473.0
1472.66666667
1471.66666667
1477.0
1470.0
1479.0
1464.0
1464.0
1474.0
1457.66666667
1466.33333333
1465.66666667
1461.66666667
1464.66666667
1485.33333333
1470.66666667
SEC 36
1510.33333333
1504.66666667
1500.66666667
1518.0
1510.33333333
1517.66666667
1523.66666667
1504.0
1509.66666667
1515.0
1512.33333333
1528.66666667
1524.0
1525.0
1520.33333333
1501.66666667
1517.33333333
1514.0
1520.66666667
1520.33333333
1515.33333333
1507.0
1525.0
1509.33333333
1517.0
1500.0
1509.0
1509.0
1508.0
1508.33333333
1513.33333333
1529.0
SEC 37
1539.66666667
1549.33333333
1562.0
1561.33333333
1553.0
1560.66666667
1561.33333333
1553.0
1552.66666667
1560.33333333
1555.66666667
1573.66666667
1576.66666667
1560.66666667
1562.33333333
1544.66666667
1563.0
1566.0
1555.0
1565.33333333
1560.33333333
1567.33333333
1551.0
1553.33333333
1560.0
1543.66666667
1551.33333333
1558.66666667
1543.0
1552.33333333
1569.33333333
1559.66666667
SEC 38
1594.33333333
1605.66666667
1595.33333333
1607.66666667
1600.0
1609.66666667
1597.66666667
1612.0
1599.33333333
1607.66666667
1602.66666667
1620.33333333
1619.0
1615.0
1609.66666667
1594.0
1611.33333333
1608.0
1607.66666667
1611.66666667
1608.33333333
1601.0
1613.66666667
1602.0
1609.0
1591.66666667
1601.33333333
1599.66666667
1598.0
1600.33333333
1607.0
1618.66666667
SEC 39
1649.33333333
1654.33333333
1636.66666667
1657.0
1653.0
1657.0
1653.33333333
1656.33333333
1651.0
1655.0
1651.33333333
1670.33333333
1664.0
1665.33333333
1656.66666667
1643.33333333
1659.0
1659.66666667
1650.66666667
1661.0
1656.66666667
1652.33333333
1662.0
1651.33333333
1658.66666667
1641.33333333
1651.0
1648.33333333
1646.66666667
1646.33333333
1660.33333333
1664.66666667
SEC 40
1688.66666667
1693.66666667
1699.0
1704.0
1700.0
1703.0
1711.0
1693.66666667
1698.33333333
1700.66666667
1696.66666667
1717.66666667
1709.0
1710.33333333
1705.0
1692.0
1707.33333333
1703.33333333
1699.66666667
1708.66666667
1704.33333333
1713.66666667
1695.0
1697.66666667
1704.66666667
1687.33333333
1698.33333333
1694.33333333
1694.0
1696.33333333
1704.66666667
1717.33333333
SEC 41
1750.66666667
1743.66666667
1741.66666667
1751.33333333
1748.33333333
1752.0
1742.0
1760.33333333
1746.66666667
1751.0
1745.66666667
1768.66666667
1758.0
1758.33333333
1753.33333333
1739.33333333
1757.33333333
1756.66666667
1744.66666667
1757.0
1749.66666667
1760.66666667
1747.33333333
1748.33333333
1754.33333333
1737.66666667
1747.66666667
1741.0
1744.66666667
1746.0
1765.0
1754.0
SEC 42
1788.66666667
1790.33333333
1789.66666667
1797.0
1792.33333333
1797.0
1799.33333333
1793.33333333
1792.0
1798.66666667
1790.66666667
1813.33333333
1801.66666667
1805.0
1797.66666667
1784.66666667
1804.33333333
1791.33333333
1801.66666667
1803.0
1794.66666667
1803.66666667
1791.33333333
1793.33333333
1799.33333333
1782.0
1791.66666667
1795.0
1780.0
1792.33333333
1802.33333333
1809.0
SEC 43
1831.66666667
1833.33333333
1831.0
1839.0
1835.66666667
1839.33333333
1849.33333333
1835.0
1835.0
1840.66666667
1832.66666667
1855.0
1848.33333333
1847.33333333
1840.33333333
1828.0
1847.66666667
1832.33333333
1843.66666667
1845.66666667
1839.33333333
1846.66666667
1833.33333333
1834.33333333
1840.33333333
1825.33333333
1833.33333333
1837.33333333
1823.0
1834.66666667
1853.0
1847.66666667
SEC 44
1880.33333333
1877.33333333
1883.0
1888.0
1883.33333333
1886.0
1885.66666667
1894.33333333
1880.66666667
1888.0
1881.66666667
1901.33333333
1888.66666667
1904.0
1887.0
1875.66666667
1894.66666667
1891.0
1881.33333333
1892.66666667
1886.33333333
1890.66666667
1885.0
1882.66666667
1887.33333333
1873.33333333
1880.66666667
1878.0
1880.0
1884.0
1903.66666667
1894.33333333
SEC 45
1928.66666667
1921.66666667
1930.0
1932.66666667
1928.66666667
1932.33333333
1933.66666667
1938.0
1925.66666667
1934.66666667
1927.33333333
1946.66666667
1949.33333333
1933.66666667
1933.66666667
1921.66666667
1940.33333333
1935.33333333
1928.0
1939.66666667
1932.0
1928.33333333
1940.33333333
1927.0
1931.0
1919.33333333
1928.0
1916.66666667
1934.33333333
1930.33333333
1946.66666667
1944.33333333
SEC 46
1968.66666667
1970.0
1974.0
1979.0
1972.66666667
1975.33333333
1970.66666667
1990.66666667
1970.33333333
1982.66666667
1973.33333333
1991.33333333
1977.66666667
1994.33333333
1979.0
1968.0
1986.0
1981.0
1973.0
1985.0
1976.66666667
1973.0
1983.66666667
1973.0
1976.0
1964.66666667
1972.33333333
1970.0
1971.66666667
1975.33333333
1995.0
1987.66666667
SEC 47
2012.66666667
2024.33333333
2006.0
2021.0
2020.33333333
2019.66666667
2028.0
2024.0
2012.66666667
2025.0
2018.66666667
2033.66666667
2028.0
2033.66666667
2023.33333333
2011.33333333
2029.66666667
2026.33333333
2013.33333333
2027.33333333
2020.33333333
2018.66666667
2026.33333333
2015.33333333
2019.66666667
2009.0
2018.0
2013.66666667
2016.33333333
2017.66666667
2039.33333333
2029.66666667
SEC 48
2065.33333333
2055.66666667
2061.0
2067.33333333
2065.66666667
2065.66666667
2077.66666667
2067.33333333
2059.66666667
2070.66666667
2067.33333333
2081.0
2080.0
2073.66666667
2071.0
2058.66666667
2074.66666667
2072.0
2059.0
2071.66666667
2066.0
2074.0
2063.0
2061.33333333
2066.0
2052.0
2063.66666667
2061.0
2062.33333333
2065.33333333
2088.33333333
2073.66666667
SEC 49
2106.0
2101.0
2107.0
2112.33333333
2110.0
2109.0
2111.66666667
2123.66666667
2104.66666667
2115.33333333
2113.33333333
2125.66666667
2114.0
2131.33333333
2117.0
2105.66666667
2118.66666667
2114.33333333
2104.0
2117.33333333
2111.0
2106.66666667
2117.33333333
2107.0
2112.0
2096.66666667
2108.66666667
2099.66666667
2115.0
2111.66666667
2134.33333333
2119.0
SEC 50
2149.0
2147.0
2160.0
2159.33333333
2157.33333333
2156.66666667
2169.66666667
2157.66666667
2154.33333333
2162.0
2163.33333333
2175.33333333
2178.66666667
2162.0
2164.33333333
2153.33333333
2166.0
2149.33333333
2162.0
2162.66666667
2161.33333333
2163.66666667
2153.33333333
2153.0
2156.66666667
2143.33333333
2154.33333333
2152.66666667
2157.33333333
2158.0
2167.33333333
2180.66666667
SEC 51
2203.0
2203.33333333
2191.33333333
2206.33333333
2202.0
2201.33333333
2212.33333333
2208.0
2201.33333333
2211.0
2210.66666667
2223.33333333
2208.33333333
2222.66666667
2210.33333333
2199.33333333
2214.0
2207.33333333
2197.33333333
2209.33333333
2206.0
2199.0
2206.66666667
2199.33333333
2203.33333333
2189.0
2199.33333333
2207.66666667
2195.33333333
2205.0
2223.0
2215.66666667
SEC 52
2252.0
2235.66666667
2254.0
2253.33333333
2249.0
2249.33333333
2264.33333333
2254.33333333
2251.0
2259.66666667
2258.33333333
2271.33333333
2264.33333333
2259.0
2257.66666667
2246.0
2261.33333333
2238.33333333
2259.66666667
2255.33333333
2253.66666667
2258.33333333
2245.66666667
2249.66666667
2251.0
2238.0
2245.0
2247.0
2255.66666667
2253.33333333
2269.0
2262.0
SEC 53
2294.0
2292.33333333
2288.33333333
2298.0
2294.0
2293.33333333
2304.66666667
2300.66666667
2295.33333333
2303.0
2301.66666667
2315.66666667
2297.0
2317.66666667
2300.33333333
2290.66666667
2307.33333333
2305.0
2283.0
2301.66666667
2297.66666667
2298.0
2294.66666667
2295.66666667
2296.33333333
2283.0
2288.66666667
2290.0
2300.66666667
2297.33333333
2314.66666667
2305.33333333
SEC 54
2340.33333333
2341.0
2334.33333333
2346.0
2341.66666667
2340.33333333
2340.0
2361.0
2340.66666667
2348.66666667
2349.33333333
2364.66666667
2345.66666667
2366.66666667
2345.33333333
2337.0
2354.33333333
2336.66666667
2345.66666667
2347.33333333
2346.33333333
2341.0
2352.0
2342.33333333
2342.33333333
2330.0
2335.66666667
2345.0
2337.33333333
2344.0
2361.33333333
2352.66666667
SEC 55
2373.33333333
2397.33333333
2387.0
2393.0
2388.33333333
2385.66666667
2393.66666667
2399.33333333
2387.0
2398.33333333
2396.0
2411.0
2407.33333333
2398.0
2390.0
2383.66666667
2401.33333333
2392.33333333
2383.33333333
2392.66666667
2395.66666667
2387.33333333
2402.33333333
2387.33333333
2386.33333333
2376.33333333
2380.66666667
2383.0
2391.33333333
2393.0
2397.0
2408.0
SEC 56
2433.33333333
2424.33333333
2435.0
2438.66666667
2434.33333333
2435.0
2454.33333333
2433.0
2432.66666667
2447.66666667
2440.66666667
2457.66666667
2437.33333333
2459.33333333
2435.66666667
2433.66666667
2447.0
2443.33333333
2430.66666667
2444.66666667
2442.33333333
2449.0
2433.66666667
2434.66666667
2432.0
2422.33333333
2427.66666667
2430.33333333
2440.33333333
2441.0
2448.33333333
2450.0
SEC 57
2471.33333333
2474.0
2484.66666667
2483.66666667
2480.66666667
2481.66666667
2478.33333333
2499.33333333
2478.0
2493.33333333
2484.33333333
2502.33333333
2504.66666667
2483.66666667
2482.0
2480.33333333
2492.66666667
2477.0
2487.33333333
2489.33333333
2489.0
2491.33333333
2477.33333333
2480.33333333
2477.0
2468.66666667
2474.66666667
2477.0
2484.66666667
2484.66666667
2494.0
2495.0
SEC 58
2517.66666667
2512.0
2539.33333333
2529.33333333
2526.0
2528.66666667
2545.66666667
2525.66666667
2523.66666667
2538.66666667
2529.66666667
2547.66666667
2545.33333333
2533.0
2529.33333333
2527.33333333
2536.0
2531.66666667
2522.0
2535.33333333
2535.33333333
2537.33333333
2524.33333333
2526.0
2522.0
2515.66666667
2520.33333333
2522.33333333
2530.66666667
2530.0
2544.0
2537.33333333
SEC 59
2579.33333333
2574.0
2554.66666667
2577.0
2572.66666667
2572.66666667
2572.66666667
2591.33333333
2570.33333333
2584.66666667
2576.33333333
2591.66666667
2589.66666667
2579.33333333
2574.66666667
2572.66666667
2581.0
2567.33333333
2579.0
2581.33333333
2581.66666667
2583.0
2572.0
2571.66666667
2568.33333333
2561.66666667
2567.33333333
2577.0
2568.66666667
2576.0
2583.66666667
2587.66666667
SEC 60
2611.66666667
2608.33333333
2618.66666667
2618.33333333
2618.33333333
2616.66666667
2633.0
2619.0
2615.0
2629.0
2619.66666667
2634.0
2628.0
2628.33333333
2619.33333333
2615.33333333
2625.33333333
2621.33333333
2611.66666667
2626.0
2625.0
2627.33333333
2611.66666667
2615.66666667
2611.66666667
2604.33333333
2611.66666667
2620.66666667
2611.66666667
2620.0
2635.33333333
2624.33333333
SEC 61
2646.33333333
2671.33333333
2667.0
2667.33333333
2667.0
2665.33333333
2676.0
2673.33333333
2665.33333333
2679.33333333
2668.66666667
2683.66666667
2684.0
2670.0
2669.66666667
2663.0
2672.0
2656.0
2674.0
2673.66666667
2673.33333333
2676.33333333
2660.0
2664.66666667
2659.33333333
2652.0
2659.66666667
2658.66666667
2667.33333333
2668.33333333
2681.0
2677.66666667
SEC 62
2716.66666667
2702.66666667
2708.0
2716.0
2713.0
2712.33333333
2720.33333333
2723.0
2713.0
2726.0
2715.66666667
2731.33333333
2738.66666667
2711.33333333
2715.66666667
2711.66666667
2718.66666667
2721.0
2706.0
2724.0
2721.66666667
2707.0
2727.66666667
2713.0
2708.0
2702.66666667
2711.33333333
2714.66666667
2705.33333333
2717.66666667
2725.66666667
2728.0
SEC 63
2753.33333333
2774.33333333
2738.33333333
2761.33333333
2757.66666667
2756.66666667
2756.66666667
2779.0
2758.66666667
2773.66666667
2766.33333333
2775.0
2767.33333333
2775.0
2762.66666667
2757.33333333
2764.33333333
2757.0
2764.0
2769.66666667
2766.0
2751.0
2773.66666667
2760.33333333
2752.33333333
2750.33333333
2757.33333333
2751.33333333
2760.33333333
2761.33333333
2774.33333333
2769.33333333
SEC 64
2802.33333333
2814.33333333
2781.33333333
2807.66666667
2803.33333333
2802.66666667
2810.33333333
2812.66666667
2803.0
2818.33333333
2812.0
2818.33333333
2815.33333333
2817.0
2806.66666667
2802.33333333
2809.33333333
2810.0
2803.33333333
2816.0
2811.0
2807.0
2806.33333333
2805.0
2797.66666667
2795.66666667
2804.33333333
2793.66666667
2806.33333333
2803.66666667
2821.33333333
2810.33333333
SEC 65
2838.33333333
2842.33333333
2852.33333333
2854.0
2848.66666667
2847.66666667
2856.0
2858.33333333
2849.0
2863.33333333
2858.33333333
2864.0
2874.0
2849.33333333
2852.0
2847.33333333
2853.33333333
2857.0
2849.33333333
2862.33333333
2857.66666667
2852.0
2853.66666667
2850.0
2844.66666667
2841.66666667
2851.66666667
2851.0
2840.33333333
2849.0
2857.33333333
2864.33333333
SEC 66
2893.0
2902.0
2871.33333333
2897.33333333
2896.66666667
2892.33333333
2890.0
2911.66666667
2892.66666667
2907.33333333
2902.66666667
2910.0
2900.66666667
2909.33333333
2898.33333333
2891.33333333
2896.33333333
2901.66666667
2893.66666667
2909.33333333
2902.33333333
2896.66666667
2901.66666667
2894.0
2889.33333333
2887.0
2898.0
2896.33333333
2884.33333333
2891.33333333
2902.0
2910.0
SEC 67
2937.0
2943.66666667
2927.33333333
2943.66666667
2943.0
2937.33333333
2941.33333333
2954.66666667
2941.0
2950.66666667
2947.66666667
2956.66666667
2946.66666667
2955.66666667
2943.33333333
2937.66666667
2940.66666667
2941.66666667
2947.0
2956.66666667
2950.33333333
2953.66666667
2935.66666667
2941.66666667
2936.0
2930.33333333
2944.33333333
2938.0
2933.0
2937.33333333
2949.66666667
2956.0
SEC 68
2985.33333333
2988.33333333
2981.0
2990.33333333
2989.0
2983.0
3007.66666667
2982.66666667
2989.33333333
2997.33333333
2994.33333333
3003.66666667
2989.0
3007.66666667
2992.0
2985.33333333
2986.66666667
2992.66666667
2988.66666667
3005.66666667
2997.0
3001.33333333
2981.66666667
2992.0
2984.33333333
2978.66666667
2990.33333333
2989.33333333
2976.0
2984.66666667
3001.33333333
2995.66666667
SEC 69
3031.0
3034.0
3026.66666667
3034.66666667
3034.0
3028.66666667
3050.33333333
3033.33333333
3035.66666667
3042.33333333
3040.33333333
3048.66666667
3055.66666667
3029.66666667
3037.0
3028.33333333
3033.33333333
3038.66666667
3035.66666667
3049.0
3045.66666667
3033.33333333
3042.33333333
3039.0
3032.0
3024.66666667
3034.33333333
3026.0
3033.66666667
3033.0
3046.0
3041.66666667
SEC 70
3081.66666667
3070.66666667
3085.0
3081.66666667
3082.0
3078.33333333
3083.0
3101.0
3084.66666667
3091.33333333
3085.66666667
3096.33333333
3103.0
3080.0
3085.66666667
3081.0
3082.66666667
3091.33333333
3080.33333333
3097.66666667
3094.33333333
3097.66666667
3076.66666667
3085.66666667
3081.0
3073.33333333
3082.0
3083.33333333
3075.0
3083.33333333
3093.33333333
3091.0
SEC 71
3127.66666667
3122.33333333
3127.33333333
3129.0
3129.0
3125.0
3158.33333333
3125.33333333
3127.0
3138.66666667
3132.33333333
3148.33333333
3127.33333333
3147.33333333
3131.0
3129.33333333
3129.33333333
3127.33333333
3136.0
3144.33333333
3140.66666667
3132.66666667
3134.66666667
3131.33333333
3128.33333333
3119.33333333
3128.33333333
3119.33333333
3133.0
3132.0
3145.0
3134.33333333
SEC 72
3163.33333333
3185.0
3165.0
3175.66666667
3172.66666667
3168.0
3200.0
3171.0
3171.0
3181.33333333
3175.33333333
3191.0
3182.33333333
3178.66666667
3173.33333333
3172.33333333
3173.33333333
3179.66666667
3168.66666667
3186.0
3185.33333333
3180.0
3175.66666667
3175.66666667
3172.0
3164.33333333
3175.0
3181.33333333
3160.66666667
3174.0
3187.66666667
3178.0
SEC 73
3207.33333333
3227.0
3211.0
3219.66666667
3217.33333333
3210.33333333
3245.0
3217.33333333
3216.33333333
3224.0
3220.66666667
3234.0
3213.66666667
3236.0
3217.33333333
3216.0
3217.33333333
3223.0
3216.0
3231.33333333
3227.66666667
3228.66666667
3216.33333333
3219.66666667
3217.66666667
3209.33333333
3219.33333333
3209.0
3221.66666667
3218.33333333
3223.0
3226.66666667
SEC 74
3255.33333333
3275.33333333
3253.66666667
3267.0
3263.66666667
3256.66666667
3262.66666667
3291.0
3261.33333333
3270.0
3267.66666667
3283.33333333
3280.33333333
3259.0
3264.66666667
3261.66666667
3262.66666667
3264.66666667
3268.0
3275.0
3273.0
3268.33333333
3269.33333333
3266.33333333
3264.33333333
3254.66666667
3266.0
3266.33333333
3258.0
3269.33333333
3276.0
3264.33333333
SEC 75
3315.66666667
3295.33333333
3310.0
3312.33333333
3310.33333333
3306.0
3310.33333333
3339.0
3308.0
3317.66666667
3315.0
3330.33333333
3317.66666667
3314.66666667
3310.66666667
3308.33333333
3310.33333333
3315.33333333
3310.0
3322.66666667
3320.66666667
3321.66666667
3309.0
3312.0
3311.0
3302.0
3312.33333333
3302.66666667
3315.66666667
3316.33333333
3319.33333333
3316.33333333
SEC 76
3355.66666667
3343.33333333
3366.66666667
3362.33333333
3358.33333333
3353.66666667
3368.33333333
3377.0
3354.66666667
3364.33333333
3363.66666667
3378.66666667
3361.33333333
3367.0
3361.0
3358.66666667
3361.33333333
3370.0
3353.66666667
3370.33333333
3367.0
3359.33333333
3368.66666667
3360.33333333
3358.33333333
3347.33333333
3362.0
3353.66666667
3361.33333333
3365.0
3361.66666667
3368.0
SEC 77
3394.0
3376.66666667
3413.66666667
3401.0
3397.33333333
3394.0
3396.33333333
3426.33333333
3393.66666667
3403.0
3404.66666667
3419.0
3404.66666667
3403.33333333
3399.66666667
3398.0
3399.0
3410.0
3393.0
3407.0
3407.33333333
3402.33333333
3405.0
3399.0
3396.0
3384.33333333
3400.66666667
3396.0
3396.0
3405.33333333
3408.33333333
3400.66666667
SEC 78
3440.66666667
3431.0
3453.33333333
3449.0
3442.66666667
3442.33333333
3466.33333333
3456.33333333
3442.33333333
3450.33333333
3451.0
3470.33333333
3463.0
3442.0
3447.0
3446.0
3447.33333333
3452.66666667
3444.0
3456.33333333
3455.33333333
3453.66666667
3451.66666667
3448.66666667
3447.0
3433.0
3449.0
3442.0
3448.66666667
3452.66666667
3455.66666667
3447.33333333
SEC 79
3478.0
3494.66666667
3500.0
3496.66666667
3490.66666667
3491.0
3505.0
3515.33333333
3489.66666667
3499.33333333
3500.0
3516.66666667
3500.33333333
3500.66666667
3496.0
3492.66666667
3497.0
3491.33333333
3500.66666667
3503.33333333
3502.66666667
3505.33333333
3492.33333333
3497.66666667
3495.0
3482.0
3496.33333333
3504.0
3481.66666667
3498.66666667
3497.66666667
3503.33333333
SEC 80
3532.0
3530.66666667
3538.66666667
3541.0
3533.66666667
3533.33333333
3538.33333333
3568.66666667
3533.33333333
3543.66666667
3545.66666667
3559.66666667
3554.33333333
3533.0
3542.66666667
3537.0
3539.66666667
3543.66666667
3537.33333333
3547.33333333
3547.66666667
3547.66666667
3538.0
3540.0
3539.66666667
3525.0
3539.0
3543.33333333
3531.33333333
3542.0
3539.66666667
3546.66666667
