WT0
3.0
5.0
6.0
5.6666666667
6.6666666666
6.0
6.6666666667
7.3333333333
6.0
6.6666666667
7.3333333333
6.0
6.6666666667
7.3333333333
7.6666666667
8.0
7.666666667
8.0
8.0
7.0
8.0
7.666666666
7.666666667
8.333333333
9.0
9.333333334
8.333333333
8.666666667
8.333333333
9.333333333
9.333333334
9.0
9.0
9.333333333
9.0
8.333333333
9.333333334
9.0
9.0
9.333333333
9.0
9.0
9.0
9.0
9.666666667
9.0
10.0
9.333333333
9.333333333
9.0
9.333333334
9.333333333
9.333333333
9.0
9.0
9.333333334
9.0
9.0
9.0
9.0
10.0
9.0
9.0
9.333333333
9.0
9.333333333
9.0
9.333333334
9.333333333
9.666666667
9.333333333
9.0
8.666666667
9.333333333
9.333333333
9.0
9.0
8.333333334
9.0
WT1
3.33333333333
5.0
5.99999999997
5.6666666667
6.6666666667
6.6666666666
5.6666666667
7.3333333333
6.3333333334
7.0
6.6666666666
6.6666666667
6.3333333333
7.6666666667
7.3333333333
7.9999999997
7.666666667
7.666666667
8.0
8.0
7.333333333
7.666666667
7.666666666
8.666666667
9.0
8.666666667
8.666666666
8.333333334
9.0
8.666666666
9.666666667
8.666666667
9.333333333
9.333333333
8.666666667
8.333333333
9.666666667
9.0
9.666666667
8.666666666
8.666666667
9.0
9.0
9.333333333
9.333333334
9.666666666
9.333333334
9.666666666
9.333333334
9.0
9.666666666
9.0
9.333333334
9.0
9.333333333
9.0
9.0
9.0
9.0
9.0
9.666666667
9.0
9.666666666
9.666666667
8.333333333
9.0
9.666666667
8.666666667
9.666666666
9.333333334
9.333333333
9.333333333
9.0
8.666666667
9.333333333
9.0
9.0
8.666666667
9.0
WT2
2.33333333333
5.33333333334
5.66666666663
6.3333333334
6.0
6.6666666666
6.6666666667
6.6666666667
6.3333333333
7.0
6.6666666667
6.6666666666
6.3333333334
7.6666666666
7.0
8.3333333337
7.666666666
8.333333334
8.0
7.0
7.333333333
8.333333333
7.666666667
8.333333333
8.666666667
9.0
8.666666667
8.0
9.0
9.666666666
9.0
8.666666667
9.0
9.333333333
9.333333334
8.333333333
9.666666667
8.666666666
9.333333334
9.0
9.0
8.666666666
9.0
9.333333334
9.333333333
9.666666667
9.666666666
9.333333334
9.0
9.666666666
9.0
9.0
10.0
9.0
8.666666667
9.333333333
9.333333334
8.666666666
9.0
9.333333334
9.333333333
8.666666667
10.0
9.333333333
8.666666667
9.0
9.333333333
9.0
9.333333333
9.333333334
9.666666666
9.666666667
8.666666667
8.666666666
9.333333334
9.333333333
9.0
8.333333333
9.0
WT3
3.0
5.0
6.0
5.6666666667
6.0
6.6666666666
6.6666666667
7.3333333333
6.0
6.6666666667
7.0
6.3333333333
6.3333333334
7.6666666666
7.6666666667
8.0
7.666666667
8.0
8.0
7.0
8.0
7.666666666
7.666666667
8.333333333
8.666666667
9.333333333
8.666666667
8.333333333
8.666666667
9.333333333
9.0
9.0
9.0
9.333333334
9.0
8.666666666
9.333333334
9.0
9.0
9.333333333
9.0
8.666666667
9.0
9.333333333
9.333333333
9.333333334
10.0
9.0
9.666666666
9.0
9.0
9.666666667
9.333333333
9.0
9.0
9.333333334
9.0
8.666666666
9.0
9.333333334
9.333333333
9.333333333
9.333333334
9.333333333
9.0
9.0
9.333333333
9.333333334
9.0
10.0
8.666666666
9.666666667
8.666666667
9.0
9.666666666
9.0
9.0
8.0
9.333333334
WT4
3.0
5.33333333333
5.99999999997
5.6666666667
6.6666666667
6.0
6.6666666666
7.3333333334
6.0
7.0
6.6666666666
6.6666666667
6.6666666667
7.3333333333
7.3333333333
7.6666666667
8.0
7.666666667
8.666666666
7.333333334
7.0
8.0
7.666666666
8.666666667
8.666666667
9.0
8.666666666
8.333333334
9.0
8.666666666
10.0
8.333333334
9.333333333
9.0
9.0
8.333333333
9.666666667
9.0
9.0
9.333333333
8.666666667
9.333333333
8.666666667
9.333333333
9.333333334
9.333333333
10.0
9.333333333
9.0
9.333333334
9.333333333
9.0
9.666666667
9.0
9.333333333
9.0
8.666666667
9.333333333
9.0
8.666666667
10.0
9.0
9.333333333
9.666666667
8.666666666
9.0
9.333333334
9.333333333
9.333333333
9.333333334
9.333333333
9.0
9.0
9.0
9.333333333
9.0
9.0
8.666666667
9.0
WT5
3.33333333333
5.0
5.99999999997
6.3333333334
6.0
6.6666666666
5.6666666667
7.3333333333
6.3333333334
6.6666666666
7.0
7.0
6.0
7.3333333334
7.6666666666
7.9999999997
7.666666667
8.666666667
7.0
7.666666666
7.666666667
8.0
7.333333333
9.0
8.333333334
9.0
8.666666666
8.333333334
9.0
9.666666666
8.333333334
9.333333333
9.0
9.333333333
8.666666667
9.0
8.666666667
9.666666666
9.0
8.666666667
9.333333333
8.666666667
9.0
9.666666667
9.333333333
9.666666667
9.333333333
9.333333333
9.333333334
9.0
9.333333333
9.333333333
9.333333334
9.0
9.0
9.333333333
9.333333333
8.333333334
9.333333333
9.333333333
9.333333334
9.0
10.0
9.0
8.666666666
9.333333334
9.333333333
8.666666667
9.666666666
9.333333334
9.333333333
9.333333333
9.0
9.0
9.333333334
9.0
9.0
8.666666666
8.333333334
WT6
3.33333333333
5.0
5.99999999997
6.0
6.3333333334
6.6666666666
5.6666666667
7.3333333333
6.3333333334
7.0
6.6666666666
6.6666666667
6.3333333333
7.6666666667
7.3333333333
7.9999999997
7.666666667
7.666666667
8.0
8.0
7.333333333
7.666666667
8.0
8.333333333
9.0
8.666666667
8.666666666
8.333333334
9.0
8.666666666
9.666666667
8.666666667
9.333333333
9.333333333
8.666666667
8.333333333
9.666666667
9.0
9.666666667
8.666666666
8.666666667
9.0
9.0
9.333333333
9.333333334
9.666666666
9.333333334
9.666666666
9.333333334
9.0
9.666666666
9.0
9.333333334
9.333333333
9.0
9.0
9.0
9.0
9.0
9.0
9.666666667
9.0
9.666666666
9.666666667
8.666666667
8.666666666
9.666666667
8.666666667
9.666666666
9.333333334
9.333333333
9.333333333
9.0
9.0
9.0
9.0
9.0
8.666666667
9.0
WT7
3.0
5.33333333333
5.99999999997
5.6666666667
6.6666666667
6.6666666666
5.6666666667
7.3333333333
6.0
7.0
7.0
6.6666666667
6.3333333333
7.6666666667
7.3333333333
7.6666666667
8.0
7.666666667
8.0
7.666666666
7.333333334
8.0
7.333333333
9.0
8.333333333
9.333333334
8.666666666
8.333333334
9.0
8.666666666
9.666666667
8.666666667
9.333333333
9.333333333
8.666666667
8.333333333
9.666666667
9.0
9.666666667
8.333333333
9.0
9.0
9.0
9.333333333
9.333333334
9.333333333
9.666666667
9.666666666
9.0
9.0
9.666666667
9.333333333
9.0
9.333333334
9.333333333
9.0
9.0
8.666666667
9.333333333
8.666666667
10.0
9.0
9.333333333
9.333333333
8.666666667
9.333333333
9.666666667
8.666666667
9.666666666
9.333333334
9.333333333
9.0
9.0
9.0
9.333333333
9.0
9.0
8.666666667
8.666666667
WT8
2.33333333333
5.0
6.33333333337
6.0
6.0
6.6666666666
6.6666666667
6.6666666667
6.6666666666
6.6666666667
6.6666666667
6.6666666666
6.3333333334
7.6666666666
7.0
8.3333333337
7.666666666
8.333333334
8.0
7.0
7.333333333
8.333333333
7.666666667
8.333333333
8.666666667
9.0
8.666666667
8.0
9.0
9.666666666
9.0
8.666666667
9.0
9.333333333
9.333333334
8.333333333
9.666666667
8.666666666
9.333333334
9.0
9.333333333
8.666666667
8.666666666
9.666666667
9.333333333
9.333333334
9.666666666
9.333333334
9.0
9.666666666
9.0
9.0
9.666666667
9.333333333
8.666666667
9.333333333
9.333333334
8.666666666
8.666666667
9.333333333
9.333333334
9.0
10.0
9.333333333
8.666666667
9.0
9.333333333
9.333333333
9.333333334
9.333333333
9.333333333
9.333333334
9.0
8.666666666
9.666666667
9.0
9.0
8.333333333
9.0
WT9
3.0
4.66666666667
5.66666666663
6.3333333334
6.0
6.6666666666
6.6666666667
7.3333333333
5.6666666667
7.0
7.0
6.3333333333
6.3333333334
7.6666666666
7.3333333334
8.0000000003
8.0
8.0
8.0
7.0
8.0
7.666666666
7.666666667
8.333333333
8.666666667
9.0
9.0
8.0
9.0
9.333333333
9.0
9.0
9.0
9.333333334
9.0
8.333333333
9.666666667
8.666666666
9.333333334
9.333333333
8.666666667
8.666666666
9.333333334
9.0
9.333333333
9.666666667
10.0
9.0
9.666666666
9.0
9.0
9.0
10.0
9.0
9.0
9.0
9.333333334
8.666666666
9.0
9.333333334
9.333333333
9.333333333
9.333333334
9.333333333
9.0
9.0
9.333333333
9.0
9.0
9.666666667
9.333333333
9.666666667
8.666666667
8.666666666
9.666666667
9.333333333
9.0
8.0
9.333333334
WT10
2.66666666667
5.0
5.66666666663
6.3333333334
6.0
6.6666666666
6.6666666667
7.0
6.3333333333
6.6666666667
7.0
6.3333333333
6.3333333334
7.6666666666
7.0
8.3333333337
8.0
8.0
8.0
7.0
7.666666666
8.0
7.666666667
8.333333333
8.666666667
9.0
9.0
8.0
9.0
9.333333333
9.0
8.666666667
9.0
9.666666667
9.0
8.333333333
9.666666667
8.666666666
9.333333334
9.0
9.333333333
8.333333333
9.0
9.333333334
9.333333333
9.666666667
9.666666666
9.333333334
9.0
9.666666666
9.0
9.0
10.0
9.0
9.0
9.0
9.333333334
8.666666666
9.0
9.333333334
9.333333333
8.666666667
10.0
9.333333333
9.0
8.666666667
9.666666666
9.0
9.0
9.666666667
9.333333333
9.666666667
8.666666667
8.666666666
10.0
8.666666667
9.0
8.333333333
9.333333334
WT11
3.0
5.33333333333
5.66666666667
6.0
6.6666666667
5.6666666666
6.6666666667
7.3333333333
6.0
7.3333333334
6.6666666666
6.6666666667
6.3333333333
7.0
8.0
7.9999999997
7.666666667
7.666666667
8.0
7.0
8.0
8.0
7.333333333
9.0
8.666666667
9.0
8.333333333
8.666666667
8.666666666
9.0
9.333333334
9.0
9.333333333
9.0
9.0
8.333333333
9.333333334
9.333333333
8.666666667
9.666666666
8.666666667
9.0
9.0
9.333333333
9.333333334
9.333333333
9.666666667
9.666666666
9.0
9.333333334
9.0
9.666666666
9.0
9.333333334
9.333333333
9.0
8.666666667
9.333333333
8.666666667
9.0
10.0
9.0
9.333333333
9.666666667
8.666666666
9.0
9.333333334
9.0
9.333333333
9.666666667
9.333333333
9.0
8.666666667
9.333333333
9.333333333
9.0
9.0
8.333333334
9.0
WT12
3.33333333333
5.0
5.99999999997
6.0
6.3333333334
6.6666666666
5.6666666667
7.3333333333
6.3333333334
6.6666666666
7.0
6.6666666667
6.3333333333
7.6666666667
7.0
8.0
8.0
7.666666667
8.0
8.0
7.333333333
7.666666667
8.0
8.666666666
8.333333334
9.0
8.666666666
8.333333334
9.0
8.666666666
9.666666667
8.666666667
9.333333333
9.333333333
8.666666667
8.666666667
9.333333333
9.0
9.666666667
8.333333333
9.0
9.333333333
8.666666667
9.333333333
9.333333334
9.666666666
9.666666667
9.0
9.666666667
8.666666666
10.0
8.666666667
9.666666667
9.0
9.0
9.333333333
9.333333333
8.333333334
9.333333333
9.0
9.666666667
9.0
9.666666666
9.333333334
8.666666666
9.0
9.666666667
8.666666667
9.666666666
9.333333334
9.333333333
9.333333333
9.0
9.0
9.0
9.0
9.0
8.666666667
9.0
WT13
3.0
5.0
6.3333333333
5.6666666667
6.6666666667
6.0
6.6666666666
7.3333333334
6.0
7.0
6.6666666666
6.0
7.3333333334
7.3333333333
7.3333333333
7.9999999997
7.666666667
8.0
8.333333333
7.0
7.666666667
7.333333333
8.0
8.666666667
9.0
8.666666667
8.333333333
8.666666667
8.333333333
10.0
9.333333333
8.333333334
9.0
9.333333333
9.0
8.333333333
9.666666667
9.0
9.333333333
9.0
8.666666667
9.0
8.666666667
9.333333333
10.0
9.0
10.333333333
9.0
9.0
9.333333334
9.0
9.666666666
9.333333334
9.0
9.333333333
8.666666667
9.333333333
9.0
8.666666667
9.0
10.0
9.0
9.0
10.333333333
8.666666667
8.666666666
9.333333334
9.333333333
9.0
9.666666667
9.333333333
9.0
8.666666667
9.333333333
9.333333333
9.0
9.0
8.666666667
9.0
WT14
3.33333333333
5.0
5.66666666667
6.3333333333
6.0
6.6666666667
6.0
7.3333333333
6.3333333334
6.3333333333
7.3333333333
7.0
5.6666666667
7.3333333333
7.6666666667
8.0
7.666666667
8.666666666
7.333333334
7.333333333
7.666666667
8.333333333
7.333333333
8.333333334
8.666666666
9.333333334
8.666666666
8.333333334
9.0
8.666666666
9.333333334
9.0
9.333333333
9.0
9.0
9.0
8.666666667
9.333333333
9.0
9.0
9.333333333
9.0
8.666666667
9.333333333
9.333333334
9.666666666
9.333333334
9.333333333
9.666666667
8.666666666
10.0
8.666666667
9.666666667
9.0
8.666666666
9.666666667
9.333333333
8.333333334
9.333333333
9.333333333
9.333333334
9.0
10.0
8.333333333
9.0
9.666666667
9.0
9.0
9.666666666
9.333333334
9.333333333
9.333333333
9.0
9.0
9.333333334
9.0
9.0
8.333333333
8.666666667
WT15
3.0
5.0
6.0
5.6666666667
6.0
6.6666666666
6.6666666667
7.3333333333
6.0
6.6666666667
7.0
6.3333333333
6.3333333334
7.6666666666
7.6666666667
8.0
7.666666667
8.0
8.0
7.0
8.0
7.666666666
7.666666667
8.333333333
8.666666667
9.333333333
8.666666667
8.333333333
8.666666667
9.333333333
9.0
9.0
9.333333334
9.0
9.0
8.666666666
9.333333334
9.0
9.0
9.333333333
9.0
8.666666667
9.0
9.333333333
9.333333333
9.333333334
10.0
9.0
9.666666666
9.0
9.0
9.666666667
9.333333333
9.0
9.0
9.333333334
9.0
8.666666666
9.0
9.333333334
9.333333333
9.333333333
9.333333334
9.333333333
9.0
9.0
9.333333333
9.333333334
9.0
10.0
9.0
9.333333333
8.666666667
9.0
9.666666666
9.0
9.0
8.0
9.333333334
WT16
2.33333333333
5.0
5.99999999997
6.3333333334
6.0
6.6666666666
6.6666666667
6.6666666667
6.3333333333
7.0
6.6666666667
6.6666666666
6.3333333334
7.6666666666
7.0
7.9999999997
8.0
8.333333334
8.0
7.0
7.333333333
8.333333333
7.666666667
8.333333333
8.666666667
9.0
8.666666667
8.0
9.0
9.666666666
9.0
8.666666667
9.0
9.333333333
9.333333334
8.333333333
9.333333333
9.0
9.333333334
9.0
9.0
8.666666666
9.0
9.333333334
9.333333333
9.666666667
9.666666666
9.333333334
9.0
9.666666666
9.0
9.0
9.666666667
9.333333333
8.666666667
9.0
9.666666667
8.666666666
8.666666667
9.333333333
9.333333334
9.0
10.0
9.333333333
8.666666667
9.0
9.333333333
9.0
9.333333333
9.333333334
9.666666666
9.333333334
9.0
8.666666666
9.333333334
9.333333333
8.666666667
8.666666666
8.666666667
WT17
3.0
5.33333333333
5.66666666667
6.0
6.6666666667
5.6666666666
6.6666666667
7.3333333333
6.0
7.0
7.0
6.6666666667
6.3333333333
7.0
7.6666666667
8.0
8.0
7.666666667
8.0
7.333333333
7.666666667
8.0
7.333333333
9.0
8.333333333
9.333333334
8.666666666
8.333333334
8.666666666
9.0
9.333333334
9.0
9.333333333
9.0
9.0
8.333333333
9.333333334
9.333333333
8.666666667
9.333333333
9.0
9.0
9.0
9.333333333
9.333333334
9.333333333
9.666666667
9.333333333
9.333333333
9.0
9.333333334
9.333333333
9.333333333
9.0
9.333333334
9.333333333
8.666666667
9.0
9.0
9.0
10.0
9.0
9.333333333
9.333333333
8.666666667
9.333333333
9.333333334
9.0
9.333333333
9.666666667
9.333333333
9.0
8.666666667
9.333333333
9.333333333
9.0
9.0
8.333333334
9.0
WT18
3.0
5.33333333333
5.99999999997
5.6666666667
6.6666666667
6.6666666666
5.6666666667
7.3333333333
6.0
7.0
7.0
6.6666666667
6.3333333333
7.6666666667
7.3333333333
7.6666666667
8.0
7.666666667
8.0
7.666666666
7.666666667
7.666666667
7.333333333
9.0
8.333333333
9.333333334
8.666666666
8.333333334
9.0
8.666666666
9.666666667
8.666666667
9.333333333
9.333333333
8.666666667
8.333333333
9.666666667
9.0
9.333333333
8.666666667
9.0
9.0
9.0
9.333333333
9.333333334
9.333333333
9.666666667
9.666666666
9.0
9.0
9.666666667
9.333333333
9.0
9.333333334
9.333333333
9.0
9.0
9.0
9.0
8.666666667
10.0
9.0
9.333333333
9.333333333
8.666666667
9.333333333
9.333333334
9.0
9.666666666
9.333333334
9.333333333
9.0
9.0
9.0
9.333333333
9.0
9.0
8.666666667
8.666666667
WT19
3.0
5.0
6.3333333333
5.6666666667
6.6666666667
6.0
6.3333333333
7.3333333333
6.0
7.3333333334
6.6666666666
6.0
7.0
7.3333333334
7.6666666666
7.9999999997
7.666666667
7.666666667
8.0
7.333333333
8.0
7.333333333
7.666666667
9.0
9.0
8.666666667
8.333333333
8.666666667
8.333333333
9.666666667
9.0
9.0
9.0
9.333333333
9.0
8.333333333
9.666666667
9.0
9.0
9.333333333
8.666666667
9.0
8.666666667
9.333333333
9.666666667
9.0
10.333333333
9.333333333
9.0
9.333333334
9.0
9.666666666
9.0
9.333333334
9.333333333
8.666666667
9.333333333
9.0
8.666666667
9.0
10.0
9.0
9.0
10.0
9.0
8.666666666
9.333333334
9.0
9.333333333
9.666666667
9.333333333
9.0
8.666666667
9.333333333
9.333333333
9.0
9.0
8.333333334
9.333333333
WT20
3.33333333333
5.0
5.66666666667
6.3333333333
6.0
6.6666666667
6.0
7.3333333333
6.3333333334
6.3333333333
7.3333333333
6.6666666667
5.6666666667
8.0
7.3333333333
8.0
7.666666667
8.0
8.0
7.666666666
7.333333334
8.0
8.0
8.0
8.666666666
9.333333334
8.666666666
8.333333334
9.0
8.666666666
9.666666667
8.666666667
9.333333333
9.0
9.0
9.0
8.666666667
9.0
9.666666666
8.666666667
9.0
9.333333333
8.666666667
9.333333333
9.333333334
10.0
9.0
9.333333333
9.666666667
8.666666666
9.666666667
9.0
9.666666667
9.0
8.666666666
9.666666667
9.0
8.666666667
9.333333333
9.333333333
9.333333334
9.0
9.666666666
9.0
8.666666667
9.0
9.666666667
9.0
9.666666666
9.333333334
9.333333333
9.333333333
9.0
9.0
9.0
9.0
9.0
8.666666667
8.666666667
WT21
3.0
5.0
6.3333333333
5.6666666667
6.0
7.0
6.0
7.3333333333
6.0
6.6666666667
7.0
6.6666666667
6.6666666666
7.3333333334
7.6666666666
7.9999999997
7.666666667
7.666666667
8.0
7.0
8.333333333
7.333333333
7.666666667
8.666666667
9.0
9.0
8.666666666
8.333333334
8.333333333
9.333333333
9.0
9.0
9.333333334
9.333333333
9.0
8.333333333
9.333333334
9.333333333
9.0
9.0
9.0
8.666666667
9.0
9.333333333
9.333333333
9.666666667
9.666666667
9.333333333
9.333333333
9.0
9.0
10.0
9.0
9.0
9.333333334
9.0
9.333333333
8.333333333
9.333333334
9.0
9.333333333
9.333333333
9.666666667
9.666666667
8.333333333
9.0
9.333333333
9.333333334
9.0
10.0
9.0
9.333333333
8.666666667
9.333333333
9.333333333
9.0
9.0
8.0
9.333333334
WT22
3.0
5.33333333333
5.66666666667
5.6666666667
7.0
6.0
6.3333333333
7.3333333333
6.3333333334
6.6666666666
7.0
6.3333333334
6.0
8.0
7.3333333333
8.0
7.666666667
8.0
8.0
7.666666666
7.333333334
8.0
7.666666666
8.333333334
8.666666666
9.0
8.666666667
8.666666667
9.0
8.666666666
9.666666667
8.666666667
9.333333333
9.0
8.666666667
8.666666666
9.666666667
8.666666667
9.666666666
8.666666667
9.0
9.0
9.0
9.333333333
9.333333334
9.333333333
9.666666667
9.666666666
9.0
9.0
9.666666667
9.0
9.333333333
9.333333334
9.0
9.333333333
8.666666667
9.333333333
9.0
8.666666667
10.0
9.0
9.333333333
9.333333333
8.666666667
9.333333333
9.666666667
8.666666667
9.666666666
9.333333334
9.333333333
9.333333333
9.0
8.333333334
9.666666666
9.0
9.0
8.666666667
9.0
WT23
2.66666666667
5.0
5.66666666663
6.3333333334
6.0
6.6666666666
6.6666666667
7.0
6.3333333333
6.6666666667
7.0
6.3333333333
6.3333333334
7.6666666666
7.3333333334
8.0000000003
8.0
8.0
8.0
7.0
7.666666666
8.0
7.666666667
8.333333333
8.666666667
9.0
9.0
8.0
9.0
9.333333333
9.0
9.0
9.0
9.333333334
9.0
8.333333333
9.666666667
8.666666666
9.333333334
9.0
9.333333333
8.333333333
9.333333334
9.0
9.333333333
9.666666667
9.666666666
9.333333334
9.0
9.666666666
9.0
9.0
10.0
9.0
9.0
9.0
9.333333334
8.666666666
9.0
9.333333334
9.333333333
8.666666667
10.0
9.333333333
9.0
8.666666667
9.666666666
9.0
9.333333334
9.333333333
9.333333333
9.666666667
8.666666667
8.666666666
10.0
8.666666667
9.0
8.333333333
9.333333334
WT24
3.0
4.66666666667
5.66666666663
6.3333333334
6.0
6.6666666666
6.6666666667
7.3333333333
6.0
6.6666666667
7.0
6.3333333333
6.3333333334
7.6666666666
7.3333333334
8.0000000003
8.0
8.0
8.0
7.0
8.0
7.666666666
7.666666667
8.333333333
8.666666667
9.0
9.0
8.0
9.0
9.333333333
9.0
9.0
9.0
9.333333334
9.0
8.333333333
9.666666667
8.666666666
9.333333334
9.0
9.333333333
8.666666667
9.0
9.0
9.333333333
9.666666667
10.0
9.0
9.333333333
9.333333333
9.0
9.0
10.0
9.0
9.0
9.0
9.333333334
8.666666666
9.0
9.333333334
9.333333333
9.333333333
9.333333334
9.333333333
9.0
9.0
9.333333333
9.333333334
9.0
9.666666666
9.0
9.666666667
8.666666667
8.666666666
10.0
9.0
8.666666667
8.333333333
9.333333334
WT25
3.0
5.0
6.0
5.6666666667
6.6666666666
6.0
6.6666666667
7.3333333333
6.0
6.6666666667
7.0
6.3333333333
6.3333333334
7.6666666666
7.6666666667
8.0
7.666666667
8.0
8.0
7.0
8.0
7.666666666
7.666666667
8.333333333
8.666666667
9.333333333
8.666666667
8.666666667
8.333333333
9.333333333
9.333333334
8.666666666
9.333333334
9.0
9.333333333
8.333333333
9.333333334
9.0
9.0
9.333333333
9.0
8.666666667
9.0
9.333333333
9.333333333
9.333333334
10.0
9.333333333
9.333333333
9.0
9.0
9.666666667
9.333333333
9.0
9.0
9.333333334
9.0
8.666666666
9.333333334
9.0
9.333333333
9.333333333
9.333333334
9.333333333
9.0
9.0
9.333333333
9.333333334
9.0
10.0
9.0
9.333333333
8.666666667
9.0
9.666666666
9.0
9.0
8.0
9.333333334
WT26
2.33333333333
5.0
5.99999999997
6.3333333334
6.0
6.6666666666
6.3333333334
7.0
6.3333333333
7.0
6.3333333333
7.0
6.3333333334
7.6666666666
7.0
7.9999999997
8.0
8.333333334
8.0
7.0
7.333333333
8.333333333
7.666666667
8.333333333
8.666666667
9.0
8.666666667
8.0
9.0
9.666666666
9.0
8.666666667
9.0
9.333333333
9.333333334
8.333333333
9.333333333
9.0
9.333333334
9.0
9.0
8.666666666
9.0
9.333333334
9.333333333
9.666666667
9.666666666
9.333333334
9.0
9.666666666
9.0
9.0
9.666666667
9.333333333
8.666666667
9.0
9.666666667
8.666666666
8.666666667
9.333333333
9.333333334
9.0
10.0
9.333333333
8.666666667
9.0
9.333333333
9.0
9.333333333
9.333333334
9.666666666
9.333333334
8.666666666
9.0
9.333333334
9.333333333
8.666666667
8.666666666
8.666666667
WT27
3.0
4.66666666667
6.00000000003
6.0
6.0
6.6666666666
6.6666666667
7.3333333333
6.0
6.6666666667
7.0
6.3333333333
6.3333333334
7.6666666666
7.3333333334
8.0000000003
8.0
8.0
8.0
7.0
8.0
7.666666666
7.666666667
8.333333333
8.666666667
9.0
9.0
8.333333333
8.666666667
9.333333333
9.0
9.0
9.0
9.333333334
9.0
8.333333333
9.666666667
8.666666666
9.333333334
9.333333333
9.0
8.666666667
9.0
9.333333333
9.333333333
9.333333334
10.0
9.0
9.666666666
9.0
9.0
9.0
10.0
9.0
9.0
9.333333334
9.0
8.666666666
9.0
9.333333334
9.333333333
9.333333333
9.333333334
9.333333333
9.0
9.0
9.333333333
9.333333334
9.0
9.666666666
9.0
9.666666667
8.666666667
9.0
9.666666666
9.0
9.0
8.0
9.333333334
WT28
3.0
5.33333333333
5.66666666667
6.0
6.3333333333
6.0
6.6666666667
7.3333333333
6.0
7.0
7.0
6.6666666667
6.0
7.3333333333
8.0
7.6666666667
8.0
7.666666667
8.0
7.0
8.333333333
7.666666667
7.333333333
9.0
8.333333333
9.333333334
8.333333333
8.666666667
8.666666666
9.0
9.333333334
9.0
9.333333333
9.0
9.0
8.333333333
9.333333334
9.333333333
9.0
9.0
9.0
9.0
9.0
9.333333333
9.333333334
9.333333333
9.666666667
9.333333333
9.333333333
9.0
9.333333334
9.666666666
9.0
9.0
9.333333334
9.0
9.0
9.0
9.0
9.0
10.0
9.0
9.333333333
9.333333333
8.666666667
9.333333333
9.0
9.333333334
9.333333333
9.666666667
9.333333333
9.0
8.666666667
9.333333333
9.333333333
9.0
9.0
8.333333334
9.0
WT29
3.0
5.33333333333
5.99999999997
5.3333333334
7.0
6.6666666666
5.6666666667
7.3333333333
6.0
7.0
7.0
6.6666666667
6.3333333333
7.6666666667
7.0
8.0
8.0
7.666666667
8.0
7.666666666
7.333333334
8.0
7.333333333
9.0
8.666666667
9.0
8.666666666
8.333333334
9.0
8.666666666
9.666666667
8.666666667
9.333333333
9.333333333
8.666666667
8.333333333
9.666666667
8.666666667
9.666666666
8.666666667
9.0
9.0
9.0
9.333333333
9.333333334
9.333333333
9.666666667
9.666666666
9.0
9.0
9.666666667
9.0
9.333333333
9.333333334
9.0
9.333333333
9.0
9.0
9.0
8.666666667
10.0
9.0
9.333333333
10.0
8.0
9.333333333
9.666666667
8.666666667
9.666666666
9.333333334
9.333333333
9.0
9.333333333
8.666666667
9.333333333
9.0
9.0
8.666666667
9.0
WT30
3.0
5.33333333333
5.99999999997
5.6666666667
6.6666666667
6.0
7.0
7.0
6.0
7.0
6.6666666666
6.0
7.3333333334
7.3333333333
7.3333333333
7.9999999997
7.666666667
8.333333333
8.333333334
7.0
7.333333333
7.333333333
8.333333334
8.666666666
8.666666667
8.666666667
8.333333333
8.666666667
8.333333333
10.0
9.333333333
8.333333334
9.333333333
9.0
9.0
8.333333333
9.666666667
9.0
9.333333333
9.333333334
9.0
8.666666666
8.333333334
9.666666666
9.666666667
9.333333333
10.0
9.0
9.333333334
9.0
9.333333333
9.333333333
9.333333334
9.333333333
9.0
8.666666667
9.333333333
9.333333333
8.666666667
8.666666667
9.666666666
9.0
9.333333334
10.333333333
8.666666667
8.666666666
9.333333334
9.333333333
9.0
9.666666667
9.0
9.333333333
8.666666667
9.333333333
9.666666667
8.666666666
9.0
8.333333334
9.333333333
WT31
3.33333333333
4.66666666667
6.0
6.3333333333
6.0
6.6666666667
6.0
7.3333333333
6.3333333334
6.6666666666
6.6666666667
7.3333333333
5.3333333334
7.6666666666
7.6666666667
8.0
8.0
8.0
7.666666667
7.0
8.0
8.333333333
7.333333333
8.0
9.0
9.0
9.333333334
8.0
9.0
9.0
9.0
9.0
9.0
9.333333333
9.333333333
8.666666667
9.0
9.0
9.0
9.0
9.0
8.666666667
9.333333333
9.333333333
9.0
9.666666667
9.666666667
9.666666666
9.0
9.333333334
9.0
9.333333333
9.666666667
9.0
8.666666666
9.666666667
9.333333333
8.333333334
9.0
9.666666666
9.0
9.333333334
10.0
8.333333333
9.0
9.333333333
9.333333334
9.0
9.333333333
9.666666667
9.666666666
9.0
9.0
8.666666667
9.333333333
9.666666667
8.666666667
8.333333333
8.666666667
WT32
3.0
5.33333333333
5.66666666667
5.6666666667
7.0
5.6666666666
6.6666666667
7.3333333333
6.0
7.0
7.0
6.6666666667
6.3333333333
7.0
7.6666666667
8.0
8.0
7.666666667
8.0
7.0
8.0
8.0
7.333333333
9.0
8.333333333
9.333333334
8.333333333
8.666666667
8.666666666
9.0
9.333333334
9.0
9.333333333
9.0
9.0
8.333333333
9.333333334
9.333333333
8.666666667
9.333333333
9.0
9.0
9.0
9.333333333
9.333333334
9.333333333
9.666666667
9.333333333
9.333333333
9.0
9.333333334
9.333333333
9.333333333
9.0
9.333333334
9.333333333
8.666666667
9.0
9.0
9.0
10.0
9.0
9.333333333
9.333333333
8.666666667
9.333333333
9.333333334
9.0
9.333333333
9.666666667
9.333333333
9.0
8.666666667
9.333333333
9.333333333
9.0
9.0
8.333333334
9.0
WT33
2.66666666667
5.0
5.66666666663
6.3333333334
6.0
6.6666666666
6.6666666667
7.0
6.3333333333
6.6666666667
6.6666666667
6.6666666666
6.3333333334
7.6666666666
7.0
8.3333333337
8.0
8.0
8.0
7.0
7.333333333
8.333333333
7.666666667
8.333333333
8.666666667
9.0
9.0
8.0
9.0
9.333333333
9.0
8.666666667
9.0
9.666666667
9.0
8.333333333
9.666666667
8.666666666
9.333333334
9.0
9.333333333
8.333333333
9.0
9.333333334
9.333333333
9.666666667
9.666666666
9.333333334
9.0
9.666666666
9.0
9.0
10.0
9.0
9.0
9.0
9.333333334
8.666666666
9.0
9.333333334
9.333333333
8.666666667
10.0
9.333333333
9.0
8.666666667
9.666666666
9.0
9.0
9.666666667
9.333333333
9.666666667
8.666666667
8.666666666
10.0
8.666666667
9.0
8.333333333
9.0
WT34
3.0
4.66666666667
6.00000000003
6.0
6.0
6.6666666666
6.6666666667
7.3333333333
6.0
6.6666666667
7.0
6.3333333333
6.3333333334
7.6666666666
7.3333333334
8.0000000003
8.0
8.0
8.0
7.0
8.0
7.666666666
7.666666667
8.333333333
8.666666667
9.0
9.0
8.0
9.0
9.333333333
9.0
9.0
9.0
9.333333334
9.0
8.333333333
9.666666667
8.666666666
9.333333334
9.333333333
9.0
8.666666667
9.0
9.333333333
9.333333333
9.333333334
10.0
9.0
9.666666666
9.0
9.0
9.0
10.0
9.0
9.0
9.333333334
9.0
8.666666666
9.0
9.333333334
9.333333333
9.333333333
9.333333334
9.333333333
9.0
9.0
9.333333333
9.333333334
9.0
9.666666666
9.0
9.666666667
8.666666667
9.0
9.666666666
9.0
9.0
8.0
9.333333334
WT35
3.33333333333
5.0
5.99999999997
6.3333333334
6.0
6.6666666666
5.6666666667
7.3333333333
6.6666666667
6.6666666667
6.6666666666
6.6666666667
6.3333333333
7.6666666667
7.3333333333
7.9999999997
7.666666667
7.666666667
8.333333333
7.666666667
7.333333333
8.0
7.666666667
8.666666666
8.666666667
8.666666667
8.666666666
8.333333334
9.0
9.0
9.333333333
8.666666667
9.333333333
9.333333333
8.666666667
9.0
9.0
9.0
9.666666667
8.666666666
8.666666667
9.333333333
8.666666667
9.333333333
9.333333334
10.0
9.333333333
9.333333333
9.333333334
9.0
9.666666666
9.0
9.333333334
9.333333333
9.0
9.0
9.333333333
8.666666667
9.0
9.333333333
9.333333334
9.0
9.666666666
9.666666667
8.666666667
9.0
9.333333333
8.666666667
9.666666666
9.333333334
9.333333333
9.333333333
9.0
9.0
9.0
9.333333334
8.666666666
9.0
8.666666667
WT36
3.33333333333
5.0
5.99999999997
6.3333333334
6.0
6.6666666666
5.6666666667
7.6666666667
6.3333333333
6.6666666667
6.6666666666
7.0
6.3333333334
7.3333333333
7.3333333333
7.9999999997
7.666666667
8.666666667
7.666666666
7.333333334
7.333333333
8.0
7.666666667
8.666666666
8.666666667
8.666666667
9.0
8.0
9.0
9.333333333
9.333333333
8.666666667
9.0
9.333333333
9.0
8.666666667
9.333333333
8.666666667
9.666666667
8.666666666
9.0
9.0
8.666666667
9.666666667
9.333333333
9.666666667
9.666666666
9.0
9.333333334
9.333333333
9.333333333
9.0
9.666666667
9.333333333
8.666666667
9.0
9.333333333
8.666666667
9.0
9.333333333
9.333333334
9.0
10.0
9.333333333
8.666666667
9.0
9.333333333
9.0
9.333333333
9.333333334
9.666666666
9.0
9.0
9.0
9.333333334
9.0
9.0
8.666666666
8.666666667
WT37
3.0
5.0
6.0
5.6666666667
6.0
6.6666666666
6.6666666667
7.3333333333
6.0
6.6666666667
7.0
6.3333333333
6.3333333334
7.6666666666
7.6666666667
8.0
7.666666667
8.0
8.0
7.0
8.0
7.666666666
7.666666667
8.333333333
8.666666667
9.0
9.0
8.333333333
8.666666667
9.333333333
9.0
9.0
9.0
9.333333334
9.0
8.666666666
9.333333334
9.0
9.0
9.333333333
9.0
8.666666667
9.0
9.333333333
9.333333333
9.333333334
10.0
9.0
9.666666666
9.0
9.0
9.666666667
9.333333333
9.0
9.0
9.333333334
9.0
8.666666666
9.0
9.333333334
9.333333333
9.333333333
9.333333334
9.333333333
9.0
9.0
9.333333333
9.333333334
9.0
10.0
8.666666666
9.666666667
8.666666667
9.0
9.666666666
9.0
9.0
8.0
9.333333334
WT38
3.0
5.0
6.0
5.6666666667
6.6666666666
6.0
6.6666666667
7.3333333333
6.0
6.6666666667
7.3333333333
6.0
6.6666666667
7.3333333333
7.6666666667
8.0
7.666666667
8.0
8.0
7.0
8.0
7.666666666
7.666666667
8.333333333
9.0
9.333333334
8.333333333
8.666666667
8.333333333
9.333333333
9.333333334
9.0
9.0
9.333333333
9.0
8.333333333
9.333333334
9.0
9.0
9.333333333
9.0
9.0
8.666666667
9.333333333
9.333333333
9.333333334
10.0
9.333333333
9.333333333
9.0
9.0
9.666666667
9.333333333
9.0
9.0
9.333333334
9.0
9.0
9.0
9.0
9.333333333
9.666666667
9.0
9.333333333
9.0
9.0
9.333333333
9.333333334
9.0
10.0
9.333333333
9.0
8.666666667
9.0
9.666666666
9.0
9.0
8.333333334
9.0
WT39
3.0
5.0
6.0
5.6666666667
6.6666666666
6.0
6.6666666667
7.3333333333
6.0
6.6666666667
7.3333333333
6.3333333334
6.0
7.6666666666
7.6666666667
8.0
7.666666667
8.0
8.0
7.0
8.0
8.0
7.333333333
8.666666667
8.666666666
9.333333334
8.333333333
8.666666667
8.666666666
9.0
9.333333334
9.0
9.0
9.0
9.333333333
8.333333333
9.333333334
9.0
9.0
9.333333333
9.0
9.0
9.0
9.0
9.666666667
9.333333333
9.666666667
9.333333333
9.333333333
9.0
9.333333334
9.333333333
9.333333333
9.0
9.0
9.333333334
9.0
9.0
9.0
9.0
10.0
9.0
9.333333333
9.333333333
8.666666667
9.333333333
9.0
9.333333334
9.333333333
9.666666667
9.333333333
9.0
8.666666667
9.333333333
9.333333333
9.0
9.0
8.333333334
9.0
WT40
3.0
4.66666666667
5.66666666663
6.3333333334
6.0
6.6666666666
6.6666666667
7.0
6.3333333333
6.6666666667
7.0
6.3333333333
6.3333333334
7.6666666666
7.3333333334
8.0000000003
8.0
8.0
8.0
7.0
8.0
7.666666666
7.666666667
8.333333333
8.666666667
9.0
9.0
8.0
9.0
9.333333333
9.0
9.0
9.0
9.333333334
9.0
8.333333333
9.666666667
8.666666666
9.333333334
9.0
9.333333333
8.333333333
9.333333334
9.0
9.333333333
9.666666667
10.0
9.0
9.333333333
9.333333333
9.0
9.0
10.0
9.0
9.0
9.0
9.333333334
8.666666666
9.0
9.333333334
9.333333333
9.0
9.666666667
9.333333333
9.0
8.666666667
9.666666666
9.333333334
9.0
9.333333333
9.333333333
9.666666667
8.666666667
8.666666666
10.0
9.0
8.666666667
8.333333333
9.333333334
WT41
2.66666666667
5.0
5.66666666663
6.3333333334
6.0
6.6666666666
6.6666666667
7.0
6.3333333333
6.6666666667
6.6666666667
6.6666666666
6.3333333334
7.6666666666
7.0
8.3333333337
7.666666666
8.333333334
8.0
7.0
7.333333333
8.333333333
7.666666667
8.333333333
8.666666667
9.0
8.666666667
8.333333333
9.0
9.333333333
9.0
8.666666667
9.0
9.666666667
9.0
8.333333333
9.666666667
8.666666666
9.333333334
9.0
9.0
8.666666666
9.0
9.333333334
9.333333333
9.666666667
9.666666666
9.333333334
9.0
9.666666666
9.0
9.0
10.0
9.0
9.0
9.0
9.333333334
8.666666666
9.0
9.333333334
9.333333333
8.666666667
10.0
9.333333333
9.0
8.666666667
9.666666666
9.0
9.0
9.666666667
9.333333333
9.666666667
8.666666667
8.666666666
10.0
8.666666667
9.0
8.333333333
9.0
WT42
3.33333333333
5.0
5.99999999997
6.3333333334
6.0
6.6666666666
5.6666666667
7.3333333333
6.6666666667
6.6666666667
6.6666666666
7.0
6.0
7.6666666667
7.3333333333
7.9999999997
7.666666667
8.0
8.0
7.666666667
7.333333333
8.0
7.666666667
8.666666666
8.666666667
8.666666667
8.666666666
8.333333334
9.0
9.0
9.666666666
8.333333334
9.333333333
9.333333333
8.666666667
9.0
9.0
9.0
9.666666667
8.666666666
8.666666667
9.333333333
8.666666667
9.333333333
9.333333334
10.0
9.333333333
9.333333333
9.333333334
9.0
9.666666666
9.0
9.666666667
9.0
9.0
9.0
9.333333333
8.666666667
9.0
9.333333333
9.333333334
9.0
9.666666666
9.666666667
8.666666667
9.0
9.333333333
8.666666667
9.666666666
9.333333334
9.333333333
9.333333333
9.0
9.0
9.333333334
9.0
8.666666666
9.0
8.666666667
WT43
2.33333333333
5.0
5.99999999997
6.3333333334
6.0
6.6666666666
6.3333333334
7.0
6.3333333333
7.0
6.3333333333
7.0
6.3333333334
7.6666666666
7.0
7.9999999997
8.0
8.333333334
8.0
7.0
7.333333333
8.333333333
7.666666667
8.333333333
8.666666667
8.666666667
9.0
8.0
9.0
9.666666666
9.0
8.666666667
9.0
9.333333333
9.0
8.666666667
9.333333333
9.0
9.333333334
9.0
9.0
8.666666666
9.0
9.333333334
9.333333333
9.666666667
9.666666666
9.333333334
9.0
9.666666666
9.0
9.0
9.666666667
9.333333333
8.666666667
9.0
9.666666667
8.666666666
8.666666667
9.333333333
9.333333334
9.0
10.0
9.333333333
8.666666667
9.0
9.333333333
9.0
9.333333333
9.333333334
9.666666666
9.0
9.0
9.0
9.333333334
9.333333333
8.666666667
8.666666666
8.666666667
WT44
3.33333333333
5.0
5.99999999997
6.3333333334
6.0
6.6666666666
6.0
7.3333333334
6.3333333333
7.0
6.3333333333
7.0
6.3333333334
7.3333333333
7.3333333333
7.9999999997
7.666666667
8.666666667
7.666666666
7.333333334
7.333333333
8.0
7.666666667
8.666666666
8.666666667
8.666666667
8.666666666
8.333333334
9.0
9.666666666
9.0
8.666666667
9.0
9.333333333
9.0
8.666666667
9.0
9.333333333
9.333333334
8.666666666
9.333333334
8.666666666
8.666666667
9.666666667
9.333333333
9.666666667
9.666666666
9.333333334
9.0
9.333333333
9.333333333
9.0
9.666666667
9.333333333
8.666666667
9.0
9.333333333
8.666666667
9.0
9.333333333
9.333333334
9.0
10.0
9.333333333
8.666666667
9.0
9.333333333
9.0
9.333333333
9.333333334
9.666666666
9.0
9.0
9.0
9.333333334
9.0
9.0
8.666666666
8.666666667
WT45
3.0
4.66666666667
6.00000000003
6.0
6.0
6.6666666666
6.6666666667
7.3333333333
6.0
6.6666666667
7.0
6.3333333333
6.3333333334
7.6666666666
7.6666666667
7.666666667
8.0
8.0
8.0
7.0
8.0
7.666666666
7.666666667
8.333333333
8.666666667
9.0
9.0
8.333333333
8.666666667
9.333333333
9.0
9.0
9.0
9.333333334
9.0
8.666666666
9.333333334
9.0
9.0
9.333333333
9.0
8.666666667
9.0
9.333333333
9.333333333
9.333333334
10.0
9.0
9.666666666
9.0
9.0
9.333333334
9.666666666
9.0
9.0
9.333333334
9.0
8.666666666
9.0
9.333333334
9.333333333
9.333333333
9.333333334
9.333333333
9.0
9.0
9.333333333
9.333333334
9.0
10.0
8.666666666
9.666666667
8.666666667
9.0
9.666666666
9.0
9.0
8.0
9.333333334
WT46
3.0
5.0
6.0
5.6666666667
6.6666666666
6.0
6.6666666667
7.3333333333
6.0
6.6666666667
7.3333333333
6.0
6.3333333334
7.6666666666
7.6666666667
8.0
7.666666667
8.0
8.0
7.0
8.0
7.666666666
7.666666667
8.333333333
9.0
9.333333334
8.333333333
8.666666667
8.333333333
9.333333333
9.333333334
9.0
9.0
9.0
9.333333333
8.333333333
9.333333334
9.0
9.0
9.333333333
9.0
9.0
8.666666667
9.333333333
9.666666667
9.0
10.0
9.333333333
9.333333333
9.0
9.0
9.666666667
9.333333333
9.0
9.0
9.333333334
9.0
9.0
9.0
9.0
9.666666666
9.333333334
9.0
9.333333333
9.0
9.0
9.333333333
9.333333334
9.333333333
9.666666667
9.333333333
9.0
8.666666667
9.0
9.666666666
9.0
9.0
8.333333334
9.0
WT47
3.0
5.33333333333
5.99999999997
5.6666666667
6.6666666667
6.0
6.3333333333
7.3333333333
6.0
7.0
7.0
6.6666666667
6.3333333333
7.6666666667
7.3333333333
7.6666666667
8.0
7.666666667
8.0
7.666666666
7.333333334
8.0
7.333333333
9.0
8.333333333
9.333333334
8.666666666
8.333333334
9.0
8.666666666
9.666666667
8.666666667
9.333333333
9.0
9.0
8.333333333
9.666666667
9.0
8.666666667
9.333333333
9.0
9.0
9.0
9.333333333
9.333333334
9.333333333
9.666666667
9.666666666
9.0
9.0
9.666666667
9.0
9.333333333
9.333333334
9.0
9.333333333
8.666666667
9.0
9.333333333
8.666666667
10.0
9.0
9.333333333
9.333333333
8.666666667
9.333333333
9.333333334
9.0
9.666666666
9.333333334
9.333333333
9.0
9.0
9.0
9.333333333
9.0
9.0
8.666666667
8.666666667
WT48
3.33333333333
5.0
5.99999999997
5.6666666667
6.6666666667
6.6666666666
5.6666666667
7.3333333333
6.3333333334
7.0
6.6666666666
6.6666666667
6.3333333333
7.6666666667
7.3333333333
7.9999999997
7.666666667
7.666666667
8.0
7.666666666
7.666666667
7.666666667
7.666666666
8.666666667
9.0
8.666666667
8.666666666
8.333333334
9.0
8.666666666
9.666666667
8.666666667
9.333333333
9.333333333
8.666666667
8.333333333
9.666666667
9.0
9.666666667
8.666666666
8.666666667
9.0
9.0
9.333333333
9.333333334
9.666666666
9.333333334
9.666666666
9.0
9.0
9.666666667
9.333333333
9.0
9.333333334
9.333333333
9.0
9.0
9.0
9.0
8.666666667
10.0
9.0
9.666666666
9.666666667
8.0
9.333333333
9.666666667
8.666666667
9.666666666
9.333333334
9.333333333
9.333333333
9.0
8.666666667
9.333333333
9.0
9.0
8.666666667
9.0
WT49
3.33333333333
5.0
5.99999999997
6.3333333334
6.0
6.6666666666
5.6666666667
7.6666666667
6.3333333333
6.6666666667
6.6666666666
7.0
6.3333333334
7.3333333333
7.3333333333
7.9999999997
7.666666667
8.333333333
7.666666667
7.666666667
7.333333333
8.0
7.666666667
8.666666666
8.666666667
8.666666667
8.666666666
8.333333334
9.0
9.0
9.666666666
8.333333334
9.333333333
9.333333333
8.666666667
9.0
9.0
9.0
9.666666667
8.666666666
8.666666667
9.333333333
8.666666667
9.333333333
9.333333334
10.0
9.666666666
9.0
9.333333334
9.333333333
9.333333333
9.0
9.666666667
9.0
9.0
9.0
9.333333333
8.666666667
9.0
9.333333333
9.333333334
9.0
9.666666666
9.666666667
8.666666667
9.0
9.333333333
8.666666667
9.666666666
9.333333334
9.333333333
9.333333333
9.0
9.0
9.333333334
9.0
8.666666666
9.0
8.666666667
WT50
3.0
5.0
6.0
5.6666666667
6.6666666666
6.0
6.6666666667
7.3333333333
6.0
6.6666666667
7.3333333333
6.3333333334
6.3333333333
7.3333333333
7.6666666667
8.0
7.666666667
8.0
8.0
7.0
8.0
7.666666666
7.666666667
8.666666667
8.666666666
9.333333334
8.333333333
8.666666667
8.666666666
9.0
9.333333334
9.0
9.0
9.333333333
9.0
8.333333333
9.333333334
9.0
9.0
9.333333333
9.0
9.0
9.0
9.0
9.666666667
9.333333333
9.666666667
9.333333333
9.333333333
9.0
9.333333334
9.333333333
9.333333333
9.0
9.0
9.333333334
9.0
9.0
9.0
9.0
10.0
9.0
9.333333333
9.0
9.0
9.333333333
9.0
9.333333334
9.333333333
9.666666667
9.333333333
9.0
8.666666667
9.333333333
9.333333333
9.0
9.0
8.333333334
9.0
WT51
3.0
5.33333333333
5.99999999997
5.6666666667
6.6666666667
6.3333333333
6.0
7.3333333333
6.0
7.0
7.0
6.6666666667
6.3333333333
7.6666666667
7.3333333333
7.6666666667
8.0
7.666666667
8.0
7.666666666
7.333333334
8.0
7.333333333
9.0
8.333333333
9.333333334
8.666666666
8.333333334
9.0
8.666666666
9.666666667
8.666666667
9.333333333
9.333333333
8.666666667
8.333333333
9.666666667
9.0
9.0
9.0
9.0
9.0
9.0
9.333333333
9.333333334
9.333333333
9.666666667
9.666666666
9.0
9.0
9.666666667
9.333333333
9.0
9.333333334
9.333333333
9.0
8.666666667
9.0
9.333333333
8.666666667
10.0
9.0
9.333333333
9.333333333
8.666666667
9.333333333
9.333333334
9.0
9.666666666
9.333333334
9.333333333
9.0
9.0
9.0
9.333333333
9.0
9.0
8.666666667
8.666666667
WT52
3.0
4.66666666667
5.66666666663
6.3333333334
6.0
6.6666666666
6.6666666667
7.3333333333
6.0
6.6666666667
7.0
6.3333333333
6.3333333334
7.6666666666
7.3333333334
8.0000000003
8.0
8.0
8.0
7.0
8.0
7.666666666
7.666666667
8.333333333
8.666666667
9.0
9.0
8.0
9.0
9.333333333
9.0
9.0
9.0
9.333333334
9.0
8.333333333
9.666666667
8.666666666
9.333333334
9.0
9.333333333
8.333333333
9.333333334
9.0
9.333333333
9.666666667
10.0
9.0
9.333333333
9.333333333
9.0
9.0
10.0
9.0
9.0
9.0
9.333333334
8.666666666
9.0
9.333333334
9.333333333
9.333333333
9.333333334
9.333333333
9.0
8.666666667
9.666666666
9.333333334
9.0
9.666666666
9.0
9.666666667
8.666666667
8.666666666
10.0
9.0
8.666666667
8.333333333
9.333333334
WT53
2.66666666667
5.0
5.66666666663
6.3333333334
6.0
6.6666666666
6.6666666667
7.0
6.0
7.0
6.6666666667
6.6666666666
6.3333333334
7.6666666666
7.0
8.3333333337
7.666666666
8.333333334
8.0
7.0
7.333333333
8.333333333
7.666666667
8.333333333
8.666666667
9.0
8.666666667
8.0
9.333333333
9.333333333
9.0
8.666666667
9.0
9.333333333
9.333333334
8.333333333
9.666666667
8.666666666
9.333333334
9.0
9.0
8.666666666
9.0
9.333333334
9.333333333
9.666666667
9.666666666
9.333333334
9.0
9.666666666
9.0
9.0
10.0
9.0
9.0
9.0
9.333333334
8.666666666
9.0
9.333333334
9.333333333
8.666666667
10.0
9.333333333
9.0
8.666666667
9.333333333
9.333333333
9.0
9.333333334
9.666666666
9.666666667
8.666666667
8.666666666
10.0
8.666666667
9.0
8.333333333
9.0
WT54
3.0
5.33333333333
5.99999999997
5.6666666667
6.6666666667
6.6666666666
5.6666666667
7.3333333333
6.3333333334
6.6666666666
7.0
6.6666666667
6.3333333333
7.6666666667
7.3333333333
7.9999999997
7.666666667
7.666666667
8.0
7.666666666
7.666666667
7.666666667
7.666666666
8.666666667
9.0
8.666666667
8.666666666
8.333333334
9.0
8.666666666
9.666666667
8.666666667
9.333333333
9.333333333
8.666666667
8.333333333
9.666666667
9.0
9.666666667
8.666666666
8.666666667
9.0
9.0
9.333333333
9.333333334
9.666666666
9.333333334
9.666666666
9.0
9.0
9.666666667
9.333333333
9.0
9.333333334
9.333333333
9.0
9.0
9.0
9.0
8.666666667
10.0
9.0
9.666666666
9.666666667
8.0
9.333333333
9.666666667
8.666666667
9.666666666
9.333333334
9.333333333
9.333333333
9.0
8.666666667
9.333333333
9.0
9.0
8.666666667
9.0
WT55
3.33333333333
5.0
5.99999999997
6.0
6.3333333334
6.6666666666
5.6666666667
7.6666666667
6.3333333333
6.6666666667
6.6666666666
6.6666666667
6.6666666667
7.3333333333
7.3333333333
7.9999999997
7.666666667
7.666666667
8.666666666
7.333333334
7.333333333
7.666666667
8.0
8.333333333
9.0
8.666666667
8.666666666
8.333333334
9.0
8.666666666
10.0
8.333333334
9.333333333
9.333333333
8.666666667
8.333333333
9.666666667
9.0
9.666666667
8.666666666
8.666666667
9.0
9.0
9.333333333
9.333333334
9.666666666
9.333333334
9.666666666
9.333333334
9.0
9.666666666
9.0
9.333333334
9.0
9.333333333
9.0
9.0
9.0
9.0
9.0
9.666666667
9.0
9.666666666
9.666666667
8.666666667
8.666666666
9.666666667
8.666666667
9.666666666
9.333333334
9.333333333
9.333333333
9.0
9.0
9.0
9.0
9.0
8.666666667
9.0
WT56
3.33333333333
5.0
5.99999999997
6.3333333334
6.0
6.6666666666
6.0
7.0
6.3333333334
7.0
6.6666666666
7.0
6.0
7.6666666667
7.3333333333
7.9999999997
7.666666667
8.666666667
7.0
8.0
7.333333333
8.0
7.666666667
8.666666666
8.666666667
8.666666667
8.666666666
8.333333334
9.0
9.333333333
9.0
8.666666667
9.333333333
9.333333333
8.666666667
9.0
9.0
9.333333333
9.333333334
8.666666666
9.0
9.0
8.666666667
9.333333333
9.666666667
9.666666667
9.666666666
9.0
9.333333334
9.0
9.666666666
9.0
9.666666667
9.0
9.0
9.0
9.666666667
8.333333333
9.0
9.333333333
9.333333334
9.0
10.0
9.333333333
8.666666667
9.0
9.333333333
9.0
9.333333333
9.333333334
9.333333333
9.333333333
9.0
9.0
9.333333334
9.0
9.0
8.666666666
8.666666667
WT57
2.66666666667
5.0
5.66666666663
6.3333333334
6.0
6.6666666666
6.6666666667
7.0
6.3333333333
6.6666666667
7.0
6.3333333333
6.3333333334
7.6666666666
7.3333333334
8.0000000003
8.0
8.0
8.0
7.0
7.666666666
8.0
7.666666667
8.333333333
8.666666667
9.0
9.0
8.0
9.0
9.333333333
9.0
9.0
9.0
9.333333334
9.0
8.333333333
9.666666667
8.666666666
9.333333334
9.0
9.333333333
8.333333333
9.333333334
9.0
9.333333333
9.666666667
9.666666666
9.333333334
9.0
9.666666666
9.0
9.0
10.0
9.0
9.0
9.0
9.333333334
8.666666666
9.0
9.333333334
9.333333333
8.666666667
10.0
9.333333333
9.0
8.666666667
9.666666666
9.0
9.333333334
9.333333333
9.333333333
9.666666667
8.666666667
8.666666666
10.0
8.666666667
9.0
8.333333333
9.333333334
WT58
2.33333333333
5.33333333334
5.66666666663
6.3333333334
6.0
6.6666666666
6.6666666667
6.6666666667
6.3333333333
7.0
6.6666666667
6.6666666666
6.3333333334
7.6666666666
7.0
8.3333333337
7.666666666
8.333333334
8.0
7.0
7.333333333
8.333333333
7.666666667
8.333333333
8.666666667
9.0
8.666666667
8.0
9.333333333
9.333333333
9.0
8.666666667
9.0
9.333333333
9.333333334
8.333333333
9.666666667
8.666666666
9.333333334
9.0
9.0
8.666666666
9.0
9.333333334
9.333333333
9.666666667
9.666666666
9.333333334
9.0
9.666666666
9.0
9.0
10.0
9.0
8.666666667
9.333333333
9.333333334
8.666666666
9.0
9.333333334
9.333333333
8.666666667
10.0
9.333333333
8.666666667
9.0
9.333333333
9.0
9.333333333
9.333333334
9.666666666
9.666666667
8.666666667
8.666666666
9.666666667
9.0
9.0
8.333333333
9.0
WT59
3.0
5.0
6.0
6.0
6.3333333333
6.3333333334
6.3333333333
7.3333333333
6.0
6.6666666667
7.3333333333
6.0
6.6666666667
7.6666666667
7.3333333333
8.0
7.666666667
8.0
8.0
7.0
8.0
7.666666666
7.666666667
8.333333333
9.0
9.333333334
8.333333333
8.666666667
8.666666666
9.0
9.333333334
9.0
9.0
9.333333333
9.0
8.333333333
9.333333334
9.0
9.0
9.333333333
9.0
9.0
9.0
9.0
9.666666667
9.333333333
9.666666667
9.333333333
9.333333333
9.0
9.333333334
9.333333333
9.333333333
9.0
9.0
9.333333334
9.0
9.0
9.0
9.0
10.0
9.0
9.0
9.333333333
9.0
9.333333333
9.0
9.333333334
9.333333333
9.666666667
9.333333333
9.0
8.666666667
9.333333333
9.333333333
9.0
9.0
8.333333334
9.0
WT60
3.0
5.33333333333
5.66666666667
5.6666666667
7.0
5.6666666666
6.6666666667
7.3333333333
6.0
7.0
7.0
6.6666666667
6.3333333333
7.0
7.6666666667
8.0
8.0
7.666666667
8.0
7.666666666
7.333333334
8.0
7.333333333
9.0
8.333333333
9.333333334
8.666666666
8.333333334
8.666666666
9.0
9.333333334
9.0
9.333333333
9.0
9.0
8.333333333
9.333333334
9.333333333
8.666666667
9.333333333
9.0
9.0
9.0
9.333333333
9.333333334
9.333333333
9.666666667
9.666666666
9.0
9.0
9.333333334
9.333333333
9.333333333
9.0
9.333333334
9.333333333
8.666666667
9.0
9.333333333
8.666666667
10.0
9.0
9.333333333
9.333333333
8.666666667
9.333333333
9.333333334
9.0
9.333333333
9.666666667
9.333333333
9.0
8.666666667
9.333333333
9.333333333
9.0
9.0
8.666666667
8.666666667
WT61
3.33333333333
5.0
5.99999999997
6.3333333334
6.0
6.6666666666
5.6666666667
7.6666666667
6.3333333333
7.0
6.3333333333
7.0
6.3333333334
7.3333333333
7.3333333333
7.9999999997
7.666666667
8.666666667
8.0
7.0
7.333333333
8.0
7.666666667
8.666666666
8.666666667
8.666666667
8.666666666
8.333333334
9.0
9.333333333
9.333333333
8.666666667
9.0
9.333333333
9.0
8.666666667
9.0
9.333333333
9.333333334
8.666666666
9.333333334
8.666666666
8.666666667
9.666666667
9.333333333
9.666666667
9.666666666
9.333333334
9.0
9.333333333
9.333333333
9.0
9.666666667
9.0
9.0
9.0
9.333333333
8.666666667
9.0
9.333333333
9.333333334
9.0
10.0
9.333333333
8.666666667
9.0
9.333333333
9.0
9.333333333
9.333333334
9.666666666
9.0
9.0
9.0
9.333333334
9.0
9.0
8.666666666
8.666666667
WT62
3.0
5.0
6.0
5.6666666667
6.0
6.6666666666
6.6666666667
7.3333333333
6.0
6.6666666667
7.0
6.3333333333
6.3333333334
7.6666666666
7.6666666667
8.0
7.666666667
8.0
8.0
7.0
8.0
7.666666666
7.666666667
8.333333333
8.666666667
9.333333333
8.666666667
8.333333333
8.666666667
9.333333333
9.0
9.0
9.0
9.333333334
9.0
8.666666666
9.333333334
9.0
9.0
9.333333333
9.0
8.666666667
9.0
9.333333333
9.333333333
9.333333334
10.0
9.0
9.666666666
9.0
9.0
9.666666667
9.333333333
9.0
9.0
9.333333334
9.0
8.666666666
9.0
9.333333334
9.333333333
9.333333333
9.333333334
9.333333333
9.0
9.0
9.333333333
9.333333334
9.0
10.0
8.666666666
9.666666667
8.666666667
9.0
9.666666666
9.0
9.0
8.0
9.333333334
WT63
2.66666666667
5.0
5.66666666663
6.3333333334
6.0
6.6666666666
6.6666666667
7.0
6.3333333333
6.6666666667
7.0
6.3333333333
6.3333333334
7.6666666666
7.3333333334
8.0000000003
8.0
8.0
8.0
7.0
7.666666666
8.0
7.666666667
8.333333333
8.666666667
9.0
9.0
8.0
9.0
9.333333333
9.0
9.0
9.0
9.333333334
9.0
8.333333333
9.666666667
8.666666666
9.333333334
9.0
9.333333333
8.333333333
9.333333334
9.0
9.333333333
9.666666667
9.666666666
9.333333334
9.333333333
9.333333333
9.0
9.0
10.0
9.0
9.0
9.0
9.333333334
8.666666666
9.0
9.333333334
9.333333333
8.666666667
10.0
9.333333333
9.0
8.666666667
9.666666666
9.333333334
9.0
9.333333333
9.333333333
9.666666667
8.666666667
8.666666666
10.0
9.0
8.666666667
8.333333333
9.333333334
