WT0
39.3333333333
64.6666666667
60.666666667
74.333333333
64.666666667
63.666666666
73.0
83.0
90.666666667
82.0
90.0
79.333333333
103.0
89.666666667
97.66666667
81.33333333
73.33333333
107.0
101.66666667
65.66666667
109.66666666
101.66666667
105.0
84.0
73.33333333
87.33333334
116.66666666
77.33333334
101.0
84.0
91.66666666
94.33333334
81.33333333
110.0
92.66666667
120.66666666
67.66666667
97.66666667
114.33333333
97.33333333
90.33333334
108.33333333
86.66666667
76.66666666
82.33333334
105.66666666
58.0
92.0
99.33333334
105.33333333
67.33333333
103.33333334
86.66666666
86.33333334
80.66666666
90.33333334
83.33333333
84.66666667
85.0
83.33333333
87.66666667
89.0
79.0
88.33333333
105.33333333
97.0
60.0
98.66666667
74.66666667
83.66666666
118.33333334
66.0
91.0
88.66666666
86.0
76.66666667
88.0
89.66666667
68.33333333
WT1
46.0
44.3333333333
60.6666666667
73.0
67.0
84.0
82.666666667
77.666666666
62.333333334
81.0
106.0
99.0
82.333333333
92.0
78.0
96.66666667
101.0
72.0
86.0
118.66666666
91.66666667
92.0
82.0
95.33333333
101.66666667
88.33333333
71.0
110.33333334
79.66666666
104.33333334
91.66666666
89.66666667
112.66666667
73.66666666
109.33333334
82.0
126.0
104.66666666
75.0
98.0
94.0
72.66666667
89.0
104.0
91.0
76.0
110.33333333
91.66666667
101.0
70.66666667
101.66666666
76.33333334
86.0
85.66666666
87.0
91.0
83.66666667
80.33333333
87.0
84.66666667
80.0
87.66666667
100.0
87.33333333
76.0
78.0
110.66666667
63.0
103.66666666
82.33333334
71.33333333
114.33333333
83.33333334
80.33333333
53.66666667
91.33333333
96.66666667
75.66666666
100.33333334
WT2
43.6666666667
52.6666666666
62.6666666667
72.333333333
67.666666667
72.333333333
79.333333334
77.666666666
78.333333334
83.666666666
98.666666667
91.333333333
93.0
91.666666667
87.66666667
87.66666666
89.66666667
91.66666667
95.0
89.0
96.66666666
96.0
98.33333334
87.66666666
84.33333334
92.66666666
96.0
91.66666667
93.0
93.33333333
95.66666667
90.66666667
96.33333333
93.33333333
100.66666667
99.0
99.66666667
101.33333333
99.66666667
97.0
89.0
90.0
87.0
90.33333333
87.33333333
89.66666667
83.66666667
95.0
98.0
92.66666666
85.66666667
88.0
86.0
84.0
87.66666667
89.66666666
83.33333334
83.33333333
85.33333333
85.33333334
87.66666666
87.0
86.33333334
88.33333333
94.0
90.0
85.66666667
81.0
89.0
85.66666666
92.66666667
89.0
86.33333333
85.66666667
75.0
83.66666667
86.33333333
84.66666667
84.66666666
WT3
45.3333333333
49.6666666667
62.0
72.0
67.666666667
72.333333333
77.666666667
80.666666666
76.0
78.333333334
97.666666666
86.666666667
92.333333333
90.999999997
90.33333334
89.33333333
86.0
88.66666667
93.66666666
92.33333334
97.0
96.33333333
95.66666667
89.66666666
85.0
85.0
91.66666667
93.66666667
92.33333333
93.66666667
91.0
89.33333333
98.33333333
93.0
98.66666667
101.66666667
100.66666666
103.0
96.0
98.66666667
87.66666667
89.0
84.33333333
93.66666667
89.0
94.0
87.0
89.66666666
102.66666667
89.0
84.0
89.66666667
86.0
84.33333333
84.33333333
87.66666667
82.66666667
83.0
84.0
83.0
82.0
85.33333333
90.0
89.0
90.0
89.33333333
83.33333334
83.66666666
88.0
84.33333334
92.0
91.66666666
87.0
84.33333334
68.66666666
87.0
87.33333334
85.33333333
84.0
WT4
43.3333333333
53.6666666667
61.666666667
68.666666666
68.333333334
74.666666666
73.0
81.666666667
78.333333333
78.666666667
101.0
89.333333333
92.666666667
95.0
85.33333333
88.0
87.33333334
86.33333333
93.33333333
94.33333334
96.0
101.33333333
100.33333333
89.66666667
86.66666667
89.33333333
93.33333333
95.0
90.0
91.66666667
90.0
90.33333333
96.33333334
94.66666666
100.33333334
102.66666666
96.66666667
102.33333333
92.0
98.66666667
86.33333333
89.66666667
86.66666667
94.0
86.33333333
93.33333333
85.66666667
93.33333333
101.66666667
89.66666667
85.33333333
91.0
87.0
84.33333333
84.33333334
90.0
84.33333333
81.33333333
83.66666667
83.66666667
85.66666666
83.66666667
86.0
87.0
93.0
89.66666667
84.66666666
80.66666667
90.0
82.33333333
91.33333334
90.66666666
85.66666667
85.33333333
70.0
83.0
87.0
83.33333334
84.0
WT5
46.0
52.0
62.666666667
72.333333333
68.666666667
75.333333333
79.666666667
79.0
77.333333333
83.0
100.0
88.0
92.666666667
93.000000003
87.33333333
92.0
86.66666667
89.0
93.0
90.66666666
97.66666667
97.33333333
92.33333334
86.0
86.33333333
89.66666667
94.33333333
93.33333333
92.66666667
92.33333333
92.66666667
88.66666667
95.0
95.0
96.33333333
101.0
99.0
101.33333333
96.0
97.33333334
86.66666666
92.33333334
86.33333333
89.33333333
86.33333334
90.66666666
81.66666667
93.33333333
95.0
90.0
81.66666667
90.66666667
87.66666666
81.33333334
88.66666666
87.0
80.66666667
78.66666667
86.0
84.0
83.66666666
88.0
82.66666667
88.66666667
91.66666666
88.33333334
85.0
82.0
92.33333333
80.0
92.66666667
89.66666666
86.0
83.33333334
69.66666666
84.66666667
88.0
80.66666667
89.66666666
WT6
39.3333333333
53.0
61.6666666667
72.0
65.666666667
68.666666666
75.666666667
79.0
76.333333333
79.0
97.333333334
90.333333333
90.666666667
92.666666663
90.0
89.0
85.66666667
89.33333333
94.0
89.66666667
97.0
92.66666667
96.33333333
84.33333333
87.66666667
87.33333333
92.33333334
93.0
92.33333333
89.33333333
93.33333334
91.0
98.0
93.33333333
101.0
102.0
96.33333333
102.33333334
93.0
102.0
87.0
91.0
88.33333333
89.0
86.0
90.0
86.0
92.33333333
100.66666667
90.33333333
83.0
90.0
85.66666667
84.0
86.33333333
89.66666667
82.33333333
80.66666667
84.33333333
83.0
80.0
87.33333334
88.0
90.33333333
94.33333333
89.33333334
86.33333333
82.33333333
87.33333334
82.0
93.0
90.0
86.33333333
84.0
70.33333333
83.0
87.66666667
80.0
85.0
WT7
43.6666666667
53.6666666666
60.6666666667
73.0
72.666666667
74.333333333
79.333333333
83.666666667
78.333333333
82.666666667
102.333333333
86.0
98.0
91.999999997
88.0
91.66666667
84.66666667
92.0
97.0
92.0
99.0
95.66666666
93.66666667
86.0
87.33333333
89.0
92.33333334
93.0
90.0
94.66666666
93.0
86.66666667
92.33333333
92.33333334
102.66666666
104.33333334
98.66666666
101.33333334
96.0
96.33333333
85.33333333
92.0
88.33333334
89.0
87.0
89.66666666
83.66666667
89.33333333
102.0
91.66666667
85.66666667
89.33333333
82.66666667
87.66666666
87.33333334
90.33333333
84.66666667
80.0
85.33333333
82.0
84.33333333
86.66666667
86.33333333
90.0
94.66666667
84.0
84.66666667
81.0
88.33333333
82.66666667
91.66666666
88.33333334
88.0
83.33333333
75.66666667
90.0
88.66666666
80.0
83.33333334
WT8
46.3333333333
52.0
61.6666666667
75.666666667
69.666666666
74.0
77.0
79.666666667
76.666666667
86.333333333
99.333333333
86.666666667
92.333333333
92.999999997
90.33333334
87.0
87.66666666
87.0
98.33333334
99.0
100.66666666
92.66666667
95.66666667
88.66666666
86.33333334
86.66666666
95.0
94.0
89.33333334
97.0
93.66666666
92.33333334
96.0
92.33333333
99.33333333
98.33333334
98.0
102.33333333
92.33333333
95.66666667
88.66666667
89.66666666
88.0
91.33333334
82.0
89.33333333
86.66666667
94.66666666
96.0
89.33333334
84.66666666
87.0
85.33333334
87.0
85.33333333
85.66666667
80.0
82.0
84.66666666
84.33333334
85.0
87.66666666
91.66666667
88.66666667
94.66666666
86.0
86.33333334
82.33333333
91.33333333
80.33333334
94.0
85.66666666
88.0
84.0
70.66666667
84.33333333
89.33333334
81.33333333
85.33333333
WT9
44.3333333333
53.6666666667
58.333333333
74.666666667
62.333333333
80.333333334
76.0
80.666666666
82.666666667
76.0
100.333333333
84.0
96.0
93.999999997
86.0
90.66666667
88.66666667
93.33333333
89.66666667
91.33333333
103.66666667
95.0
81.0
104.0
97.33333333
81.66666667
74.0
102.33333333
109.66666667
77.33333333
96.66666667
86.66666666
100.66666667
99.0
98.0
96.33333333
109.0
106.0
85.66666667
89.33333333
96.66666667
77.0
96.66666667
101.0
83.0
86.33333333
74.66666667
99.0
95.0
96.0
87.33333333
80.0
86.33333333
95.0
78.66666667
96.0
80.66666667
81.33333333
89.0
82.0
77.33333333
84.66666667
93.66666667
84.0
97.33333333
85.66666667
86.0
80.66666666
87.66666667
88.66666667
94.66666666
74.0
92.0
87.33333334
79.0
77.0
86.33333333
81.33333333
85.33333334
WT10
43.6666666667
50.3333333333
63.666666667
70.0
70.0
70.666666666
84.666666667
81.333333333
67.666666667
86.666666667
96.333333333
93.333333333
92.0
88.666666667
89.66666667
94.0
85.0
85.66666666
100.0
92.66666667
89.0
100.33333333
111.33333334
71.0
82.0
96.66666666
108.33333334
87.0
78.0
104.33333333
85.66666667
95.66666666
92.0
88.33333334
112.33333333
106.33333333
88.66666667
98.33333333
104.0
101.66666667
81.33333333
105.33333334
80.33333333
81.0
89.0
90.66666667
94.66666666
88.33333334
102.66666666
81.66666667
78.66666667
98.66666666
86.66666667
78.0
90.66666667
87.0
84.66666666
80.0
81.66666667
85.0
90.33333333
87.66666667
78.33333333
94.66666667
92.0
85.0
82.0
80.66666667
89.66666666
79.33333334
90.33333333
102.33333333
81.0
84.33333334
61.0
90.0
92.0
82.0
84.33333333
WT11
47.0
52.0
61.0
72.666666667
67.333333333
74.0
80.0
79.333333333
81.666666667
89.0
101.0
88.333333333
94.0
91.999999997
86.66666667
91.66666667
88.33333333
92.0
92.33333333
91.66666667
98.0
97.66666667
93.33333333
89.66666667
84.0
89.33333333
92.66666667
91.66666666
94.66666667
95.0
92.0
90.66666667
98.33333333
94.33333333
97.66666667
97.66666667
97.66666666
102.66666667
94.33333333
94.66666667
88.33333333
94.0
84.66666667
92.66666667
88.0
91.33333333
85.33333333
93.66666667
101.66666667
90.66666666
82.66666667
90.66666667
87.0
87.33333333
89.0
87.66666667
82.66666666
82.33333334
86.33333333
84.33333333
80.66666667
88.66666667
86.66666666
88.33333334
93.66666666
84.66666667
84.33333333
80.33333334
90.66666666
87.33333334
94.0
89.66666666
87.66666667
81.66666667
68.66666666
84.0
87.66666667
85.0
82.66666667
WT12
45.3333333333
51.0
60.3333333337
73.666666666
65.666666667
74.0
79.666666667
79.0
80.666666666
82.666666667
96.0
89.333333333
94.666666667
91.66666667
89.33333333
91.33333333
88.0
92.0
95.33333334
94.33333333
96.33333333
95.33333334
93.66666666
88.33333334
87.66666666
88.33333334
90.33333333
95.33333333
88.66666667
88.0
93.0
90.66666667
95.33333333
90.33333333
100.66666667
98.0
98.0
101.66666667
96.66666666
97.66666667
86.0
88.66666667
89.33333333
93.33333333
86.0
93.33333334
87.33333333
96.33333333
98.0
90.33333334
85.0
88.0
84.66666666
84.0
86.0
89.0
84.33333334
79.0
85.66666666
83.0
83.0
90.0
94.33333334
85.33333333
93.0
86.33333333
88.0
80.0
91.33333334
85.0
96.0
89.33333333
87.33333333
83.66666667
71.0
84.66666667
86.33333333
84.0
82.0
WT13
42.6666666667
52.6666666666
62.3333333337
76.333333333
69.666666667
72.0
74.333333333
80.0
76.666666667
78.666666666
107.0
89.0
98.0
94.666666667
82.33333333
88.66666667
87.66666667
88.33333333
89.0
106.66666667
87.33333333
93.66666667
108.0
78.0
89.33333333
95.0
91.66666667
93.33333333
94.33333333
90.33333334
94.66666666
85.66666667
100.66666667
88.33333333
106.33333333
97.66666667
93.66666667
106.33333333
96.0
91.33333333
97.66666667
76.33333333
88.0
97.0
93.0
95.0
84.0
87.0
108.0
76.33333334
97.33333333
78.33333333
95.33333334
78.0
93.0
92.0
75.33333333
90.66666667
76.66666666
91.33333334
71.66666666
98.33333334
98.33333333
80.33333333
90.33333334
103.33333333
69.66666667
83.33333333
86.0
92.0
97.33333333
90.0
83.66666667
68.33333333
83.66666667
76.33333333
107.33333334
59.66666666
95.33333334
WT14
47.3333333333
50.0
60.9999999997
74.666666667
68.0
76.0
80.0
76.0
80.0
85.333333333
95.333333334
90.333333333
89.666666667
92.000000003
91.0
91.0
86.33333333
89.66666667
98.33333333
81.33333333
108.33333334
98.66666666
81.33333334
101.0
87.66666666
82.66666667
95.66666667
97.33333333
88.66666667
95.66666666
88.0
95.66666667
92.0
98.33333333
95.66666667
101.0
95.66666667
99.0
95.0
100.33333333
81.33333333
104.66666667
85.0
89.0
86.66666667
86.33333333
88.0
108.33333333
94.0
102.0
74.33333334
99.66666666
81.66666667
91.66666667
76.0
89.33333333
90.0
72.33333333
91.33333334
75.0
94.0
74.33333333
85.0
98.33333333
102.0
70.66666667
98.33333333
79.0
89.66666667
75.0
88.0
87.0
88.33333333
101.66666667
61.0
100.0
68.66666667
102.66666666
72.66666667
WT15
47.3333333333
55.3333333337
59.333333333
71.0
69.666666667
72.666666666
75.0
80.0
78.0
80.666666667
100.0
87.666666667
92.666666666
91.333333337
88.33333333
91.66666667
89.0
88.0
92.0
95.0
97.33333333
100.0
94.33333333
87.0
88.0
88.0
93.66666667
93.66666667
91.33333333
90.66666667
97.33333333
93.0
98.0
93.66666667
98.66666666
102.66666667
98.33333333
99.66666667
94.0
96.33333333
84.33333334
94.33333333
86.33333333
92.0
85.33333334
89.66666666
86.0
94.33333334
98.66666666
92.33333334
86.66666666
92.0
85.33333334
89.33333333
83.66666667
91.33333333
83.0
79.33333333
86.0
84.0
88.0
86.66666667
85.66666667
87.33333333
93.66666667
86.33333333
86.66666667
80.0
90.66666666
82.66666667
89.66666667
85.66666666
93.0
84.66666667
70.0
85.66666667
86.33333333
82.0
85.0
