SEC 1
34.3333333333
45.6666666667
46.6666666667
39.6666666667
49.0
43.6666666667
44.3333333333
40.6666666667
39.0
40.6666666667
44.3333333333
44.0
41.0
41.3333333333
45.3333333333
39.3333333333
45.6666666667
42.6666666667
48.0
38.6666666667
40.6666666667
41.6666666667
41.6666666667
41.3333333333
42.0
44.6666666667
41.0
43.0
44.3333333333
44.0
41.0
40.3333333333
SEC 2
112.0
111.666666667
103.666666667
106.0
120.333333333
110.333333333
118.333333333
112.666666667
107.0
110.666666667
107.0
109.0
113.0
111.0
115.333333333
104.0
129.666666667
103.333333333
115.333333333
102.0
107.0
109.333333333
109.0
106.333333333
108.0
109.666666667
114.333333333
105.666666667
114.0
106.666666667
101.333333333
113.333333333
SEC 3
179.666666667
183.333333333
187.666666667
189.0
194.333333333
182.666666667
193.0
193.0
185.333333333
184.0
179.333333333
180.0
185.0
182.666666667
177.0
183.333333333
204.666666667
189.666666667
180.333333333
177.666666667
183.333333333
184.333333333
183.0
179.0
174.333333333
184.0
184.666666667
179.333333333
184.333333333
185.333333333
183.0
178.666666667
SEC 4
264.333333333
279.0
270.0
272.333333333
283.333333333
272.666666667
287.666666667
277.0
273.0
277.666666667
263.666666667
265.333333333
262.0
283.0
272.333333333
267.333333333
296.0
267.666666667
285.0
260.333333333
268.0
276.333333333
267.666666667
260.666666667
266.0
267.666666667
276.333333333
267.0
274.666666667
272.666666667
259.666666667
282.333333333
SEC 5
364.666666667
347.666666667
377.0
357.0
373.333333333
359.666666667
368.0
365.333333333
359.0
362.0
351.666666667
347.0
354.333333333
365.666666667
360.333333333
354.666666667
378.333333333
365.0
368.666666667
354.0
359.0
362.666666667
381.0
352.666666667
355.666666667
353.666666667
365.333333333
359.666666667
358.666666667
359.666666667
359.666666667
353.666666667
SEC 6
467.666666667
478.666666667
457.666666667
458.333333333
477.0
463.666666667
476.666666667
473.333333333
457.0
463.333333333
454.0
449.666666667
460.666666667
468.0
473.333333333
451.0
484.666666667
473.333333333
465.666666667
458.0
461.333333333
481.666666667
476.666666667
454.0
463.666666667
459.333333333
465.333333333
469.0
471.0
465.666666667
461.666666667
459.333333333
SEC 7
582.333333333
561.666666667
587.666666667
573.333333333
592.666666667
573.666666667
585.666666667
598.0
563.666666667
570.666666667
558.666666667
559.0
595.333333333
569.666666667
587.0
565.0
595.666666667
574.666666667
585.0
566.0
567.333333333
588.333333333
585.666666667
563.333333333
570.666666667
571.333333333
577.0
584.333333333
578.0
581.0
555.333333333
584.666666667
SEC 8
657.333333333
685.0
688.666666667
668.333333333
697.0
683.333333333
689.666666667
687.0
656.333333333
668.666666667
653.0
650.333333333
679.666666667
675.666666667
682.666666667
661.0
698.333333333
679.0
676.666666667
665.333333333
666.333333333
686.0
681.333333333
653.0
664.666666667
671.333333333
677.0
685.0
680.0
685.333333333
689.666666667
646.0
SEC 9
789.333333333
777.0
767.333333333
765.333333333
795.333333333
785.333333333
784.333333333
791.333333333
752.0
760.333333333
753.0
748.333333333
760.333333333
788.666666667
778.666666667
756.0
795.0
774.666666667
774.666666667
764.0
762.666666667
775.666666667
771.333333333
755.666666667
758.333333333
764.666666667
777.0
773.333333333
786.0
783.333333333
784.0
751.333333333
SEC 10
904.666666667
870.0
884.666666667
872.333333333
899.0
901.333333333
890.333333333
894.0
863.333333333
872.0
852.0
854.0
910.666666667
860.0
883.0
864.333333333
898.0
881.666666667
887.0
867.333333333
876.333333333
878.666666667
893.666666667
870.0
874.666666667
879.666666667
885.666666667
872.0
895.0
893.666666667
885.666666667
858.333333333
SEC 11
977.666666667
1007.33333333
1008.33333333
982.333333333
1007.66666667
1005.0
1009.66666667
993.333333333
971.666666667
977.0
963.333333333
967.666666667
1003.33333333
1000.0
990.0
974.0
1000.0
999.666666667
972.666666667
982.0
983.666666667
994.666666667
1000.33333333
978.0
992.0
985.333333333
992.333333333
998.666666667
986.333333333
1013.33333333
964.333333333
995.0
SEC 12
1085.0
1117.33333333
1096.66666667
1082.66666667
1106.66666667
1109.0
1119.33333333
1098.33333333
1079.66666667
1087.33333333
1072.0
1063.66666667
1113.33333333
1106.0
1100.33333333
1079.0
1106.66666667
1093.0
1093.66666667
1085.66666667
1081.66666667
1113.66666667
1103.33333333
1082.66666667
1092.33333333
1088.66666667
1092.33333333
1086.0
1100.33333333
1125.0
1065.0
1104.0
SEC 13
1209.33333333
1221.66666667
1200.33333333
1196.0
1226.66666667
1224.33333333
1216.66666667
1230.66666667
1199.66666667
1199.66666667
1189.0
1173.66666667
1226.33333333
1212.0
1211.33333333
1197.33333333
1222.0
1208.0
1210.66666667
1194.33333333
1190.33333333
1223.0
1214.66666667
1200.0
1204.33333333
1197.0
1206.0
1210.33333333
1202.66666667
1240.33333333
1202.33333333
1188.33333333
SEC 14
1331.33333333
1306.33333333
1327.0
1303.66666667
1342.0
1340.66666667
1331.33333333
1338.66666667
1307.0
1314.33333333
1296.66666667
1279.66666667
1294.33333333
1361.0
1317.33333333
1310.66666667
1338.33333333
1329.66666667
1307.66666667
1306.66666667
1299.0
1318.0
1333.66666667
1301.33333333
1316.33333333
1312.0
1312.66666667
1307.66666667
1323.66666667
1341.0
1309.0
1301.0
SEC 15
1429.66666667
1436.0
1420.66666667
1409.66666667
1447.0
1434.33333333
1443.0
1432.33333333
1412.0
1422.0
1393.66666667
1388.66666667
1409.0
1455.0
1415.33333333
1411.0
1446.33333333
1435.33333333
1412.33333333
1409.33333333
1402.66666667
1436.33333333
1419.0
1400.33333333
1418.33333333
1414.66666667
1413.66666667
1412.66666667
1420.33333333
1442.0
1423.66666667
1387.33333333
SEC 16
1520.33333333
1522.66666667
1544.0
1512.66666667
1539.33333333
1534.66666667
1538.33333333
1535.33333333
1510.66666667
1524.0
1491.33333333
1486.33333333
1493.33333333
1566.0
1508.0
1513.66666667
1539.66666667
1505.66666667
1530.66666667
1506.66666667
1499.0
1514.0
1545.0
1503.0
1516.0
1522.0
1509.0
1501.33333333
1527.66666667
1541.0
1478.66666667
1524.33333333
SEC 17
1635.33333333
1620.66666667
1649.33333333
1622.33333333
1642.66666667
1641.66666667
1647.0
1642.66666667
1618.0
1633.66666667
1600.66666667
1596.33333333
1669.33333333
1609.0
1616.0
1615.0
1641.66666667
1630.0
1629.33333333
1606.33333333
1603.33333333
1619.66666667
1649.66666667
1607.66666667
1624.33333333
1629.33333333
1616.66666667
1628.0
1608.66666667
1648.0
1581.0
1632.0
SEC 18
1727.33333333
1725.0
1747.33333333
1715.0
1736.66666667
1741.66666667
1745.0
1730.66666667
1715.33333333
1726.33333333
1700.0
1693.0
1722.33333333
1746.33333333
1712.66666667
1710.66666667
1736.66666667
1732.33333333
1719.33333333
1699.66666667
1700.0
1735.0
1718.66666667
1708.0
1722.0
1728.0
1715.66666667
1710.33333333
1719.33333333
1746.0
1705.33333333
1708.66666667
SEC 19
1843.0
1826.66666667
1826.0
1812.33333333
1829.66666667
1851.66666667
1821.33333333
1853.66666667
1816.33333333
1824.0
1809.0
1803.33333333
1830.33333333
1852.0
1805.66666667
1814.66666667
1838.0
1816.33333333
1842.66666667
1799.33333333
1800.33333333
1813.0
1840.33333333
1809.0
1824.66666667
1828.33333333
1818.0
1813.0
1821.0
1855.33333333
1782.0
1835.0
SEC 20
1921.33333333
1929.66666667
1936.66666667
1919.0
1927.0
1954.0
1920.0
1958.0
1916.33333333
1919.66666667
1912.66666667
1899.0
1933.33333333
1945.66666667
1900.66666667
1910.33333333
1938.66666667
1944.66666667
1905.66666667
1901.33333333
1892.0
1910.33333333
1941.0
1922.0
1930.33333333
1925.0
1915.33333333
1897.33333333
1927.33333333
1952.66666667
1939.33333333
1880.66666667
SEC 21
2029.0
2038.0
1999.66666667
2010.0
2025.0
2056.0
2045.33333333
2034.0
2013.0
2019.33333333
2010.66666667
1985.66666667
2005.0
2059.66666667
1996.66666667
2002.33333333
2037.66666667
2022.33333333
2015.0
1997.33333333
1983.0
2029.66666667
2009.0
2020.0
2022.33333333
2015.33333333
2011.33333333
2024.0
1997.66666667
2047.33333333
2027.33333333
1975.0
SEC 22
2099.66666667
2150.0
2146.0
2117.0
2133.33333333
2160.33333333
2128.0
2169.33333333
2120.33333333
2125.33333333
2120.33333333
2094.0
2127.66666667
2155.66666667
2104.33333333
2107.66666667
2144.66666667
2108.33333333
2146.33333333
2107.33333333
2094.66666667
2146.66666667
2107.33333333
2132.0
2131.66666667
2120.33333333
2118.66666667
2109.66666667
2130.33333333
2153.66666667
2120.33333333
2098.0
SEC 23
2230.33333333
2243.0
2228.0
2222.33333333
2240.33333333
2264.33333333
2254.66666667
2254.33333333
2224.33333333
2217.0
2224.33333333
2204.0
2254.33333333
2221.0
2207.33333333
2203.0
2246.33333333
2225.0
2234.66666667
2206.33333333
2196.0
2215.66666667
2241.33333333
2240.0
2235.66666667
2225.0
2228.66666667
2214.66666667
2222.0
2255.33333333
2180.33333333
2235.66666667
SEC 24
2322.33333333
2352.0
2341.0
2332.66666667
2345.66666667
2376.33333333
2350.33333333
2373.0
2328.0
2325.33333333
2324.66666667
2303.33333333
2328.33333333
2352.66666667
2305.33333333
2301.66666667
2355.0
2336.0
2322.33333333
2311.66666667
2298.66666667
2323.66666667
2342.33333333
2346.0
2334.33333333
2319.66666667
2330.33333333
2320.0
2322.33333333
2364.0
2319.66666667
2302.0
SEC 25
2443.0
2440.0
2424.66666667
2430.66666667
2439.0
2476.33333333
2452.0
2462.0
2427.66666667
2419.0
2425.33333333
2401.33333333
2421.0
2454.33333333
2403.66666667
2398.0
2452.66666667
2419.33333333
2430.33333333
2407.33333333
2395.66666667
2446.33333333
2414.33333333
2448.0
2429.66666667
2413.66666667
2425.0
2420.0
2419.33333333
2463.33333333
2422.0
2397.33333333
SEC 26
2540.66666667
2520.66666667
2555.0
2527.66666667
2539.0
2583.33333333
2552.0
2577.66666667
2526.66666667
2521.33333333
2525.66666667
2512.0
2564.66666667
2503.33333333
2511.33333333
2497.33333333
2560.66666667
2527.66666667
2533.0
2506.33333333
2497.66666667
2549.33333333
2510.33333333
2550.0
2543.33333333
2515.0
2526.33333333
2520.33333333
2531.0
2564.33333333
2487.0
2535.66666667
SEC 27
2648.33333333
2658.33333333
2637.66666667
2636.33333333
2644.33333333
2693.66666667
2700.66666667
2653.0
2633.0
2631.0
2631.33333333
2618.0
2608.33333333
2673.66666667
2616.66666667
2600.33333333
2664.33333333
2637.66666667
2638.0
2614.0
2600.33333333
2650.66666667
2624.33333333
2659.66666667
2663.66666667
2624.0
2638.66666667
2662.33333333
2610.33333333
2673.0
2579.33333333
2662.33333333
SEC 28
2767.66666667
2759.33333333
2718.66666667
2739.66666667
2742.66666667
2792.0
2763.0
2794.33333333
2731.0
2732.66666667
2741.33333333
2715.0
2772.33333333
2713.66666667
2725.33333333
2706.66666667
2766.0
2739.33333333
2740.33333333
2717.33333333
2705.33333333
2715.33333333
2763.33333333
2766.66666667
2768.66666667
2733.66666667
2741.66666667
2735.0
2751.33333333
2771.0
2717.0
2729.33333333
SEC 29
2871.66666667
2833.33333333
2884.0
2847.0
2863.33333333
2900.66666667
2905.0
2880.66666667
2849.0
2843.33333333
2847.33333333
2830.66666667
2825.0
2886.33333333
2840.66666667
2817.33333333
2882.0
2850.0
2847.66666667
2827.0
2814.66666667
2837.66666667
2865.66666667
2881.33333333
2885.66666667
2852.33333333
2858.0
2870.0
2851.66666667
2882.0
2828.33333333
2847.66666667
SEC 30
2966.0
2952.0
2990.0
2957.0
2965.33333333
3008.33333333
2992.0
3005.33333333
2951.0
2946.0
2956.66666667
2936.0
2946.33333333
2970.66666667
2949.66666667
2915.0
2990.0
2953.33333333
2955.66666667
2933.33333333
2918.66666667
2976.0
2941.0
2989.33333333
3002.33333333
2955.0
2968.33333333
2957.0
2972.33333333
2989.33333333
2895.66666667
2984.66666667
SEC 31
3087.66666667
3084.66666667
3046.0
3064.0
3073.0
3117.33333333
3089.0
3117.33333333
3058.33333333
3050.33333333
3072.0
3044.66666667
3091.33333333
3033.33333333
3051.33333333
3020.33333333
3090.66666667
3052.0
3056.33333333
3032.66666667
3026.0
3039.33333333
3079.33333333
3098.33333333
3101.0
3061.33333333
3067.0
3072.33333333
3059.33333333
3091.66666667
3019.66666667
3061.33333333
SEC 32
3197.0
3191.33333333
3150.0
3166.33333333
3174.33333333
3229.33333333
3197.66666667
3221.33333333
3170.66666667
3153.33333333
3166.0
3148.0
3187.66666667
3147.0
3159.66666667
3124.0
3203.66666667
3150.0
3156.33333333
3144.66666667
3127.66666667
3175.33333333
3148.33333333
3196.0
3200.0
3171.0
3174.33333333
3167.0
3171.33333333
3201.33333333
3155.66666667
3123.33333333
SEC 33
3305.33333333
3262.66666667
3309.0
3279.33333333
3285.33333333
3330.0
3335.33333333
3310.66666667
3281.0
3261.66666667
3264.66666667
3251.66666667
3240.0
3310.33333333
3269.66666667
3235.33333333
3317.66666667
3264.66666667
3268.0
3254.66666667
3241.33333333
3257.66666667
3276.33333333
3306.0
3307.66666667
3283.66666667
3284.0
3275.66666667
3281.33333333
3319.33333333
3268.0
3223.66666667
SEC 34
3421.0
3396.33333333
3375.66666667
3392.33333333
3393.66666667
3443.0
3419.0
3444.0
3396.66666667
3374.33333333
3361.0
3360.66666667
3369.0
3386.66666667
3376.33333333
3348.33333333
3428.33333333
3373.0
3373.0
3361.33333333
3351.66666667
3387.0
3362.33333333
3416.33333333
3422.66666667
3388.33333333
3388.33333333
3383.33333333
3391.66666667
3430.66666667
3369.66666667
3333.66666667
SEC 35
3522.66666667
3488.33333333
3527.33333333
3501.33333333
3509.33333333
3552.0
3575.0
3515.66666667
3514.0
3483.33333333
3469.33333333
3476.66666667
3486.33333333
3500.33333333
3488.33333333
3457.66666667
3544.33333333
3478.33333333
3500.0
3469.33333333
3471.33333333
3495.0
3478.66666667
3523.33333333
3535.66666667
3502.66666667
3498.0
3533.0
3469.0
3542.33333333
3444.33333333
3480.66666667
SEC 36
3605.66666667
3636.33333333
3631.0
3612.33333333
3613.33333333
3664.0
3647.0
3663.0
3617.66666667
3580.66666667
3576.0
3583.33333333
3577.33333333
3638.0
3596.0
3563.0
3651.33333333
3594.0
3603.33333333
3571.0
3577.66666667
3621.0
3585.66666667
3633.0
3648.33333333
3608.66666667
3602.66666667
3593.0
3632.66666667
3642.33333333
3573.33333333
3561.66666667
SEC 37
3692.66666667
3752.66666667
3743.66666667
3724.66666667
3727.66666667
3781.33333333
3735.0
3789.33333333
3729.66666667
3684.0
3690.66666667
3691.66666667
3718.33333333
3710.0
3697.33333333
3675.33333333
3756.33333333
3712.0
3700.66666667
3679.66666667
3681.66666667
3692.66666667
3721.0
3737.0
3748.33333333
3719.66666667
3706.33333333
3691.66666667
3757.0
3753.33333333
3672.33333333
3687.66666667
SEC 38
3833.66666667
3808.66666667
3833.33333333
3819.33333333
3820.33333333
3876.33333333
3882.66666667
3836.0
3826.0
3777.66666667
3779.66666667
3782.66666667
3806.33333333
3816.66666667
3798.0
3769.33333333
3860.0
3779.33333333
3811.33333333
3776.33333333
3778.66666667
3787.33333333
3810.33333333
3830.0
3845.33333333
3810.0
3800.33333333
3812.66666667
3830.33333333
3856.33333333
3782.66666667
3766.0
SEC 39
3917.33333333
3962.0
3925.66666667
3932.66666667
3922.0
3994.66666667
3978.66666667
3969.0
3934.0
3891.0
3893.0
3894.0
3909.33333333
3932.33333333
3908.0
3878.0
3974.66666667
3907.0
3905.66666667
3883.66666667
3891.33333333
3925.66666667
3893.33333333
3941.0
3955.33333333
3928.33333333
3908.33333333
3963.0
3897.0
3974.0
3902.33333333
3868.33333333
SEC 40
4020.33333333
4051.0
4048.33333333
4034.0
4025.33333333
4097.66666667
4089.33333333
4070.66666667
4039.0
3992.33333333
3994.0
3995.0
4022.33333333
4018.33333333
4007.66666667
3978.33333333
4079.0
4001.33333333
4023.66666667
3981.66666667
4000.66666667
3990.66666667
4028.66666667
4042.66666667
4053.66666667
4036.0
4007.66666667
4070.0
3994.66666667
4073.33333333
3991.33333333
3985.66666667
SEC 41
4161.66666667
4164.0
4124.0
4139.66666667
4133.33333333
4205.66666667
4197.66666667
4174.33333333
4143.66666667
4101.66666667
4100.66666667
4097.0
4126.33333333
4125.66666667
4118.0
4083.66666667
4180.66666667
4111.33333333
4133.0
4086.33333333
4108.0
4117.66666667
4110.66666667
4144.0
4154.66666667
4145.66666667
4122.0
4096.0
4187.0
4186.33333333
4106.0
4069.66666667
SEC 42
4240.66666667
4271.33333333
4255.33333333
4250.0
4233.0
4309.33333333
4284.33333333
4302.0
4253.66666667
4212.0
4206.33333333
4203.66666667
4241.0
4224.66666667
4223.33333333
4194.33333333
4286.33333333
4208.0
4239.66666667
4195.0
4215.33333333
4228.0
4213.66666667
4250.0
4261.33333333
4248.66666667
4229.66666667
4196.0
4301.0
4291.0
4187.33333333
4199.33333333
SEC 43
4345.33333333
4335.0
4366.66666667
4339.0
4324.66666667
4399.33333333
4381.0
4394.0
4342.0
4308.33333333
4295.66666667
4297.0
4318.66666667
4335.66666667
4312.66666667
4282.0
4380.66666667
4313.0
4310.0
4287.0
4310.33333333
4301.0
4328.0
4349.66666667
4358.0
4336.66666667
4323.66666667
4342.66666667
4343.0
4386.33333333
4277.33333333
4293.33333333
SEC 44
4456.0
4466.33333333
4437.66666667
4439.66666667
4431.33333333
4496.0
4486.66666667
4506.33333333
4457.66666667
4412.0
4396.33333333
4405.66666667
4428.0
4437.33333333
4413.33333333
4394.33333333
4484.66666667
4402.0
4424.33333333
4385.66666667
4420.33333333
4416.66666667
4426.33333333
4454.0
4471.0
4438.33333333
4432.0
4454.0
4445.33333333
4496.33333333
4412.0
4379.0
SEC 45
4516.0
4577.33333333
4575.33333333
4541.66666667
4529.0
4601.0
4581.33333333
4609.33333333
4556.0
4512.33333333
4502.66666667
4502.66666667
4556.33333333
4502.33333333
4514.33333333
4505.66666667
4585.0
4507.0
4520.0
4489.33333333
4510.0
4532.33333333
4518.33333333
4549.33333333
4572.66666667
4540.66666667
4531.33333333
4546.0
4559.66666667
4597.0
4547.0
4437.33333333
SEC 46
4654.33333333
4645.33333333
4681.0
4650.33333333
4639.66666667
4708.0
4703.66666667
4693.0
4665.0
4612.66666667
4611.66666667
4612.33333333
4644.66666667
4644.0
4624.66666667
4603.33333333
4689.33333333
4621.33333333
4621.66666667
4595.33333333
4622.66666667
4622.33333333
4634.66666667
4658.0
4681.0
4642.33333333
4635.66666667
4589.33333333
4721.0
4694.0
4604.33333333
4585.66666667
SEC 47
4747.33333333
4771.33333333
4773.0
4765.0
4752.0
4823.0
4792.33333333
4816.33333333
4781.66666667
4719.0
4721.66666667
4719.33333333
4763.66666667
4744.33333333
4737.66666667
4708.0
4796.66666667
4738.0
4721.0
4701.33333333
4730.0
4745.33333333
4733.0
4765.33333333
4790.66666667
4755.33333333
4754.0
4798.0
4734.66666667
4797.33333333
4691.0
4712.0
SEC 48
4873.66666667
4892.0
4837.66666667
4865.0
4857.0
4920.0
4895.0
4922.0
4880.0
4814.33333333
4826.33333333
4823.66666667
4890.0
4829.0
4846.33333333
4812.0
4902.33333333
4839.0
4824.66666667
4811.66666667
4840.66666667
4843.66666667
4853.33333333
4862.66666667
4897.0
4857.0
4862.33333333
4938.66666667
4802.33333333
4901.66666667
4812.33333333
4796.33333333
SEC 49
4989.33333333
4949.0
4996.66666667
4974.66666667
4966.0
5025.33333333
5042.33333333
5001.66666667
4992.66666667
4926.0
4934.66666667
4932.66666667
4940.66666667
5001.0
4949.66666667
4917.0
5009.0
4947.0
4937.33333333
4932.33333333
4961.66666667
4973.0
4949.33333333
4973.66666667
5006.33333333
4966.0
4971.66666667
4968.0
4997.66666667
5016.0
4973.66666667
4861.0
SEC 50
5098.0
5077.0
5078.66666667
5074.0
5061.0
5132.66666667
5121.33333333
5128.66666667
5101.33333333
5029.66666667
5041.0
5029.33333333
5081.0
5077.33333333
5061.66666667
5018.66666667
5113.0
5039.66666667
5050.33333333
5030.66666667
5063.0
5062.0
5066.33333333
5081.66666667
5113.0
5070.0
5076.66666667
5052.33333333
5127.66666667
5111.66666667
5016.0
5029.33333333
SEC 51
5185.66666667
5209.33333333
5187.66666667
5184.33333333
5166.33333333
5239.0
5237.33333333
5231.0
5212.66666667
5131.66666667
5156.33333333
5137.0
5148.66666667
5221.33333333
5175.33333333
5132.33333333
5221.66666667
5155.33333333
5152.66666667
5138.33333333
5174.66666667
5175.0
5172.66666667
5199.66666667
5229.0
5181.33333333
5179.66666667
5235.0
5164.0
5219.33333333
5154.66666667
5110.0
SEC 52
5258.0
5287.66666667
5301.33333333
5270.33333333
5250.0
5328.0
5339.66666667
5314.0
5300.0
5219.0
5248.66666667
5221.0
5267.0
5284.33333333
5266.33333333
5217.33333333
5312.33333333
5248.0
5237.66666667
5232.0
5260.66666667
5260.66666667
5260.66666667
5286.33333333
5318.66666667
5266.66666667
5267.33333333
5331.0
5252.66666667
5303.0
5275.66666667
5167.0
SEC 53
5374.33333333
5390.33333333
5366.33333333
5365.66666667
5350.66666667
5430.66666667
5437.66666667
5407.33333333
5403.0
5318.66666667
5353.0
5324.0
5374.0
5388.33333333
5362.0
5311.33333333
5413.66666667
5339.66666667
5339.0
5330.0
5362.33333333
5355.66666667
5365.66666667
5377.66666667
5419.66666667
5360.66666667
5365.66666667
5385.66666667
5409.0
5397.33333333
5262.0
5375.0
SEC 54
5464.66666667
5498.0
5501.33333333
5474.0
5455.0
5542.0
5568.66666667
5505.66666667
5516.66666667
5424.33333333
5463.0
5438.33333333
5462.66666667
5523.66666667
5473.33333333
5422.66666667
5529.66666667
5449.0
5452.0
5439.66666667
5478.0
5460.66666667
5466.33333333
5489.33333333
5535.33333333
5467.66666667
5476.33333333
5583.0
5427.33333333
5517.0
5455.0
5396.0
SEC 55
5610.0
5568.66666667
5557.66666667
5567.66666667
5556.33333333
5646.0
5631.33333333
5631.0
5617.33333333
5520.0
5550.33333333
5527.66666667
5574.33333333
5601.0
5570.0
5520.66666667
5623.33333333
5534.0
5555.0
5534.66666667
5579.0
5553.0
5568.33333333
5590.33333333
5627.66666667
5562.0
5573.66666667
5644.66666667
5556.33333333
5616.33333333
5492.33333333
5551.33333333
SEC 56
5692.33333333
5673.0
5673.66666667
5680.0
5664.33333333
5748.0
5750.0
5717.66666667
5726.0
5629.0
5654.33333333
5634.0
5707.0
5669.33333333
5677.33333333
5631.66666667
5737.66666667
5640.33333333
5661.66666667
5634.66666667
5689.33333333
5657.66666667
5673.66666667
5695.33333333
5735.0
5660.0
5676.0
5751.0
5659.33333333
5721.0
5570.33333333
5680.33333333
SEC 57
5781.66666667
5767.0
5819.66666667
5788.33333333
5778.66666667
5865.66666667
5843.66666667
5848.0
5836.33333333
5747.66666667
5764.33333333
5750.0
5794.33333333
5792.33333333
5790.0
5748.0
5850.66666667
5761.33333333
5754.66666667
5742.0
5798.66666667
5786.66666667
5761.33333333
5800.66666667
5848.0
5767.33333333
5779.33333333
5805.0
5834.0
5826.33333333
5758.0
5703.33333333
SEC 58
5867.33333333
5897.33333333
5912.0
5900.0
5888.0
5968.33333333
5954.33333333
5943.66666667
5939.0
5860.66666667
5875.0
5856.66666667
5894.33333333
5891.33333333
5895.33333333
5852.66666667
5949.33333333
5848.0
5877.33333333
5846.0
5895.0
5896.33333333
5867.0
5904.33333333
5948.66666667
5869.33333333
5889.66666667
5881.0
5976.33333333
5935.33333333
5864.33333333
5799.66666667
SEC 59
6016.33333333
5985.66666667
5967.33333333
5999.0
5992.0
6064.66666667
6096.0
6016.0
6036.66666667
5963.0
5972.66666667
5964.33333333
6001.33333333
5987.0
5995.0
5950.66666667
6049.0
5978.33333333
5942.0
5950.66666667
6010.66666667
5997.66666667
5967.66666667
6005.0
6058.33333333
5972.33333333
5991.0
5979.0
6087.0
6033.33333333
5874.33333333
5991.0
SEC 60
6123.33333333
6105.66666667
6068.0
6101.0
6094.0
6173.0
6190.0
6129.0
6139.66666667
6067.33333333
6084.33333333
6071.0
6099.33333333
6094.66666667
6093.0
6050.66666667
6152.66666667
6059.66666667
6088.66666667
6054.33333333
6119.0
6077.0
6107.0
6115.66666667
6163.33333333
6079.33333333
6096.0
6122.33333333
6163.0
6137.33333333
6035.33333333
6038.0
SEC 61
6217.0
6172.0
6217.33333333
6192.0
6195.33333333
6269.66666667
6291.33333333
6240.66666667
6239.66666667
6164.66666667
6190.66666667
6170.0
6213.0
6177.33333333
6198.66666667
6153.66666667
6265.0
6174.33333333
6179.0
6157.33333333
6224.0
6168.66666667
6213.0
6221.0
6267.33333333
6178.33333333
6201.0
6224.0
6270.0
6236.33333333
6132.0
6139.66666667
SEC 62
6322.0
6320.66666667
6277.33333333
6301.66666667
6307.0
6374.0
6358.66666667
6381.0
6344.0
6276.33333333
6297.33333333
6276.66666667
6325.0
6285.0
6300.0
6261.33333333
6367.66666667
6281.66666667
6283.66666667
6262.66666667
6321.0
6272.0
6332.33333333
6325.0
6373.0
6289.66666667
6313.66666667
6331.33333333
6381.33333333
6339.33333333
6236.0
6244.33333333
SEC 63
6443.0
6405.0
6381.33333333
6402.66666667
6413.0
6481.33333333
6451.0
6510.33333333
6446.0
6375.33333333
6402.66666667
6379.66666667
6410.66666667
6394.66666667
6416.33333333
6374.66666667
6480.66666667
6393.33333333
6375.66666667
6369.66666667
6421.33333333
6394.33333333
6429.33333333
6423.66666667
6486.66666667
6399.0
6422.33333333
6368.33333333
6551.0
6443.33333333
6362.0
6321.33333333
SEC 64
6521.66666667
6519.33333333
6497.0
6508.0
6532.0
6588.0
6555.0
6608.66666667
6551.33333333
6487.66666667
6499.0
6477.0
6480.0
6514.0
6518.0
6473.0
6581.66666667
6503.0
6483.66666667
6468.66666667
6519.33333333
6543.66666667
6479.66666667
6524.33333333
6593.33333333
6501.66666667
6521.0
6552.33333333
6578.33333333
6546.33333333
6386.66666667
6501.66666667
SEC 65
6620.66666667
6627.33333333
6603.33333333
6611.33333333
6637.66666667
6687.33333333
6669.66666667
6694.33333333
6649.66666667
6586.66666667
6598.66666667
6580.0
6613.66666667
6592.33333333
6623.66666667
6573.33333333
6682.0
6590.0
6607.33333333
6577.33333333
6616.66666667
6598.0
6624.66666667
6629.33333333
6699.66666667
6601.33333333
6619.0
6692.33333333
6638.0
6654.66666667
6595.0
6496.66666667
SEC 66
6732.66666667
6718.66666667
6683.66666667
6713.0
6726.66666667
6783.0
6806.66666667
6747.0
6742.66666667
6676.0
6691.0
6670.33333333
6711.66666667
6678.0
6721.0
6671.33333333
6780.66666667
6697.33333333
6693.33333333
6660.33333333
6705.33333333
6670.66666667
6737.0
6721.0
6802.33333333
6695.66666667
6705.0
6694.33333333
6820.66666667
6746.66666667
6656.0
6626.33333333
SEC 67
6809.0
6790.33333333
6840.66666667
6814.0
6827.66666667
6885.66666667
6881.33333333
6872.0
6845.0
6775.0
6784.66666667
6769.66666667
6772.66666667
6816.0
6835.33333333
6774.0
6878.66666667
6803.0
6789.33333333
6752.33333333
6807.66666667
6770.0
6835.33333333
6825.0
6895.66666667
6802.66666667
6811.33333333
6758.33333333
6967.66666667
6846.33333333
6743.33333333
6744.0
SEC 68
6934.0
6908.33333333
6915.0
6923.66666667
6938.33333333
7001.66666667
6971.0
6986.66666667
6947.33333333
6883.66666667
6898.0
6876.66666667
6876.0
6918.66666667
6932.66666667
6876.66666667
6986.33333333
6899.33333333
6900.33333333
6851.66666667
6912.66666667
6897.66666667
6926.33333333
6924.33333333
6996.33333333
6912.66666667
6919.33333333
6870.0
7066.66666667
6965.33333333
6833.66666667
6866.66666667
SEC 69
7037.0
7027.66666667
7010.33333333
7025.33333333
7044.0
7107.33333333
7118.66666667
7057.33333333
7062.33333333
6983.0
7004.33333333
6987.33333333
7015.0
6997.66666667
7034.0
6991.0
7093.0
7003.66666667
7014.33333333
6949.33333333
7020.0
6977.0
7046.33333333
7028.0
7100.66666667
7020.0
7031.66666667
7052.0
7095.66666667
7063.66666667
6898.66666667
7019.0
SEC 70
7127.33333333
7121.66666667
7105.0
7125.66666667
7139.0
7203.33333333
7172.0
7202.0
7159.33333333
7074.33333333
7098.66666667
7086.33333333
7083.33333333
7116.33333333
7127.33333333
7083.0
7185.66666667
7092.33333333
7114.66666667
7043.0
7120.0
7129.33333333
7082.33333333
7123.33333333
7203.33333333
7114.0
7127.33333333
7193.66666667
7151.66666667
7155.66666667
7012.0
7103.33333333
SEC 71
7195.66666667
7222.66666667
7244.33333333
7229.0
7248.66666667
7302.66666667
7271.33333333
7309.0
7262.33333333
7181.33333333
7201.0
7188.66666667
7206.66666667
7199.0
7222.66666667
7189.66666667
7285.0
7201.66666667
7210.33333333
7146.0
7231.0
7246.0
7169.66666667
7226.0
7306.66666667
7215.66666667
7229.66666667
7289.66666667
7268.0
7259.66666667
7226.0
7094.66666667
SEC 72
7324.33333333
7330.66666667
7299.33333333
7324.33333333
7344.33333333
7398.0
7376.33333333
7410.33333333
7366.0
7281.33333333
7302.33333333
7284.0
7308.66666667
7293.0
7319.0
7293.66666667
7384.66666667
7319.0
7297.0
7246.33333333
7337.33333333
7337.33333333
7283.33333333
7331.66666667
7413.66666667
7323.66666667
7319.0
7401.0
7368.66666667
7351.0
7203.33333333
7330.0
SEC 73
7380.66666667
7436.0
7445.0
7427.0
7442.33333333
7499.66666667
7460.66666667
7530.66666667
7467.66666667
7383.33333333
7409.66666667
7379.66666667
7417.0
7386.33333333
7426.33333333
7394.0
7483.66666667
7424.0
7393.0
7348.0
7437.33333333
7431.0
7395.0
7434.0
7513.0
7421.33333333
7414.0
7583.0
7384.33333333
7449.33333333
7431.66666667
7303.0
SEC 74
7541.0
7532.0
7514.33333333
7535.0
7556.33333333
7606.33333333
7590.66666667
7615.0
7575.33333333
7488.33333333
7521.66666667
7496.66666667
7506.66666667
7504.33333333
7537.33333333
7499.0
7591.33333333
7512.33333333
7511.66666667
7456.66666667
7548.33333333
7486.66666667
7564.66666667
7538.33333333
7619.66666667
7527.33333333
7518.0
7616.0
7575.0
7555.66666667
7515.66666667
7433.66666667
SEC 75
7653.33333333
7596.33333333
7656.66666667
7642.0
7656.66666667
7708.33333333
7718.0
7693.33333333
7677.33333333
7590.33333333
7624.33333333
7600.33333333
7630.0
7595.33333333
7653.0
7606.33333333
7698.33333333
7596.33333333
7631.0
7564.66666667
7648.33333333
7670.0
7586.33333333
7644.0
7726.33333333
7635.33333333
7628.66666667
7595.33333333
7794.33333333
7660.33333333
7549.66666667
7599.33333333
SEC 76
7756.0
7725.66666667
7717.0
7745.0
7752.0
7803.66666667
7829.0
7776.33333333
7775.33333333
7684.33333333
7716.0
7694.33333333
7740.33333333
7681.33333333
7750.0
7693.66666667
7797.66666667
7730.66666667
7694.0
7665.66666667
7743.66666667
7702.33333333
7739.0
7741.33333333
7821.66666667
7734.33333333
7721.66666667
7725.0
7847.0
7757.66666667
7675.0
7661.33333333
SEC 77
7857.33333333
7850.66666667
7786.33333333
7842.33333333
7844.33333333
7908.0
7862.0
7943.33333333
7876.0
7777.33333333
7817.0
7790.0
7782.0
7834.0
7848.33333333
7792.0
7895.0
7793.0
7823.33333333
7762.0
7842.66666667
7854.0
7774.33333333
7840.66666667
7929.33333333
7833.0
7818.66666667
7869.0
7898.66666667
7853.66666667
7774.66666667
7746.66666667
SEC 78
7962.66666667
7944.66666667
7893.33333333
7937.33333333
7943.33333333
8007.0
7992.33333333
8013.66666667
7973.0
7876.0
7916.0
7893.66666667
7891.0
7927.0
7947.66666667
7889.33333333
7992.33333333
7918.66666667
7901.66666667
7861.66666667
7943.33333333
7950.0
7867.66666667
7945.33333333
8034.0
7934.66666667
7924.66666667
7967.33333333
7994.66666667
7951.66666667
7871.66666667
7854.0
SEC 79
8032.33333333
8003.66666667
8032.33333333
8022.0
8023.33333333
8095.33333333
8051.33333333
8125.66666667
8052.66666667
7959.66666667
8000.0
7977.0
8012.33333333
7979.0
8038.0
7979.33333333
8077.33333333
8006.0
7989.33333333
7954.33333333
8027.66666667
7974.66666667
8007.33333333
8036.0
8125.66666667
8027.66666667
8005.0
8119.0
8010.0
8038.66666667
7888.33333333
8004.66666667
SEC 80
8138.0
8105.0
8157.66666667
8126.33333333
8130.33333333
8199.66666667
8176.0
8215.33333333
8158.66666667
8060.0
8105.33333333
8082.33333333
8106.66666667
8097.66666667
8142.33333333
8086.33333333
8187.66666667
8106.0
8112.33333333
8052.0
8136.66666667
8113.33333333
8085.0
8160.33333333
8240.33333333
8133.33333333
8117.0
8091.66666667
8254.33333333
8141.0
8063.66666667
8047.33333333
