SEC 1
19.0
21.0
18.6666666667
16.0
19.6666666667
18.6666666667
20.3333333333
19.6666666667
20.6666666667
22.3333333333
13.6666666667
19.0
18.3333333333
16.0
18.6666666667
20.3333333333
16.0
20.3333333333
16.0
17.3333333333
19.0
15.3333333333
18.0
13.6666666667
17.6666666667
20.3333333333
16.6666666667
13.3333333333
19.0
20.3333333333
22.3333333333
19.0
18.6666666667
17.0
18.0
19.3333333333
18.0
16.3333333333
16.3333333333
19.0
16.0
17.3333333333
18.0
21.0
19.0
19.6666666667
21.6666666667
17.6666666667
21.0
17.6666666667
14.6666666667
18.6666666667
24.6666666667
24.0
18.3333333333
17.0
17.6666666667
17.6666666667
20.6666666667
17.3333333333
16.3333333333
19.0
20.6666666667
17.6666666667
SEC 2
53.0
55.0
47.3333333333
48.0
49.3333333333
56.0
50.0
56.0
51.0
48.0
40.0
50.0
47.6666666667
56.3333333333
47.0
51.0
50.3333333333
49.6666666667
50.6666666667
49.6666666667
50.3333333333
42.6666666667
56.0
46.3333333333
43.6666666667
50.3333333333
54.3333333333
45.3333333333
46.6666666667
50.0
50.0
59.0
49.6666666667
57.3333333333
49.3333333333
55.3333333333
54.3333333333
53.3333333333
53.0
45.0
47.0
54.3333333333
47.3333333333
55.6666666667
49.0
51.6666666667
56.6666666667
46.6666666667
52.0
48.6666666667
45.0
46.6666666667
61.3333333333
57.3333333333
48.6666666667
44.6666666667
48.3333333333
47.6666666667
50.0
44.3333333333
50.3333333333
52.0
52.6666666667
46.3333333333
SEC 3
84.0
91.3333333333
75.6666666667
77.6666666667
84.6666666667
86.6666666667
82.0
88.0
87.6666666667
76.6666666667
76.0
85.3333333333
77.0
75.0
90.0
83.6666666667
80.6666666667
80.3333333333
77.3333333333
84.6666666667
82.0
82.0
85.3333333333
77.0
85.3333333333
76.3333333333
91.0
73.6666666667
78.6666666667
89.0
84.3333333333
91.3333333333
84.3333333333
92.3333333333
74.6666666667
90.0
85.6666666667
86.6666666667
78.0
76.6666666667
76.0
79.3333333333
80.6666666667
85.0
82.3333333333
85.0
89.0
81.0
84.6666666667
89.3333333333
75.6666666667
83.6666666667
95.0
92.3333333333
81.6666666667
75.3333333333
80.3333333333
81.6666666667
88.6666666667
74.6666666667
82.6666666667
81.6666666667
89.3333333333
75.0
SEC 4
129.666666667
131.333333333
115.333333333
121.333333333
129.666666667
134.333333333
124.333333333
134.333333333
126.666666667
124.666666667
121.0
129.0
122.333333333
133.333333333
113.333333333
127.666666667
119.0
119.0
121.333333333
124.0
135.666666667
128.666666667
121.666666667
121.333333333
130.333333333
122.333333333
136.333333333
118.666666667
117.666666667
129.0
133.666666667
130.333333333
128.0
137.0
116.0
127.0
127.666666667
126.0
112.666666667
130.666666667
116.666666667
119.0
125.0
129.666666667
127.666666667
127.666666667
133.333333333
124.0
130.0
130.0
112.333333333
123.666666667
136.333333333
134.666666667
123.0
129.666666667
114.0
125.0
133.666666667
118.0
125.333333333
125.0
131.0
119.0
SEC 5
175.666666667
175.333333333
160.333333333
162.666666667
179.0
177.333333333
165.0
179.0
161.0
173.0
163.0
157.666666667
169.666666667
159.0
175.0
177.0
165.0
163.0
162.666666667
170.0
182.333333333
169.333333333
166.333333333
163.333333333
179.333333333
160.666666667
179.333333333
162.0
157.666666667
173.0
183.666666667
162.0
176.0
176.666666667
161.666666667
171.333333333
165.0
170.0
159.333333333
175.0
158.0
153.666666667
162.666666667
176.666666667
173.333333333
177.666666667
181.666666667
167.666666667
176.666666667
174.333333333
153.333333333
158.333333333
176.333333333
177.333333333
166.333333333
156.666666667
162.666666667
176.0
171.0
159.666666667
160.666666667
164.0
168.0
162.0
SEC 6
234.333333333
220.666666667
203.333333333
210.333333333
225.666666667
231.666666667
211.0
229.0
216.666666667
212.333333333
219.666666667
216.333333333
206.333333333
221.333333333
216.0
223.333333333
221.0
207.666666667
218.333333333
220.666666667
234.666666667
212.666666667
223.333333333
213.333333333
233.333333333
206.333333333
225.333333333
205.0
210.0
219.333333333
211.0
231.666666667
222.666666667
225.333333333
200.666666667
221.0
219.666666667
210.0
223.666666667
207.666666667
202.333333333
194.0
208.0
224.0
225.0
234.0
228.0
214.666666667
227.666666667
219.0
198.333333333
206.0
223.0
227.666666667
213.0
203.666666667
214.333333333
221.666666667
221.333333333
206.666666667
209.333333333
219.333333333
221.0
207.666666667
SEC 7
283.0
266.0
250.666666667
260.666666667
266.333333333
289.0
261.333333333
271.666666667
262.666666667
262.333333333
269.0
251.666666667
264.0
267.0
267.666666667
276.333333333
268.0
256.666666667
261.333333333
279.0
278.333333333
262.0
271.666666667
262.666666667
279.666666667
250.0
273.0
251.666666667
266.666666667
258.666666667
282.666666667
256.0
275.333333333
269.0
242.333333333
264.0
268.666666667
264.333333333
262.666666667
262.0
253.333333333
236.666666667
253.666666667
276.666666667
274.666666667
282.666666667
281.0
262.0
275.333333333
268.0
245.666666667
254.0
273.666666667
277.0
260.333333333
255.0
260.666666667
274.666666667
270.666666667
253.0
256.333333333
271.333333333
271.0
258.666666667
SEC 8
333.666666667
311.333333333
293.333333333
306.333333333
326.666666667
325.0
312.333333333
318.333333333
304.333333333
327.333333333
313.666666667
297.0
310.333333333
316.0
315.666666667
320.0
317.0
301.666666667
309.333333333
331.0
322.333333333
304.666666667
313.333333333
315.666666667
322.666666667
295.0
326.0
290.0
301.0
311.666666667
300.666666667
327.0
319.0
309.666666667
285.666666667
309.333333333
319.333333333
309.0
299.666666667
319.666666667
300.0
290.333333333
304.0
321.0
320.0
329.333333333
330.333333333
307.666666667
320.666666667
312.666666667
292.0
303.0
317.333333333
319.666666667
306.0
304.333333333
301.0
318.666666667
321.333333333
298.666666667
304.666666667
311.666666667
310.333333333
309.333333333
SEC 9
382.0
363.333333333
337.333333333
357.0
367.666666667
373.666666667
360.0
370.333333333
360.666666667
374.666666667
368.333333333
355.0
353.0
362.333333333
369.333333333
370.333333333
369.666666667
344.333333333
354.0
386.0
362.666666667
351.333333333
364.666666667
367.0
376.333333333
346.0
377.0
348.0
351.0
357.666666667
371.333333333
348.333333333
380.666666667
360.666666667
342.666666667
353.666666667
366.333333333
356.333333333
380.666666667
345.0
345.333333333
334.0
349.333333333
376.333333333
368.333333333
381.0
384.0
359.0
367.0
356.333333333
342.333333333
348.666666667
361.666666667
369.666666667
355.0
363.666666667
344.333333333
362.333333333
368.0
343.666666667
357.666666667
367.666666667
366.333333333
361.333333333
SEC 10
429.666666667
409.333333333
387.333333333
405.0
408.666666667
434.666666667
410.666666667
425.0
408.333333333
427.333333333
416.666666667
403.333333333
397.0
406.333333333
424.666666667
419.666666667
420.0
395.666666667
413.333333333
422.333333333
424.0
401.0
417.0
415.666666667
427.333333333
401.666666667
428.666666667
398.666666667
399.0
404.666666667
406.666666667
419.333333333
435.666666667
412.0
390.666666667
405.0
418.333333333
406.333333333
408.666666667
410.333333333
391.333333333
381.333333333
405.333333333
427.333333333
419.0
427.333333333
432.666666667
408.333333333
411.666666667
404.0
391.666666667
399.0
410.0
420.0
406.666666667
408.333333333
398.666666667
412.0
422.0
406.333333333
392.333333333
415.0
418.333333333
410.666666667
SEC 11
473.0
461.666666667
433.666666667
458.333333333
474.333333333
469.0
462.0
470.0
482.666666667
447.333333333
461.333333333
446.333333333
444.0
462.333333333
463.666666667
466.333333333
469.333333333
444.333333333
465.0
483.0
472.0
447.666666667
463.333333333
468.666666667
467.333333333
446.666666667
482.0
440.0
448.666666667
448.333333333
460.0
464.666666667
484.333333333
458.666666667
436.0
448.0
473.666666667
453.0
467.666666667
447.333333333
441.0
428.333333333
455.0
479.0
464.666666667
473.666666667
478.666666667
457.333333333
460.666666667
450.0
440.666666667
448.333333333
457.666666667
473.333333333
452.666666667
463.0
447.666666667
458.333333333
469.666666667
449.666666667
445.666666667
466.666666667
470.666666667
459.666666667
SEC 12
518.666666667
507.333333333
478.333333333
504.0
513.666666667
520.666666667
507.333333333
518.666666667
486.333333333
538.666666667
512.0
494.666666667
490.666666667
523.0
506.666666667
514.666666667
522.666666667
493.666666667
522.333333333
540.0
512.0
510.666666667
493.333333333
521.333333333
512.0
489.0
521.0
490.333333333
497.333333333
501.333333333
517.0
497.0
534.333333333
510.333333333
485.333333333
504.0
519.333333333
503.333333333
525.0
492.333333333
485.666666667
475.0
502.0
532.0
511.0
525.333333333
528.666666667
502.333333333
512.666666667
503.333333333
492.0
491.333333333
506.666666667
525.666666667
503.666666667
510.0
501.666666667
500.333333333
523.333333333
494.0
495.666666667
516.666666667
518.666666667
502.666666667
SEC 13
563.333333333
556.666666667
523.0
562.333333333
549.666666667
577.666666667
555.333333333
562.666666667
566.666666667
550.0
558.333333333
539.666666667
540.333333333
569.0
553.0
560.333333333
569.666666667
544.333333333
563.333333333
587.666666667
554.333333333
541.0
551.0
568.666666667
558.333333333
547.666666667
565.666666667
535.333333333
545.666666667
549.333333333
550.666666667
558.333333333
587.0
552.666666667
535.333333333
552.0
560.333333333
549.0
561.0
543.0
535.333333333
520.333333333
544.0
582.0
557.333333333
565.0
569.666666667
550.333333333
556.333333333
555.0
540.666666667
538.333333333
552.333333333
571.0
547.333333333
572.0
532.333333333
552.333333333
570.333333333
536.0
543.0
566.333333333
567.0
551.333333333
SEC 14
615.0
604.0
566.666666667
611.0
614.333333333
612.666666667
605.333333333
617.666666667
599.333333333
615.333333333
602.333333333
581.666666667
588.666666667
614.333333333
610.333333333
605.333333333
626.666666667
589.666666667
606.666666667
636.333333333
602.666666667
612.0
584.333333333
615.666666667
607.0
591.333333333
612.0
583.666666667
589.333333333
592.666666667
598.666666667
612.333333333
639.333333333
605.666666667
582.333333333
597.0
609.0
592.0
603.0
600.333333333
585.333333333
569.666666667
601.0
637.666666667
604.333333333
614.666666667
620.666666667
600.0
609.0
604.333333333
591.333333333
582.0
600.666666667
618.666666667
593.666666667
599.0
609.0
599.666666667
621.333333333
590.666666667
583.333333333
619.333333333
613.666666667
599.666666667
SEC 15
663.0
653.0
621.0
659.333333333
649.333333333
675.666666667
658.666666667
670.333333333
666.0
657.0
650.333333333
633.333333333
636.333333333
672.333333333
651.666666667
661.666666667
676.333333333
638.0
655.0
668.0
662.666666667
635.333333333
649.666666667
661.0
655.666666667
642.333333333
656.666666667
633.0
640.0
632.666666667
666.0
649.666666667
689.0
656.0
637.333333333
648.666666667
657.666666667
647.333333333
663.0
652.0
638.666666667
618.333333333
648.333333333
695.0
658.0
665.333333333
669.666666667
646.666666667
658.333333333
650.666666667
638.0
634.333333333
648.333333333
669.333333333
644.333333333
652.333333333
654.666666667
657.666666667
668.333333333
641.333333333
637.333333333
670.333333333
663.0
649.0
SEC 16
713.666666667
705.333333333
670.333333333
710.666666667
721.0
699.333333333
718.333333333
729.333333333
737.0
689.0
698.333333333
685.666666667
686.333333333
703.0
716.333333333
714.0
729.0
688.0
706.333333333
726.0
703.666666667
675.333333333
720.666666667
715.333333333
709.0
692.0
705.666666667
680.666666667
683.0
686.666666667
696.333333333
714.666666667
741.666666667
706.666666667
685.0
700.0
705.0
702.0
710.333333333
719.333333333
692.666666667
663.333333333
697.333333333
748.333333333
708.666666667
715.333333333
722.333333333
694.666666667
711.0
697.0
687.333333333
680.0
698.666666667
720.666666667
697.666666667
683.666666667
717.666666667
707.666666667
717.333333333
691.666666667
684.333333333
722.666666667
714.0
698.666666667
SEC 17
763.0
759.333333333
716.0
755.666666667
764.666666667
761.333333333
764.666666667
774.666666667
739.666666667
788.666666667
748.666666667
739.0
731.666666667
746.333333333
778.666666667
762.666666667
787.0
730.666666667
757.333333333
760.0
765.666666667
746.333333333
748.666666667
767.333333333
756.333333333
742.333333333
755.0
739.0
729.333333333
743.666666667
744.666666667
761.666666667
791.333333333
753.0
735.0
744.666666667
757.666666667
750.0
779.333333333
762.0
740.666666667
712.666666667
741.666666667
795.0
755.666666667
763.666666667
769.333333333
738.666666667
757.666666667
744.0
741.666666667
725.333333333
742.0
767.666666667
754.333333333
737.666666667
768.333333333
758.0
761.666666667
741.333333333
732.666666667
774.333333333
760.0
743.0
SEC 18
813.0
810.0
759.0
807.333333333
810.333333333
815.0
811.333333333
825.666666667
822.333333333
795.0
799.333333333
786.333333333
773.333333333
818.666666667
802.0
809.333333333
833.333333333
771.333333333
815.0
811.333333333
806.333333333
795.666666667
796.666666667
820.333333333
809.333333333
787.333333333
804.0
790.333333333
794.666666667
781.666666667
808.333333333
782.333333333
842.0
806.0
786.0
791.333333333
807.666666667
795.666666667
811.666666667
825.666666667
793.333333333
760.0
797.333333333
841.0
806.666666667
813.666666667
816.333333333
784.333333333
804.333333333
787.0
784.666666667
776.333333333
791.333333333
820.333333333
802.333333333
795.333333333
809.0
810.333333333
810.666666667
782.0
798.0
822.0
817.0
788.666666667
SEC 19
859.666666667
849.333333333
805.0
852.333333333
871.666666667
844.666666667
855.0
864.666666667
826.0
875.0
845.666666667
830.333333333
820.0
840.666666667
861.333333333
851.333333333
874.333333333
816.666666667
860.333333333
873.0
837.0
825.666666667
855.666666667
861.0
850.666666667
831.666666667
851.666666667
843.0
827.666666667
841.333333333
852.0
832.666666667
885.666666667
858.666666667
831.666666667
834.333333333
846.0
838.0
862.0
864.666666667
837.333333333
801.666666667
846.0
889.666666667
851.333333333
851.666666667
857.0
826.333333333
855.0
828.666666667
825.333333333
822.0
834.0
865.666666667
842.333333333
864.666666667
829.0
862.666666667
858.333333333
828.666666667
845.0
871.333333333
864.666666667
835.0
SEC 20
911.0
897.0
860.0
900.333333333
926.333333333
893.0
905.333333333
919.333333333
923.666666667
870.666666667
894.0
870.333333333
881.0
908.666666667
891.0
905.666666667
923.666666667
868.333333333
911.666666667
895.333333333
917.333333333
887.333333333
895.666666667
909.0
901.0
881.333333333
906.333333333
891.0
884.666666667
890.333333333
887.333333333
891.666666667
936.666666667
908.666666667
880.666666667
887.0
898.333333333
885.333333333
908.666666667
921.333333333
886.666666667
849.333333333
898.333333333
948.666666667
898.666666667
902.666666667
907.0
881.666666667
905.333333333
877.0
878.0
866.0
885.0
914.333333333
889.333333333
906.666666667
883.333333333
913.0
909.333333333
887.666666667
889.666666667
920.666666667
910.666666667
888.333333333
SEC 21
959.333333333
946.0
908.333333333
952.0
966.0
962.666666667
951.333333333
970.0
938.666666667
947.0
945.333333333
926.666666667
922.0
943.666666667
959.0
956.0
968.666666667
913.666666667
955.0
931.333333333
966.666666667
932.333333333
945.333333333
957.666666667
949.0
925.333333333
947.333333333
940.333333333
945.666666667
935.666666667
955.666666667
927.666666667
983.666666667
956.666666667
920.666666667
932.0
951.0
932.666666667
968.0
955.666666667
932.333333333
894.0
948.333333333
997.0
944.0
946.666666667
951.0
928.666666667
951.666666667
925.333333333
920.0
910.0
928.0
959.666666667
934.0
947.666666667
934.0
957.0
953.333333333
933.333333333
939.333333333
967.0
955.666666667
936.666666667
SEC 22
1008.66666667
998.333333333
962.333333333
1000.66666667
1024.66666667
1006.66666667
996.666666667
1024.0
973.333333333
1021.33333333
998.0
979.666666667
967.333333333
975.0
1025.66666667
1012.0
1020.0
966.666666667
1012.33333333
1021.33333333
980.0
990.666666667
989.333333333
1009.33333333
995.0
974.333333333
994.666666667
990.333333333
986.0
999.666666667
993.666666667
989.666666667
1041.0
1001.33333333
975.0
979.666666667
1000.66666667
976.0
1011.66666667
1007.0
980.666666667
943.666666667
997.0
1049.0
998.666666667
998.333333333
998.666666667
980.0
1002.33333333
974.333333333
975.0
959.333333333
979.333333333
1010.0
981.0
993.333333333
990.666666667
1004.33333333
1009.0
983.0
987.333333333
1018.66666667
1012.0
978.666666667
SEC 23
1060.33333333
1052.0
1009.66666667
1055.33333333
1059.0
1072.33333333
1050.66666667
1077.33333333
1041.33333333
1052.0
1049.33333333
1030.0
1025.66666667
1062.66666667
1048.0
1065.66666667
1076.0
1019.0
1067.33333333
1031.33333333
1067.66666667
1045.33333333
1036.0
1060.0
1050.66666667
1027.33333333
1046.33333333
1044.66666667
1042.66666667
1053.0
1023.66666667
1071.0
1099.0
1049.66666667
1026.66666667
1029.66666667
1053.0
1028.33333333
1063.66666667
1062.0
1031.33333333
992.666666667
1052.66666667
1099.33333333
1045.33333333
1045.33333333
1055.66666667
1028.66666667
1050.66666667
1026.66666667
1024.0
1013.33333333
1029.66666667
1059.0
1030.0
1048.33333333
1047.66666667
1058.0
1055.0
1048.0
1028.0
1071.33333333
1068.66666667
1028.33333333
SEC 24
1115.66666667
1105.66666667
1062.66666667
1098.66666667
1123.66666667
1112.33333333
1099.66666667
1130.66666667
1071.0
1122.0
1100.66666667
1078.66666667
1089.33333333
1105.66666667
1106.0
1121.66666667
1127.0
1066.33333333
1113.33333333
1101.0
1097.0
1112.33333333
1070.66666667
1109.33333333
1097.66666667
1082.66666667
1098.0
1095.0
1112.33333333
1088.0
1086.66666667
1110.33333333
1146.66666667
1099.0
1081.0
1080.0
1103.0
1096.33333333
1117.0
1115.0
1078.33333333
1048.0
1107.33333333
1144.0
1097.0
1091.66666667
1107.66666667
1082.33333333
1099.33333333
1074.33333333
1073.33333333
1055.33333333
1078.0
1113.33333333
1084.0
1078.66666667
1118.66666667
1113.33333333
1099.66666667
1091.33333333
1089.0
1122.33333333
1117.66666667
1083.33333333
SEC 25
1169.0
1161.0
1116.0
1150.0
1175.33333333
1170.0
1149.33333333
1185.0
1139.33333333
1162.33333333
1156.0
1122.66666667
1144.0
1181.0
1133.0
1174.0
1180.33333333
1125.33333333
1164.66666667
1168.66666667
1135.66666667
1159.66666667
1121.66666667
1160.0
1146.0
1136.66666667
1154.66666667
1143.33333333
1156.66666667
1144.33333333
1162.33333333
1139.66666667
1202.33333333
1151.0
1133.33333333
1127.33333333
1158.33333333
1148.0
1170.33333333
1168.66666667
1136.33333333
1103.66666667
1164.0
1198.33333333
1145.66666667
1139.33333333
1156.33333333
1129.66666667
1154.66666667
1126.0
1124.33333333
1109.0
1134.66666667
1163.33333333
1135.66666667
1151.66666667
1152.0
1163.66666667
1150.66666667
1136.66666667
1148.0
1169.33333333
1171.0
1134.33333333
SEC 26
1216.0
1211.0
1172.66666667
1207.0
1215.66666667
1221.0
1197.33333333
1236.0
1201.0
1204.33333333
1211.66666667
1177.33333333
1197.33333333
1235.33333333
1184.33333333
1227.0
1231.33333333
1175.0
1220.66666667
1184.0
1219.33333333
1212.0
1173.66666667
1212.33333333
1204.33333333
1188.33333333
1211.66666667
1192.33333333
1193.0
1202.33333333
1188.0
1217.0
1246.66666667
1205.0
1182.33333333
1185.66666667
1214.0
1207.0
1218.0
1223.33333333
1189.0
1157.0
1221.66666667
1249.66666667
1200.0
1191.66666667
1209.66666667
1185.33333333
1215.0
1178.0
1171.0
1162.33333333
1185.0
1212.33333333
1188.33333333
1223.0
1186.0
1216.33333333
1203.0
1190.0
1201.0
1218.0
1221.66666667
1185.66666667
SEC 27
1262.66666667
1260.33333333
1222.0
1260.0
1264.0
1270.0
1256.0
1289.0
1251.0
1260.0
1266.66666667
1234.66666667
1233.0
1295.0
1233.33333333
1278.0
1277.66666667
1223.66666667
1273.33333333
1276.0
1232.66666667
1242.33333333
1253.0
1266.33333333
1256.0
1240.0
1264.0
1243.0
1256.0
1243.33333333
1254.0
1257.33333333
1302.0
1252.33333333
1232.66666667
1230.33333333
1264.66666667
1255.0
1264.0
1277.33333333
1247.66666667
1209.33333333
1276.33333333
1293.33333333
1251.66666667
1244.33333333
1257.66666667
1240.0
1266.33333333
1233.66666667
1226.66666667
1217.0
1238.66666667
1265.66666667
1238.0
1273.0
1245.66666667
1264.66666667
1251.33333333
1235.33333333
1254.66666667
1271.0
1275.0
1236.33333333
SEC 28
1317.66666667
1316.66666667
1284.33333333
1316.66666667
1315.66666667
1314.33333333
1303.0
1349.0
1312.33333333
1295.0
1314.33333333
1291.33333333
1277.0
1290.66666667
1349.33333333
1342.33333333
1326.33333333
1273.33333333
1319.33333333
1303.66666667
1312.33333333
1320.0
1276.33333333
1319.0
1312.33333333
1292.0
1311.0
1286.0
1304.0
1300.0
1307.33333333
1301.0
1355.33333333
1303.33333333
1286.66666667
1277.0
1313.66666667
1307.33333333
1326.33333333
1321.33333333
1293.66666667
1257.66666667
1332.0
1339.66666667
1298.33333333
1291.33333333
1310.0
1290.33333333
1315.66666667
1282.33333333
1280.66666667
1259.66666667
1287.33333333
1315.0
1290.0
1306.33333333
1308.33333333
1316.0
1300.0
1281.0
1312.0
1321.66666667
1324.33333333
1283.66666667
SEC 29
1365.66666667
1365.33333333
1335.33333333
1363.33333333
1349.66666667
1374.0
1350.0
1399.66666667
1368.33333333
1343.0
1362.33333333
1333.0
1334.33333333
1401.33333333
1341.66666667
1391.0
1372.66666667
1325.66666667
1367.33333333
1352.0
1360.33333333
1349.0
1347.66666667
1372.0
1364.66666667
1342.0
1356.66666667
1337.66666667
1357.33333333
1342.33333333
1364.66666667
1337.0
1404.66666667
1354.0
1339.33333333
1322.66666667
1363.33333333
1359.0
1374.0
1372.0
1344.33333333
1303.66666667
1381.0
1387.33333333
1349.0
1342.0
1359.66666667
1342.66666667
1367.66666667
1333.0
1326.33333333
1307.33333333
1333.0
1364.0
1336.66666667
1375.33333333
1334.66666667
1364.0
1352.0
1333.66666667
1355.33333333
1374.33333333
1374.0
1330.0
SEC 30
1417.66666667
1416.0
1379.66666667
1412.33333333
1404.33333333
1412.33333333
1403.66666667
1449.0
1417.0
1401.33333333
1421.33333333
1367.66666667
1396.66666667
1435.66666667
1416.66666667
1446.66666667
1422.0
1377.33333333
1418.0
1387.33333333
1425.33333333
1415.33333333
1388.0
1418.0
1419.33333333
1392.0
1414.0
1388.66666667
1398.0
1404.33333333
1382.66666667
1424.0
1453.66666667
1409.66666667
1393.66666667
1375.33333333
1416.66666667
1418.33333333
1426.0
1424.33333333
1395.0
1357.33333333
1430.0
1436.0
1400.0
1393.66666667
1410.33333333
1393.66666667
1417.66666667
1385.0
1378.0
1365.33333333
1381.0
1416.33333333
1389.33333333
1400.0
1404.33333333
1423.66666667
1400.33333333
1404.33333333
1381.66666667
1423.66666667
1429.66666667
1379.0
SEC 31
1471.0
1460.0
1432.66666667
1458.33333333
1470.0
1444.0
1452.66666667
1504.66666667
1438.66666667
1466.66666667
1468.66666667
1439.0
1427.0
1465.0
1484.66666667
1495.0
1473.33333333
1424.66666667
1464.0
1453.0
1454.0
1454.0
1445.66666667
1464.66666667
1468.66666667
1444.33333333
1469.66666667
1434.33333333
1441.66666667
1454.66666667
1448.33333333
1452.0
1505.66666667
1466.66666667
1439.33333333
1426.66666667
1468.0
1471.33333333
1485.66666667
1471.0
1446.0
1406.33333333
1476.0
1486.0
1451.0
1442.33333333
1459.0
1445.0
1465.33333333
1432.33333333
1424.0
1414.0
1432.33333333
1463.0
1443.0
1466.66666667
1432.66666667
1471.33333333
1461.33333333
1426.0
1460.33333333
1470.66666667
1477.0
1422.66666667
SEC 32
1526.66666667
1511.33333333
1480.66666667
1506.33333333
1521.33333333
1492.66666667
1500.66666667
1558.66666667
1488.0
1512.0
1520.66666667
1496.33333333
1475.33333333
1500.33333333
1547.0
1545.33333333
1522.66666667
1469.66666667
1518.33333333
1509.33333333
1506.0
1483.66666667
1515.66666667
1517.0
1522.66666667
1492.0
1523.0
1484.33333333
1509.33333333
1486.0
1479.66666667
1525.0
1554.0
1515.66666667
1489.0
1480.66666667
1512.33333333
1522.0
1527.0
1537.0
1497.33333333
1455.33333333
1520.0
1535.66666667
1504.66666667
1497.66666667
1508.66666667
1492.33333333
1518.0
1483.0
1475.0
1463.66666667
1483.0
1514.66666667
1490.33333333
1505.33333333
1495.33333333
1524.0
1510.0
1478.0
1513.66666667
1529.33333333
1526.0
1470.33333333
SEC 33
1580.33333333
1563.0
1523.33333333
1559.33333333
1561.0
1552.66666667
1553.33333333
1607.66666667
1532.66666667
1565.66666667
1569.66666667
1545.66666667
1530.33333333
1562.66666667
1581.66666667
1592.66666667
1572.33333333
1518.0
1571.66666667
1546.33333333
1579.0
1515.0
1576.33333333
1567.33333333
1575.0
1542.33333333
1573.0
1541.33333333
1556.33333333
1541.33333333
1542.0
1575.0
1603.0
1564.0
1537.0
1532.0
1567.0
1578.33333333
1579.33333333
1585.66666667
1546.33333333
1503.66666667
1568.33333333
1580.0
1558.66666667
1549.33333333
1564.66666667
1555.0
1569.0
1538.0
1524.0
1526.66666667
1536.66666667
1569.66666667
1544.33333333
1569.66666667
1540.0
1576.66666667
1561.66666667
1544.33333333
1545.66666667
1582.33333333
1569.66666667
1519.0
SEC 34
1627.66666667
1611.0
1572.33333333
1608.33333333
1614.33333333
1597.0
1597.66666667
1660.66666667
1606.66666667
1595.66666667
1613.0
1602.66666667
1573.33333333
1612.0
1624.0
1643.0
1611.0
1562.0
1621.66666667
1589.33333333
1627.0
1564.33333333
1625.0
1616.66666667
1628.33333333
1586.33333333
1627.33333333
1588.0
1596.33333333
1600.0
1588.66666667
1621.33333333
1653.66666667
1609.33333333
1585.66666667
1575.0
1623.33333333
1627.33333333
1633.0
1628.0
1592.66666667
1552.0
1623.0
1628.33333333
1601.33333333
1597.66666667
1619.0
1609.66666667
1618.0
1586.33333333
1572.0
1590.66666667
1582.66666667
1618.66666667
1587.33333333
1600.33333333
1604.33333333
1624.66666667
1613.33333333
1601.66666667
1585.66666667
1630.66666667
1620.33333333
1568.66666667
SEC 35
1679.0
1664.66666667
1620.33333333
1653.33333333
1646.33333333
1660.0
1642.0
1707.66666667
1669.66666667
1636.33333333
1662.66666667
1642.66666667
1631.0
1655.66666667
1681.0
1688.66666667
1663.66666667
1616.33333333
1672.66666667
1642.0
1667.0
1634.66666667
1655.0
1670.66666667
1686.66666667
1638.0
1672.33333333
1632.0
1647.66666667
1651.33333333
1642.33333333
1660.33333333
1704.66666667
1657.66666667
1633.66666667
1627.33333333
1669.0
1678.0
1694.0
1667.66666667
1644.0
1599.66666667
1681.66666667
1673.33333333
1652.0
1644.33333333
1678.0
1667.66666667
1669.66666667
1636.66666667
1623.33333333
1634.33333333
1631.0
1671.33333333
1639.0
1645.0
1660.0
1683.0
1660.0
1627.66666667
1649.33333333
1678.66666667
1667.66666667
1624.66666667
SEC 36
1723.0
1709.66666667
1667.66666667
1694.0
1708.0
1693.66666667
1688.0
1754.66666667
1680.66666667
1713.0
1710.33333333
1696.66666667
1672.0
1719.66666667
1700.0
1732.33333333
1705.66666667
1664.33333333
1712.33333333
1686.0
1713.33333333
1666.66666667
1719.33333333
1716.33333333
1733.33333333
1686.0
1715.33333333
1680.0
1695.33333333
1698.33333333
1727.0
1671.0
1755.66666667
1698.33333333
1681.0
1675.66666667
1716.0
1722.66666667
1712.66666667
1738.33333333
1693.33333333
1650.66666667
1729.0
1725.66666667
1698.33333333
1693.33333333
1729.0
1716.0
1717.33333333
1678.66666667
1673.33333333
1680.66666667
1678.0
1713.66666667
1686.66666667
1696.33333333
1701.33333333
1728.66666667
1710.33333333
1683.33333333
1686.33333333
1719.66666667
1715.33333333
1672.66666667
SEC 37
1758.0
1749.0
1700.33333333
1731.66666667
1755.0
1729.66666667
1727.66666667
1797.33333333
1719.0
1750.66666667
1749.33333333
1715.33333333
1732.66666667
1771.0
1717.66666667
1770.0
1742.0
1699.0
1747.33333333
1722.33333333
1748.33333333
1715.66666667
1754.0
1752.33333333
1767.33333333
1722.33333333
1754.66666667
1716.33333333
1741.66666667
1728.33333333
1718.33333333
1766.66666667
1793.33333333
1734.33333333
1719.66666667
1709.66666667
1756.33333333
1757.0
1764.0
1760.0
1733.0
1696.0
1768.0
1764.33333333
1739.33333333
1734.33333333
1765.33333333
1751.66666667
1757.33333333
1719.0
1709.66666667
1718.33333333
1726.0
1759.0
1729.33333333
1747.66666667
1725.0
1764.66666667
1747.66666667
1711.33333333
1732.33333333
1754.66666667
1754.33333333
1713.66666667
SEC 38
1804.33333333
1799.66666667
1749.33333333
1783.0
1790.66666667
1790.0
1784.66666667
1848.0
1775.0
1801.0
1795.33333333
1769.33333333
1785.0
1770.0
1819.33333333
1817.66666667
1793.66666667
1744.66666667
1803.66666667
1770.33333333
1793.66666667
1773.66666667
1793.33333333
1800.33333333
1819.0
1776.66666667
1805.33333333
1759.66666667
1799.0
1779.66666667
1814.33333333
1775.0
1840.0
1780.66666667
1773.33333333
1757.66666667
1813.33333333
1811.66666667
1807.33333333
1811.66666667
1795.0
1747.66666667
1816.66666667
1817.66666667
1792.66666667
1783.33333333
1821.0
1806.0
1805.0
1773.0
1757.66666667
1770.33333333
1776.33333333
1806.33333333
1778.0
1799.66666667
1778.33333333
1814.0
1797.33333333
1784.33333333
1762.0
1812.33333333
1806.33333333
1760.33333333
SEC 39
1856.66666667
1851.66666667
1798.66666667
1837.33333333
1856.33333333
1840.33333333
1838.33333333
1898.0
1830.0
1846.0
1848.33333333
1812.0
1844.0
1818.33333333
1872.33333333
1863.0
1840.33333333
1795.66666667
1858.0
1847.33333333
1815.66666667
1854.33333333
1825.0
1848.0
1864.33333333
1832.0
1858.66666667
1809.66666667
1840.0
1844.33333333
1833.66666667
1855.66666667
1889.0
1830.0
1824.0
1804.66666667
1860.33333333
1865.33333333
1875.66666667
1852.66666667
1851.0
1798.66666667
1871.0
1872.33333333
1850.66666667
1830.66666667
1871.33333333
1857.66666667
1855.33333333
1824.0
1813.33333333
1817.66666667
1822.66666667
1859.33333333
1826.66666667
1871.33333333
1817.66666667
1862.33333333
1853.33333333
1825.0
1830.66666667
1868.33333333
1856.0
1813.33333333
SEC 40
1914.66666667
1902.0
1856.0
1891.33333333
1891.0
1905.66666667
1890.0
1946.66666667
1880.66666667
1905.0
1904.0
1868.33333333
1896.66666667
1879.66666667
1914.66666667
1918.33333333
1890.33333333
1847.33333333
1916.0
1872.0
1896.0
1904.66666667
1890.33333333
1896.66666667
1918.66666667
1884.0
1902.33333333
1861.33333333
1884.0
1902.33333333
1910.0
1886.66666667
1938.33333333
1880.66666667
1874.66666667
1852.33333333
1910.33333333
1914.0
1908.66666667
1924.33333333
1901.0
1851.33333333
1918.0
1922.33333333
1906.0
1879.66666667
1922.0
1912.33333333
1909.0
1872.66666667
1860.66666667
1873.66666667
1876.66666667
1911.0
1887.33333333
1888.0
1909.0
1914.33333333
1909.66666667
1891.33333333
1873.0
1924.66666667
1910.0
1868.66666667
SEC 41
1964.0
1945.66666667
1908.66666667
1941.33333333
1953.66666667
1945.66666667
1945.66666667
2002.66666667
1925.66666667
1958.33333333
1955.66666667
1925.33333333
1936.66666667
1963.66666667
1933.0
1968.33333333
1944.33333333
1894.0
1967.0
1943.66666667
1923.33333333
1969.33333333
1929.0
1947.0
1974.33333333
1935.66666667
1952.66666667
1912.66666667
1948.0
1943.0
1946.0
1948.66666667
1991.66666667
1928.66666667
1921.66666667
1907.33333333
1962.33333333
1966.33333333
1977.33333333
1952.33333333
1946.0
1913.0
1966.33333333
1972.66666667
1951.33333333
1930.0
1974.33333333
1959.0
1953.33333333
1920.0
1910.66666667
1923.33333333
1926.0
1961.66666667
1940.0
1957.33333333
1939.66666667
1961.66666667
1951.33333333
1930.66666667
1934.66666667
1976.66666667
1960.0
1918.0
SEC 42
2013.0
1989.66666667
1956.33333333
1988.0
2007.0
1992.0
2005.33333333
2051.0
2004.0
1989.0
2009.0
1986.0
1964.0
2008.66666667
1993.33333333
2011.66666667
1987.0
1943.0
2018.33333333
1967.66666667
1991.33333333
2007.33333333
1984.33333333
1991.0
2026.66666667
1983.66666667
2004.0
1967.66666667
2004.0
1994.66666667
1992.33333333
1996.33333333
2038.66666667
1978.33333333
1966.66666667
1964.33333333
2014.33333333
2011.0
2001.0
2018.33333333
1994.33333333
1962.66666667
2021.66666667
2027.66666667
1998.33333333
1983.33333333
2018.0
2006.66666667
2008.66666667
1966.66666667
1960.0
1968.33333333
1982.33333333
2011.0
1982.0
1978.0
2015.33333333
2004.66666667
2002.66666667
1973.33333333
1993.0
2029.0
2006.66666667
1971.66666667
SEC 43
2060.0
2044.0
2008.66666667
2037.66666667
2064.0
2041.66666667
2052.66666667
2099.0
2035.33333333
2056.33333333
2057.33333333
2036.66666667
2016.66666667
2056.0
2047.33333333
2057.0
2041.66666667
2000.33333333
2073.66666667
2014.33333333
2038.33333333
2038.0
2066.0
2045.0
2081.33333333
2028.66666667
2059.0
2023.33333333
2036.33333333
2064.66666667
2033.0
2056.33333333
2087.66666667
2026.0
2021.66666667
2010.33333333
2066.33333333
2066.66666667
2046.66666667
2070.66666667
2042.33333333
2013.33333333
2065.66666667
2080.33333333
2047.33333333
2040.0
2067.66666667
2054.0
2058.66666667
2023.33333333
2015.0
2023.33333333
2035.0
2061.66666667
2037.66666667
2052.66666667
2042.33333333
2050.33333333
2059.0
2027.66666667
2039.0
2090.0
2055.0
2027.0
SEC 44
2112.0
2099.33333333
2056.66666667
2089.66666667
2123.0
2094.66666667
2104.0
2145.0
2089.33333333
2111.0
2106.33333333
2065.33333333
2082.33333333
2091.0
2112.33333333
2107.0
2090.0
2050.66666667
2126.66666667
2087.66666667
2062.0
2098.0
2109.33333333
2095.66666667
2134.66666667
2074.33333333
2109.66666667
2076.0
2111.66666667
2088.0
2093.0
2103.66666667
2134.33333333
2079.0
2074.66666667
2064.66666667
2117.33333333
2115.33333333
2114.66666667
2100.0
2096.66666667
2059.0
2121.0
2128.33333333
2098.33333333
2087.0
2123.0
2102.33333333
2105.33333333
2076.33333333
2060.0
2074.66666667
2081.0
2111.0
2089.0
2077.66666667
2118.0
2110.66666667
2114.0
2079.33333333
2087.33333333
2147.33333333
2103.0
2072.66666667
SEC 45
2153.66666667
2143.66666667
2096.0
2127.66666667
2159.0
2149.33333333
2148.66666667
2185.0
2129.66666667
2150.0
2148.33333333
2127.33333333
2105.33333333
2130.33333333
2151.0
2139.66666667
2127.66666667
2092.0
2167.66666667
2128.66666667
2106.0
2130.33333333
2161.0
2137.0
2176.0
2115.66666667
2148.0
2115.66666667
2131.33333333
2151.0
2147.33333333
2141.0
2180.0
2123.33333333
2113.66666667
2106.0
2158.66666667
2153.66666667
2159.33333333
2135.66666667
2140.66666667
2103.66666667
2164.33333333
2174.66666667
2135.66666667
2128.0
2166.66666667
2145.66666667
2145.0
2115.0
2100.33333333
2116.0
2122.0
2152.0
2127.66666667
2161.0
2118.66666667
2151.33333333
2158.33333333
2110.66666667
2148.66666667
2191.33333333
2145.33333333
2110.0
SEC 46
2195.33333333
2182.0
2138.0
2170.0
2201.66666667
2197.66666667
2195.0
2230.66666667
2197.33333333
2163.33333333
2194.66666667
2156.0
2171.0
2159.33333333
2212.0
2184.66666667
2166.66666667
2139.0
2210.66666667
2175.66666667
2143.0
2209.66666667
2176.66666667
2184.33333333
2221.33333333
2158.66666667
2197.0
2162.0
2189.33333333
2185.33333333
2174.33333333
2200.33333333
2226.0
2172.0
2155.66666667
2150.0
2203.33333333
2202.33333333
2197.0
2185.66666667
2182.0
2149.0
2202.66666667
2219.33333333
2181.33333333
2169.33333333
2207.66666667
2188.33333333
2188.0
2153.66666667
2145.0
2161.33333333
2168.66666667
2194.33333333
2172.66666667
2203.0
2160.0
2193.33333333
2204.0
2200.0
2145.33333333
2233.33333333
2182.33333333
2158.0
SEC 47
2246.33333333
2238.66666667
2187.66666667
2223.33333333
2238.66666667
2261.33333333
2248.0
2291.66666667
2229.33333333
2252.0
2250.33333333
2222.33333333
2212.0
2215.0
2273.66666667
2234.66666667
2218.0
2189.66666667
2259.33333333
2225.0
2208.0
2231.66666667
2269.33333333
2237.0
2274.66666667
2218.33333333
2256.0
2217.33333333
2232.66666667
2258.0
2234.0
2248.33333333
2281.66666667
2229.66666667
2209.33333333
2202.33333333
2255.66666667
2263.0
2248.66666667
2243.66666667
2241.0
2203.0
2257.66666667
2274.0
2233.0
2225.66666667
2265.0
2245.66666667
2249.66666667
2209.0
2196.66666667
2217.66666667
2221.33333333
2257.66666667
2226.0
2225.33333333
2241.0
2244.66666667
2252.66666667
2201.0
2256.0
2284.66666667
2231.66666667
2207.0
SEC 48
2286.66666667
2288.0
2232.66666667
2271.0
2284.33333333
2316.33333333
2301.0
2334.0
2316.33333333
2267.33333333
2303.33333333
2251.0
2286.0
2322.33333333
2261.0
2278.0
2268.0
2236.33333333
2306.66666667
2250.33333333
2272.33333333
2297.33333333
2304.66666667
2286.0
2321.33333333
2266.0
2306.33333333
2263.66666667
2311.0
2289.0
2298.0
2275.33333333
2327.66666667
2274.0
2258.33333333
2246.0
2307.66666667
2315.0
2280.0
2308.66666667
2289.0
2246.33333333
2298.66666667
2328.66666667
2284.66666667
2273.33333333
2314.0
2297.66666667
2299.33333333
2255.66666667
2245.0
2260.33333333
2270.33333333
2308.33333333
2276.0
2283.33333333
2274.33333333
2302.66666667
2302.33333333
2247.0
2308.0
2334.33333333
2286.33333333
2257.66666667
SEC 49
2342.66666667
2335.66666667
2286.66666667
2326.33333333
2359.33333333
2340.33333333
2350.33333333
2383.33333333
2355.33333333
2326.66666667
2355.0
2312.66666667
2328.0
2331.66666667
2359.33333333
2329.33333333
2319.66666667
2288.0
2356.66666667
2304.33333333
2327.33333333
2331.33333333
2365.66666667
2341.66666667
2367.33333333
2316.0
2355.33333333
2321.66666667
2339.66666667
2362.0
2348.0
2325.0
2376.66666667
2325.0
2307.0
2296.66666667
2361.66666667
2363.33333333
2347.66666667
2338.66666667
2337.66666667
2296.33333333
2348.66666667
2379.0
2345.0
2322.0
2362.66666667
2349.33333333
2352.0
2304.0
2296.66666667
2303.66666667
2325.0
2357.66666667
2326.33333333
2322.0
2334.33333333
2352.66666667
2354.33333333
2296.66666667
2361.0
2382.33333333
2339.66666667
2308.33333333
SEC 50
2393.0
2384.0
2338.0
2375.0
2401.66666667
2409.33333333
2395.66666667
2432.0
2411.0
2373.0
2403.66666667
2363.66666667
2383.33333333
2379.33333333
2407.66666667
2375.33333333
2370.66666667
2341.33333333
2402.33333333
2348.0
2374.66666667
2399.33333333
2401.0
2390.0
2422.66666667
2368.33333333
2405.66666667
2375.0
2382.33333333
2409.66666667
2399.66666667
2379.66666667
2427.66666667
2372.0
2353.0
2343.66666667
2406.66666667
2417.66666667
2410.33333333
2371.66666667
2384.0
2344.33333333
2397.66666667
2426.33333333
2392.33333333
2372.66666667
2412.0
2402.33333333
2400.66666667
2355.33333333
2359.33333333
2351.33333333
2370.33333333
2403.66666667
2378.66666667
2411.66666667
2345.66666667
2404.66666667
2406.66666667
2354.33333333
2404.66666667
2430.0
2390.0
2361.0
SEC 51
2440.33333333
2435.0
2384.0
2423.33333333
2433.33333333
2466.33333333
2445.0
2477.0
2416.33333333
2457.0
2451.0
2446.66666667
2402.33333333
2422.33333333
2453.33333333
2420.33333333
2411.66666667
2388.33333333
2447.33333333
2419.66666667
2396.0
2427.0
2463.0
2435.33333333
2463.0
2413.66666667
2451.33333333
2422.0
2437.33333333
2444.0
2446.33333333
2426.0
2472.33333333
2423.0
2399.33333333
2394.33333333
2452.0
2466.33333333
2441.0
2440.66666667
2424.0
2387.33333333
2442.0
2469.66666667
2439.0
2421.0
2455.33333333
2444.0
2452.66666667
2405.33333333
2403.33333333
2393.0
2416.66666667
2446.0
2418.66666667
2411.66666667
2444.33333333
2450.0
2446.66666667
2449.66666667
2398.33333333
2474.33333333
2434.0
2406.0
SEC 52
2489.66666667
2482.0
2431.66666667
2469.66666667
2477.0
2516.33333333
2489.66666667
2524.33333333
2503.33333333
2463.0
2501.33333333
2468.66666667
2481.66666667
2533.0
2445.66666667
2469.66666667
2460.0
2434.33333333
2495.66666667
2472.0
2445.0
2526.0
2462.33333333
2481.0
2510.0
2461.33333333
2515.0
2473.66666667
2493.66666667
2485.0
2493.0
2473.66666667
2521.33333333
2469.0
2447.0
2447.66666667
2496.33333333
2522.0
2503.66666667
2483.33333333
2477.0
2438.66666667
2485.33333333
2524.0
2486.33333333
2465.66666667
2508.66666667
2491.66666667
2502.33333333
2464.66666667
2449.33333333
2442.66666667
2468.66666667
2498.33333333
2465.66666667
2492.0
2469.33333333
2499.0
2493.33333333
2471.0
2479.0
2522.66666667
2481.33333333
2450.0
SEC 53
2544.66666667
2538.0
2491.0
2530.0
2532.33333333
2576.0
2544.33333333
2580.33333333
2521.33333333
2564.33333333
2554.66666667
2516.66666667
2552.33333333
2563.0
2527.33333333
2524.66666667
2514.0
2495.0
2552.0
2526.33333333
2503.0
2546.33333333
2558.33333333
2535.66666667
2568.66666667
2517.66666667
2572.33333333
2528.66666667
2553.33333333
2528.66666667
2558.33333333
2528.66666667
2571.33333333
2531.66666667
2505.0
2499.33333333
2558.33333333
2578.0
2548.0
2544.33333333
2534.33333333
2501.0
2544.66666667
2579.33333333
2542.66666667
2522.33333333
2569.0
2547.0
2565.66666667
2526.66666667
2503.33333333
2495.33333333
2523.0
2566.33333333
2520.66666667
2531.33333333
2542.33333333
2556.0
2547.66666667
2529.33333333
2542.33333333
2589.33333333
2544.0
2506.66666667
SEC 54
2594.66666667
2588.66666667
2538.66666667
2574.33333333
2617.66666667
2595.33333333
2594.33333333
2634.0
2604.66666667
2582.0
2608.66666667
2593.0
2575.33333333
2640.0
2551.33333333
2568.0
2567.66666667
2541.0
2601.0
2555.33333333
2573.33333333
2596.0
2610.66666667
2585.33333333
2621.66666667
2567.66666667
2621.0
2576.33333333
2604.66666667
2579.33333333
2583.33333333
2603.66666667
2625.0
2583.66666667
2559.66666667
2551.66666667
2604.66666667
2626.33333333
2579.66666667
2611.33333333
2584.0
2543.33333333
2596.66666667
2625.33333333
2591.66666667
2573.66666667
2612.66666667
2600.33333333
2615.66666667
2578.0
2553.0
2545.66666667
2568.33333333
2617.0
2574.33333333
2565.33333333
2602.0
2599.66666667
2595.66666667
2587.33333333
2581.66666667
2641.0
2591.33333333
2555.0
SEC 55
2646.33333333
2639.66666667
2586.33333333
2621.0
2635.0
2684.33333333
2644.0
2681.33333333
2671.33333333
2627.33333333
2661.66666667
2619.66666667
2646.66666667
2604.0
2688.0
2623.33333333
2621.33333333
2587.33333333
2656.0
2632.33333333
2603.33333333
2672.66666667
2628.33333333
2633.0
2667.0
2620.33333333
2669.66666667
2627.66666667
2626.33333333
2656.0
2634.0
2657.0
2680.66666667
2634.33333333
2608.66666667
2607.0
2652.0
2692.33333333
2659.33333333
2635.33333333
2638.66666667
2592.33333333
2654.0
2680.0
2644.0
2625.33333333
2664.33333333
2655.66666667
2661.66666667
2626.0
2606.66666667
2592.0
2618.33333333
2668.66666667
2622.33333333
2615.0
2656.33333333
2648.33333333
2647.33333333
2642.33333333
2633.0
2693.33333333
2640.66666667
2605.0
SEC 56
2703.0
2691.0
2638.0
2670.66666667
2720.0
2696.0
2699.33333333
2728.0
2676.33333333
2723.33333333
2712.0
2708.0
2658.66666667
2681.33333333
2713.0
2678.0
2669.66666667
2646.33333333
2710.33333333
2655.0
2682.33333333
2698.66666667
2702.66666667
2682.33333333
2716.0
2674.33333333
2719.33333333
2680.0
2686.66666667
2701.33333333
2709.33333333
2687.33333333
2732.0
2687.33333333
2661.0
2656.33333333
2702.66666667
2749.0
2715.33333333
2692.0
2686.66666667
2645.66666667
2704.33333333
2728.0
2695.0
2683.0
2721.0
2703.33333333
2716.0
2674.33333333
2655.66666667
2643.0
2669.0
2716.33333333
2676.0
2694.33333333
2680.0
2704.66666667
2697.66666667
2717.0
2665.66666667
2743.0
2689.0
2658.33333333
SEC 57
2756.66666667
2739.66666667
2692.33333333
2721.0
2760.66666667
2754.0
2744.0
2782.33333333
2771.66666667
2730.33333333
2765.66666667
2757.66666667
2705.66666667
2788.66666667
2705.33333333
2730.66666667
2721.33333333
2696.33333333
2765.66666667
2709.33333333
2730.66666667
2761.0
2744.33333333
2728.0
2767.0
2723.0
2772.33333333
2728.66666667
2729.66666667
2759.0
2731.0
2762.66666667
2781.0
2733.33333333
2717.33333333
2702.33333333
2754.33333333
2796.66666667
2735.0
2773.0
2737.66666667
2692.66666667
2751.33333333
2781.66666667
2745.0
2733.33333333
2772.66666667
2751.66666667
2771.66666667
2723.33333333
2705.0
2697.66666667
2717.66666667
2766.0
2729.33333333
2755.33333333
2727.33333333
2752.33333333
2750.0
2714.66666667
2770.66666667
2790.33333333
2740.33333333
2710.66666667
SEC 58
2806.66666667
2786.66666667
2741.33333333
2770.33333333
2821.66666667
2798.66666667
2793.66666667
2830.0
2775.66666667
2825.0
2814.33333333
2804.0
2756.33333333
2809.66666667
2779.66666667
2774.0
2780.33333333
2745.0
2813.0
2756.0
2783.0
2841.33333333
2770.66666667
2769.66666667
2816.33333333
2774.33333333
2821.33333333
2777.66666667
2785.66666667
2810.0
2820.66666667
2776.66666667
2829.0
2779.0
2761.33333333
2755.0
2804.66666667
2840.66666667
2793.66666667
2805.0
2789.66666667
2734.66666667
2792.66666667
2834.33333333
2796.0
2781.66666667
2818.33333333
2797.0
2819.66666667
2774.0
2763.33333333
2747.0
2767.33333333
2812.33333333
2774.33333333
2759.66666667
2817.33333333
2807.66666667
2807.0
2793.66666667
2785.66666667
2837.0
2786.0
2759.33333333
SEC 59
2852.33333333
2836.33333333
2788.0
2819.0
2871.33333333
2843.0
2841.0
2872.0
2874.0
2827.0
2865.66666667
2844.66666667
2805.33333333
2837.33333333
2852.66666667
2822.66666667
2825.66666667
2794.66666667
2861.66666667
2826.66666667
2805.33333333
2887.33333333
2817.66666667
2813.66666667
2867.33333333
2825.33333333
2869.66666667
2824.33333333
2853.66666667
2845.33333333
2864.0
2834.0
2880.66666667
2827.66666667
2806.0
2799.33333333
2854.0
2888.66666667
2854.66666667
2842.0
2833.66666667
2786.66666667
2840.33333333
2884.0
2841.0
2829.0
2863.33333333
2849.0
2870.33333333
2819.0
2812.0
2798.0
2811.66666667
2862.66666667
2819.66666667
2808.66666667
2864.66666667
2851.33333333
2858.33333333
2834.66666667
2844.33333333
2887.33333333
2831.33333333
2808.33333333
SEC 60
2904.33333333
2893.33333333
2840.66666667
2875.66666667
2926.66666667
2897.0
2894.33333333
2929.0
2925.66666667
2880.66666667
2930.0
2908.66666667
2861.33333333
2879.0
2927.33333333
2875.66666667
2882.66666667
2851.0
2920.0
2856.66666667
2887.66666667
2928.0
2897.33333333
2868.66666667
2924.0
2881.0
2923.33333333
2879.0
2897.33333333
2923.0
2885.0
2922.66666667
2934.66666667
2880.33333333
2872.33333333
2854.0
2912.0
2946.0
2914.33333333
2893.0
2882.33333333
2839.66666667
2896.66666667
2934.66666667
2897.33333333
2884.33333333
2922.0
2907.0
2932.33333333
2875.33333333
2870.0
2862.66666667
2868.33333333
2920.66666667
2873.66666667
2858.66666667
2918.33333333
2909.66666667
2914.66666667
2865.33333333
2924.33333333
2943.33333333
2887.66666667
2863.66666667
SEC 61
2958.33333333
2945.0
2890.0
2926.0
2954.66666667
2972.66666667
2948.66666667
2990.33333333
2972.33333333
2947.66666667
2981.0
2964.0
2912.66666667
2939.0
2973.0
2929.33333333
2934.33333333
2906.33333333
2975.66666667
2937.0
2918.0
2954.0
2983.33333333
2914.33333333
2972.33333333
2927.33333333
2972.66666667
2932.33333333
2928.0
2995.0
2940.33333333
2971.33333333
2984.0
2926.33333333
2926.33333333
2904.0
2962.66666667
2995.33333333
2957.33333333
2956.66666667
2934.66666667
2893.66666667
2951.0
2986.33333333
2946.66666667
2934.33333333
2975.33333333
2949.66666667
2982.0
2925.66666667
2915.33333333
2913.0
2913.33333333
2974.33333333
2927.66666667
2894.33333333
2991.33333333
2961.0
2966.66666667
2945.33333333
2947.0
2995.33333333
2948.0
2916.66666667
SEC 62
3006.0
2996.33333333
2938.0
2976.0
3012.33333333
3022.66666667
3000.33333333
3041.66666667
3030.33333333
2994.33333333
3028.0
3033.66666667
2961.66666667
3007.66666667
3010.66666667
2981.33333333
2993.0
2963.0
3033.66666667
2997.33333333
2973.33333333
3010.33333333
3031.33333333
2968.0
3026.66666667
2977.33333333
3018.66666667
2980.0
2979.66666667
3051.0
3013.0
3006.33333333
3033.33333333
2984.66666667
2982.33333333
2953.33333333
3012.66666667
3044.33333333
3022.66666667
3001.0
2983.0
2944.33333333
3005.0
3044.0
2998.0
2987.0
3022.66666667
3003.0
3030.0
2978.0
2963.0
2970.33333333
2969.0
3039.33333333
2981.0
2967.0
3016.66666667
3016.0
3014.66666667
3028.33333333
2971.66666667
3047.0
2999.66666667
2964.66666667
SEC 63
3042.33333333
3040.0
2981.33333333
3013.0
3064.66666667
3040.66666667
3039.33333333
3081.33333333
3036.33333333
3071.33333333
3069.66666667
3006.0
3069.33333333
3087.33333333
3013.0
3020.0
3031.66666667
3004.66666667
3075.66666667
3035.0
3016.0
3104.33333333
3009.0
3006.33333333
3068.33333333
3016.33333333
3055.0
3024.66666667
3044.66666667
3071.0
3045.0
3048.66666667
3069.66666667
3027.33333333
3023.66666667
2993.66666667
3049.0
3090.66666667
3055.0
3050.66666667
3015.66666667
2980.33333333
3043.33333333
3085.0
3038.33333333
3023.0
3062.0
3041.33333333
3068.0
3011.66666667
3000.66666667
3007.0
3010.66666667
3081.66666667
3023.33333333
3076.33333333
2988.66666667
3056.66666667
3053.0
3025.33333333
3051.66666667
3080.33333333
3039.33333333
3002.33333333
SEC 64
3084.66666667
3091.66666667
3027.33333333
3055.0
3105.66666667
3090.33333333
3083.0
3122.33333333
3082.0
3122.66666667
3129.66666667
3062.33333333
3104.66666667
3055.0
3133.0
3072.0
3075.33333333
3046.66666667
3122.33333333
3087.66666667
3064.33333333
3087.0
3120.66666667
3053.66666667
3114.66666667
3067.0
3097.66666667
3071.33333333
3064.33333333
3142.33333333
3091.33333333
3092.0
3117.0
3077.33333333
3065.0
3038.33333333
3095.66666667
3143.33333333
3088.0
3113.33333333
3063.0
3025.0
3090.0
3137.0
3083.33333333
3067.33333333
3117.66666667
3090.33333333
3114.66666667
3057.66666667
3038.0
3053.0
3051.66666667
3133.33333333
3067.66666667
3065.33333333
3096.66666667
3103.66666667
3105.0
3110.66666667
3062.33333333
3129.66666667
3085.0
3048.33333333
SEC 65
3128.33333333
3139.66666667
3061.66666667
3097.0
3133.0
3154.0
3123.66666667
3160.33333333
3123.33333333
3159.66666667
3174.66666667
3163.0
3091.0
3142.66666667
3130.33333333
3118.33333333
3119.0
3086.33333333
3173.0
3106.0
3130.0
3132.33333333
3165.33333333
3096.66666667
3155.33333333
3111.66666667
3141.33333333
3113.0
3154.0
3131.0
3139.66666667
3136.66666667
3161.0
3119.0
3110.66666667
3085.0
3139.66666667
3188.66666667
3149.33333333
3143.33333333
3108.33333333
3064.0
3135.33333333
3173.0
3122.0
3110.66666667
3163.66666667
3129.66666667
3160.66666667
3111.0
3081.66666667
3088.66666667
3090.0
3180.66666667
3106.66666667
3111.33333333
3144.66666667
3150.33333333
3156.0
3133.33333333
3118.66666667
3173.0
3127.0
3089.33333333
SEC 66
3175.66666667
3195.66666667
3115.66666667
3147.66666667
3160.33333333
3221.33333333
3173.0
3211.0
3175.0
3211.0
3218.66666667
3203.33333333
3151.33333333
3194.66666667
3180.66666667
3162.66666667
3165.66666667
3143.0
3223.66666667
3160.33333333
3184.33333333
3191.0
3222.66666667
3152.66666667
3204.66666667
3167.66666667
3193.0
3165.66666667
3198.0
3179.0
3206.66666667
3169.0
3208.66666667
3166.0
3160.66666667
3136.0
3192.33333333
3234.0
3208.66666667
3188.0
3153.66666667
3114.33333333
3184.0
3224.33333333
3173.66666667
3158.66666667
3216.33333333
3182.66666667
3207.33333333
3155.33333333
3132.0
3136.33333333
3141.0
3227.0
3158.33333333
3127.66666667
3222.33333333
3203.33333333
3209.0
3148.66666667
3198.33333333
3223.33333333
3177.66666667
3142.33333333
SEC 67
3220.33333333
3240.66666667
3164.66666667
3195.0
3225.66666667
3252.0
3219.33333333
3259.33333333
3236.33333333
3244.33333333
3267.33333333
3184.0
3263.66666667
3215.33333333
3252.66666667
3210.0
3209.33333333
3191.33333333
3269.0
3212.0
3228.33333333
3263.33333333
3237.66666667
3197.33333333
3253.0
3213.66666667
3237.33333333
3218.0
3217.66666667
3249.33333333
3237.66666667
3234.0
3258.66666667
3211.33333333
3203.33333333
3185.33333333
3239.0
3281.66666667
3233.33333333
3261.0
3205.0
3171.33333333
3230.33333333
3268.33333333
3220.33333333
3210.66666667
3271.0
3236.66666667
3252.0
3202.33333333
3176.33333333
3182.0
3189.0
3276.66666667
3202.66666667
3270.0
3171.66666667
3249.33333333
3257.66666667
3197.33333333
3251.0
3273.33333333
3227.0
3189.33333333
SEC 68
3261.66666667
3284.66666667
3207.0
3244.33333333
3275.66666667
3298.66666667
3264.0
3303.66666667
3293.66666667
3288.0
3310.66666667
3248.66666667
3301.0
3292.66666667
3266.33333333
3255.0
3255.33333333
3241.0
3317.66666667
3279.33333333
3258.0
3327.66666667
3270.33333333
3246.33333333
3306.0
3261.0
3279.0
3265.0
3309.66666667
3263.66666667
3262.0
3303.66666667
3303.0
3255.66666667
3249.0
3235.33333333
3283.0
3330.33333333
3302.0
3281.0
3252.33333333
3224.0
3282.33333333
3311.0
3265.66666667
3248.33333333
3319.66666667
3283.33333333
3298.66666667
3243.66666667
3223.0
3225.33333333
3236.33333333
3324.66666667
3251.33333333
3292.66666667
3247.66666667
3296.33333333
3299.0
3245.66666667
3299.33333333
3329.33333333
3278.33333333
3235.33333333
SEC 69
3317.66666667
3333.66666667
3250.66666667
3290.0
3367.66666667
3306.0
3311.0
3354.0
3350.66666667
3321.0
3365.33333333
3302.0
3345.66666667
3338.33333333
3311.66666667
3306.33333333
3304.66666667
3281.66666667
3366.0
3300.33333333
3331.33333333
3374.33333333
3321.66666667
3300.33333333
3361.0
3314.66666667
3325.33333333
3316.66666667
3293.0
3376.0
3309.66666667
3352.0
3356.0
3314.0
3296.0
3286.33333333
3332.33333333
3382.0
3347.66666667
3341.33333333
3299.66666667
3267.33333333
3332.33333333
3359.33333333
3315.66666667
3293.0
3371.33333333
3335.33333333
3346.0
3298.66666667
3274.33333333
3278.33333333
3289.33333333
3371.0
3300.0
3313.66666667
3323.33333333
3343.0
3344.33333333
3298.66666667
3349.66666667
3379.0
3325.66666667
3291.66666667
SEC 70
3370.33333333
3376.66666667
3303.33333333
3340.0
3373.33333333
3400.33333333
3355.66666667
3406.0
3387.66666667
3383.33333333
3419.0
3418.0
3333.33333333
3383.0
3382.66666667
3360.33333333
3364.66666667
3333.33333333
3419.33333333
3380.66666667
3361.33333333
3425.33333333
3371.0
3355.0
3412.66666667
3364.33333333
3378.0
3368.0
3381.66666667
3391.0
3375.0
3393.0
3409.33333333
3372.0
3343.0
3337.0
3384.66666667
3435.66666667
3400.0
3389.0
3357.66666667
3320.33333333
3384.66666667
3410.33333333
3364.0
3347.0
3423.66666667
3385.33333333
3399.33333333
3346.33333333
3336.0
3331.66666667
3341.0
3423.66666667
3359.0
3370.33333333
3363.33333333
3394.0
3390.0
3350.0
3397.33333333
3435.33333333
3374.0
3340.66666667
SEC 71
3420.0
3424.0
3355.33333333
3393.0
3451.33333333
3422.33333333
3405.33333333
3454.66666667
3409.66666667
3457.33333333
3467.66666667
3441.0
3403.66666667
3424.66666667
3431.33333333
3407.0
3409.33333333
3372.0
3468.33333333
3414.66666667
3422.0
3426.0
3477.66666667
3400.66666667
3454.33333333
3412.0
3427.33333333
3417.33333333
3416.0
3452.0
3417.33333333
3454.0
3452.33333333
3421.66666667
3389.66666667
3384.66666667
3430.33333333
3478.33333333
3451.66666667
3442.66666667
3402.33333333
3373.33333333
3438.0
3452.66666667
3412.66666667
3395.0
3469.0
3432.66666667
3455.33333333
3402.66666667
3383.66666667
3383.0
3388.0
3477.0
3400.66666667
3371.33333333
3452.0
3447.33333333
3443.33333333
3425.33333333
3423.33333333
3486.33333333
3421.66666667
3383.0
SEC 72
3470.33333333
3468.66666667
3406.66666667
3437.66666667
3493.33333333
3477.33333333
3451.33333333
3502.33333333
3471.66666667
3492.33333333
3513.33333333
3512.66666667
3432.0
3459.66666667
3496.0
3458.66666667
3459.0
3420.0
3520.66666667
3479.0
3454.66666667
3518.0
3481.66666667
3451.0
3508.0
3460.66666667
3475.66666667
3464.66666667
3499.66666667
3462.0
3474.0
3505.33333333
3504.0
3464.0
3442.0
3431.66666667
3470.33333333
3526.0
3505.0
3485.0
3446.66666667
3422.66666667
3492.66666667
3502.66666667
3461.66666667
3441.0
3515.66666667
3478.66666667
3504.66666667
3456.33333333
3430.66666667
3431.0
3440.33333333
3527.66666667
3449.0
3443.66666667
3484.66666667
3493.66666667
3490.33333333
3470.66666667
3478.33333333
3531.0
3463.33333333
3433.33333333
SEC 73
3524.33333333
3517.66666667
3460.0
3485.33333333
3523.33333333
3560.33333333
3501.0
3559.33333333
3542.0
3518.0
3558.0
3567.33333333
3479.66666667
3514.66666667
3543.0
3507.33333333
3516.0
3477.33333333
3578.0
3533.33333333
3502.33333333
3524.33333333
3575.33333333
3505.0
3562.66666667
3511.66666667
3531.0
3518.66666667
3539.33333333
3523.66666667
3557.33333333
3529.66666667
3551.66666667
3514.0
3490.0
3483.0
3517.33333333
3574.0
3560.0
3536.66666667
3499.33333333
3467.66666667
3544.0
3553.66666667
3511.0
3491.0
3569.66666667
3526.66666667
3553.66666667
3500.33333333
3477.66666667
3485.33333333
3488.0
3579.33333333
3499.66666667
3499.66666667
3536.66666667
3551.0
3544.0
3539.66666667
3508.0
3578.66666667
3515.33333333
3485.0
SEC 74
3573.0
3573.66666667
3511.33333333
3538.66666667
3592.0
3603.66666667
3561.33333333
3617.0
3588.66666667
3577.66666667
3604.66666667
3593.33333333
3556.0
3594.0
3568.33333333
3560.0
3569.66666667
3527.66666667
3629.33333333
3564.33333333
3577.66666667
3582.33333333
3613.33333333
3557.33333333
3618.0
3561.0
3578.33333333
3573.33333333
3590.33333333
3576.66666667
3597.0
3596.0
3611.0
3564.0
3548.66666667
3534.0
3573.33333333
3630.33333333
3599.66666667
3602.0
3559.66666667
3527.0
3592.0
3610.0
3570.0
3542.66666667
3621.33333333
3577.0
3608.33333333
3551.0
3528.66666667
3536.0
3536.0
3635.66666667
3550.66666667
3545.66666667
3593.66666667
3604.33333333
3599.33333333
3556.33333333
3592.66666667
3632.0
3566.33333333
3535.66666667
SEC 75
3632.66666667
3630.0
3565.33333333
3594.0
3655.33333333
3646.66666667
3618.33333333
3672.33333333
3633.0
3638.66666667
3662.33333333
3585.66666667
3672.0
3651.66666667
3625.33333333
3616.66666667
3624.33333333
3574.66666667
3680.33333333
3613.0
3634.66666667
3634.33333333
3669.0
3608.33333333
3670.33333333
3608.33333333
3626.66666667
3625.33333333
3619.0
3654.66666667
3640.66666667
3656.0
3662.0
3622.66666667
3601.33333333
3592.0
3626.33333333
3689.0
3655.33333333
3666.33333333
3615.0
3577.0
3651.33333333
3666.0
3624.0
3594.0
3672.66666667
3634.0
3662.0
3606.33333333
3581.66666667
3594.0
3590.0
3689.33333333
3600.66666667
3665.33333333
3582.33333333
3660.0
3653.0
3622.33333333
3635.0
3685.33333333
3625.0
3590.66666667
SEC 76
3669.66666667
3675.33333333
3609.33333333
3639.33333333
3711.0
3682.33333333
3656.0
3716.66666667
3676.66666667
3683.66666667
3705.0
3650.33333333
3698.33333333
3684.33333333
3678.0
3657.33333333
3666.66666667
3619.33333333
3723.0
3673.66666667
3662.33333333
3673.0
3714.0
3656.33333333
3708.33333333
3652.33333333
3667.66666667
3664.0
3681.0
3673.0
3684.33333333
3691.66666667
3707.66666667
3666.0
3644.66666667
3635.66666667
3669.33333333
3731.66666667
3696.66666667
3713.0
3657.33333333
3624.33333333
3692.0
3705.0
3667.0
3637.66666667
3720.0
3672.0
3699.66666667
3647.0
3623.33333333
3639.66666667
3637.66666667
3730.0
3639.0
3621.0
3722.0
3702.66666667
3696.66666667
3673.66666667
3667.66666667
3729.33333333
3666.66666667
3632.33333333
SEC 77
3723.0
3728.0
3667.33333333
3692.0
3777.33333333
3727.66666667
3705.0
3769.33333333
3736.33333333
3730.33333333
3758.0
3746.0
3711.0
3726.0
3741.66666667
3708.66666667
3724.66666667
3674.66666667
3783.33333333
3708.33333333
3728.66666667
3764.0
3721.0
3713.0
3755.33333333
3700.66666667
3713.0
3719.66666667
3745.66666667
3712.0
3731.0
3741.66666667
3756.33333333
3713.0
3700.0
3688.66666667
3723.66666667
3785.33333333
3754.66666667
3758.33333333
3708.33333333
3679.66666667
3744.66666667
3758.0
3716.66666667
3686.66666667
3764.33333333
3720.66666667
3743.0
3700.66666667
3677.0
3685.33333333
3690.66666667
3779.33333333
3689.33333333
3742.33333333
3704.33333333
3750.33333333
3744.66666667
3715.0
3722.0
3777.33333333
3719.33333333
3683.33333333
SEC 78
3769.66666667
3779.66666667
3710.66666667
3741.33333333
3807.33333333
3787.66666667
3753.66666667
3820.33333333
3785.66666667
3777.66666667
3805.33333333
3726.66666667
3835.33333333
3780.0
3775.0
3755.0
3777.66666667
3723.66666667
3830.33333333
3776.0
3765.66666667
3808.66666667
3764.0
3761.33333333
3804.0
3746.66666667
3759.66666667
3763.66666667
3818.33333333
3739.33333333
3780.66666667
3788.33333333
3812.0
3757.0
3749.0
3733.0
3780.0
3834.33333333
3807.0
3806.0
3767.33333333
3731.0
3789.66666667
3803.33333333
3765.0
3730.0
3816.33333333
3777.33333333
3793.0
3745.0
3727.66666667
3730.33333333
3735.33333333
3826.0
3732.0
3798.33333333
3756.66666667
3792.33333333
3793.33333333
3781.33333333
3757.0
3825.33333333
3768.66666667
3724.0
SEC 79
3824.0
3835.0
3775.33333333
3795.66666667
3861.66666667
3848.0
3814.0
3876.66666667
3845.33333333
3836.33333333
3859.0
3857.66666667
3818.66666667
3842.0
3831.33333333
3815.66666667
3829.0
3781.0
3882.0
3833.0
3829.66666667
3825.66666667
3854.66666667
3819.33333333
3855.66666667
3799.33333333
3816.0
3820.0
3844.0
3822.0
3839.66666667
3838.66666667
3874.66666667
3816.66666667
3805.33333333
3794.0
3836.66666667
3892.33333333
3836.33333333
3891.33333333
3822.0
3792.66666667
3838.33333333
3858.33333333
3822.66666667
3789.0
3866.33333333
3839.0
3850.33333333
3799.0
3785.0
3785.33333333
3786.0
3877.33333333
3786.66666667
3826.33333333
3841.66666667
3853.33333333
3849.66666667
3839.66666667
3818.0
3881.0
3827.66666667
3778.66666667
SEC 80
3875.0
3880.33333333
3828.66666667
3851.0
3913.66666667
3892.33333333
3872.33333333
3927.0
3898.0
3897.0
3909.0
3937.66666667
3840.66666667
3901.33333333
3871.0
3872.0
3884.0
3828.33333333
3931.33333333
3876.0
3885.33333333
3954.0
3826.33333333
3872.33333333
3903.66666667
3849.66666667
3873.33333333
3875.66666667
3919.0
3841.66666667
3879.0
3902.0
3922.33333333
3868.66666667
3852.66666667
3837.66666667
3900.0
3941.33333333
3915.66666667
3909.66666667
3876.0
3845.33333333
3896.66666667
3911.66666667
3874.33333333
3840.33333333
3917.33333333
3885.33333333
3896.66666667
3844.33333333
3835.0
3834.33333333
3842.66666667
3926.66666667
3833.33333333
3889.66666667
3879.66666667
3903.33333333
3903.0
3888.33333333
3870.66666667
3930.0
3872.66666667
3830.66666667
