WT0
31.6666666667
53.0
52.0000000003
68.333333333
71.666666667
77.333333333
71.666666667
85.0
75.0
66.666666666
96.333333334
79.666666666
132.0
70.666666667
120.66666667
65.66666666
101.66666667
55.66666667
89.33333333
102.33333333
112.66666667
60.0
80.33333333
83.33333334
79.33333333
79.66666667
103.33333333
117.0
98.66666667
48.66666666
151.66666667
59.0
79.33333333
65.0
151.33333334
14.0
125.33333333
127.66666667
104.0
36.0
128.0
27.33333333
109.0
98.66666667
75.33333333
87.0
31.33333333
159.33333334
9.66666666
114.66666667
82.33333333
105.0
98.0
39.0
135.33333334
142.66666666
43.0
79.0
104.66666667
79.66666667
121.0
18.33333333
88.66666667
153.66666666
94.0
36.66666667
97.66666667
59.66666666
94.0
46.0
125.66666667
80.33333333
123.0
88.0
41.66666667
142.33333333
110.33333334
32.0
88.0
WT1
31.0
48.0
62.0
58.666666667
69.0
75.666666666
88.0
65.0
79.0
108.666666667
74.666666667
114.333333333
55.666666667
107.666666663
54.66666667
123.0
49.33333333
135.33333334
95.0
78.33333333
82.33333333
64.0
85.33333334
106.33333333
38.66666667
137.0
97.0
52.66666666
124.0
103.66666667
90.66666667
74.0
101.66666666
121.0
18.66666667
121.66666667
92.33333333
34.0
90.33333333
125.66666667
45.33333333
130.66666667
22.66666667
95.0
115.33333333
129.66666667
14.33333333
74.66666667
115.66666666
152.0
84.0
2.33333333
139.33333333
113.0
110.0
3.66666666
127.0
82.33333333
160.0
38.66666667
87.33333333
127.33333333
6.33333333
153.0
17.66666667
135.66666666
137.33333334
34.0
115.0
76.33333333
84.0
58.66666667
162.66666666
63.66666667
128.0
69.66666667
54.33333333
112.66666667
5.0
WT2
30.3333333333
59.3333333334
47.3333333333
65.333333333
79.333333334
61.666666666
68.333333334
90.0
71.333333333
104.666666667
89.666666666
80.333333334
97.0
90.666666663
82.33333334
72.33333333
109.66666667
59.66666666
106.0
97.33333334
66.66666666
132.66666667
71.33333333
61.33333334
120.33333333
59.0
81.33333333
110.33333334
66.33333333
150.0
34.33333333
124.66666667
95.33333333
70.33333334
92.66666666
126.33333334
58.66666666
104.66666667
80.66666667
45.66666666
81.66666667
99.0
107.33333333
62.33333334
68.0
67.33333333
184.0
23.0
122.33333333
9.0
105.66666667
175.66666667
22.0
128.66666666
35.66666667
121.0
95.66666667
120.66666666
17.0
129.0
56.66666667
89.33333333
164.66666667
20.66666667
134.33333334
111.33333333
17.33333333
146.66666667
49.66666667
123.66666666
54.66666667
132.0
8.0
134.33333333
74.0
56.33333334
80.0
81.33333333
161.0
WT3
31.0
49.3333333333
54.6666666667
67.333333333
74.666666667
66.0
71.0
75.0
76.0
92.333333333
94.0
86.666666667
96.0
89.0
95.66666667
90.0
94.0
90.0
95.0
93.66666666
84.0
84.66666667
74.33333333
80.33333334
80.0
95.33333333
94.0
94.66666667
94.33333333
95.66666667
92.66666666
95.33333334
90.33333333
83.66666667
84.0
80.66666666
91.33333334
87.33333333
88.0
68.33333333
95.66666667
87.33333333
82.66666667
85.33333333
87.33333334
94.66666666
77.33333334
84.66666666
82.0
86.66666667
83.33333333
89.66666667
92.66666667
89.0
94.66666666
86.0
84.66666667
98.33333333
93.33333334
80.66666666
94.0
80.0
93.66666667
96.0
91.66666667
95.66666666
82.66666667
88.0
82.0
90.33333333
82.66666667
92.0
91.0
91.66666667
75.33333333
89.66666667
85.0
80.0
81.0
WT4
27.6666666667
59.6666666666
54.9999999997
69.0
70.666666667
73.666666667
82.333333333
80.0
71.0
89.0
86.333333333
95.666666667
94.333333333
99.333333337
90.0
90.0
96.33333333
89.33333333
89.66666667
94.66666667
91.33333333
86.33333333
72.0
86.33333334
86.66666666
91.66666667
104.0
89.66666667
97.66666666
104.0
95.66666667
87.33333333
84.66666667
86.0
92.66666667
85.66666666
98.66666667
95.66666667
89.33333333
67.0
86.33333333
81.66666667
81.66666667
89.0
87.66666666
103.66666667
77.0
89.0
80.33333333
87.0
89.0
91.0
90.33333334
88.33333333
92.66666667
86.0
80.66666666
94.66666667
92.33333333
91.66666667
90.66666667
75.33333333
83.66666667
88.66666666
86.66666667
89.66666667
84.66666666
89.33333334
86.33333333
89.0
86.0
93.33333333
107.0
100.0
78.0
86.66666667
84.33333333
79.33333334
89.33333333
WT5
33.6666666667
58.6666666666
47.3333333337
68.0
63.0
77.333333333
71.333333333
82.0
65.666666667
94.666666667
89.333333333
88.333333333
96.333333334
91.666666663
89.33333334
83.66666666
84.0
86.33333334
92.33333333
92.0
85.33333333
83.33333334
75.0
82.0
76.66666666
92.33333334
97.66666666
100.0
96.66666667
93.0
92.33333333
85.33333334
98.0
87.66666666
89.0
85.0
91.66666667
97.0
91.0
68.66666667
80.33333333
83.33333333
82.0
83.0
85.0
91.33333334
80.0
78.0
74.33333333
91.33333333
91.33333334
95.66666666
87.0
90.33333334
85.0
85.66666666
95.33333334
86.33333333
101.66666667
92.33333333
92.66666667
73.66666666
79.66666667
97.0
80.33333333
90.66666667
78.33333333
87.0
81.0
89.66666667
86.66666667
90.33333333
87.66666667
100.66666666
81.0
100.33333334
91.66666666
71.66666667
83.33333333
WT6
34.6666666667
57.6666666666
47.9999999997
69.666666667
76.0
72.666666667
67.666666666
79.333333334
85.0
92.666666666
87.666666667
87.0
92.0
97.33333333
89.0
86.0
82.66666667
87.0
85.33333333
119.0
75.0
64.66666667
106.66666667
56.66666666
90.0
107.66666667
71.0
105.33333333
102.0
95.0
88.66666667
63.66666667
89.33333333
115.0
44.66666667
87.66666666
126.33333334
53.33333333
131.33333333
29.33333334
83.33333333
83.0
110.33333333
71.0
116.66666667
55.66666667
78.66666666
91.33333334
99.33333333
73.66666667
95.66666666
113.66666667
71.33333333
109.33333334
83.66666666
83.0
97.66666667
85.0
101.0
85.0
92.0
87.33333333
86.33333334
85.66666666
79.0
108.66666667
73.0
90.33333333
74.0
101.33333334
87.33333333
82.66666667
87.0
100.66666666
73.0
97.66666667
84.66666667
75.0
82.33333333
WT7
36.6666666667
48.0
62.0000000003
65.0
79.333333333
74.333333333
73.333333334
81.333333333
57.666666667
91.666666666
89.0
106.666666667
95.0
72.66666667
92.33333333
88.66666667
100.66666666
85.66666667
101.66666667
65.0
99.66666666
100.0
43.33333334
113.66666666
72.0
71.0
118.0
76.33333334
86.33333333
100.0
84.33333333
120.33333334
89.0
46.33333333
127.33333333
78.33333334
64.0
139.33333333
43.66666667
114.0
77.33333333
79.0
53.66666667
101.33333333
53.66666667
125.66666666
81.66666667
82.66666667
67.33333333
117.0
84.66666667
71.0
109.0
72.0
94.0
90.66666666
81.0
106.33333334
93.0
88.66666666
90.66666667
83.66666667
86.66666666
94.66666667
96.0
76.0
95.66666667
71.66666666
89.33333334
72.33333333
89.0
92.33333333
96.33333334
100.33333333
85.33333333
82.33333334
86.0
91.0
82.66666666
WT8
29.3333333333
48.3333333334
60.3333333333
64.0
68.0
77.333333333
81.0
87.333333334
73.333333333
106.333333333
98.0
92.666666667
99.0
86.66666667
94.66666666
95.0
94.33333334
86.33333333
93.66666667
91.66666666
87.0
86.33333334
83.0
86.33333333
82.0
95.33333333
102.33333334
94.66666666
97.0
97.66666667
86.66666667
87.33333333
86.66666667
80.33333333
80.33333333
81.33333334
91.0
88.66666666
88.0
69.0
81.0
83.66666667
76.0
87.0
84.33333333
99.66666667
75.66666667
77.66666666
84.66666667
90.33333333
88.66666667
90.0
81.66666667
93.0
87.66666666
85.0
82.33333334
93.0
93.0
87.66666666
89.33333334
69.0
88.33333333
86.66666667
97.66666666
93.66666667
77.66666667
78.33333333
79.0
77.66666667
83.33333333
97.0
92.66666667
96.66666666
81.0
92.33333334
88.0
73.33333333
88.66666667
WT9
37.6666666667
49.6666666666
54.9999999997
63.0
67.333333334
80.666666666
77.333333334
79.333333333
72.666666667
90.0
95.0
90.666666666
94.0
87.999999997
93.33333334
94.0
92.33333333
78.33333333
93.0
90.66666667
98.33333333
81.33333334
76.66666666
82.66666667
82.33333333
84.33333334
97.0
100.33333333
108.66666667
99.33333333
88.0
86.33333333
89.0
76.33333334
92.0
80.0
89.0
95.33333333
93.0
69.66666667
80.0
79.66666666
80.66666667
96.66666667
95.0
87.33333333
74.0
81.33333333
78.33333334
97.0
90.0
88.0
88.33333333
98.33333333
95.0
86.33333334
93.0
100.0
94.66666666
84.33333334
89.66666666
82.33333334
82.33333333
89.33333333
82.66666667
95.0
87.33333333
88.0
91.33333334
84.66666666
85.66666667
94.0
87.0
101.33333333
79.66666667
91.0
86.0
73.33333333
88.33333334
WT10
32.6666666667
51.0
51.6666666663
68.0
73.666666667
70.666666667
81.333333333
84.0
73.0
93.333333333
91.333333334
89.666666666
88.666666667
85.0
89.0
86.66666667
89.66666666
86.0
89.0
88.33333334
84.0
94.33333333
72.0
82.33333333
78.33333334
93.0
88.33333333
95.66666667
98.33333333
93.33333333
97.66666667
90.66666667
90.66666666
79.66666667
86.33333333
94.66666667
88.33333333
89.0
93.33333334
62.0
82.66666666
86.0
85.33333334
81.33333333
87.0
84.0
80.66666667
85.0
76.0
94.66666666
92.0
92.66666667
85.66666667
88.33333333
92.66666667
85.33333333
92.33333333
88.0
98.0
93.0
86.33333334
77.66666666
90.66666667
92.33333333
84.0
96.0
80.66666667
81.33333333
88.66666667
76.0
86.66666667
89.33333333
93.0
109.66666667
79.66666666
90.33333334
87.33333333
74.33333333
80.0
WT11
31.3333333333
59.3333333334
53.6666666663
66.666666667
68.666666667
75.0
73.666666666
79.666666667
71.666666667
87.666666666
95.0
92.333333334
90.666666666
85.333333337
86.66666666
84.66666667
86.66666667
89.33333333
101.33333333
92.33333334
81.0
89.66666666
72.33333334
87.33333333
84.0
96.33333333
91.66666667
100.33333333
90.0
95.33333334
91.0
97.66666666
88.0
84.33333334
93.0
77.66666666
93.66666667
95.0
86.33333333
69.33333334
91.66666666
83.66666667
86.33333333
87.0
99.66666667
97.33333333
78.66666667
99.66666667
81.33333333
90.0
84.0
93.33333333
89.66666667
92.33333333
92.33333334
90.66666666
92.33333334
90.0
94.33333333
89.0
85.0
78.0
87.33333333
87.33333334
76.33333333
85.66666667
89.66666666
81.66666667
87.66666667
84.0
77.33333333
93.0
103.0
98.0
76.66666667
83.66666666
81.0
79.33333334
88.0
WT12
34.0
46.0
56.333333333
64.0
75.666666667
77.0
60.333333333
83.333333334
78.0
102.666666666
79.666666667
92.666666667
74.0
112.333333333
84.0
69.66666667
130.66666666
79.0
116.0
100.0
66.33333334
84.0
81.66666666
79.66666667
112.66666667
87.0
56.0
96.0
97.33333333
99.0
104.66666667
90.0
98.66666666
68.66666667
105.66666667
84.66666666
87.66666667
94.33333333
90.33333334
71.66666666
76.0
87.0
85.33333334
92.0
87.33333333
91.33333333
80.66666667
87.66666667
76.0
92.66666666
85.66666667
98.33333333
67.0
100.33333334
98.33333333
92.33333333
76.33333334
89.0
80.66666666
87.0
120.66666667
61.33333333
74.0
97.33333334
103.0
71.66666666
85.0
74.0
97.33333334
119.0
47.0
113.33333333
64.66666667
102.0
81.0
138.0
87.33333333
48.66666667
50.66666666
WT13
30.6666666667
54.6666666666
52.3333333337
66.0
64.333333333
76.0
88.666666667
69.0
66.666666666
85.333333334
102.333333333
88.333333333
108.666666667
63.66666667
91.0
119.33333333
56.66666667
98.66666666
91.0
86.66666667
107.33333333
92.0
76.33333334
98.33333333
59.33333333
99.66666667
125.0
97.0
96.0
100.33333333
80.66666667
91.0
79.33333333
98.66666667
72.0
80.66666667
100.0
98.0
86.33333333
75.66666667
93.0
78.0
80.33333333
84.33333333
81.33333334
107.0
81.66666666
72.33333334
70.33333333
89.33333333
94.33333334
86.0
107.66666666
92.33333334
82.0
82.33333333
93.0
88.0
101.66666667
98.33333333
55.0
88.0
96.0
87.66666667
78.66666666
116.66666667
84.66666667
97.0
61.33333333
61.33333333
115.0
66.33333334
125.0
108.66666666
81.33333334
38.33333333
89.0
98.0
119.66666667
WT14
31.0
52.3333333333
50.9999999997
67.333333334
69.333333333
72.333333333
71.333333334
84.333333333
73.333333333
92.0
92.666666667
95.666666667
91.666666666
82.333333337
89.33333333
95.33333333
84.33333334
83.66666666
96.0
89.0
87.0
88.0
76.66666667
88.66666667
83.33333333
91.33333333
90.0
95.66666667
96.66666667
96.0
86.33333333
87.66666667
94.0
76.0
83.33333333
85.66666667
91.33333333
93.33333333
85.0
73.66666667
87.33333333
88.66666667
85.66666667
97.33333333
96.0
86.66666667
74.66666666
85.0
78.0
91.33333334
89.0
94.0
93.33333333
106.33333333
87.66666667
80.0
86.33333333
95.0
95.66666667
86.0
89.33333333
75.66666667
85.33333333
94.66666667
90.66666667
94.0
82.0
76.66666666
81.33333334
87.33333333
92.33333333
92.33333334
93.33333333
104.66666667
81.66666666
85.33333334
88.0
79.66666666
84.66666667
WT15
32.3333333333
56.3333333334
55.3333333333
71.333333333
75.0
74.333333334
75.666666666
85.0
74.333333334
91.333333333
89.666666667
86.333333333
97.666666667
78.000000003
93.0
98.0
95.33333333
81.66666667
97.66666666
91.33333334
85.33333333
81.33333333
77.0
79.33333334
82.66666666
94.0
99.33333334
92.33333333
91.0
91.66666667
92.0
92.0
89.33333333
77.0
90.0
84.0
91.66666667
89.66666666
86.0
68.66666667
90.33333333
82.33333334
80.33333333
80.0
89.0
101.66666667
73.66666666
89.33333334
85.66666666
88.66666667
91.0
93.33333333
87.33333334
93.0
98.33333333
82.0
81.33333333
94.66666667
93.33333333
81.66666667
89.0
76.0
84.66666667
86.33333333
79.66666667
94.0
79.33333333
81.66666667
83.33333333
89.33333333
87.0
92.66666667
89.0
91.66666667
80.33333333
88.66666667
84.66666666
72.33333334
80.33333333
WT16
30.0
56.3333333333
59.3333333337
63.333333333
66.666666667
75.666666666
76.333333334
81.0
69.333333333
87.666666667
92.0
96.0
96.333333333
96.66666667
87.33333333
85.33333333
89.0
87.33333334
89.33333333
97.33333333
86.0
89.0
77.0
81.66666667
82.0
90.33333333
97.33333334
95.33333333
92.0
105.33333333
91.66666667
88.33333333
88.0
78.66666667
78.33333333
87.33333334
90.66666666
90.33333334
92.0
68.66666666
87.66666667
84.66666667
81.66666666
84.66666667
96.33333333
95.33333334
77.33333333
85.33333333
81.0
86.66666667
94.0
103.66666667
88.66666666
98.0
86.33333334
96.0
97.33333333
95.66666667
95.0
90.33333333
84.0
75.33333333
84.66666667
86.0
85.33333333
98.33333334
79.66666666
85.33333334
89.66666666
81.33333334
82.33333333
84.33333333
90.66666667
103.0
86.33333333
99.33333334
87.66666666
74.66666667
78.66666667
WT17
31.6666666667
58.0
50.0000000003
61.333333333
71.0
94.333333333
71.0
91.333333334
64.333333333
98.666666667
60.0
122.0
101.333333333
64.66666667
95.33333333
94.66666667
64.33333333
87.33333333
115.66666667
89.0
76.66666667
82.66666666
66.66666667
86.33333333
82.33333334
120.33333333
60.0
123.66666667
95.33333333
104.66666667
49.0
109.33333333
109.66666667
84.33333333
50.33333333
85.33333334
118.66666666
93.66666667
65.66666667
91.66666666
80.0
94.0
80.33333334
61.33333333
113.33333333
69.0
104.33333334
66.66666666
104.33333334
82.66666666
67.66666667
94.0
115.33333333
61.66666667
95.66666667
60.66666666
142.66666667
60.0
91.33333333
88.0
122.0
68.33333334
93.33333333
59.66666667
84.33333333
89.0
100.33333333
33.0
80.33333334
140.0
55.33333333
52.33333333
137.33333334
83.66666666
122.0
61.33333334
112.0
70.66666666
105.66666667
WT18
32.0
52.0
64.333333333
64.666666667
75.666666667
55.333333333
85.666666667
71.666666666
78.333333334
84.666666666
114.333333334
66.666666666
95.0
105.999999997
79.66666667
95.33333333
109.0
83.33333334
64.0
92.66666666
108.33333334
86.0
82.0
76.66666666
83.33333334
62.66666666
119.33333334
61.0
93.66666666
92.33333334
132.0
62.0
76.33333333
82.0
114.0
81.33333333
62.0
93.66666667
109.33333333
48.33333334
84.33333333
82.0
88.0
114.66666667
63.66666666
109.66666667
63.66666667
90.33333333
64.0
96.66666667
117.66666666
96.0
64.0
117.0
77.66666667
124.0
32.66666667
118.0
103.66666666
84.33333334
57.66666666
85.0
71.33333334
120.33333333
80.66666667
89.0
68.66666666
133.33333334
83.66666666
30.66666667
104.33333333
124.66666667
38.66666667
110.66666666
43.0
109.0
67.33333334
70.33333333
75.66666667
WT19
33.0
57.6666666667
55.6666666663
60.0
68.666666667
76.333333333
77.0
86.0
64.0
98.0
88.666666667
91.0
95.666666667
82.666666663
90.0
93.0
91.0
82.0
97.66666667
92.66666667
85.66666666
82.66666667
72.33333333
88.33333334
85.66666666
97.0
92.66666667
93.66666667
94.0
98.66666666
90.0
84.33333334
86.33333333
84.33333333
94.0
83.33333334
93.33333333
97.0
90.33333333
65.66666667
81.66666667
84.33333333
85.0
88.33333333
86.66666667
95.33333333
81.0
91.33333334
81.33333333
92.0
93.33333333
91.33333334
87.0
94.0
100.33333333
88.33333333
83.33333334
94.33333333
93.33333333
86.66666667
86.33333333
74.33333334
81.33333333
85.66666667
99.33333333
103.66666667
82.33333333
82.0
85.66666667
84.66666666
85.66666667
91.0
91.0
99.0
79.33333333
84.66666667
85.0
82.0
86.66666667
WT20
33.6666666667
51.0
55.0000000003
68.666666666
71.333333334
68.333333333
77.333333333
78.666666667
74.666666667
98.333333333
86.666666667
94.0
91.0
85.000000003
83.33333333
93.0
90.66666667
83.0
98.66666666
96.33333334
103.0
84.66666666
74.66666667
87.66666667
77.33333333
89.0
103.0
95.0
96.66666667
96.66666666
92.66666667
92.0
91.66666667
79.33333333
81.33333333
80.66666667
89.66666667
95.66666666
88.0
68.33333334
96.0
88.66666666
88.33333334
85.33333333
82.33333333
99.33333334
74.33333333
83.33333333
83.0
92.66666667
97.0
93.33333333
93.66666667
95.0
84.0
85.33333333
85.33333334
85.66666666
83.0
83.33333334
89.33333333
74.33333333
87.0
87.0
82.66666667
95.33333333
77.66666667
79.33333333
91.0
85.33333334
84.0
94.33333333
95.0
97.0
82.66666667
88.33333333
83.33333333
69.66666667
84.33333333
WT21
37.6666666667
53.3333333333
65.666666667
58.333333333
70.0
74.666666667
78.666666666
85.333333334
68.666666666
87.333333334
95.0
89.333333333
110.666666667
84.333333333
84.66666667
99.66666666
81.33333334
90.0
85.0
96.33333333
87.0
82.0
72.0
79.33333333
98.33333334
89.66666666
89.0
94.66666667
121.0
98.0
62.33333333
84.33333334
84.0
90.0
89.66666666
82.0
93.33333334
113.0
87.66666666
68.33333334
79.33333333
77.0
82.0
86.33333333
88.66666667
105.0
65.66666667
86.33333333
95.33333333
89.33333334
87.66666666
91.66666667
93.33333333
88.33333334
68.0
110.66666666
89.66666667
85.0
83.66666667
104.66666666
83.66666667
74.0
83.66666667
98.66666666
64.0
105.66666667
97.0
66.0
97.0
74.66666667
78.66666666
103.0
105.33333334
74.0
117.0
56.0
90.0
70.66666666
87.0
WT22
33.6666666667
56.3333333333
49.666666667
84.0
76.666666666
75.333333334
72.0
69.0
75.0
94.333333333
88.0
97.0
88.666666667
99.333333333
90.0
77.33333333
95.33333334
80.33333333
110.0
90.0
84.0
90.33333333
69.33333334
83.66666666
66.0
89.0
103.66666667
108.33333333
76.0
97.0
120.0
93.33333334
90.66666666
69.66666667
90.0
86.66666667
86.0
81.0
91.33333333
66.33333333
85.66666667
96.0
85.33333333
79.33333334
83.66666666
84.33333334
102.0
85.66666666
54.66666667
93.0
89.33333333
86.33333334
89.33333333
97.33333333
112.66666667
69.66666667
93.33333333
96.0
102.0
78.33333333
91.33333334
84.0
85.33333333
75.66666667
103.33333333
87.66666667
70.0
91.66666666
73.33333334
86.0
89.66666666
88.66666667
91.33333333
123.66666667
53.33333333
117.66666667
79.33333333
78.66666667
85.66666667
WT23
32.0
56.0
53.0
69.0
74.333333333
67.0
78.333333334
86.666666666
66.333333334
86.0
89.666666666
84.666666667
90.333333333
89.666666667
90.33333333
91.66666667
91.33333333
82.33333334
92.0
90.66666666
84.66666667
86.0
77.66666667
75.66666666
86.0
94.0
91.0
99.66666667
91.0
93.33333333
85.0
86.66666667
87.66666667
85.0
90.0
82.0
95.33333333
87.33333333
86.33333334
70.0
89.66666666
82.66666667
83.66666667
87.33333333
93.33333333
111.66666667
75.66666667
76.33333333
81.66666667
88.66666666
90.0
91.0
86.66666667
98.0
82.33333333
80.66666667
89.0
94.0
93.66666667
82.66666666
88.66666667
74.66666667
86.66666666
92.0
86.33333334
89.66666666
82.66666667
79.33333333
86.66666667
87.0
80.33333333
94.0
94.66666667
93.0
83.33333333
85.66666667
94.0
74.0
80.66666667
WT24
33.0
43.3333333333
53.9999999997
73.666666667
78.333333333
77.666666667
81.0
82.0
72.666666667
89.333333333
85.0
91.333333333
92.333333334
85.666666663
90.0
89.66666667
87.33333333
87.0
102.33333334
89.0
90.33333333
82.33333333
69.33333334
92.33333333
89.0
94.33333333
91.33333334
98.33333333
95.0
98.66666667
93.66666666
88.33333334
91.33333333
76.66666667
84.33333333
82.33333333
89.33333334
91.66666666
96.33333334
76.0
96.33333333
88.33333333
83.33333334
91.0
89.33333333
97.0
85.0
84.33333333
87.66666667
89.0
101.0
83.33333333
84.33333334
86.66666666
82.66666667
88.33333333
96.66666667
92.66666667
99.33333333
81.33333333
89.0
82.0
82.33333334
97.33333333
86.66666667
91.66666666
87.66666667
82.33333333
85.0
77.33333334
84.0
89.0
93.66666666
99.0
91.0
90.0
89.0
77.66666667
84.33333333
WT25
32.3333333333
47.6666666667
55.0
70.666666667
69.666666666
82.333333334
70.333333333
88.333333333
72.0
88.666666667
91.333333333
91.0
86.666666667
90.66666667
86.66666666
102.0
89.0
83.66666667
94.66666667
88.33333333
90.66666667
88.66666666
74.33333334
80.33333333
78.66666667
94.33333333
102.0
93.66666667
96.33333333
93.0
87.0
83.0
92.0
75.33333333
96.0
88.66666667
92.66666667
92.33333333
94.66666667
66.66666666
82.33333334
91.66666666
82.0
82.66666667
90.0
98.33333333
86.66666667
80.0
83.66666667
93.0
87.0
88.0
88.66666666
87.33333334
82.0
85.33333333
89.0
94.33333333
93.0
85.66666667
87.0
73.66666667
83.0
84.66666666
100.66666667
91.0
81.0
87.66666667
89.0
72.0
84.0
88.0
93.66666666
94.33333334
89.0
96.33333333
91.0
71.33333333
88.33333334
WT26
28.3333333333
53.3333333334
57.0000000003
66.333333333
74.666666667
68.666666666
65.333333334
89.333333333
67.666666667
85.333333333
90.666666667
94.0
92.333333333
87.66666667
79.66666666
87.0
95.66666667
88.66666667
91.33333333
92.33333333
90.0
80.66666667
82.66666667
79.0
81.0
92.0
97.33333333
96.66666667
95.0
96.0
91.33333333
87.0
86.33333333
85.66666667
87.33333333
81.0
97.0
92.33333334
86.33333333
69.66666667
83.66666666
85.0
87.33333334
86.0
84.33333333
90.66666667
72.0
80.66666666
77.0
85.66666667
98.33333333
91.66666667
90.33333333
93.0
93.0
88.0
94.0
95.0
100.33333334
81.66666666
86.66666667
82.33333333
82.0
94.66666667
89.66666667
99.66666666
80.66666667
78.66666667
83.66666666
82.66666667
78.33333333
89.33333334
92.33333333
97.33333333
84.33333334
88.66666666
78.0
72.33333334
82.33333333
WT27
29.3333333333
56.0
60.6666666667
61.666666667
67.0
76.666666666
62.0
77.333333334
74.333333333
101.666666667
90.333333333
85.0
97.0
103.66666667
76.0
90.66666666
78.66666667
84.33333333
126.33333334
63.33333333
116.66666667
36.66666666
129.33333334
41.0
100.0
111.0
111.66666666
34.66666667
114.66666667
99.66666666
87.0
106.66666667
47.0
115.66666667
116.33333333
51.66666667
115.33333333
68.66666667
123.0
65.66666666
72.33333334
112.33333333
46.33333333
132.66666667
49.0
78.0
126.0
83.66666667
28.66666666
129.0
82.0
84.66666667
122.33333333
81.33333334
109.0
79.66666666
47.66666667
140.0
40.0
141.33333333
38.66666667
63.33333333
141.0
90.0
102.66666667
73.0
86.33333333
48.66666667
117.66666667
34.66666666
94.0
132.66666667
93.66666667
106.66666666
23.66666667
141.0
30.33333333
86.33333334
94.33333333
WT28
32.0
56.3333333333
50.3333333337
67.333333333
68.666666667
67.666666666
86.0
79.666666667
65.666666667
79.0
96.333333333
100.666666667
86.0
73.333333333
97.33333333
92.66666667
96.66666667
81.0
71.66666666
113.66666667
64.66666667
137.33333333
32.66666667
134.33333333
64.66666667
64.66666666
84.66666667
155.66666667
74.0
96.33333333
91.66666667
65.33333333
136.33333333
52.0
75.66666667
118.33333333
80.66666667
111.33333333
50.33333334
69.33333333
118.33333333
65.66666667
124.0
46.66666667
127.66666666
115.66666667
27.66666667
81.33333333
130.66666667
49.66666666
98.0
94.66666667
50.66666667
96.33333333
82.0
100.66666667
133.33333333
50.0
144.33333333
21.33333334
134.0
93.33333333
30.33333333
96.0
71.33333334
117.66666666
76.0
115.0
50.33333334
128.0
75.0
50.33333333
105.33333333
83.66666667
139.0
29.33333333
142.33333334
68.0
88.66666666
WT29
36.6666666667
54.6666666666
61.6666666667
65.333333333
72.0
63.333333334
76.333333333
77.333333333
61.666666667
98.0
86.666666667
99.666666666
91.333333334
89.666666663
86.0
95.0
86.66666667
87.66666667
99.33333333
96.0
89.66666667
79.33333333
77.33333333
86.66666667
81.66666667
93.66666666
94.66666667
100.33333333
97.0
105.0
91.33333334
90.66666666
94.0
92.0
83.0
88.66666667
89.33333333
96.66666667
87.33333333
63.33333334
84.66666666
88.33333334
83.0
91.0
92.0
94.33333333
75.66666667
83.66666666
70.0
93.33333334
98.0
94.66666666
82.33333334
96.0
92.0
82.66666666
85.33333334
98.33333333
93.66666667
89.33333333
85.66666667
78.33333333
84.0
89.33333333
96.66666667
93.66666667
84.33333333
85.0
81.0
79.33333333
87.66666667
95.66666667
109.66666666
98.0
80.0
84.33333334
83.0
77.0
78.0
WT30
33.6666666667
47.3333333333
54.333333333
75.333333334
64.0
69.333333333
77.666666667
86.666666666
70.333333334
77.333333333
98.0
83.0
89.333333333
97.999999997
80.0
110.66666667
85.66666667
84.33333333
106.33333333
110.33333334
61.33333333
81.66666667
74.66666666
89.0
68.0
95.0
110.66666667
78.33333333
112.0
103.33333334
75.66666666
83.66666667
68.66666667
89.33333333
94.66666667
112.0
99.33333333
71.33333333
64.66666667
105.66666667
63.33333333
70.33333333
115.0
110.33333334
58.0
91.33333333
59.0
114.33333333
94.66666667
103.0
66.66666667
74.33333333
66.0
143.33333333
41.66666667
119.0
69.33333333
75.33333334
153.0
47.66666666
73.66666667
122.0
73.66666667
61.0
94.0
101.66666666
61.66666667
125.66666667
102.33333333
36.66666667
61.0
100.0
78.66666666
138.33333334
79.0
54.33333333
144.0
74.33333333
41.33333334
WT31
27.3333333333
51.6666666667
57.666666667
57.0
78.333333333
80.666666667
76.0
79.666666666
79.666666667
93.666666667
81.333333333
91.333333333
87.333333334
74.666666663
103.66666667
69.0
104.0
89.0
93.66666667
78.33333333
117.0
86.66666667
75.33333333
77.33333333
98.66666667
80.66666667
72.33333333
116.0
83.33333333
88.0
107.66666667
99.33333333
109.33333334
81.33333333
72.66666667
53.66666666
85.33333334
110.33333333
118.66666667
37.33333333
99.0
107.33333333
50.33333334
65.66666666
117.0
91.0
104.0
53.0
70.66666667
80.0
112.66666667
114.33333333
105.33333333
35.66666667
144.33333333
47.33333334
106.33333333
114.66666667
37.0
118.33333333
95.33333333
35.0
92.66666667
123.0
84.66666667
83.66666666
109.33333334
36.33333333
69.0
125.33333333
108.66666667
84.33333333
93.66666667
54.33333333
84.0
132.0
28.66666667
76.0
134.66666667
