1020
580
1050
1592
1358
1618
1728
1687
2273
1681
1910
2237
2310
1709
2388
2408
2048
2198
1936
1512
1773
2282
2384
2246
2405
2165
2206
2092
2239
2068
2359
2061
1597
2416
2457
2182
2215
2072
2379
2230
2454
2439
2445
2411
2219
2464
2387
2288
1914
2048
1624
1674
1871
2232
2618
1596
2503
2302
2135
1887
2350
2498
2131
2386
2243
2093
2377
2128
2230
2273
2501
1958
2450
2139
2280
2203
2384
2410
2306
2390
138868
243790
245307
238429
240562
231762
230455
237828
237486
246016
252908
247536
244906
246287
241395
245811
248543
231594
235254
AVG: 2157.41428571
