729
1093
974
1103
1151
1390
1211
1233
1265
1349
1485
1484
1456
1368
1141
1622
1690
1668
1532
1637
1650
1663
1541
1604
1686
1707
1387
1655
1578
1452
1621
1669
1569
1637
1708
1672
1525
1546
1635
752
99
1431
1724
1424
1526
1681
1441
767
311
1629
1849
1576
1679
1361
1672
1646
978
1612
1825
1788
1848
1298
1300
1455
1227
1695
1596
1467
1559
1379
1362
1305
1435
1757
1686
1409
1221
1973
1848
1599
133450
240432
247442
235884
228926
222997
241874
245232
223490
230596
240945
225208
221210
241107
243445
247258
236566
AVG: 1473.94285714
