951
1273
1433
1393
1606
1624
1801
1532
2141
2057
1536
2293
2340
2289
2246
1931
2478
2381
2114
1681
1973
2171
2346
2419
2297
2014
2565
1994
1569
2283
2239
1837
2149
2295
2061
2105
2095
2146
2310
2115
1957
1912
2285
2057
1442
72
62
2305
2052
2032
2016
2208
2219
2261
2045
2578
1344
1810
2349
2215
1992
2151
2076
2209
2080
1646
2542
2169
2251
2083
2468
2374
2115
1914
2073
2026
2281
2307
2191
2567
140558
234249
239617
245713
244726
241250
250446
235803
243899
236034
243566
230510
249164
232227
235566
231120
222999
AVG: 2039.87142857
