r=1, wt=8
127465724
137840604
134991441
172513242
157249165
137956763
137904968
132020755
180237180
164362986
157741162
136588389
136002868
144283274
161839112
147895620
124259152
151630768
161944383
144848647
158227955
155397456
161210111
157136695
145790776
136826746
153144371
141054991
137521025
140979882
135544616
157069587
144586730
146302093
146742017
158349598
160826986
147922820
161024244
145891727
123128606
144000580
143039796
147659457
128200210
139002778
96843190
132103156
148772635
148223758
158176256
138547909
153215784
141010691
141638982
171255533
152214943
140157496
166766100
121365940
150266545
145625493
141979640
139717010
149413803
145697200
134015434
147408910
146463078
148284117
146820096
136355566
135857595
157890349
154209736
163293825
179458288
146685227
144757799
166134719
176299290
AVG: 146333642.958

r=2, wt=8
116518593
133405259
132961482
152352689
152738589
123530185
159908100
128331841
127456079
141017965
114398158
153701777
126401446
131543948
141819146
159098783
149271626
146150632
147712538
140961138
141633352
131965282
123110105
133025111
163934374
139968054
179737056
139079234
136227874
159380992
122319372
137941454
135076491
144412757
149976876
137287135
137077828
104570149
136886140
140438512
145270363
149078463
151784341
136182028
121262868
162077842
137200686
127275470
138095379
146963241
147281215
141159205
139656842
150159381
141038637
115850249
110585703
115791726
138049272
151277155
135834977
130225392
139018517
152021422
137576670
111113761
117392074
136981894
152857473
112686009
119193680
126316162
166189014
155724200
136380956
129969869
161007697
126874291
151749963
155720060
45095299
AVG: 138181318.958

r=3, wt=8
106277829
145656534
145612601
121540722
133648353
150660243
142383110
138577694
181597010
136666022
138130804
139563151
145596968
145507186
136688129
152287540
138870314
126642136
174930323
150311701
162105695
142240679
150665532
166752060
132281423
133137295
137380512
140527228
169011952
158705169
140938952
127557454
107576618
145453764
158584316
146080972
132949160
136157291
127290650
142427792
144489689
152530644
131621496
152434158
148746268
125666319
120241556
133911007
142768072
151754104
170604069
159010705
142145452
139429649
134184523
117567100
128675432
148495238
153312962
131929745
127619122
150241259
143221609
123828307
134723847
122648309
147639144
155396663
140463295
135084940
144688682
129661969
141611358
104336817
133037551
133462737
143218174
157753954
190282848
166336172
162900068
AVG: 141597473.831

