r=1, k3
379
771
793
825
791
916
982
969
1017
1132
1110
1126
1004
1042
1166
1116
1203
1162
1180
1104
1159
1168
1088
1163
1130
1130
1189
1241
1148
1150
1045
1225
1143
1199
1136
1095
1035
1088
1153
1162
1105
1107
1093
1114
1068
1036
981
994
983
1009
1162
1088
1102
1080
1110
1221
1125
1157
1204
1113
1111
1154
1136
1211
1160
1186
1155
1126
1095
1197
1150
1190
1183
1195
1215
1189
1247
1158
1153
1141
226
AVG: 1120.85915493

r=2, k3
438
741
783
842
886
999
988
1046
1196
987
1162
1129
1070
1170
1187
1126
1224
1222
1156
1190
1108
1154
1130
1248
1185
1136
1168
1037
1190
1180
1148
1149
914
1138
1194
1128
1139
1073
1217
1177
1215
1155
1156
1210
1062
1195
1217
1211
1145
1089
1145
1238
1150
1134
1170
1191
1179
1203
1151
1238
1188
1175
1156
1166
1202
1138
967
1193
1147
1115
1200
1153
1067
1114
1177
1173
1130
1171
1151
1187
79
AVG: 1147.18309859

r=3, k3
388
693
835
825
920
933
1094
1144
1133
1163
1121
1075
1201
1186
1256
1208
1204
1128
1127
1125
1201
1222
1222
1216
1146
1255
1213
1199
1123
1208
1192
1205
1117
1144
1175
1204
1141
1146
1159
1072
1046
1162
1193
1193
1098
1091
1006
1102
1113
1198
1249
1225
1208
1191
1138
1190
1196
1116
1193
1184
1183
1206
1129
1036
1141
1213
1209
1139
880
1189
1244
1134
1146
1176
1150
1181
1176
1159
1117
1085
24
AVG: 1156.42253521

