493544
314567
185081
169720
157903
150655
139243
152448
150072
132670
147248
163595
152433
151034
134412
141734
138175
165957
110874
116933
114543
128212
212698
115588
119848
127719
163613
144493
157882
140328
125142
111663
134930
136499
173457
128618
127770
113276
132764
116096
106594
115823
148026
168967
136484
157254
134986
138327
154155
134436
156768
151537
102100
116586
147113
120338
139159
100952
124254
191069
131286
105204
145603
144212
125004
152585
145105
197896
197458
151415
113522
142590
168752
141699
126613
137822
150452
119920
125247
131790
149321
AVG: 140060.788732
