645760
315006
182337
226883
246982
211169
205118
155404
153844
167025
146849
155111
154531
155621
166305
160905
170775
150860
179947
207036
157772
129833
147775
191437
129774
140939
167165
130555
158423
209249
156563
164544
166538
141776
139290
176092
201476
187499
143852
157301
167557
161121
139600
155491
157454
173843
149574
188453
157153
210403
146480
143656
215858
169731
157304
140847
148914
152738
185724
137666
143972
163291
128670
132058
130432
129686
122991
134133
134601
116797
121115
135091
145360
124847
159782
201292
165882
154965
106644
109796
AVG: 157439.228571
