677921
154698
283148
208800
139694
162049
135509
143477
189863
162773
180021
134253
164980
110633
186102
185433
210184
181484
130932
148669
126805
126506
110644
175906
128376
133497
139187
139988
200324
140498
183597
179175
154270
155905
127724
134503
138233
268097
118474
137437
176047
182419
160055
242300
134832
295560
146885
128427
136454
143350
137748
161040
169050
153828
152766
153695
151002
145740
257792
169134
151955
144720
177748
182137
156958
136860
143430
158111
151921
165528
154758
142508
152310
162411
157086
162597
183403
198764
221867
142159
96026
AVG: 159784.084507
