515911
240861
187078
240795
178974
128594
117878
163255
139201
169011
160622
118360
149304
152066
186454
130295
160286
116962
121066
132231
168072
120992
148299
157520
200993
147685
107813
147124
91700
208427
136531
107434
155181
118008
121598
157071
127197
167016
276331
147750
126363
133598
207977
150385
131816
170944
173191
127883
191237
140506
167871
155664
181660
183016
134020
190298
193152
168702
201502
178094
170800
134879
258574
176979
195224
218541
185108
187953
198696
202284
172468
163664
175108
185838
139989
300786
180967
184883
190401
175747
AVG: 160461.585714
