709746
267010
263578
291834
182416
194510
173340
160131
184599
133498
144303
143823
142483
203954
175368
137925
193850
201884
196634
236621
217964
198384
211858
205960
173863
191049
219595
221404
275690
281316
329274
217523
227973
271123
321936
241582
195877
248007
221544
271757
185838
191283
234305
182674
197625
145139
176646
202831
191488
197357
194015
181262
161407
215757
184313
196370
191619
135832
146639
140102
136347
200814
177289
168566
178879
170686
124864
135794
206721
146030
197326
220469
259802
228157
253031
244926
218804
198361
214554
222659
172958
AVG: 198152.183099
