726953
203612
189877
291637
225428
180692
205959
197631
328870
260588
103985
163130
136427
123938
171002
155662
216730
158041
159038
122815
186906
155543
178133
180354
178925
264160
267689
165195
205804
186392
404167
146958
130427
157704
184250
177353
157287
200922
142538
216490
180552
253155
144221
160108
193355
171955
150489
166424
178199
149147
193138
184043
126136
217994
171536
185806
145603
174635
158672
170940
218011
181037
146631
180123
229723
132545
155061
127453
144676
200059
170795
140913
141387
186890
249229
199625
188693
284836
259730
145545
120512
AVG: 181013.676056
