747316
331844
153823
179473
137511
128761
115137
171145
190134
152668
134026
113721
140443
169824
143480
138868
139736
242129
157309
123858
114427
142170
261241
165749
260492
181651
114507
184718
122133
177147
120299
139323
142903
131202
136983
125265
177784
127978
169160
158732
190603
157092
131497
116461
181449
152668
149747
132084
108797
156866
170237
120894
213563
167823
146000
130650
146943
145783
144750
198946
148158
127072
143755
118938
125801
146474
146537
163186
146516
191094
151982
190710
194513
183800
164150
144153
158747
122341
126949
159623
98192
AVG: 154433.732394
