787598
253477
308699
357125
180602
270401
378781
240017
144388
209552
145769
264964
203618
232294
232819
246388
210115
237710
159636
389575
213943
215565
220289
189570
190725
193071
237134
201852
232796
220216
242949
204538
227917
275612
202519
201902
262952
286114
248261
225778
249020
239242
213788
189014
270841
199715
203237
194874
175823
207226
264707
248317
224502
198464
196094
263183
246388
247831
213195
186928
170705
240356
220628
232397
260073
208300
195504
244131
195281
230252
239156
224063
184243
214030
146282
233011
218590
217449
233316
255138
126346
AVG: 224373.676056
