434377
109520
195024
101922
118715
145974
116998
60278
100127
118657
169600
138822
97316
87074
118559
99105
127927
173722
148238
135283
104361
101179
117360
154958
110971
100191
140766
79549
185881
137088
160174
154820
121029
171439
96168
116370
106132
108341
116310
160779
144910
105470
111353
108400
137423
125927
142574
130573
126897
143830
75496
119974
123012
104375
137414
109415
87316
92487
90662
108053
114455
145631
146240
113030
114128
113560
128592
198068
169822
139131
134621
199979
109115
114032
119890
133600
129566
111471
119210
122206
86800
AVG: 125366.211268
