413493
266642
186223
225033
186406
148511
182070
161194
172099
187489
152798
139685
134634
163910
153650
173050
176489
159296
155794
182966
177538
180148
137543
142854
168136
128069
144408
159359
135489
156218
149541
123875
177216
412478
164787
139685
193868
132528
136243
151568
184191
166129
174683
133546
147942
181379
147375
144004
174301
172177
154106
135379
165111
139605
161026
167249
155884
145229
143441
180237
247912
184017
133324
191452
178300
159025
178757
139497
137301
207512
133033
168756
168501
209107
136983
167732
168366
185077
124384
160387
AVG: 164309.385714
