r=1, wt=16, c=24
710324
409927
303237
305202
244659
230859
215931
301096
182563
133530
193705
178855
235148
236227
221822
167703
207774
202272
233729
220548
348153
251349
242867
265250
243625
283768
216059
240546
212484
159334
178697
146808
298930
209787
146643
260110
217144
195422
198886
238940
168992
240536
155427
151310
157595
176458
313092
179891
247257
203629
168626
187893
263233
249632
288518
239233
143508
198075
220527
324798
193013
220220
241396
241433
238942
253320
206058
348277
194079
187389
144172
226090
210363
206782
235355
289126
176301
260708
173920
301731
48740
AVG: 220152.239437

r=2, wt=16, c=24
667330
412362
331188
356029
379204
269747
148923
237163
271516
235150
236479
211965
239087
291824
255722
208502
231986
328045
231035
204610
223332
211613
221391
202059
198996
166435
143011
232281
204768
225102
213981
219224
176806
220483
195501
179628
226625
204199
223749
177767
229428
231240
194444
230975
292148
180345
236183
303642
220826
279243
164212
226776
231515
217413
239334
301072
300695
292296
292292
260000
227628
211911
223293
432869
222033
231955
187427
202202
225572
232675
182881
247992
326765
229382
252976
232226
256488
274777
178926
161268
36669
AVG: 231867.197183

r=3, wt=16, c=24
584202
444175
287473
259297
202710
221105
163098
223928
175243
220715
166917
163790
211551
211942
188071
286827
191717
145148
143465
168357
180171
212563
206646
170823
276368
225847
281618
260726
355725
183058
429301
178097
213353
216117
218815
227501
234798
224487
304028
255055
261682
249544
381308
343195
239274
196163
212874
198383
250074
217885
558719
241068
331616
252406
275998
222304
201079
241369
249969
278348
236239
218462
305410
293771
217480
260789
294715
286993
373635
184714
230586
289844
186576
221605
211339
240138
254378
281174
249546
299012
AVG: 242176.957143

