r=1, wt=64, c=16
1441
1878
1649
2278
2110
2658
3040
2861
3040
3022
2890
2762
3060
3007
3040
3162
2906
3174
2791
3016
2564
3403
2806
3141
2855
3101
3035
2954
3056
3058
3031
3028
2824
3160
3083
3130
3315
3404
2630
2401
3160
3136
3045
3325
3332
1275
2861
3138
3185
2916
3338
2977
3379
3177
3307
3135
3334
3303
3277
3051
3157
3187
3159
3165
3111
3401
3397
3007
3213
3114
2990
3217
3105
2861
2256
3077
3246
3179
3430
3043
AVG: 3034.27142857

r=2, wt=64, c=16
1407
2141
2123
2704
2531
3158
2978
2770
3080
3288
2889
2962
2901
2974
3177
3333
3113
3067
3265
3148
3237
3136
2816
3280
3328
2947
3350
3018
3135
3157
3289
3490
3247
2880
3172
2549
3116
2957
3305
3177
2799
2411
3059
3195
2949
2947
3212
3136
3196
2924
2604
2700
2929
3167
2610
3241
3138
3437
3551
3473
3630
3346
3298
3070
3431
3475
3311
2753
3151
3302
3350
3227
3242
2808
3107
3126
3237
3310
3174
2721
AVG: 3112.4

r=3, wt=64, c=16
1526
1863
2025
2574
2321
2401
2942
3082
3169
3188
2914
3093
3151
2548
2902
3190
2992
2783
2783
2993
2224
2798
2853
3154
2723
2739
3201
3272
3289
3302
3120
2542
2784
3178
2917
3014
3204
3141
3207
3033
3302
2892
2408
3241
3032
3070
3065
3069
3207
3044
3173
2633
2692
3031
2997
3194
3127
3199
2093
3194
2937
2777
1937
3327
2908
2997
2614
3067
2764
3189
2951
2679
2818
3172
2121
2944
2412
2731
3037
2423
AVG: 2939.24285714

