r=1, wt=32, c=4
819
906
1312
1227
1272
1419
1291
1150
936
1722
1716
1904
2014
1611
1557
1996
1694
1805
1739
1905
1602
1541
1607
1821
1767
1731
1514
1557
1715
1648
1586
1511
1337
1481
1570
1501
1476
1382
1577
1481
1446
1523
1636
1706
1578
1583
1783
1811
1796
1536
1546
1540
1343
1776
1521
1682
1612
1575
1473
1467
1631
1527
1660
1677
1274
1665
1797
1419
1559
1824
1752
1162
1652
1398
1651
1878
1473
1602
1565
1578
AVG: 1592.07142857

r=2, wt=32, c=4
858
958
1046
916
954
1171
1114
1236
1173
1270
1495
1569
1266
1421
1307
1409
1452
1429
1528
1337
867
1568
1474
1283
1361
1515
1400
1364
1435
1446
1246
1428
1264
1402
1621
1434
1416
1478
1326
1382
1244
1364
1636
1550
1520
1197
1467
1590
1595
1532
1634
1667
1506
1495
1334
1400
1132
1424
1515
1343
731
1710
1322
1616
1540
1374
1416
1355
1421
1454
1346
1546
1389
1436
1404
1353
1388
1368
1344
1259
AVG: 1401.31428571

r=3, wt=32, c=4
673
983
1257
1049
1125
1288
1441
1305
1361
1606
1408
1577
1464
1338
1577
1464
1509
1534
1324
1375
1326
1368
1431
1348
1505
1549
1836
1360
1379
1326
1419
1544
1477
1447
1572
1377
1379
1544
1441
1352
1464
1276
1579
1541
1417
1662
1615
1671
1445
1473
1582
1369
1634
1495
1531
1417
1458
1563
1300
1811
1655
1689
1642
1589
1494
1369
1417
1397
1503
1553
1457
1595
1373
1537
1520
1345
1386
1447
1414
1570
AVG: 1480.62857143

