r=1, wt=8, c=4
723
812
1042
1193
1131
1106
1497
1308
1139
1656
1656
1567
1737
1501
1669
1604
1618
1608
1585
1636
1731
1806
1632
1706
1645
1771
1764
1699
1704
1549
1597
1532
714
1710
1789
1516
1366
1694
1428
1623
1724
1501
1717
1562
1594
1761
1643
1546
1358
1496
1544
1644
1383
1456
1092
1566
1205
1614
1276
1401
1352
1296
1665
1669
1649
1742
1510
1692
1700
1310
1468
1562
1491
1468
1592
1685
1409
1413
1552
1440
AVG: 1544.45714286

r=2, wt=8, c=4
630
716
1168
1078
1101
1099
1456
1488
1538
1592
1552
1712
1779
1651
1580
1643
1537
1583
1531
1606
1763
1467
1324
1327
1473
1296
1590
1384
1625
1499
1410
1592
1350
1585
1495
1405
1504
1628
1575
1445
1447
1358
1428
1477
1493
1502
1460
1402
1495
1377
1698
1664
1621
1457
1505
1440
1334
1477
1622
1586
1476
1427
1353
1356
1377
1383
1410
1298
1370
1319
1283
1459
1266
1337
1066
1304
1364
1492
1404
1498
AVG: 1472.95714286

r=3, wt=8, c=4
645
854
1037
999
1060
1018
1226
1233
1350
1517
1613
1480
1765
1791
1747
1565
1796
1663
1742
1654
1615
1704
1592
1790
1711
1659
1715
1718
1745
1724
1771
1840
1617
1743
1684
1644
1725
1816
1755
1639
1743
1637
1599
1762
1749
1854
1649
1506
1844
1597
1780
1651
1592
1840
1531
1727
1763
1709
1577
1504
1696
1688
1665
1545
1721
1623
1545
1670
1671
1515
1421
1620
1527
1521
1569
1567
1617
1447
1575
1457
AVG: 1642.54285714

