r=1, wt=64, c=1
326
309
360
343
342
366
356
372
335
358
406
438
367
414
417
464
404
480
470
470
447
471
418
506
498
584
584
568
524
588
591
546
611
593
606
576
577
468
574
556
587
593
502
575
576
556
561
554
593
544
542
554
553
566
585
530
524
544
603
593
560
600
573
589
580
578
568
561
541
590
619
554
474
582
540
591
552
558
592
543
AVG: 524.957142857

r=2, wt=64, c=1
324
379
398
361
397
377
386
427
419
448
421
476
485
483
494
504
471
474
468
460
422
478
467
513
555
586
546
508
586
580
533
577
596
561
570
519
562
548
515
573
562
507
546
564
560
571
511
566
546
538
505
512
552
613
577
571
545
556
582
480
600
561
580
577
557
565
551
608
534
567
546
583
580
566
583
523
581
558
546
482
AVG: 530.142857143

r=3, wt=64, c=1
339
326
289
376
342
349
361
407
409
373
334
419
395
372
437
451
518
536
414
510
483
502
496
457
567
560
592
556
545
536
584
591
577
581
621
575
550
576
587
242
352
528
548
611
617
562
583
566
592
544
584
577
599
588
600
571
608
603
575
555
552
612
563
562
601
596
578
595
515
607
579
570
535
558
587
558
570
568
606
601
AVG: 529.085714286

