309422
246259
159281
178164
184779
218342
199767
189055
93526
171281
132356
195952
108884
128074
140053
181666
118347
218104
115324
138128
248040
149960
303266
293968
216544
150693
244825
325124
108605
181840
187459
180290
501346
202405
508120
165818
141119
206852
179067
170233
121241
90359
136515
476585
220019
186350
97352
140753
211753
229237
193140
331932
162346
197407
150810
121828
228996
128946
213923
128478
129500
265236
224441
319978
172400
133861
215879
212594
132809
196753
144702
153288
249387
144869
115559
187387
228612
188929
193298
148011
51429
AVG: 194099.239437
