r=1, k1
214364
165268
194005
273920
184035
156146
170018
104612
97813
248471
92287
87080
130407
124426
92865
129788
162412
116422
146113
251902
247784
200637
417206
235072
122312
179337
166708
94912
133301
154744
288647
186801
177367
253653
88519
108757
127568
173114
284731
110249
140650
90792
251406
125514
576197
174879
282094
276344
92760
118452
163087
170802
143896
113027
156173
176831
92615
283684
229033
338800
250913
391214
137213
195087
137405
218212
101866
131093
135988
94649
264579
280964
316964
127441
154520
183221
156671
188661
182306
120251
24750
AVG: 182824.591549

r=2, k1
216121
194202
156052
198553
211529
295969
118339
188211
112160
142515
159628
81568
113152
76913
96082
118160
212942
436522
162350
150271
100284
62442
135762
171950
165455
255992
309421
120300
183493
186904
132705
252049
102577
193872
359403
127318
128202
142398
201390
156950
150412
115556
183999
129341
235329
170349
195237
125286
123115
254467
292292
118899
118089
109282
120698
212891
131653
124390
172975
162313
216794
289995
120113
316884
357180
187813
285207
152822
129257
373083
146206
183248
190924
214312
130711
140866
215477
119068
157833
118746
77649
AVG: 177966.71831

r=3, k1
211871
211529
222914
342702
213560
154685
167557
145992
114642
117439
89796
223221
94380
122025
125277
145320
113546
91796
131177
92182
109253
80864
100746
125908
150353
93714
549746
125099
172389
284648
138268
92615
106830
142598
115193
138828
119484
146438
113639
169577
105960
134075
160750
139901
216562
146058
163028
277747
115887
100178
111219
96192
157817
152450
141966
147259
208838
100443
121718
160552
255560
193783
149035
205400
156341
145850
351253
176430
146626
110517
116225
188896
83671
720852
130780
214605
125426
116603
146685
146720
AVG: 158500.628571

