402351
250729
200793
385885
225199
176803
188378
154537
161753
172392
327722
172241
139710
301994
174071
165092
109789
114952
114496
128276
174526
566219
263037
161404
260415
122843
97337
146958
252294
125185
207361
126885
153755
148478
188582
224317
188121
118035
182968
157860
214673
239140
156158
174685
107863
186545
111574
175385
225980
441307
203029
88293
117759
135403
142754
115014
138291
162401
337800
254212
179008
172580
270587
95616
341836
142425
175852
83395
176175
449986
355228
243373
349271
135410
174875
209551
222882
149021
353580
221626
AVG: 193466.7
