2211601
1784058
2386074
2892729
1627748
1641266
1523462
2130071
1563704
1352442
1531660
1558342
1678537
1582401
1491163
2970362
1622352
2047884
1570411
1544157
1629328
1474994
1521939
1585120
1581807
1529609
1567657
1637359
1551262
2932720
1557899
1578751
1460384
1621367
1538345
1686737
2304208
1438364
1511070
1616684
1419631
1652519
1665611
1553256
1391141
1499596
1475282
2097868
1866503
1917992
1481127
1781046
1657916
1709699
1476326
1527701
1405224
1431983
1586398
1441028
1611457
1595203
1490627
1543197
1500086
1477331
1545364
2936011
5296751
1526714
1506123
1620750
1589755
1993964
1411316
1558617
1484860
1524900
1411389
1567161
AVG: 1711661.62857
