r=1, wt=32, c=1
787938
700889
658622
733404
743252
664908
707069
658789
682976
646963
666753
668992
742350
861222
631444
704673
623561
613767
607832
589947
638596
666550
660133
667997
594207
590527
581453
590436
598082
605926
613871
622601
632412
617161
587379
615995
636130
627431
611626
598841
621867
593220
656698
594935
613154
632390
641971
611133
562803
599692
608330
585503
596575
568571
562807
582144
585808
595830
602199
581905
583009
622870
626367
615023
634167
634551
576615
584306
612750
579996
587084
596809
682527
784394
583619
603863
595343
593016
596542
621393
AVG: 624717.457143

r=2, wt=32, c=1
799703
665327
676473
811504
682120
691019
755241
756815
795932
788835
661223
681022
659479
686996
834827
680315
688232
682175
675616
670011
638723
622261
614424
617106
634808
664238
646618
641922
634893
646235
616897
601636
570898
582397
638404
751357
659879
624204
630438
634170
594798
598440
563493
632094
648643
648439
637031
651294
624873
573910
612171
635789
627177
624356
633153
582007
597949
596202
620648
599926
612624
588783
586199
576070
596656
609619
614810
630664
639388
656257
598956
632903
618452
636375
665023
637297
631350
640528
654785
571606
AVG: 642063.114286

r=3, wt=32, c=1
798586
802412
751118
813421
775991
741120
740785
767244
828319
731956
752838
729648
682813
704111
676314
621429
667042
640470
667248
631381
643119
611039
598037
622161
666099
646966
644469
608672
600145
651781
609659
635044
627537
622251
625935
639621
625930
629055
628984
685909
640888
620783
647055
621684
611815
646912
639827
617352
610205
600646
615476
627872
606722
672863
625901
579440
649193
597687
608704
641960
615505
621615
657318
697729
615540
664456
642332
619745
611511
661113
692600
635727
628001
629516
655773
642228
631790
637542
634640
610562
AVG: 647665.671429

