1602977
1770539
1468768
1490511
1497689
1394819
1619333
1434608
1361173
1278937
1313797
1572950
1429984
1413121
1413843
1674891
1449202
1464446
1582285
1503600
1485163
1495708
1381665
1509088
1467508
1402256
1267318
1380298
2256057
1466247
1537338
1476213
1415882
1511569
1723071
1441651
1506244
1358995
1231830
1403265
1553430
1277356
1326768
1415738
1456523
1455406
1303378
1369117
1358430
1515080
1315407
1359027
1279023
1518050
1723794
1937930
1880943
1706711
1482800
1578243
1557118
1639520
1849790
1533409
1451311
1567985
1458043
1491272
1481967
1505559
1559521
1504234
1416658
1588625
1539929
1423371
1341739
1467464
1398192
2291181
AVG: 1494035.0
