2162891
1796104
2216330
1855805
1692940
1309601
1717895
1399908
1608700
1269252
1358285
1290962
1457879
2032095
1486725
1415759
1430080
1597779
1459184
1442179
1504850
1462064
1375834
1550554
1374607
1663055
1510719
1616511
1432164
1444100
1506344
1479391
1580405
1376412
1556668
1400847
1549029
1401924
1444259
1420963
1767654
1626941
1395911
1472817
1222290
1345869
1335542
1513444
1259150
1421741
1305973
1278724
1269584
1275541
1454827
1286700
1250961
1195697
1404361
1248599
1197468
1468044
1391300
1195577
1285699
1326938
1369666
1301489
1418039
1231429
1553041
1162350
1418447
1245548
1290058
1383044
1285910
1291099
1283608
1389813
AVG: 1415920.02857
