1410512
1358092
1374862
1225114
1325812
1169034
1255366
1181580
1059956
1079287
1604818
1273498
1102585
1106540
1047031
971100
1156647
1120581
1151819
1086273
1191225
1179219
1048126
1043140
1086668
1063765
1206756
1126706
1056530
1097422
1044284
1173745
1132795
822395
959688
1046025
1063348
1182069
1135973
1019112
1036145
1432953
1057432
1045242
1004810
1135169
1048636
1094065
1170539
1118284
963827
963527
1239002
1163523
1125462
1084718
1184280
1166654
1109469
1800121
1735188
941744
1043457
1360118
1122658
1425931
1015832
963560
1131319
1259483
1210139
1155074
1074924
1048548
954504
928340
1060700
1108845
1077667
1028795
AVG: 1134734.9
