1066111
1007457
1181884
1422873
1487026
2368662
1830951
2274253
1190746
1298571
1089792
2703989
1466495
1308392
1291455
1112838
1249374
1658075
1437277
1280651
1249818
1512006
2617948
1546810
1495426
1328071
1292511
1577549
2153038
1764439
2782456
1459050
1285671
1481617
1339915
1263742
1255669
1361643
1636834
1476390
1633710
1480959
1438200
1822693
1520925
1491576
3201908
1860924
1295722
1599305
1169441
1373421
1449412
1444344
1225415
1161101
1237446
1534054
1388053
1625939
1160685
1225780
1637092
1326183
1799665
1165276
1223152
1187211
1456882
1407590
1424231
1452348
1515560
1307980
1269645
1367386
1350077
8026931
1264334
1370228
AVG: 1527942.17143
