r=1, k1
1069
1674
1780
1987
1844
2152
2240
2310
2516
2626
2367
2623
2495
2544
2450
2489
2454
2330
2531
2552
2384
2528
2679
2683
2695
2622
2509
2235
2652
2438
2567
2518
2158
2596
2523
2456
2443
2580
2360
2605
2435
2508
2425
2435
2393
2445
2568
2659
2479
2514
2457
2458
2525
2441
2539
2332
2557
2432
2467
2487
2533
2475
2634
2377
2559
2353
2514
2472
2553
2544
2409
2611
1933
2119
2514
2445
2499
2507
2417
2358
180770
373753
374495
370381
374732
375672
373301
375070
364353
371751
369757
377306
369926
376375
366356
368201
375481
370650
376300
373607
AVG: 2472.37142857

r=2, k1
1089
1690
1786
1832
1877
1981
2286
2447
2338
2389
2319
2587
2271
2406
2655
2419
2564
2502
2463
2513
2491
2538
2465
2381
2511
2221
2488
2108
2434
2464
2483
2464
2652
2479
2474
2397
2510
2625
2265
2660
2426
2721
2558
2070
2516
2656
2502
2513
2547
2452
2330
2519
2386
2564
2566
2661
2476
2524
2266
2378
2626
2494
2535
2461
2625
2606
2412
2309
2582
2525
2501
2470
2347
2401
2554
2711
2662
2687
2256
2643
180604
372594
373824
374342
375031
372541
374188
372618
368240
367896
371363
375935
373349
369504
377441
373640
372706
374688
AVG: 2461.84285714

r=3, k1
1109
1552
1930
1828
1511
2047
2116
2443
2624
2288
2202
2471
2453
2580
2566
2358
2462
2548
2562
2620
2296
2262
2328
2551
2434
2574
2619
2648
2527
2559
2674
2535
2552
2343
2682
2588
2568
2655
2260
2677
2671
2607
2677
2507
2421
2712
2538
2773
2496
2616
2544
2420
2589
2489
2709
2572
2584
2696
2579
2563
2618
2528
2555
2437
2736
2428
2457
2423
2705
2702
2750
2642
2551
2773
2520
2643
2652
2678
2317
2627
171599
354709
370486
374934
369884
373251
372863
375184
372121
367148
376051
370369
371966
367547
371220
375337
373369
371615
363489
AVG: 2532.28571429

