r=1, k6
754
1269
1428
1521
1596
1604
1771
1786
1841
1856
1937
1887
1874
1925
1827
1747
1865
2022
1986
1803
1874
1914
1783
1764
1521
1919
1926
2032
1914
1916
1995
1899
2056
1968
1866
2068
1843
1821
1873
1995
1993
1883
1657
1899
1911
1894
1934
1955
1862
1949
1939
1895
1985
1735
1839
1961
1965
2014
1924
1679
1906
1944
2001
1986
1768
1945
1938
1922
1954
1903
1915
1774
2006
1917
1892
1981
1957
2021
2008
1806
189592
360607
363838
364662
360572
362130
363987
363458
362362
352727
362726
365615
363558
364321
352973
363385
360090
358026
AVG: 1890.31428571

r=2, k6
750
1153
1457
1491
1646
1655
1687
1815
1933
1919
1953
1969
1884
1904
1906
1898
1873
1722
1873
1964
1909
1952
1999
1874
1875
1870
2001
2011
1851
1958
1873
1906
1842
1792
1856
1879
1962
1923
1900
1964
1738
1749
1966
2005
2010
1981
1880
1911
1957
1988
1967
1757
1873
1820
1891
1930
1935
1837
1891
1943
1698
1942
1882
1944
1979
2070
1977
1873
1918
1891
1985
1888
1974
1930
1974
1968
1888
1942
1883
1964
170563
339744
343845
343740
345054
305523
344062
343391
340886
349047
338052
335506
341337
341639
344352
346500
342786
344982
AVG: 1901.51428571

r=3, k6
770
1216
1426
1421
1599
1696
1702
1749
1892
1917
1955
1894
1963
1918
1902
1892
2034
1822
2099
1875
1758
1816
1629
1966
1906
1997
1904
1955
1941
1795
1801
1994
1807
1828
2030
1863
2038
1857
1900
1951
1963
1979
1990
1768
1998
1856
2045
1873
1914
1934
1979
1941
1888
1969
1926
1886
2041
1907
1952
1955
1750
1957
1986
2048
2006
1918
1960
1920
1853
1952
1974
1827
1920
1982
1915
1859
1940
1691
2051
1912
190160
355343
340852
345618
359680
361716
345698
354375
344627
327258
349227
357126
358543
364260
356348
361275
357115
AVG: 1911.11428571

