754
1038
1433
1478
1480
1688
1699
1652
1539
1754
1922
1815
1821
1705
1777
1902
1830
1860
2003
1855
1891
1858
1819
1897
1783
1868
1625
1870
1842
1924
1913
1771
1749
1908
1890
1867
1844
1839
1820
1895
1914
1744
1905
1704
1897
1876
1865
1868
1906
1942
1927
1894
1811
1926
1860
1889
1777
1920
1782
1530
1834
1837
1844
1844
1871
1890
1805
1786
1913
1830
1900
1675
1873
1720
1685
1815
1783
1679
1877
1888
149241
369451
368186
369930
363655
374215
370089
372248
369679
374023
371371
363398
367634
366313
373462
375366
373568
372227
365330
AVG: 1827.7
