1964289
1905635
1553226
1463062
1644640
1523710
1287214
1315506
1364102
1344760
1380203
1375064
1293518
1480281
1655096
1418493
1494984
1498900
1469509
1416814
1309471
1292741
1418740
1514928
1280177
1432163
1426206
1770127
1480812
1400754
1304376
1524695
1315193
1419114
1350364
1270264
1514548
1310862
1572469
1419755
1518518
1662145
1371226
1374675
1422081
1445671
1615032
1548258
1220248
1282435
1290277
1366827
1489833
1349824
1207071
1496027
1458564
1296062
1454779
1308939
1473754
1344736
1428385
1251342
1261675
1374125
1238848
1113914
1443928
1430303
1362911
1209908
1380247
1321791
1188929
1248860
1405855
1274283
1412161
1216142
916753
AVG: 1392930.43662
