r=1, wt=32, c=4
1258175
1382529
1480229
1140774
1260360
1964154
1113291
975747
1075456
1061255
1454676
1041985
1045771
1035463
1046066
1077631
1197434
1113760
1102569
1107307
1003552
1013018
1280038
4459784
1032966
1125679
1071966
1089646
1309348
1187211
1185491
1168212
1271985
1028428
1168623
1080768
1234460
1148225
1285907
1063413
1246539
1290754
1511604
1189691
1127112
1184487
1149653
1249559
1463002
1251434
1183539
1233306
1127058
1251532
1130020
1188042
1268914
1136936
1338184
1157097
1328678
1386378
1227576
1173006
1508256
1163370
1215403
1313883
1245823
1248398
1206709
1333649
1470599
1165436
1231930
1424588
1291556
1338662
1189812
1215950
730981
AVG: 1252724.3662

r=2, wt=32, c=4
1553901
1647268
1757977
1397981
1338485
1104722
1302999
1158857
1091547
1157841
1390889
1390962
1198019
1095264
1053870
1045136
1370259
1137317
1029073
1413999
1199778
1079561
1182932
1189750
1281702
1162558
1643457
1198597
1129664
1161134
1137079
1173687
1172550
1231838
1141796
1178351
1408326
1145829
1165562
1111005
1132420
1183731
1306671
1119811
1113892
1086950
1170556
1212154
1180817
1239810
1251954
1150358
1189271
1363693
1167776
1571493
1296092
1171637
1424216
1115391
1086022
1119946
1072050
1150399
1200987
1097403
1213546
1180072
1194568
1115329
1196450
1174901
1294045
1138956
1303133
1170304
1391301
1253820
1175370
1395189
AVG: 1200320.14286

r=3, wt=32, c=4
1474612
1367246
1562896
1211487
1198907
1249840
1012340
1293713
1303407
1084452
1108329
1154525
1116335
1164015
1131066
1053887
1024125
1068479
1489478
1045250
1247322
1064959
1167325
1096920
1109921
1227808
1170136
1098891
1165954
1191716
1215157
1221447
1544332
1401207
1207119
1204155
1405519
1223517
1094159
1134012
1087468
1391064
1084690
1331300
1104974
1152781
1207255
1262908
1371080
1102664
1227185
1094806
1147202
1311437
1285072
1324455
1217857
1210602
1217576
1303513
1210622
1190535
1137263
1147647
1103432
1254872
1855793
1426809
1120350
1299669
1219450
1116483
1533533
1174255
1219084
1732046
2222405
1168340
1072036
1173426
748503
AVG: 1220683.78873

