2447745
1772204
1867798
1693937
1340183
1299780
1347866
1776501
1283529
1146400
1346492
1339797
1220848
1303007
1322905
1650058
1232106
1898612
1442209
1304641
1403989
2150500
1429309
1350182
1533535
1422421
1403063
1836464
1359509
1473872
1511195
1390323
1460966
1703081
1459195
1481298
1897658
1558527
1625047
1816334
1544817
1588555
1750919
1803382
2064997
1620970
1491085
1515450
1622522
1543304
1520874
3001567
1643102
1511592
1474286
1514866
1378831
1536693
1399532
1500983
1425223
1441287
1745876
1538434
1622491
1568273
1604863
1905026
1556363
2372137
1984358
1741543
1633725
2312434
1660877
2435452
1653902
1636330
1878656
1389945
AVG: 1590320.8
