2600621
2107002
1317150
1410684
1452681
1262271
1383178
1392345
6805793
1357828
1395815
1755979
1580102
1841714
1575734
1965857
1623406
1726808
1612337
1735991
1434807
1335095
1352999
1221942
1607258
1438970
2258530
2156902
1499347
1792712
1782694
1536049
1614955
2203361
1511528
1382923
1715917
1461933
1436239
1994159
1477110
1848158
1563579
1394888
1570753
1543024
1617790
1736518
1337073
1675439
1458040
1437948
1527028
1420191
1539413
4267826
1401654
1455665
1450793
1385590
1598143
1444234
1485485
1502441
1691801
1560834
1328333
1251470
1384887
1797486
1314377
1330780
1469308
1352123
1554414
1743699
1742380
1611437
1941604
1608467
1197575
AVG: 1671433.42254
