1454818
1182309
947395
850220
755108
843985
870877
755218
933427
765200
662041
730131
849808
887081
660929
632495
678435
678532
746362
748613
703782
704645
700803
708971
808838
760690
738680
920838
777323
753820
719333
654590
685132
802175
723846
770411
737399
778312
833636
695522
706263
666078
706303
729798
839390
818789
765662
706481
657105
770744
700790
680162
727154
711502
794707
898539
682993
718980
662198
763157
833405
809892
699605
760794
693203
679736
743229
677764
728410
714041
754506
884837
702660
833324
878182
803334
724817
703334
677770
692352
AVG: 750318.042857
