r=1, wt=16, c=16
2305362
2224029
2107323
3100891
1661519
1545608
1584172
1876531
1510307
1584412
1774086
1479327
1601497
1947345
1366837
2129024
1808236
1879270
1606323
2585304
2519787
2642042
1439267
1769425
1697288
1752941
2649977
1562607
1650032
1831856
1692440
2219814
1801631
1757396
1603996
1838456
1718779
2488799
1704111
1838093
1624829
1892509
1880822
1670788
2118859
1751503
3006378
2650429
1763000
1842788
1743506
1820663
2298713
1764588
1512945
1903686
1491232
1633365
1793818
1708012
1639768
1917510
1730024
1625166
1825074
1641778
1692794
2069394
1852992
1843621
1565385
1736772
1653363
1807278
1848356
1836389
1650492
1669567
1745690
3843214
1178046
AVG: 1839649.47887

r=2, wt=16, c=16
2447745
1772204
1867798
1693937
1340183
1299780
1347866
1776501
1283529
1146400
1346492
1339797
1220848
1303007
1322905
1650058
1232106
1898612
1442209
1304641
1403989
2150500
1429309
1350182
1533535
1422421
1403063
1836464
1359509
1473872
1511195
1390323
1460966
1703081
1459195
1481298
1897658
1558527
1625047
1816334
1544817
1588555
1750919
1803382
2064997
1620970
1491085
1515450
1622522
1543304
1520874
3001567
1643102
1511592
1474286
1514866
1378831
1536693
1399532
1500983
1425223
1441287
1745876
1538434
1622491
1568273
1604863
1905026
1556363
2372137
1984358
1741543
1633725
2312434
1660877
2435452
1653902
1636330
1878656
1389945
AVG: 1590320.8

r=3, wt=16, c=16
1991370
2372516
2133097
2283689
1857187
2173770
1954173
1713337
1842873
1723653
1980576
2034208
1542635
1615616
1695161
1809083
1751642
1886235
1900497
1554197
1985853
1757686
1647859
2077995
1515979
1804798
2577268
1921775
1870372
2209823
1713314
1959196
1949344
2064603
1632098
1967592
1882875
1961828
2405219
2104516
1953453
1639230
2075781
1560307
1452342
2134281
2039881
2060505
1665473
1783063
1965414
1958147
1941053
2988872
1986488
1726142
1721488
1679501
1970982
2046228
2156041
1932923
1618459
1805408
1941556
2039461
2227227
1960489
1974287
2120598
2632311
1894892
1727786
1758322
2092757
1708466
1849127
2204583
3547968
1969673
1135952
AVG: 1917285.39437

