2281256
2871173
1632217
1676764
1776616
1983710
1663109
2776492
1551446
1598068
1585410
3524504
1601049
1478685
1341593
1590595
1450233
1542640
2724832
1603673
1550273
2162520
1431276
1550146
1437055
3110066
2514855
1521147
1461108
1589203
1452246
1776958
1521415
2255831
4209065
1309844
2114742
1581551
1564354
1571557
1443369
1445482
1370141
2048016
1332071
1881859
1459939
1388763
1374176
1486788
1551253
1529095
2629255
1435961
1948049
1814365
1180010
1478908
1266601
1283670
1248726
1324624
1566149
1543198
1477998
1282342
1333614
1473411
1246254
1209869
1188706
1537766
1259310
1229043
1240438
1521751
1164378
1322483
1604948
1171487
425025
AVG: 1672284.80282
