1207550
1117555
952296
876306
865571
851181
873561
786645
956413
827461
751296
732313
861039
814599
765440
709727
766174
715439
683338
697575
797819
778366
732693
735802
715648
814557
700991
797672
785290
725507
741637
797971
661588
761741
787512
726557
827152
746781
625634
657018
809809
766368
706643
817014
779464
799692
684136
738024
725881
799453
746510
859534
744495
806864
892028
664958
804350
810050
694886
781351
784847
756644
763557
705730
768278
965326
742630
713595
778313
826331
779995
808410
792218
830674
892383
855820
1209758
723442
749036
773494
597020
AVG: 773329.549296
