1141897
1605612
1481235
1519445
1741688
1931062
2178189
2841486
2422902
2175010
1899903
2110526
2219527
2976845
2058720
2528801
2307865
2955884
3487308
2022531
2617970
2227623
2232875
2764568
2057226
2282936
1987953
8269358
3904319
2085964
2649019
1797125
2260736
1981151
2313569
2123513
2098030
1886876
2275380
1955924
2422875
98752912
1954441
2768732
3351184
3816227
2883324
2396229
2103810
2127947
2306351
2460224
2139216
1970188
2014503
2549013
14974632
7156944
2617891
2291586
2002283
2620374
2419075
7573723
2209674
1919140
2497474
2456940
5344407
2096393
2154962
2497551
2817664
2794469
4120438
2988595
2108537
2798765
2856522
2249682
AVG: 4235306.71429
