r=1, wt=8, c=28
2421294
1997585
1809064
1746328
1573937
1670759
1726767
1533105
1651049
2516354
1435226
1475254
1640920
1584465
1752072
1672462
1594608
1634578
1642711
1527872
1765083
1553983
1541294
1523018
1530036
1555514
1644078
1569162
1652850
1912331
1603429
1669400
1569313
1911249
1477306
1675873
1395533
1334011
1260387
1393272
1520838
1644157
1662349
1451444
1276793
1619766
1500467
1466841
1679955
1825285
1717176
1749851
1614724
1892226
1775231
1797184
1647810
1488586
1459742
1476425
1537441
1529647
1555720
1401293
1421079
1577906
1568878
1505225
1733483
1697603
1735599
1555233
1547777
1602176
1572121
1763205
1772884
1674736
1731716
1455980
1677993
AVG: 1607979.71831

r=2, wt=8, c=28
2909347
2213180
1963426
1486073
1902371
1717490
1591992
1962627
1607126
1657710
2583833
1553872
1564635
1406344
1464160
1459364
1585355
1599053
1512222
1523288
1785237
1590227
1452519
1527386
1413029
1524332
1421191
1612049
1423531
1597870
1557358
1422608
1200658
1367291
1602926
1394972
1450624
1527049
5459041
1407131
1573678
1747112
1584085
1468993
1495491
1771015
1581824
1335505
1442753
1547785
1341954
1381001
1426823
1488056
1708507
1551191
1763613
1925577
1845018
1603356
1394821
1825335
1617994
1620210
1658996
1489730
1526807
1724490
1593504
1703630
1746715
1795245
1596065
1656341
1681570
1608092
1758465
1683458
1744425
1703205
AVG: 1639155.57143

r=3, wt=8, c=28
2581109
2022521
2414891
1885104
1990466
1810147
2019459
1954075
1802913
1726498
1735808
1826408
1869655
1744291
1666560
1846098
1808393
1750897
1753860
1856672
1851409
1653843
1661721
1869785
1569417
1708065
1691382
1705023
1676304
1797361
1802781
1831787
1527673
1743491
1870511
1635346
1691236
1713644
1783666
1834209
1591229
1651317
1803723
1813645
1480074
1466922
1694687
1593569
3103047
1647179
1629982
1583652
1313165
1534077
1528523
1605566
1502666
1659291
1492649
1528613
1423540
1448377
1573875
1595714
1816964
1768087
1469008
1461332
1397107
1906161
1436494
3321838
1253343
1229818
1279824
1236885
1518683
1973755
3084801
1419439
1113120
AVG: 1699046.91549

