1483518
1545634
1562788
1662286
1612412
1410712
1734814
1663515
2371855
2695570
2002731
2418704
2246864
1953791
1879387
2030236
1959106
1931308
1710476
1502388
1702566
1675398
4771694
2106549
1777187
1667160
2472630
2497617
2231752
1929605
1976540
1637944
2925937
1768086
2007471
1942681
2605014
1436340
1534828
1964581
2065013
1647721
1697147
2069482
1754039
1950470
2070362
2538280
2137109
1819178
2438806
1739310
1909757
1903838
1517035
1654232
2102947
2424608
1985867
1796392
1765150
1884759
2500996
1956223
1715559
2030111
1917826
2046421
2579981
1571218
2282780
2020684
1579622
1962260
1695110
1988547
2693935
2154286
2458824
1641487
1067999
AVG: 2012139.11268
