r=1, wt=64, c=16
1327647
1231226
1989576
7279478
1703497
1540394
1899888
3227643
1965283
4085057
1779579
1738424
1945556
1580569
1853659
1726950
2772109
2327720
2358442
2924060
1538971
2382344
2360288
2279429
1928016
2119500
2833685
1999863
2295654
1855031
2616931
1608203
2084895
1753605
1953791
3231887
2814890
2043604
2449450
2311137
1763399
2323584
1798734
1872845
2117793
1963062
1678686
1762503
1887578
1946790
1825839
2189948
2177332
1673294
2019459
2028165
2258196
1940803
2153406
1870217
2740236
1674224
2169348
2159876
2238634
2679744
2049260
1968785
1857058
7759845
1846798
1538749
1912776
1577263
1433290
1874113
1890072
1629166
2048266
2247154
1768374
AVG: 2181945.61972

r=2, wt=64, c=16
1360482
1304607
8839208
1540872
1817604
1656537
2038264
2347084
1780497
1957318
1764666
2227195
2097099
1885674
1617753
2002861
1856571
2065230
1839098
2333536
1872040
2902313
1906904
1637737
1846708
1762823
3454675
2742808
2946103
2323344
2383275
2003807
4358305
1858430
2634425
1737157
2776269
1706681
1777035
1837236
1669357
1610863
2352241
2524614
1960817
2181757
1730841
1803631
1645434
1703613
1853743
1685945
2479549
1916846
1865052
2528758
5324035
1667828
2103399
2061744
1878089
5140240
1993162
2509251
2149796
2021331
1632471
1955996
1978396
2084337
1654717
1922610
1915308
2333439
1550153
2660925
1845866
1589342
1486652
1832437
624724
AVG: 2168841.49296

r=3, wt=64, c=16
1707427
1653376
3542154
2516525
3038531
1863241
1641569
1752948
1845356
1695724
1673747
9699269
1929694
3154989
1836075
2597386
2134557
4637095
2080097
6186005
1755743
1749315
2349440
1899382
2455213
1978450
3131057
1990177
1928955
2022300
2018936
1952074
1807792
1882920
2437952
2048874
1730115
3354051
1740124
2184435
1802482
1740291
2063914
1813283
1734796
1619661
1984865
2196820
2248378
3680629
1683416
1468325
1674633
2036424
1430204
1577369
1764935
1699336
1711927
2044519
2233188
2564954
1746406
4202295
2416570
1846432
1883300
1889650
3807053
1959047
3008207
6865746
1607558
1834006
2192028
1794915
1803727
1727687
11357491
1736168
AVG: 2359681.48571

