r=1, wt=64, c=8
1137
1721
2051
2550
2784
2300
2900
3231
2954
2699
3317
3028
3269
3125
3158
3129
2766
2824
2998
3198
2925
3064
3163
2922
2790
3148
3206
3294
3066
3209
3303
2817
2871
3145
3023
3040
3111
3014
2978
2832
3111
3257
3140
3285
3050
3207
2541
2913
3252
3254
2878
2538
3092
2948
2708
3112
2952
3276
3087
3065
2897
2672
2916
3135
3237
2892
3176
2948
2667
2866
3162
3279
3147
3246
3080
3277
2965
3103
3201
3043
AVG: 3025.75714286

r=2, wt=64, c=8
1145
1940
1945
2503
2769
2982
3131
3250
3193
3186
2549
3146
3330
3416
3132
3145
3371
3012
3027
3170
3171
3010
2908
3075
3020
2735
3565
3285
3203
3308
3136
3248
2831
2716
3227
3019
3057
2942
3082
3120
2843
3294
3359
3202
3140
3289
3132
2710
2799
2973
3069
3074
3226
3201
3216
2432
2793
3389
3015
3226
3263
2836
2752
2901
3114
3372
2958
3082
3170
3243
3006
3253
2939
3014
3005
3355
3084
2995
2294
3112
AVG: 3085.54285714

r=3, wt=64, c=8
1127
2008
2086
2273
2541
2971
3161
3272
3032
3157
3072
2491
3379
3334
3254
3211
3136
3234
2700
3164
3229
3093
3320
3286
3283
3085
2815
3159
3100
3211
3183
3105
3096
2985
3158
3362
3272
3370
3218
3269
2960
2955
3320
3095
3146
3084
3102
3226
2790
3196
3281
3287
3203
3115
3015
2994
2754
3382
3164
3050
2981
3024
2992
2903
3101
3299
3256
3198
3279
2961
2979
2967
3233
3542
2983
3205
3048
3244
2838
3152
AVG: 3128.34285714

