r=1, wt=8, c=20
1659
2843
2815
3284
3196
3376
3611
3697
3861
3444
3295
3765
3257
3490
3934
3947
3819
3361
3900
3501
3646
3612
3836
3931
3715
3797
3602
3532
3788
3835
3898
3972
3673
3791
3677
3585
3908
3995
3734
3706
3793
3650
3474
3852
3710
3728
3795
3885
3857
3757
3651
3808
3752
3816
3728
3074
3489
3410
3751
3808
3802
3971
3882
3950
3247
3488
3479
3818
3382
3633
3496
3779
3358
3561
3816
3798
3989
3525
3755
3201
AVG: 3684.87142857

r=2, wt=8, c=20
1057
2406
3105
3106
3300
3208
3025
3139
3188
3621
3780
3075
2977
3556
3205
3239
3818
3361
3674
3805
3655
3791
3258
3518
3781
3765
3552
3346
3596
3457
3465
3546
3873
3709
3090
3902
3763
3448
3556
3718
3630
3493
3812
3747
3784
3252
3696
3786
3748
3794
3847
3806
3488
3156
3910
3852
3549
3557
3659
3621
3382
3775
3953
3768
3929
3873
3765
3102
3468
3684
4013
3547
3506
3712
3480
3264
3781
3819
3891
3898
AVG: 3580.05714286

r=3, wt=8, c=20
1222
2294
2929
3157
3114
3518
3289
3397
3788
3761
3861
3798
3435
3928
3189
3542
3908
3543
3485
3259
3783
3833
3187
3493
3796
3800
3915
3622
3540
3343
3454
3917
3803
3753
3555
3431
3506
3307
3761
3706
3288
3849
3861
3859
3484
3498
3681
3979
3740
3752
3685
3431
3343
3793
4135
3811
3855
3744
3793
3611
3388
3722
3663
3311
3544
3741
3283
3385
3774
3851
3789
3748
3798
3825
2734
3605
3964
3669
3688
3253
AVG: 3627.91428571

