r=1, wt=16, c=32
1200
2475
2696
2616
3254
3731
3917
4056
3501
3237
3364
3659
3517
3632
3256
3091
3493
3790
3372
3463
3735
3777
3881
3796
3831
3692
3783
3680
3763
3322
3557
3875
3695
3294
3653
3828
3786
3685
3710
3882
3426
3719
3772
3722
3261
3617
3840
3883
3087
3374
3912
3947
3920
3983
3788
3584
3664
4090
3946
3941
3602
3892
3520
3583
3870
3917
3727
3886
3894
3748
3758
2971
3855
3819
3750
3712
3494
3174
3275
3567
AVG: 3679.6

r=2, wt=16, c=32
1376
2513
3311
3127
3206
3698
3837
3818
4029
4041
3996
3804
3571
3794
3771
3574
3667
3656
3715
3594
4004
3522
3965
3852
3778
3979
3520
3496
3957
3980
3567
3457
3751
3453
3551
3604
3810
3913
3782
3820
3929
3636
3720
3888
3576
3858
3724
3857
3745
3477
3876
3761
4172
3969
3878
3863
3698
3497
3955
3914
3732
3761
3763
3838
3434
3951
3044
4011
3668
3867
3882
3923
3417
3842
3982
3529
3757
3891
3645
3431
AVG: 3763.34285714

r=3, wt=16, c=32
1418
2239
3476
3291
3440
3702
3845
3471
3880
3937
3990
3692
3836
3875
3278
3234
3728
3683
3601
3222
3499
3390
3840
3836
4034
3838
3942
3690
4044
3261
3481
3608
3774
3556
3588
3477
3783
3327
3811
3866
3724
3922
3840
3116
3314
3640
3843
3754
3446
3534
3624
3575
3439
4030
3946
4053
3657
3690
3819
3332
3110
3760
3650
3650
3610
3337
3510
3775
3898
3757
3854
3948
3710
3789
3489
3893
3703
3614
3803
3110
AVG: 3668.05714286

