252167
81904
60894
58781
56069
53883
54437
54445
54954
50522
51049
50748
51446
47598
51270
51389
48198
40368
37360
41054
41717
54455
35929
34733
37731
38736
34287
36568
34528
35064
35440
34264
33980
36102
38472
35674
34361
35770
35682
34867
43210
39645
36546
33380
35455
34148
33399
33613
35403
36252
42846
33322
38332
36843
35085
33925
34412
35938
34906
36093
33832
32225
33765
34146
35938
40543
35720
35212
37514
39632
36031
33698
37795
34030
35710
36808
35419
36426
35889
40593
AVG: 39080.3571429
