905311
472721
433917
556584
390463
379936
401301
374684
344590
369681
326704
334165
356423
369530
379483
366056
388981
331906
376444
356865
327618
333037
402747
346259
370236
356869
339343
327299
363785
353024
349742
342119
348271
378308
394210
344965
347426
369884
298072
330948
379684
333294
353770
303116
365435
372609
337526
357976
374037
385622
355519
397366
392007
352413
358901
332671
371211
364793
367121
364094
379938
317196
350194
404039
337557
392535
390803
386608
408835
359980
370237
386984
324810
343952
368381
401887
315985
341142
345973
401678
AVG: 360316.071429
