r=1, wt=16, c=12
696922
301108
315316
323386
242137
278667
233035
235466
250360
253899
238078
261923
320954
265310
245413
236644
238370
214094
223733
259351
252510
254362
230306
281122
268633
245184
246982
257544
260715
247935
217113
224361
229933
241648
248668
288812
247279
237441
235062
254646
264896
231090
269507
254756
274415
231727
266623
231382
267581
248288
257087
208106
233383
235319
246292
227251
235383
278572
245710
227293
240523
245979
220328
256747
210354
280283
237411
223145
243882
229301
223784
252235
248676
220484
235520
245559
232250
229622
228407
208138
AVG: 246126.657143

r=2, wt=16, c=12
910688
344069
311408
317626
317695
244620
234413
250150
251539
212869
215396
235868
242781
263874
243724
258861
237217
261801
236883
225517
248113
252043
219935
254106
254373
255065
230637
253496
257115
261197
266114
219054
243249
238619
233715
274603
248596
256872
260056
225026
238756
254074
215097
236131
260663
263276
238102
255290
212972
227032
237426
220189
201625
256108
237723
216254
242081
230306
209511
231348
246985
229046
237325
224348
273495
247638
230206
236821
243233
217759
250070
222087
254259
226451
243549
265404
251389
261979
227195
228029
AVG: 240496.185714

r=3, wt=16, c=12
689224
334979
334235
356116
267703
241571
236398
255979
220462
228498
236651
256498
249782
227031
241759
239791
229225
217010
246568
234481
244318
219910
213985
233280
238951
231293
217029
247970
212796
241620
239037
218795
271776
229882
223613
229137
226186
232685
222015
223445
208517
231061
228083
240936
226490
225697
252131
230949
244636
248830
239897
235725
245623
215877
228521
243910
231293
256028
252573
230523
217915
233035
246243
274930
273710
254349
245672
248332
256282
203581
240927
255908
238894
238536
243802
296954
272371
261961
276641
249337
AVG: 236697.757143

