716158
368824
368014
353871
277721
225943
251287
252108
242399
277982
233554
253039
231883
238753
253058
220177
231110
243464
232726
248004
224598
231949
235796
233707
238788
217990
212857
235351
222180
223118
238300
219138
223069
230713
238006
245108
233482
240627
244403
243975
223692
219343
226728
242584
250239
241526
244780
234978
219263
249581
261919
226735
272647
255549
249125
253103
222319
228063
219855
236434
247093
253960
225075
234311
250829
240434
239209
220849
218709
276018
219080
227380
216869
242064
231168
230324
252291
234874
215020
251561
AVG: 237002.185714
