904170
506651
608331
590424
431977
437142
350599
374592
361180
395883
362382
387820
391774
349472
390569
359523
403079
332494
351583
351394
398801
326158
365333
457995
457981
562674
356860
460132
404687
362234
354814
348386
374207
406360
389237
471847
384074
400813
415861
436989
423777
416281
470304
385181
404932
379589
344696
387245
370900
402291
405287
411670
386844
447854
419833
411857
396450
487278
398705
402706
392464
411177
375445
359459
427698
406540
354275
361076
410751
437846
432184
514879
511005
397509
354608
379236
400736
346014
369655
430979
AVG: 400507.5
