r=1, wt=32, c=32
956676
558785
571992
614127
508975
403112
405613
392187
353298
362929
453429
427660
372864
365682
455789
444395
424015
393055
539226
361757
396531
367727
421063
401505
420058
421922
411763
375452
377408
514277
485280
458820
474357
444152
426270
358094
423354
366415
396301
476522
472294
410770
419406
438608
436010
494617
447806
432514
506237
426330
389116
360491
459639
404675
400028
452329
503137
382912
401704
473557
488286
419111
576833
488919
430468
382063
400448
452898
398105
435180
483276
507606
454181
381859
430259
448469
420527
466082
601471
521647
AVG: 428770.771429

r=2, wt=32, c=32
1144395
521590
593920
504999
677364
461491
432915
463825
454941
434409
703341
457556
480806
561217
448570
482642
414152
471635
429275
422952
411829
457567
457423
423143
473793
450437
400949
462072
428822
446099
436282
402879
392264
411018
412187
435107
473741
463696
464728
457753
421740
404570
479349
441737
552680
448416
358155
473594
436132
422039
403445
415959
498155
399102
453007
494442
464866
480667
474705
468611
431565
421592
403405
434888
444082
417380
402959
465416
443299
405670
426598
443305
448127
480061
451399
514156
422104
438071
450089
381956
AVG: 448466.185714

r=3, wt=32, c=32
874133
492702
620992
558356
483134
398532
462371
421007
427998
451426
479570
400556
410528
432662
453955
423354
452289
513456
526427
483863
448480
467185
457685
438638
433322
524386
442343
386804
375960
421329
447921
373391
469267
505435
499668
413540
449202
458679
433132
472462
497168
384972
442990
427708
441121
401333
404749
459221
484258
428057
443892
448384
461040
404166
437335
499318
419343
381431
421382
392117
391064
408123
508448
444162
399304
415126
454323
456153
449770
449978
474848
388177
375689
397736
377651
387652
396240
389679
407992
395446
AVG: 438962.285714

