785199
366266
341069
349052
253847
232621
274052
260795
231472
234358
243413
261421
258081
237168
243596
248968
241091
255533
237352
239661
240381
235438
238293
227004
239565
250890
239009
237156
222612
228696
261453
215178
235286
242155
247436
231512
219563
242581
229562
231608
269597
223780
233250
238438
233125
237493
241844
232719
223665
246011
236368
255283
246689
270273
243474
239240
283411
246448
253838
228436
235673
275993
259504
228093
245674
218743
249579
227393
218070
215073
278163
258343
229842
239715
236150
240709
219355
202489
243584
244703
AVG: 241633.571429
