2565400
431715
239076
123438
137390
243534
151368
105613
117172
153232
638146
185100
60705
98228
101654
104086
95806
155618
211636
115637
127858
68658
162234
152913
227895
116851
131450
157981
129791
121543
141402
108204
167137
160825
115246
106500
137313
117691
129631
97254
89162
93029
154240
129666
105250
90434
203005
110917
88888
80257
134683
169401
78515
91560
177549
136495
152058
138606
92786
86727
147274
102785
114189
114345
116047
89988
261284
165090
106667
163369
181640
138296
100778
116528
145967
108410
153987
96277
107300
219749
AVG: 138334.1
