SEC 1
75.0
78.0
76.3333333333
74.3333333333
72.3333333333
76.6666666667
72.3333333333
73.0
76.0
75.0
71.0
77.3333333333
73.3333333333
75.6666666667
79.6666666667
73.6666666667
SEC 2
214.666666667
211.666666667
216.0
211.0
211.333333333
214.333333333
211.333333333
218.0
213.0
215.333333333
208.0
216.333333333
211.666666667
218.666666667
223.0
209.333333333
SEC 3
367.333333333
385.666666667
376.333333333
376.666666667
377.666666667
379.333333333
374.666666667
374.0
373.333333333
367.666666667
375.666666667
377.0
383.333333333
386.333333333
376.333333333
374.0
SEC 4
535.333333333
556.0
551.333333333
553.0
554.666666667
551.333333333
547.333333333
550.0
544.666666667
547.333333333
538.666666667
548.666666667
559.0
553.666666667
551.666666667
547.666666667
SEC 5
721.666666667
729.0
741.333333333
744.666666667
740.666666667
741.0
730.0
733.666666667
731.666666667
735.666666667
721.333333333
727.333333333
747.666666667
736.333333333
746.666666667
734.333333333
SEC 6
936.333333333
945.333333333
961.333333333
963.333333333
949.333333333
957.333333333
949.333333333
946.333333333
945.333333333
943.0
940.0
944.333333333
961.333333333
948.0
962.666666667
944.666666667
SEC 7
1157.33333333
1133.0
1169.33333333
1172.0
1154.33333333
1169.66666667
1148.33333333
1148.0
1146.0
1148.33333333
1152.0
1135.33333333
1169.0
1156.0
1161.33333333
1147.0
SEC 8
1348.66666667
1358.66666667
1375.66666667
1368.0
1353.33333333
1364.66666667
1356.33333333
1349.66666667
1356.33333333
1345.33333333
1348.33333333
1337.33333333
1366.33333333
1350.66666667
1365.0
1352.0
SEC 9
1566.66666667
1563.66666667
1582.66666667
1579.33333333
1563.66666667
1579.0
1563.33333333
1555.0
1558.66666667
1543.33333333
1559.66666667
1542.33333333
1570.66666667
1565.0
1564.33333333
1562.66666667
SEC 10
1754.33333333
1787.33333333
1789.66666667
1785.0
1772.0
1794.0
1774.66666667
1769.0
1756.33333333
1771.33333333
1745.33333333
1744.0
1787.33333333
1789.33333333
1761.66666667
1759.66666667
SEC 11
1945.33333333
1977.66666667
1986.66666667
1980.66666667
1964.33333333
1990.66666667
1973.0
1969.33333333
1948.33333333
1966.33333333
1957.0
1938.0
1984.0
1990.33333333
1952.66666667
1949.33333333
SEC 12
2178.0
2155.66666667
2194.0
2185.33333333
2166.33333333
2195.33333333
2182.0
2176.66666667
2154.66666667
2147.66666667
2174.33333333
2141.66666667
2186.66666667
2173.66666667
2178.66666667
2154.66666667
SEC 13
2344.0
2390.33333333
2399.66666667
2394.0
2368.0
2401.0
2389.66666667
2380.66666667
2358.66666667
2349.66666667
2379.66666667
2352.0
2397.33333333
2359.66666667
2390.33333333
2360.66666667
SEC 14
2565.33333333
2577.66666667
2611.0
2597.66666667
2580.33333333
2604.66666667
2593.66666667
2585.33333333
2568.33333333
2569.0
2581.66666667
2561.33333333
2601.66666667
2584.0
2579.66666667
2566.0
SEC 15
2801.33333333
2766.66666667
2819.33333333
2809.0
2794.33333333
2802.33333333
2802.33333333
2795.33333333
2776.66666667
2784.0
2782.33333333
2778.0
2809.66666667
2790.33333333
2794.66666667
2785.66666667
SEC 16
2995.66666667
2982.66666667
3029.0
3024.0
2999.0
3014.0
3009.0
3007.33333333
2984.66666667
3010.33333333
2972.66666667
2987.0
3014.66666667
2984.33333333
3007.66666667
2986.66666667
SEC 17
3183.0
3226.66666667
3236.0
3231.66666667
3213.33333333
3230.33333333
3222.66666667
3231.33333333
3195.33333333
3220.66666667
3197.33333333
3198.33333333
3232.33333333
3194.66666667
3222.66666667
3198.66666667
SEC 18
3415.0
3423.33333333
3439.66666667
3437.66666667
3422.0
3437.0
3427.66666667
3436.66666667
3404.66666667
3429.66666667
3403.33333333
3396.0
3439.66666667
3407.33333333
3432.0
3399.33333333
SEC 19
3661.0
3611.33333333
3651.33333333
3651.33333333
3630.33333333
3649.66666667
3639.33333333
3652.0
3618.0
3627.0
3625.33333333
3605.0
3650.0
3637.33333333
3621.66666667
3617.0
SEC 20
3855.0
3856.66666667
3874.33333333
3859.66666667
3842.0
3867.0
3854.66666667
3863.0
3838.33333333
3843.66666667
3836.66666667
3823.66666667
3865.66666667
3824.66666667
3854.33333333
3827.33333333
SEC 21
4069.33333333
4069.33333333
4079.0
4066.33333333
4058.66666667
4080.33333333
4073.33333333
4084.33333333
4053.33333333
4050.0
4048.33333333
4041.0
4071.33333333
4043.0
4059.66666667
4039.33333333
SEC 22
4289.66666667
4246.0
4281.66666667
4268.33333333
4277.66666667
4282.0
4267.66666667
4284.0
4251.0
4246.0
4257.33333333
4247.33333333
4272.0
4275.33333333
4246.66666667
4244.66666667
SEC 23
4468.0
4475.0
4487.66666667
4470.0
4481.0
4489.0
4465.0
4485.0
4458.66666667
4469.33333333
4451.66666667
4441.33333333
4482.33333333
4473.66666667
4471.0
4450.66666667
SEC 24
4704.66666667
4653.66666667
4686.33333333
4683.66666667
4679.0
4691.0
4671.0
4689.0
4665.0
4689.0
4646.66666667
4651.0
4683.33333333
4666.0
4698.66666667
4660.33333333
SEC 25
4895.33333333
4873.33333333
4885.66666667
4889.66666667
4884.0
4894.0
4872.66666667
4884.0
4859.33333333
4870.33333333
4864.33333333
4848.0
4882.33333333
4866.0
4902.66666667
4858.0
SEC 26
5098.66666667
5082.0
5099.66666667
5097.66666667
5090.0
5107.0
5073.66666667
5094.0
5062.33333333
5049.66666667
5109.66666667
5056.33333333
5082.0
5115.66666667
5072.33333333
5067.33333333
SEC 27
5302.0
5265.66666667
5291.0
5301.66666667
5286.33333333
5308.0
5271.33333333
5283.33333333
5262.66666667
5266.66666667
5278.66666667
5256.33333333
5280.0
5293.0
5284.33333333
5266.33333333
SEC 28
5488.66666667
5490.66666667
5495.0
5513.0
5483.66666667
5510.0
5478.66666667
5493.0
5477.33333333
5474.33333333
5487.0
5464.66666667
5490.0
5472.33333333
5515.33333333
5475.33333333
SEC 29
5724.33333333
5662.33333333
5693.33333333
5723.33333333
5685.0
5713.33333333
5686.0
5700.0
5686.66666667
5723.66666667
5642.0
5664.0
5695.0
5730.0
5671.66666667
5680.33333333
SEC 30
5941.0
5886.0
5915.33333333
5938.66666667
5909.33333333
5941.0
5911.33333333
5913.66666667
5907.0
5863.33333333
5946.0
5884.0
5917.0
5894.66666667
5947.33333333
5908.66666667
SEC 31
6125.0
6120.66666667
6118.33333333
6150.33333333
6107.33333333
6156.33333333
6114.66666667
6120.66666667
6112.33333333
6156.66666667
6078.66666667
6097.0
6127.66666667
6124.0
6130.66666667
6113.33333333
SEC 32
6307.0
6349.66666667
6316.0
6353.33333333
6316.0
6370.0
6321.33333333
6332.0
6315.33333333
6358.33333333
6283.0
6305.0
6339.0
6350.0
6321.33333333
6330.0
SEC 33
6506.66666667
6550.33333333
6515.33333333
6553.66666667
6519.33333333
6570.66666667
6524.0
6537.66666667
6523.33333333
6486.33333333
6563.0
6502.0
6541.66666667
6507.0
6560.33333333
6535.33333333
SEC 34
6717.0
6764.66666667
6737.33333333
6767.66666667
6727.66666667
6784.0
6744.66666667
6752.33333333
6742.33333333
6703.0
6780.0
6712.33333333
6759.66666667
6757.33333333
6734.33333333
6747.33333333
SEC 35
6966.66666667
6938.0
6955.33333333
6987.0
6955.0
7002.33333333
6974.0
6969.0
6959.0
6925.33333333
7005.66666667
6931.0
6987.0
6944.66666667
6976.0
6967.66666667
SEC 36
7154.66666667
7190.0
7171.66666667
7205.66666667
7171.0
7225.0
7192.0
7179.0
7186.66666667
7225.0
7149.33333333
7152.66666667
7207.33333333
7184.0
7179.0
7179.33333333
SEC 37
7363.33333333
7401.66666667
7381.0
7414.66666667
7387.33333333
7440.0
7389.33333333
7396.0
7400.0
7353.66666667
7429.0
7355.0
7417.33333333
7388.0
7393.0
7385.0
SEC 38
7606.0
7568.66666667
7594.66666667
7617.33333333
7589.33333333
7637.33333333
7599.33333333
7607.0
7609.33333333
7559.33333333
7628.66666667
7559.33333333
7624.33333333
7585.66666667
7605.0
7596.0
SEC 39
7796.33333333
7793.0
7799.66666667
7818.66666667
7793.66666667
7848.0
7801.0
7814.33333333
7814.66666667
7789.0
7794.66666667
7764.66666667
7831.0
7827.0
7779.66666667
7798.33333333
SEC 40
8017.66666667
7984.33333333
8002.33333333
8022.0
7996.0
8062.33333333
8009.66666667
8018.0
8021.66666667
8001.66666667
7997.0
7961.33333333
8035.33333333
8028.66666667
7975.33333333
8012.0
SEC 41
8235.33333333
8192.66666667
8218.66666667
8229.66666667
8205.33333333
8270.33333333
8221.66666667
8228.66666667
8237.33333333
8242.33333333
8169.66666667
8176.66666667
8254.66666667
8229.0
8190.33333333
8218.66666667
SEC 42
8421.33333333
8422.66666667
8430.66666667
8443.33333333
8422.66666667
8485.33333333
8422.66666667
8431.66666667
8449.66666667
8420.66666667
8415.66666667
8382.66666667
8463.0
8418.33333333
8427.66666667
8430.66666667
SEC 43
8625.0
8630.33333333
8645.66666667
8645.0
8623.33333333
8689.33333333
8624.0
8634.66666667
8656.66666667
8616.33333333
8627.33333333
8588.33333333
8673.0
8645.33333333
8608.0
8629.66666667
SEC 44
8810.66666667
8860.0
8852.0
8855.66666667
8838.66666667
8904.33333333
8830.66666667
8841.33333333
8867.0
8858.0
8807.66666667
8804.0
8878.66666667
8860.33333333
8817.66666667
8841.0
SEC 45
9045.0
9043.33333333
9060.0
9070.33333333
9050.0
9115.66666667
9041.66666667
9052.0
9079.66666667
9081.0
9018.33333333
9011.0
9085.33333333
9069.66666667
9035.66666667
9055.66666667
SEC 46
9285.66666667
9232.66666667
9277.66666667
9282.66666667
9257.0
9329.66666667
9259.66666667
9269.66666667
9288.33333333
9228.0
9290.66666667
9228.0
9298.66666667
9283.0
9257.33333333
9270.0
SEC 47
9496.33333333
9458.66666667
9487.0
9491.0
9471.33333333
9536.66666667
9471.0
9480.66666667
9505.33333333
9484.0
9461.66666667
9447.66666667
9507.0
9509.0
9461.33333333
9482.0
SEC 48
9670.0
9726.66666667
9709.66666667
9700.33333333
9684.33333333
9752.66666667
9695.0
9705.0
9726.33333333
9720.33333333
9666.0
9668.0
9726.0
9724.0
9688.33333333
9695.0
SEC 49
9925.66666667
9897.0
9916.33333333
9906.66666667
9889.66666667
9963.33333333
9905.0
9918.33333333
9935.0
9894.66666667
9919.0
9880.0
9942.0
9900.0
9946.33333333
9912.0
SEC 50
10151.6666667
10122.3333333
10146.3333333
10142.3333333
10115.3333333
10186.3333333
10135.3333333
10139.6666667
10158.0
10146.0
10121.3333333
10104.6666667
10169.6666667
10151.0
10151.0
10144.0
SEC 51
10327.0
10375.6666667
10362.0
10365.6666667
10341.6666667
10402.6666667
10352.0
10364.3333333
10381.6666667
10348.0
10350.0
10324.6666667
10390.6666667
10383.0
10359.0
10364.3333333
SEC 52
10543.6666667
10592.3333333
10574.3333333
10578.0
10560.6666667
10615.3333333
10556.6666667
10575.6666667
10591.6666667
10539.6666667
10590.3333333
10537.3333333
10608.6666667
10564.0
10593.3333333
10579.3333333
SEC 53
10801.3333333
10755.0
10779.3333333
10795.3333333
10772.0
10830.6666667
10770.0
10784.6666667
10799.6666667
10744.0
10815.3333333
10748.3333333
10817.3333333
10773.0
10799.3333333
10788.0
SEC 54
11007.3333333
10981.3333333
10987.3333333
11014.6666667
10990.6666667
11051.6666667
10977.6666667
11003.0
11009.3333333
11030.3333333
10958.0
10975.0
11035.6666667
11016.6666667
10994.6666667
11010.3333333
SEC 55
11213.6666667
11196.0
11190.3333333
11225.6666667
11188.3333333
11264.3333333
11185.6666667
11210.3333333
11220.3333333
11209.0
11199.6666667
11187.3333333
11243.0
11200.6666667
11230.0
11211.0
SEC 56
11361.6666667
11434.3333333
11382.0
11422.3333333
11384.6666667
11456.0
11387.0
11406.6666667
11408.0
11402.0
11386.3333333
11381.6666667
11446.0
11403.3333333
11432.0
11402.6666667
SEC 57
11619.6666667
11617.6666667
11600.0
11642.0
11601.3333333
11684.0
11605.3333333
11624.6666667
11630.6666667
11580.6666667
11643.0
11595.6666667
11663.0
11610.6666667
11662.3333333
11624.3333333
SEC 58
11868.0
11788.6666667
11804.6666667
11854.0
11812.0
11888.3333333
11809.0
11831.6666667
11837.6666667
11807.3333333
11826.3333333
11802.6666667
11875.6666667
11845.3333333
11840.6666667
11832.3333333
SEC 59
12025.0
12035.0
12008.6666667
12053.0
12021.6666667
12096.3333333
12009.6666667
12041.6666667
12051.0
11984.0
12052.3333333
12008.0
12082.3333333
12050.0
12051.6666667
12034.6666667
SEC 60
12248.3333333
12232.0
12221.6666667
12266.3333333
12234.6666667
12305.3333333
12225.6666667
12261.3333333
12264.6666667
12222.3333333
12242.0
12219.3333333
12299.3333333
12277.0
12247.0
12242.3333333
SEC 61
12486.3333333
12414.6666667
12437.0
12475.0
12443.3333333
12514.6666667
12435.6666667
12467.0
12478.3333333
12486.0
12411.0
12430.6666667
12506.3333333
12468.6666667
12478.3333333
12454.6666667
SEC 62
12668.6666667
12666.0
12653.3333333
12691.6666667
12655.3333333
12729.6666667
12653.3333333
12683.0
12692.0
12627.6666667
12705.3333333
12651.0
12723.6666667
12642.0
12738.3333333
12676.3333333
SEC 63
12922.6666667
12848.6666667
12876.3333333
12910.3333333
12879.6666667
12948.6666667
12880.0
12899.6666667
12914.6666667
12911.3333333
12861.0
12863.0
12937.0
12918.0
12910.3333333
12896.0
SEC 64
13063.3333333
13114.6666667
13085.6666667
13115.6666667
13092.3333333
13154.0
13081.3333333
13108.6666667
13117.3333333
13085.0
13097.0
13070.3333333
13144.0
13127.3333333
13116.3333333
13091.3333333
SEC 65
13310.0
13320.3333333
13307.3333333
13340.6666667
13314.0
13379.3333333
13307.0
13327.0
13341.0
13288.3333333
13339.0
13292.3333333
13380.0
13354.0
13342.6666667
13313.6666667
SEC 66
13557.6666667
13486.6666667
13528.3333333
13556.0
13536.3333333
13596.3333333
13527.6666667
13549.3333333
13555.0
13504.6666667
13555.0
13509.3333333
13597.0
13556.3333333
13566.3333333
13528.6666667
SEC 67
13726.6666667
13715.6666667
13735.0
13759.6666667
13733.0
13801.0
13727.3333333
13751.3333333
13744.0
13738.3333333
13726.6666667
13714.0
13795.0
13715.6666667
13807.6666667
13729.6666667
SEC 68
13930.0
13937.6666667
13937.6666667
13962.6666667
13943.0
14008.3333333
13933.6666667
13958.0
13958.6666667
13919.0
13981.0
13917.3333333
14012.0
13919.3333333
14023.3333333
13937.3333333
SEC 69
14195.3333333
14102.3333333
14155.0
14176.3333333
14148.3333333
14230.6666667
14156.3333333
14175.0
14166.3333333
14200.6666667
14138.6666667
14135.6666667
14228.3333333
14181.0
14194.3333333
14159.3333333
SEC 70
14349.6666667
14393.3333333
14364.3333333
14391.0
14372.3333333
14449.6666667
14368.3333333
14391.6666667
14386.6666667
14397.0
14367.6666667
14347.6666667
14439.0
14413.3333333
14393.6666667
14368.0
SEC 71
14589.3333333
14582.6666667
14573.6666667
14599.3333333
14580.0
14660.3333333
14580.3333333
14605.0
14598.6666667
14618.3333333
14588.3333333
14553.6666667
14645.3333333
14620.3333333
14609.0
14587.6666667
SEC 72
14836.3333333
14756.0
14788.0
14807.3333333
14787.3333333
14862.6666667
14790.0
14813.6666667
14810.0
14859.6666667
14777.6666667
14766.0
14853.6666667
14830.0
14818.0
14803.0
SEC 73
14950.3333333
15030.3333333
14986.3333333
14998.0
14989.6666667
15060.0
14982.6666667
15008.6666667
15006.0
15039.6666667
14996.6666667
14961.3333333
15043.0
15014.3333333
15016.6666667
15001.0
SEC 74
15199.6666667
15190.6666667
15183.0
15199.3333333
15193.0
15259.0
15186.3333333
15214.6666667
15209.3333333
15178.0
15260.3333333
15171.3333333
15245.6666667
15155.0
15284.6666667
15211.3333333
SEC 75
15407.0
15411.3333333
15405.3333333
15415.6666667
15410.0
15479.0
15406.6666667
15436.0
15433.0
15485.0
15397.6666667
15388.0
15468.0
15435.3333333
15440.6666667
15425.3333333
SEC 76
15664.6666667
15580.0
15609.0
15625.6666667
15625.3333333
15677.3333333
15620.6666667
15650.0
15641.6666667
15636.0
15667.6666667
15600.3333333
15685.3333333
15652.6666667
15648.6666667
15631.6666667
SEC 77
15783.3333333
15882.0
15824.3333333
15829.3333333
15831.0
15878.6666667
15825.6666667
15856.3333333
15853.3333333
15881.6666667
15861.6666667
15819.6666667
15897.6666667
15864.3333333
15857.0
15848.0
SEC 78
16075.3333333
16021.0
16039.0
16046.0
16057.3333333
16089.0
16045.0
16085.6666667
16064.3333333
16120.6666667
16052.3333333
16038.6666667
16115.6666667
16146.3333333
16017.6666667
16073.0
SEC 79
16237.0
16254.0
16234.3333333
16253.0
16254.6666667
16295.6666667
16254.3333333
16285.0
16265.0
16301.6666667
16284.3333333
16243.0
16309.6666667
16282.3333333
16273.6666667
16276.6666667
SEC 80
16455.0
16466.3333333
16464.6666667
16468.6666667
16466.0
16507.3333333
16464.3333333
16508.3333333
16482.0
16513.3333333
16514.0
16457.0
16524.6666667
16506.6666667
16485.6666667
16495.3333333
