SEC 1
164.0
165.333333333
169.666666667
160.666666667
160.0
164.333333333
165.0
168.0
SEC 2
451.0
462.333333333
463.333333333
452.0
458.0
464.333333333
457.0
459.666666667
SEC 3
771.0
784.666666667
788.0
779.333333333
777.0
790.666666667
776.333333333
785.0
SEC 4
1148.0
1159.0
1177.33333333
1153.66666667
1159.66666667
1167.66666667
1163.66666667
1164.0
SEC 5
1527.66666667
1527.33333333
1550.0
1526.66666667
1528.0
1549.33333333
1535.66666667
1536.66666667
SEC 6
1972.33333333
1977.66666667
1993.0
1966.0
1962.66666667
1989.33333333
1974.0
1975.66666667
SEC 7
2394.0
2414.33333333
2409.0
2395.0
2403.66666667
2400.66666667
2409.33333333
2402.33333333
SEC 8
2793.0
2825.33333333
2818.33333333
2809.0
2810.0
2797.0
2820.0
2801.33333333
SEC 9
3242.33333333
3276.0
3256.0
3243.33333333
3256.66666667
3251.0
3259.33333333
3238.66666667
SEC 10
3691.66666667
3714.33333333
3704.0
3675.33333333
3700.33333333
3705.66666667
3711.66666667
3669.33333333
SEC 11
4134.0
4153.0
4134.33333333
4109.0
4139.33333333
4138.66666667
4153.66666667
4112.66666667
SEC 12
4591.66666667
4609.33333333
4597.66666667
4559.0
4600.0
4599.66666667
4608.66666667
4575.0
SEC 13
5052.66666667
5071.0
5055.33333333
5016.66666667
5042.33333333
5069.0
5060.0
5022.66666667
SEC 14
5466.33333333
5497.33333333
5485.0
5428.33333333
5475.0
5491.66666667
5489.0
5440.66666667
SEC 15
5905.33333333
5925.66666667
5930.0
5867.33333333
5934.66666667
5950.33333333
5932.66666667
5883.0
SEC 16
6351.0
6388.0
6393.0
6317.0
6383.33333333
6411.0
6391.0
6338.66666667
SEC 17
6803.0
6843.33333333
6845.0
6773.33333333
6843.66666667
6865.0
6853.33333333
6809.33333333
SEC 18
7244.66666667
7293.0
7284.0
7217.33333333
7288.66666667
7322.0
7302.0
7256.66666667
SEC 19
7661.66666667
7723.0
7704.33333333
7655.33333333
7730.0
7749.0
7723.66666667
7702.0
SEC 20
8085.33333333
8135.0
8129.0
8087.0
8146.66666667
8171.66666667
8133.0
8138.66666667
SEC 21
8537.33333333
8571.0
8572.33333333
8516.66666667
8601.33333333
8616.66666667
8573.33333333
8588.33333333
SEC 22
8966.0
8998.0
8984.66666667
8936.33333333
9029.0
9049.33333333
8994.0
9009.66666667
SEC 23
9412.33333333
9430.33333333
9431.66666667
9363.66666667
9469.66666667
9489.66666667
9438.0
9435.0
SEC 24
9856.66666667
9861.33333333
9888.66666667
9819.0
9904.0
9938.66666667
9878.33333333
9876.33333333
SEC 25
10279.0
10286.6666667
10312.0
10232.6666667
10312.3333333
10341.3333333
10304.6666667
10290.6666667
SEC 26
10714.0
10718.3333333
10739.6666667
10668.3333333
10730.6666667
10780.0
10727.3333333
10707.0
SEC 27
11166.0
11166.3333333
11188.0
11120.6666667
11160.6666667
11237.3333333
11177.3333333
11155.3333333
SEC 28
11611.3333333
11625.3333333
11659.6666667
11579.3333333
11616.6666667
11689.0
11645.3333333
11613.0
SEC 29
12073.0
12093.3333333
12126.3333333
12030.6666667
12081.0
12145.3333333
12120.3333333
12074.0
SEC 30
12536.6666667
12544.0
12581.3333333
12487.0
12520.6666667
12596.6666667
12576.3333333
12524.6666667
SEC 31
12947.3333333
12947.3333333
12979.6666667
12891.3333333
12928.0
12996.6666667
12987.0
12952.3333333
SEC 32
13335.6666667
13351.0
13399.0
13284.6666667
13335.3333333
13393.3333333
13394.0
13355.3333333
SEC 33
13755.3333333
13769.6666667
13811.6666667
13697.3333333
13756.6666667
13816.6666667
13811.0
13758.6666667
SEC 34
14189.0
14208.0
14266.3333333
14135.3333333
14209.6666667
14266.6666667
14254.0
14197.3333333
SEC 35
14634.3333333
14642.3333333
14709.6666667
14587.6666667
14646.6666667
14710.0
14699.3333333
14643.3333333
SEC 36
15053.0
15064.3333333
15137.0
15012.6666667
15073.3333333
15128.3333333
15135.6666667
15073.6666667
SEC 37
15473.6666667
15478.6666667
15559.0
15440.3333333
15481.0
15546.0
15547.0
15489.3333333
SEC 38
15900.6666667
15899.6666667
15980.6666667
15860.6666667
15914.3333333
15971.3333333
15963.3333333
15909.6666667
SEC 39
16344.6666667
16326.6666667
16417.0
16302.6666667
16352.3333333
16401.0
16391.3333333
16338.6666667
SEC 40
16808.3333333
16784.3333333
16886.6666667
16772.6666667
16822.0
16870.0
16856.6666667
16794.3333333
SEC 41
17237.3333333
17212.6666667
17325.3333333
17212.0
17257.3333333
17291.0
17271.6666667
17237.3333333
SEC 42
17661.3333333
17647.6666667
17750.0
17645.0
17685.6666667
17722.0
17700.6666667
17665.0
SEC 43
18117.0
18090.3333333
18195.6666667
18092.6666667
18136.6666667
18168.0
18155.6666667
18121.6666667
SEC 44
18571.0
18536.0
18655.3333333
18550.6666667
18599.3333333
18622.0
18605.6666667
18564.0
SEC 45
19010.6666667
18995.0
19106.3333333
19018.0
19064.6666667
19087.6666667
19060.3333333
19002.0
SEC 46
19469.6666667
19470.6666667
19560.6666667
19474.6666667
19531.0
19554.3333333
19529.6666667
19469.3333333
SEC 47
19894.3333333
19902.0
19979.0
19905.6666667
19957.3333333
19982.3333333
19955.3333333
19903.0
SEC 48
20350.6666667
20363.3333333
20426.6666667
20359.3333333
20409.0
20431.3333333
20406.3333333
20357.0
SEC 49
20799.6666667
20808.0
20881.6666667
20815.6666667
20866.0
20876.6666667
20872.0
20801.6666667
SEC 50
21239.6666667
21232.0
21304.0
21256.6666667
21302.0
21309.3333333
21310.0
21228.0
SEC 51
21700.0
21679.0
21763.3333333
21714.0
21769.6666667
21766.6666667
21762.0
21676.6666667
SEC 52
22135.0
22128.0
22208.0
22173.6666667
22203.0
22212.3333333
22205.3333333
22118.3333333
SEC 53
22573.3333333
22563.3333333
22649.6666667
22622.0
22633.0
22644.3333333
22643.0
22567.0
SEC 54
23001.3333333
22979.6666667
23075.6666667
23046.0
23048.3333333
23079.0
23063.6666667
22992.0
SEC 55
23451.0
23421.6666667
23520.6666667
23495.0
23495.3333333
23531.3333333
23514.6666667
23445.3333333
SEC 56
23872.0
23837.6666667
23925.3333333
23906.0
23908.6666667
23944.3333333
23939.6666667
23856.3333333
SEC 57
24321.0
24295.0
24352.0
24353.6666667
24347.3333333
24399.6666667
24382.3333333
24293.0
SEC 58
24778.3333333
24744.3333333
24816.6666667
24814.0
24803.6666667
24851.6666667
24847.6666667
24743.3333333
SEC 59
25230.0
25192.3333333
25263.6666667
25248.0
25259.0
25291.6666667
25292.6666667
25195.6666667
SEC 60
25659.6666667
25619.3333333
25684.6666667
25665.3333333
25681.3333333
25707.3333333
25719.3333333
25611.0
SEC 61
26087.6666667
26064.3333333
26121.6666667
26106.6666667
26113.3333333
26139.6666667
26169.6666667
26059.6666667
SEC 62
26547.6666667
26516.6666667
26574.3333333
26573.0
26565.6666667
26584.3333333
26626.3333333
26515.3333333
SEC 63
27000.6666667
26971.3333333
27024.6666667
27010.6666667
27006.0
27040.0
27064.0
26961.0
SEC 64
27449.3333333
27433.3333333
27467.0
27471.0
27456.3333333
27500.3333333
27508.0
27425.6666667
SEC 65
27902.3333333
27883.0
27918.3333333
27928.3333333
27901.0
27950.0
27942.3333333
27865.3333333
SEC 66
28372.3333333
28349.6666667
28388.0
28399.0
28366.6666667
28420.6666667
28409.6666667
28336.6666667
SEC 67
28825.0
28796.3333333
28820.6666667
28839.0
28807.0
28859.0
28830.6666667
28774.3333333
SEC 68
29268.6666667
29233.6666667
29264.3333333
29299.6666667
29248.3333333
29305.3333333
29275.3333333
29218.3333333
SEC 69
29718.6666667
29673.0
29709.0
29746.0
29696.0
29761.6666667
29723.3333333
29654.0
SEC 70
30163.6666667
30107.3333333
30151.6666667
30177.3333333
30133.6666667
30204.0
30140.6666667
30107.6666667
SEC 71
30571.3333333
30523.0
30577.3333333
30606.3333333
30557.0
30623.3333333
30558.6666667
30539.0
SEC 72
31016.0
30980.0
31030.0
31055.6666667
31004.3333333
31065.3333333
31007.3333333
30989.6666667
SEC 73
31463.3333333
31422.3333333
31475.3333333
31501.0
31450.0
31523.3333333
31457.0
31441.6666667
SEC 74
31920.3333333
31872.0
31935.0
31949.0
31905.0
31964.6666667
31900.0
31897.0
SEC 75
32390.3333333
32338.6666667
32405.6666667
32417.3333333
32373.6666667
32433.3333333
32358.0
32353.3333333
SEC 76
32835.6666667
32796.0
32864.0
32868.3333333
32810.0
32873.0
32810.0
32810.3333333
SEC 77
33289.6666667
33253.3333333
33319.0
33326.3333333
33265.6666667
33328.3333333
33271.0
33267.3333333
SEC 78
33751.0
33711.3333333
33790.0
33790.6666667
33739.0
33798.3333333
33733.6666667
33716.3333333
SEC 79
34214.3333333
34163.0
34248.3333333
34241.3333333
34197.0
34252.0
34182.6666667
34162.0
SEC 80
34674.6666667
34614.6666667
34682.0
34708.3333333
34637.3333333
34707.6666667
34644.6666667
34608.0
