SEC 1
122.0
123.666666667
124.0
122.333333333
122.0
126.0
122.666666667
123.666666667
SEC 2
315.333333333
315.0
318.333333333
321.333333333
309.0
321.333333333
323.333333333
323.333333333
SEC 3
515.0
520.666666667
521.666666667
517.666666667
515.333333333
519.0
521.333333333
525.666666667
SEC 4
739.0
747.333333333
745.0
743.666666667
739.666666667
737.666666667
740.0
750.333333333
SEC 5
976.666666667
988.0
992.333333333
979.0
977.333333333
978.0
976.0
984.0
SEC 6
1226.0
1249.66666667
1249.33333333
1239.33333333
1232.66666667
1234.0
1236.66666667
1241.66666667
SEC 7
1507.33333333
1532.0
1525.0
1516.66666667
1512.33333333
1507.66666667
1512.0
1514.0
SEC 8
1779.0
1806.0
1806.33333333
1788.0
1782.0
1781.66666667
1786.0
1790.33333333
SEC 9
2068.33333333
2099.33333333
2098.33333333
2074.66666667
2070.33333333
2071.66666667
2075.66666667
2077.33333333
SEC 10
2376.33333333
2402.66666667
2397.0
2375.33333333
2372.33333333
2375.0
2378.0
2377.33333333
SEC 11
2659.66666667
2688.66666667
2683.33333333
2663.0
2655.66666667
2660.33333333
2669.33333333
2667.66666667
SEC 12
2938.0
2962.0
2958.33333333
2948.33333333
2935.33333333
2935.66666667
2948.0
2948.66666667
SEC 13
3216.0
3245.66666667
3240.33333333
3231.33333333
3212.33333333
3224.33333333
3232.66666667
3229.66666667
SEC 14
3493.0
3525.66666667
3515.66666667
3510.33333333
3486.0
3500.0
3512.0
3504.0
SEC 15
3759.33333333
3791.66666667
3780.33333333
3782.66666667
3751.33333333
3778.0
3786.33333333
3775.33333333
SEC 16
4027.66666667
4062.0
4054.33333333
4045.0
4017.0
4053.66666667
4053.33333333
4043.66666667
SEC 17
4313.33333333
4340.66666667
4339.0
4335.66666667
4299.33333333
4337.33333333
4341.66666667
4330.66666667
SEC 18
4588.66666667
4617.33333333
4613.66666667
4616.33333333
4577.66666667
4610.0
4621.33333333
4603.66666667
SEC 19
4867.0
4890.66666667
4884.0
4899.33333333
4849.66666667
4882.33333333
4893.66666667
4878.66666667
SEC 20
5138.66666667
5157.66666667
5153.66666667
5174.66666667
5122.0
5154.66666667
5169.33333333
5151.66666667
SEC 21
5440.0
5447.66666667
5441.33333333
5469.33333333
5412.66666667
5443.33333333
5460.0
5438.33333333
SEC 22
5742.33333333
5751.0
5735.0
5765.0
5706.66666667
5738.33333333
5752.66666667
5731.66666667
SEC 23
6041.0
6042.33333333
6029.33333333
6056.0
5993.0
6028.66666667
6049.0
6026.33333333
SEC 24
6333.0
6337.33333333
6318.0
6349.0
6283.33333333
6318.33333333
6339.66666667
6317.66666667
SEC 25
6619.0
6622.66666667
6606.0
6634.66666667
6574.0
6612.33333333
6628.66666667
6607.33333333
SEC 26
6896.66666667
6906.66666667
6893.66666667
6917.33333333
6857.33333333
6892.0
6910.0
6886.0
SEC 27
7183.66666667
7194.66666667
7181.66666667
7200.66666667
7143.0
7176.66666667
7195.0
7183.66666667
SEC 28
7481.0
7485.0
7464.33333333
7494.0
7436.0
7458.0
7484.33333333
7470.66666667
SEC 29
7779.0
7782.0
7765.33333333
7788.33333333
7732.0
7748.66666667
7783.66666667
7773.33333333
SEC 30
8045.33333333
8050.0
8040.33333333
8063.33333333
8008.0
8017.0
8056.66666667
8040.0
SEC 31
8307.0
8316.0
8302.0
8325.33333333
8264.33333333
8284.33333333
8315.0
8294.66666667
SEC 32
8588.33333333
8597.33333333
8584.33333333
8611.0
8547.66666667
8566.66666667
8594.66666667
8579.33333333
SEC 33
8861.66666667
8875.33333333
8860.66666667
8889.33333333
8822.33333333
8844.33333333
8867.0
8854.0
SEC 34
9125.66666667
9137.33333333
9125.33333333
9152.0
9087.0
9105.33333333
9130.33333333
9115.0
SEC 35
9391.0
9410.33333333
9397.66666667
9423.33333333
9360.66666667
9373.0
9401.33333333
9384.33333333
SEC 36
9686.33333333
9703.33333333
9694.33333333
9715.66666667
9663.33333333
9665.33333333
9697.0
9686.0
SEC 37
9979.0
9993.33333333
9985.33333333
10003.3333333
9954.66666667
9944.0
9989.66666667
9972.0
SEC 38
10267.6666667
10290.0
10282.0
10294.3333333
10246.6666667
10233.6666667
10274.6666667
10256.0
SEC 39
10558.6666667
10583.6666667
10573.6666667
10589.6666667
10541.3333333
10525.0
10569.0
10546.0
SEC 40
10864.6666667
10882.6666667
10871.0
10886.6666667
10847.6666667
10821.3333333
10875.0
10844.6666667
SEC 41
11145.0
11165.0
11153.0
11161.0
11128.3333333
11104.0
11163.0
11127.0
SEC 42
11411.3333333
11436.3333333
11416.0
11428.0
11392.3333333
11366.0
11428.3333333
11389.6666667
SEC 43
11697.6666667
11716.3333333
11700.3333333
11708.0
11674.3333333
11641.0
11710.3333333
11660.3333333
SEC 44
11992.0
12013.0
11992.6666667
12005.0
11973.3333333
11934.3333333
12001.3333333
11954.0
SEC 45
12243.6666667
12265.6666667
12246.0
12260.0
12228.0
12189.0
12255.0
12200.3333333
SEC 46
12493.6666667
12513.6666667
12491.3333333
12504.0
12479.0
12436.0
12505.0
12441.3333333
SEC 47
12776.3333333
12791.6666667
12770.6666667
12783.0
12755.6666667
12712.3333333
12790.6666667
12717.6666667
SEC 48
13044.3333333
13068.6666667
13041.6666667
13052.0
13020.3333333
12990.0
13060.0
12978.6666667
SEC 49
13303.0
13319.6666667
13296.0
13311.6666667
13273.0
13245.6666667
13313.3333333
13226.0
SEC 50
13569.6666667
13582.6666667
13560.0
13582.3333333
13539.6666667
13509.0
13580.3333333
13493.3333333
SEC 51
13837.6666667
13852.3333333
13824.0
13851.0
13805.0
13779.6666667
13846.3333333
13757.3333333
SEC 52
14129.6666667
14145.6666667
14120.3333333
14140.3333333
14100.6666667
14068.3333333
14140.0
14050.6666667
SEC 53
14419.0
14442.0
14410.0
14427.6666667
14391.3333333
14367.0
14437.6666667
14333.6666667
SEC 54
14682.0
14709.3333333
14673.6666667
14702.3333333
14655.0
14632.6666667
14698.3333333
14593.6666667
SEC 55
14974.0
15001.0
14975.3333333
14995.0
14946.3333333
14924.6666667
14990.0
14880.0
SEC 56
15252.0
15273.3333333
15254.3333333
15268.6666667
15220.6666667
15196.3333333
15265.3333333
15157.3333333
SEC 57
15514.3333333
15535.6666667
15519.6666667
15541.0
15491.0
15465.0
15531.3333333
15422.3333333
SEC 58
15800.6666667
15823.0
15804.3333333
15827.0
15773.0
15750.6666667
15822.0
15702.0
SEC 59
16097.6666667
16127.3333333
16104.3333333
16124.0
16073.3333333
16054.6666667
16121.3333333
15998.3333333
SEC 60
16366.6666667
16396.6666667
16372.3333333
16397.0
16341.6666667
16313.3333333
16387.6666667
16264.6666667
SEC 61
16638.0
16669.6666667
16638.0
16669.6666667
16622.6666667
16591.3333333
16663.0
16540.6666667
SEC 62
16924.6666667
16954.6666667
16928.0
16959.6666667
16909.6666667
16882.0
16947.3333333
16838.6666667
SEC 63
17204.0
17235.0
17209.0
17239.6666667
17185.3333333
17157.0
17227.6666667
17112.0
SEC 64
17485.0
17513.6666667
17491.0
17514.3333333
17465.6666667
17437.6666667
17507.0
17396.0
SEC 65
17754.6666667
17785.0
17764.3333333
17787.0
17736.3333333
17708.6666667
17776.3333333
17662.6666667
SEC 66
18048.3333333
18081.6666667
18054.3333333
18079.3333333
18026.0
17994.0
18065.3333333
17959.6666667
SEC 67
18343.3333333
18373.3333333
18346.3333333
18367.3333333
18321.0
18298.0
18360.6666667
18248.3333333
SEC 68
18623.0
18651.6666667
18626.3333333
18648.6666667
18599.6666667
18579.3333333
18643.0
18530.6666667
SEC 69
18914.6666667
18941.6666667
18919.0
18940.6666667
18891.3333333
18870.0
18934.6666667
18822.0
SEC 70
19207.3333333
19232.3333333
19209.3333333
19239.3333333
19185.0
19168.3333333
19232.6666667
19120.3333333
SEC 71
19484.0
19510.6666667
19482.0
19510.6666667
19462.3333333
19447.0
19507.6666667
19394.3333333
SEC 72
19744.3333333
19772.0
19746.6666667
19776.6666667
19731.6666667
19717.0
19775.0
19651.0
SEC 73
20027.6666667
20055.0
20036.3333333
20059.6666667
20012.3333333
19999.0
20053.6666667
19935.0
SEC 74
20330.0
20355.0
20329.3333333
20358.0
20312.6666667
20289.6666667
20354.6666667
20235.0
SEC 75
20613.3333333
20635.6666667
20609.3333333
20639.3333333
20586.6666667
20572.0
20636.0
20518.3333333
SEC 76
20891.0
20914.6666667
20893.6666667
20912.0
20870.6666667
20849.0
20916.3333333
20796.3333333
SEC 77
21173.3333333
21200.6666667
21184.6666667
21195.0
21156.0
21136.0
21207.0
21086.3333333
SEC 78
21462.0
21488.3333333
21474.6666667
21480.3333333
21447.3333333
21426.3333333
21498.6666667
21374.0
SEC 79
21745.0
21768.3333333
21757.6666667
21764.3333333
21734.6666667
21707.6666667
21777.6666667
21659.3333333
SEC 80
22022.6666667
22046.0
22033.3333333
22037.6666667
22011.0
21983.0
22051.6666667
21939.3333333
