SEC 1
6.0
6.0
5.33333333333
6.0
6.0
6.0
6.0
6.0
5.33333333333
5.33333333333
5.33333333333
6.0
6.0
6.0
6.0
6.0
5.33333333333
6.0
6.0
6.0
6.0
6.0
6.0
5.33333333333
5.33333333333
6.0
5.33333333333
5.66666666667
6.0
6.0
6.0
7.0
6.0
5.33333333333
5.66666666667
6.33333333333
5.66666666667
5.66666666667
6.0
6.0
5.33333333333
5.33333333333
6.0
5.33333333333
6.0
5.66666666667
6.0
6.0
6.0
6.33333333333
6.0
6.0
5.33333333333
5.33333333333
6.0
6.0
6.33333333333
5.33333333333
5.33333333333
6.0
6.0
6.0
6.0
5.33333333333
SEC 2
13.6666666667
14.0
13.0
13.6666666667
13.6666666667
14.0
14.0
13.6666666667
13.3333333333
13.0
13.3333333333
13.6666666667
14.0
13.6666666667
14.0
13.6666666667
13.0
13.6666666667
13.6666666667
13.6666666667
14.0
13.6666666667
14.0
13.3333333333
13.3333333333
13.6666666667
13.0
13.3333333333
13.6666666667
14.0
13.6666666667
14.6666666667
13.6666666667
13.3333333333
13.3333333333
14.0
13.6666666667
13.6666666667
13.6666666667
13.6666666667
13.3333333333
13.3333333333
13.6666666667
13.0
14.0
13.3333333333
13.6666666667
13.6666666667
14.0
14.0
13.6666666667
13.6666666667
13.3333333333
13.3333333333
14.0
14.0
14.0
13.3333333333
13.0
13.6666666667
13.6666666667
14.0
13.6666666667
13.3333333333
SEC 3
22.0
22.0
21.3333333333
21.6666666667
22.0
22.0
22.0
22.0
21.3333333333
21.3333333333
21.6666666667
22.0
22.0
22.0
22.0
21.6666666667
21.0
22.0
22.0
22.0
22.0
22.0
21.6666666667
21.6666666667
21.6666666667
22.0
21.0
21.6666666667
22.0
22.0
22.3333333333
22.3333333333
22.0
21.3333333333
21.6666666667
22.0
21.6666666667
21.6666666667
22.0
22.0
21.6666666667
21.3333333333
21.6666666667
21.0
22.0
21.6666666667
22.0
22.0
22.0
22.0
22.0
22.0
21.6666666667
21.3333333333
22.0
22.0
22.0
21.6666666667
21.3333333333
22.0
22.0
22.0
21.6666666667
21.6666666667
SEC 4
30.0
30.3333333333
30.0
30.0
30.0
30.6666666667
30.3333333333
30.0
30.0
30.0
30.0
30.0
30.6666666667
30.0
30.6666666667
30.0
30.0
30.0
30.0
30.0
30.6666666667
30.0
30.0
30.0
30.0
30.0
30.0
30.0
30.0
30.0
30.0
31.6666666667
30.0
30.0
30.0
31.0
30.3333333333
30.0
30.0
30.0
30.0
30.0
30.6666666667
30.0
30.6666666667
30.0
30.0
30.0
30.0
30.6666666667
30.0
30.0
30.0
30.0
30.0
30.3333333333
30.6666666667
30.0
30.0
30.0
30.0
30.6666666667
30.0
30.0
SEC 5
39.0
39.3333333333
38.3333333333
38.6666666667
39.3333333333
39.0
39.3333333333
39.0
38.3333333333
38.6666666667
38.6666666667
39.3333333333
39.0
39.3333333333
39.0
38.6666666667
38.3333333333
39.0
39.0
39.3333333333
39.0
38.6666666667
39.3333333333
38.6666666667
38.6666666667
38.6666666667
38.3333333333
38.6666666667
39.0
39.3333333333
40.0
38.6666666667
39.0
38.6666666667
38.6666666667
39.3333333333
39.0
38.6666666667
38.6666666667
39.0
38.6666666667
38.6666666667
39.0
38.3333333333
39.3333333333
38.6666666667
39.0
39.0
39.3333333333
39.3333333333
39.0
39.0
38.6666666667
38.6666666667
39.3333333333
39.3333333333
39.3333333333
38.6666666667
38.3333333333
39.0
39.0
39.3333333333
38.6666666667
38.6666666667
SEC 6
47.0
47.3333333333
46.6666666667
47.0
47.3333333333
47.3333333333
47.3333333333
47.3333333333
47.0
46.6666666667
46.6666666667
47.0
47.3333333333
47.0
47.3333333333
47.0
46.3333333333
47.3333333333
47.3333333333
47.0
47.3333333333
47.3333333333
47.0
46.6666666667
47.0
47.0
46.3333333333
47.0
47.0
47.3333333333
47.3333333333
47.6666666667
47.0
46.6666666667
47.0
47.3333333333
47.0
47.0
47.0
47.0
46.6666666667
46.6666666667
47.0
46.3333333333
47.3333333333
47.0
47.0
47.3333333333
47.3333333333
47.3333333333
47.0
47.3333333333
47.0
46.6666666667
47.3333333333
47.3333333333
47.3333333333
46.6666666667
46.6666666667
47.0
47.3333333333
47.3333333333
47.0
46.6666666667
SEC 7
55.6666666667
55.6666666667
55.3333333333
55.3333333333
55.6666666667
56.0
56.0
55.6666666667
55.3333333333
55.3333333333
55.3333333333
55.6666666667
56.0
55.6666666667
55.6666666667
55.3333333333
55.3333333333
55.6666666667
55.6666666667
55.6666666667
55.6666666667
55.6666666667
55.3333333333
55.3333333333
55.3333333333
55.3333333333
55.3333333333
55.3333333333
55.6666666667
55.6666666667
55.6666666667
56.3333333333
55.6666666667
55.3333333333
55.3333333333
56.0
56.0
55.3333333333
55.3333333333
55.6666666667
55.3333333333
55.3333333333
55.6666666667
55.3333333333
56.0
55.3333333333
55.3333333333
55.6666666667
55.6666666667
56.0
55.6666666667
55.6666666667
55.3333333333
55.3333333333
55.6666666667
55.6666666667
56.0
55.3333333333
55.3333333333
55.6666666667
55.6666666667
56.0
55.3333333333
55.3333333333
SEC 8
65.0
65.0
64.0
65.0
65.0
65.0
65.0
65.0
64.0
64.3333333333
64.0
65.0
65.0
65.0
65.0
65.0
64.0
65.0
65.0
65.0
65.0
65.0
65.0
64.0
64.3333333333
65.0
64.0
64.6666666667
65.0
65.0
65.6666666667
65.0
65.0
64.0
64.3333333333
65.0
64.6666666667
64.6666666667
65.0
65.0
64.3333333333
64.0
64.6666666667
64.0
65.0
64.6666666667
65.0
65.0
65.0
65.0
65.0
65.0
64.3333333333
64.0
65.0
65.0
65.0
64.0
64.0
65.0
65.0
65.0
65.0
64.3333333333
SEC 9
73.6666666667
74.0
73.3333333333
73.6666666667
74.0
74.0
74.0
74.0
73.3333333333
73.3333333333
73.3333333333
74.0
74.0
73.6666666667
74.0
73.6666666667
73.3333333333
74.0
74.0
73.6666666667
74.0
73.6666666667
74.0
73.3333333333
73.3333333333
73.6666666667
73.3333333333
73.3333333333
74.0
74.0
73.6666666667
75.0
74.0
73.3333333333
73.3333333333
74.3333333333
73.6666666667
73.3333333333
73.6666666667
74.0
73.3333333333
73.3333333333
74.0
73.3333333333
74.0
73.3333333333
73.6666666667
74.0
74.0
74.0
74.0
74.0
73.3333333333
73.3333333333
74.0
74.0
74.0
73.3333333333
73.3333333333
74.0
74.0
74.0
73.6666666667
73.3333333333
SEC 10
83.3333333333
83.3333333333
82.6666666667
83.3333333333
83.3333333333
83.3333333333
83.3333333333
83.3333333333
82.6666666667
82.6666666667
82.6666666667
83.3333333333
83.3333333333
83.3333333333
83.3333333333
83.3333333333
82.6666666667
83.3333333333
83.3333333333
83.3333333333
83.3333333333
83.3333333333
83.3333333333
82.6666666667
82.6666666667
83.3333333333
82.6666666667
82.6666666667
83.3333333333
83.3333333333
84.0
83.3333333333
83.3333333333
82.6666666667
82.6666666667
83.3333333333
83.0
82.6666666667
83.3333333333
83.3333333333
82.6666666667
82.6666666667
83.0
82.6666666667
83.3333333333
82.6666666667
83.3333333333
83.3333333333
83.3333333333
83.3333333333
83.3333333333
83.3333333333
82.6666666667
82.6666666667
83.3333333333
83.3333333333
83.3333333333
82.6666666667
82.6666666667
83.3333333333
83.3333333333
83.3333333333
82.6666666667
82.6666666667
SEC 11
93.0
93.0
92.3333333333
92.6666666667
93.0
93.0
93.0
93.0
92.3333333333
92.6666666667
92.6666666667
93.0
93.0
92.6666666667
93.0
92.6666666667
92.0
93.0
93.0
92.6666666667
93.0
92.6666666667
93.0
92.6666666667
92.6666666667
92.6666666667
92.0
92.6666666667
93.0
93.0
93.0
93.3333333333
93.0
92.6666666667
92.6666666667
93.0
92.6666666667
92.6666666667
92.6666666667
93.0
92.6666666667
92.6666666667
92.6666666667
92.0
93.0
92.6666666667
92.6666666667
93.0
93.0
93.0
93.0
93.0
92.6666666667
92.3333333333
93.0
93.0
93.0
92.6666666667
92.3333333333
93.0
93.0
93.0
92.6666666667
92.6666666667
SEC 12
102.333333333
102.666666667
101.666666667
102.333333333
102.666666667
102.666666667
102.666666667
102.666666667
101.666666667
102.0
102.0
102.333333333
102.666666667
102.333333333
102.666666667
102.333333333
101.666666667
102.666666667
102.666666667
102.333333333
102.666666667
102.333333333
102.666666667
102.0
102.0
102.333333333
101.666666667
102.0
102.333333333
102.666666667
102.666666667
103.0
102.333333333
102.0
102.0
102.666666667
102.333333333
102.0
102.333333333
102.333333333
102.0
101.666666667
102.333333333
101.666666667
102.666666667
102.0
102.333333333
102.666666667
102.666666667
102.666666667
102.333333333
102.666666667
102.0
101.666666667
102.666666667
102.666666667
102.666666667
102.0
101.666666667
102.333333333
102.666666667
102.666666667
102.0
102.0
SEC 13
112.0
112.666666667
112.0
112.0
112.333333333
113.0
112.666666667
112.333333333
112.0
112.0
112.0
112.333333333
113.0
112.333333333
112.666666667
112.0
112.0
112.333333333
112.333333333
112.333333333
112.666666667
112.333333333
112.0
112.0
112.0
112.0
112.0
112.0
112.333333333
112.0
112.333333333
113.333333333
112.333333333
112.0
112.0
113.0
112.666666667
112.0
112.0
112.0
112.0
112.0
112.666666667
112.0
113.0
112.0
112.0
112.333333333
112.333333333
113.0
112.0
112.333333333
112.0
112.0
112.333333333
112.666666667
113.0
112.0
112.0
112.333333333
112.0
113.0
112.0
112.0
SEC 14
121.666666667
121.666666667
121.333333333
121.333333333
122.333333333
121.666666667
122.0
121.666666667
121.333333333
121.333333333
121.333333333
121.666666667
121.666666667
122.0
121.666666667
121.333333333
121.333333333
121.666666667
121.666666667
121.666666667
121.666666667
121.666666667
121.333333333
121.333333333
121.333333333
121.333333333
121.333333333
121.333333333
121.666666667
121.666666667
123.0
121.333333333
121.666666667
121.333333333
121.333333333
122.0
122.0
121.333333333
121.666666667
121.333333333
121.333333333
121.333333333
121.666666667
121.333333333
122.333333333
121.333333333
121.666666667
121.666666667
121.666666667
122.0
121.666666667
121.666666667
121.333333333
121.333333333
121.666666667
121.666666667
122.0
121.333333333
121.333333333
121.666666667
121.666666667
122.333333333
121.333333333
121.333333333
SEC 15
131.0
131.0
130.666666667
131.0
131.333333333
131.333333333
131.333333333
131.0
130.666666667
130.666666667
130.666666667
131.0
131.333333333
131.333333333
131.333333333
131.0
130.666666667
131.0
131.0
131.0
131.0
131.0
131.0
130.666666667
130.666666667
131.0
130.666666667
130.666666667
131.0
131.0
132.333333333
131.0
131.0
130.666666667
130.666666667
131.666666667
131.333333333
131.0
131.0
131.0
130.666666667
130.666666667
131.333333333
130.666666667
131.333333333
131.0
131.0
131.0
131.0
131.666666667
131.0
131.0
130.666666667
130.666666667
131.0
131.666666667
131.333333333
130.666666667
130.666666667
131.0
131.0
131.666666667
131.0
130.666666667
SEC 16
140.666666667
140.666666667
140.666666667
140.666666667
141.0
140.666666667
141.0
140.666666667
140.666666667
141.0
140.666666667
141.0
140.666666667
141.0
140.666666667
140.666666667
140.333333333
140.666666667
140.666666667
140.666666667
140.666666667
140.666666667
140.666666667
140.666666667
140.333333333
140.666666667
140.0
140.666666667
140.666666667
140.666666667
141.333333333
141.0
140.666666667
140.666666667
140.666666667
141.0
140.666666667
140.666666667
140.666666667
140.666666667
140.666666667
140.666666667
140.666666667
140.0
141.0
140.666666667
140.666666667
140.666666667
140.666666667
141.0
140.666666667
140.666666667
140.666666667
140.666666667
140.666666667
140.666666667
141.0
140.666666667
140.666666667
140.666666667
140.666666667
141.0
140.666666667
140.666666667
SEC 17
150.666666667
151.0
150.333333333
150.333333333
151.0
151.0
151.0
150.666666667
150.333333333
150.666666667
150.333333333
151.0
150.666666667
151.0
151.0
150.666666667
150.333333333
150.666666667
150.666666667
150.666666667
150.666666667
150.666666667
150.666666667
150.333333333
150.0
150.666666667
150.333333333
150.333333333
150.666666667
150.666666667
151.0
151.666666667
150.666666667
150.333333333
150.333333333
151.0
151.0
150.333333333
150.666666667
150.666666667
150.333333333
150.333333333
151.0
150.333333333
151.333333333
150.333333333
150.666666667
150.666666667
150.666666667
151.333333333
150.666666667
150.666666667
150.333333333
150.333333333
150.666666667
151.0
151.333333333
150.333333333
150.333333333
150.666666667
150.666666667
151.333333333
150.333333333
150.333333333
SEC 18
160.666666667
161.0
160.333333333
160.333333333
161.333333333
160.666666667
161.333333333
161.0
160.333333333
160.666666667
160.333333333
160.666666667
161.0
161.333333333
160.666666667
160.333333333
160.333333333
160.666666667
161.0
160.666666667
161.0
160.333333333
161.0
160.333333333
160.0
160.333333333
160.333333333
160.333333333
160.666666667
161.0
161.333333333
161.0
160.666666667
160.333333333
160.333333333
161.333333333
161.0
160.333333333
160.666666667
160.666666667
160.333333333
160.333333333
161.0
160.333333333
161.333333333
160.333333333
160.666666667
161.0
161.0
161.333333333
160.666666667
161.0
160.333333333
160.333333333
161.0
161.0
161.333333333
160.333333333
160.333333333
160.666666667
160.666666667
161.333333333
160.333333333
160.333333333
SEC 19
171.333333333
171.666666667
171.0
171.0
171.666666667
171.333333333
171.666666667
171.333333333
171.0
171.333333333
171.0
171.666666667
171.333333333
171.666666667
171.333333333
171.0
171.0
171.333333333
171.333333333
171.666666667
171.333333333
171.333333333
171.333333333
171.0
170.666666667
171.333333333
171.0
171.0
171.333333333
171.333333333
172.0
172.0
171.333333333
171.0
171.0
172.0
171.333333333
171.0
171.333333333
171.333333333
171.0
171.0
171.666666667
171.0
171.666666667
171.0
171.333333333
171.333333333
171.666666667
172.0
171.333333333
171.333333333
171.0
171.0
171.666666667
171.666666667
172.0
171.0
171.0
171.333333333
171.333333333
171.666666667
171.0
171.0
SEC 20
182.333333333
182.666666667
181.666666667
182.0
182.666666667
182.666666667
182.666666667
182.666666667
181.666666667
182.333333333
181.666666667
182.666666667
182.666666667
182.333333333
182.666666667
182.0
181.666666667
182.666666667
182.666666667
182.333333333
182.666666667
182.333333333
182.333333333
181.666666667
181.666666667
182.0
181.666666667
182.0
182.666666667
182.666666667
183.0
182.333333333
182.666666667
181.666666667
182.0
182.666666667
182.333333333
182.0
182.0
182.666666667
182.0
181.666666667
182.333333333
181.666666667
182.666666667
182.0
182.0
182.666666667
182.666666667
182.666666667
182.333333333
182.666666667
182.0
181.666666667
182.666666667
182.666666667
182.666666667
182.0
181.666666667
182.333333333
182.666666667
182.666666667
182.0
182.0
SEC 21
192.333333333
192.666666667
192.333333333
192.333333333
192.666666667
192.666666667
193.0
192.666666667
192.333333333
192.666666667
192.333333333
192.333333333
193.0
192.333333333
193.0
192.333333333
192.333333333
192.333333333
192.666666667
192.333333333
192.666666667
192.666666667
192.333333333
192.333333333
192.0
192.333333333
192.333333333
192.333333333
192.333333333
192.666666667
193.333333333
193.0
192.333333333
192.333333333
192.333333333
193.0
192.666666667
192.333333333
192.333333333
192.333333333
192.333333333
192.333333333
193.0
192.333333333
193.0
192.333333333
192.333333333
192.666666667
192.666666667
193.0
192.333333333
192.666666667
192.333333333
192.333333333
192.666666667
192.666666667
193.0
192.333333333
192.333333333
192.333333333
192.666666667
192.666666667
192.333333333
192.333333333
SEC 22
203.0
203.0
202.0
202.666666667
203.0
203.0
203.0
203.0
202.0
202.333333333
202.0
203.0
203.0
203.0
203.0
202.666666667
202.0
203.0
203.0
202.666666667
203.0
202.666666667
203.0
202.0
201.666666667
202.666666667
202.0
202.0
203.0
203.0
203.666666667
202.666666667
203.0
202.0
202.0
203.0
202.666666667
202.666666667
202.666666667
203.0
202.0
202.0
202.666666667
202.0
203.0
202.333333333
202.666666667
203.0
203.0
203.0
203.0
203.0
202.0
202.0
203.0
203.0
203.0
202.0
202.0
203.0
203.0
203.0
202.666666667
202.0
SEC 23
213.333333333
213.666666667
212.666666667
213.333333333
213.333333333
213.666666667
213.666666667
213.333333333
212.666666667
213.666666667
213.0
213.333333333
213.666666667
213.333333333
213.666666667
213.333333333
212.666666667
213.333333333
213.333333333
213.333333333
213.666666667
213.333333333
213.333333333
213.333333333
213.0
213.333333333
212.666666667
213.333333333
213.333333333
213.333333333
213.666666667
214.0
213.333333333
213.0
213.333333333
213.666666667
213.333333333
213.333333333
213.333333333
213.333333333
213.333333333
213.0
213.333333333
212.666666667
213.666666667
213.333333333
213.333333333
213.333333333
213.666666667
213.666666667
213.333333333
213.333333333
213.333333333
212.666666667
213.666666667
213.666666667
213.666666667
213.333333333
212.666666667
213.333333333
213.333333333
213.666666667
213.333333333
213.333333333
SEC 24
224.0
224.333333333
223.666666667
224.0
224.333333333
224.0
224.333333333
224.0
224.0
224.0
223.666666667
224.333333333
224.0
224.333333333
224.0
224.0
223.666666667
224.0
224.0
224.333333333
224.0
224.0
224.0
223.666666667
223.333333333
224.0
223.666666667
224.0
224.0
224.0
224.666666667
224.666666667
224.0
223.666666667
224.0
224.666666667
224.0
224.0
224.0
224.0
223.666666667
223.666666667
224.333333333
223.666666667
224.333333333
224.0
224.0
224.0
224.0
224.333333333
224.0
224.0
223.666666667
223.666666667
224.0
224.333333333
224.333333333
223.666666667
223.666666667
224.0
224.0
224.333333333
224.0
223.666666667
SEC 25
234.666666667
235.0
234.666666667
234.666666667
235.0
235.0
235.0
234.666666667
234.666666667
235.0
234.666666667
234.666666667
235.0
235.0
235.0
234.666666667
234.666666667
234.666666667
234.666666667
234.666666667
234.666666667
234.666666667
234.666666667
234.666666667
234.333333333
234.666666667
234.666666667
234.666666667
234.666666667
234.666666667
235.666666667
235.0
234.666666667
234.666666667
234.666666667
235.333333333
235.0
234.666666667
234.666666667
234.666666667
234.666666667
234.666666667
235.333333333
234.666666667
235.333333333
234.666666667
234.666666667
234.666666667
234.666666667
235.333333333
234.666666667
234.666666667
234.666666667
234.666666667
234.666666667
235.0
235.333333333
234.666666667
234.666666667
234.666666667
234.666666667
235.333333333
234.666666667
234.666666667
SEC 26
245.666666667
246.0
245.333333333
245.333333333
246.0
246.0
246.0
246.0
245.333333333
245.666666667
245.333333333
245.666666667
246.0
246.0
245.666666667
245.333333333
245.333333333
246.0
246.0
246.0
245.666666667
245.333333333
246.0
245.333333333
245.0
245.333333333
245.333333333
245.333333333
245.666666667
246.0
247.0
245.333333333
245.666666667
245.333333333
245.333333333
246.0
245.666666667
245.333333333
245.666666667
245.666666667
245.333333333
245.333333333
246.0
245.333333333
246.0
245.333333333
245.666666667
246.0
246.0
246.0
245.666666667
246.0
245.333333333
245.333333333
246.0
246.0
246.0
245.333333333
245.333333333
245.666666667
246.0
246.0
245.333333333
245.333333333
SEC 27
256.0
256.333333333
256.0
256.0
256.333333333
256.666666667
256.666666667
256.333333333
256.0
256.333333333
256.0
256.333333333
256.666666667
256.0
256.666666667
256.0
255.666666667
256.333333333
256.333333333
256.0
256.333333333
256.333333333
256.0
256.0
255.666666667
256.0
255.666666667
256.0
256.333333333
256.333333333
256.666666667
256.666666667
256.333333333
256.0
256.0
256.666666667
256.333333333
256.0
256.0
256.0
256.0
256.0
256.333333333
255.666666667
256.666666667
256.0
256.0
256.333333333
256.333333333
256.666666667
256.0
256.333333333
256.0
256.0
256.333333333
256.666666667
256.666666667
256.0
256.0
256.0
256.333333333
256.666666667
256.0
256.0
SEC 28
266.333333333
267.0
266.0
266.0
266.666666667
266.666666667
267.0
267.0
266.0
266.333333333
266.0
266.666666667
266.666666667
266.666666667
266.666666667
266.0
266.0
266.333333333
267.0
266.333333333
267.0
266.333333333
266.666666667
266.0
265.666666667
266.0
266.0
266.0
266.333333333
267.0
267.0
266.666666667
266.333333333
266.0
266.0
267.0
266.666666667
266.0
266.333333333
266.0
266.0
266.0
266.666666667
266.0
267.0
266.0
266.0
266.666666667
267.0
267.0
266.333333333
267.0
266.0
266.0
267.0
267.0
267.0
266.0
266.0
266.333333333
266.333333333
267.0
266.0
266.0
SEC 29
276.666666667
276.666666667
276.333333333
276.333333333
276.666666667
277.0
277.333333333
276.666666667
276.333333333
276.666666667
276.333333333
276.666666667
277.0
277.0
276.666666667
276.333333333
276.333333333
276.666666667
276.666666667
276.666666667
276.333333333
276.666666667
276.333333333
276.333333333
276.0
276.333333333
276.333333333
276.333333333
276.666666667
276.666666667
278.0
276.333333333
276.666666667
276.333333333
276.333333333
277.333333333
277.0
276.333333333
276.333333333
276.666666667
276.333333333
276.333333333
277.0
276.333333333
277.333333333
276.333333333
276.333333333
276.666666667
276.666666667
277.333333333
276.666666667
276.666666667
276.333333333
276.333333333
276.666666667
276.666666667
277.333333333
276.333333333
276.333333333
276.666666667
276.666666667
277.0
276.333333333
276.333333333
SEC 30
286.666666667
287.666666667
286.666666667
286.666666667
287.666666667
287.0
287.666666667
287.666666667
286.666666667
287.0
286.666666667
287.666666667
287.0
287.333333333
287.0
286.666666667
286.666666667
287.0
287.333333333
287.0
287.333333333
287.0
287.333333333
286.666666667
286.333333333
286.666666667
286.666666667
286.666666667
287.0
287.666666667
288.333333333
286.666666667
287.0
286.666666667
286.666666667
287.666666667
287.333333333
286.666666667
287.0
286.666666667
286.666666667
286.666666667
287.333333333
286.666666667
287.666666667
286.666666667
286.666666667
287.666666667
287.666666667
287.666666667
287.0
287.333333333
286.666666667
286.666666667
287.666666667
287.666666667
287.666666667
286.666666667
286.666666667
287.0
287.0
287.666666667
286.666666667
286.666666667
SEC 31
297.666666667
298.0
297.0
297.0
298.0
298.0
298.0
298.0
297.0
297.333333333
297.0
298.0
297.666666667
298.0
297.666666667
297.0
297.0
297.666666667
298.0
298.0
297.333333333
298.0
297.0
297.0
296.666666667
297.333333333
297.0
297.0
298.0
297.666666667
298.666666667
297.333333333
297.666666667
297.0
297.0
298.0
297.666666667
297.0
297.666666667
297.333333333
297.0
297.0
297.666666667
297.0
298.0
297.0
297.333333333
298.0
298.0
298.0
297.666666667
298.0
297.0
297.0
298.0
298.0
298.0
297.0
297.0
297.666666667
297.666666667
298.0
297.0
297.0
SEC 32
308.666666667
308.666666667
308.0
308.333333333
308.666666667
308.666666667
308.666666667
308.666666667
308.0
308.666666667
308.0
308.666666667
308.666666667
308.666666667
308.666666667
308.333333333
308.0
308.666666667
308.666666667
308.666666667
308.666666667
308.666666667
308.333333333
308.0
307.666666667
308.666666667
308.0
308.333333333
308.666666667
308.666666667
309.333333333
308.666666667
308.666666667
308.0
308.333333333
308.666666667
308.333333333
308.333333333
308.666666667
308.666666667
308.0
308.0
308.666666667
308.0
308.666666667
308.333333333
308.666666667
308.666666667
308.666666667
308.666666667
308.666666667
308.666666667
308.0
308.0
308.666666667
308.666666667
308.666666667
308.0
308.0
308.666666667
308.666666667
308.666666667
308.333333333
308.0
SEC 33
319.0
319.666666667
318.666666667
319.0
319.333333333
319.666666667
319.666666667
319.333333333
318.666666667
319.333333333
318.666666667
319.333333333
319.666666667
319.0
319.666666667
319.0
318.666666667
319.333333333
319.333333333
319.0
319.666666667
319.0
319.666666667
318.666666667
318.666666667
319.0
318.666666667
319.0
319.333333333
319.333333333
319.333333333
320.0
319.333333333
318.666666667
319.0
319.666666667
319.333333333
319.0
319.0
319.333333333
318.666666667
318.666666667
319.333333333
318.666666667
319.666666667
319.0
319.0
319.333333333
319.666666667
319.666666667
319.0
319.333333333
319.0
318.666666667
319.666666667
319.666666667
319.666666667
318.666666667
318.666666667
319.0
319.333333333
319.666666667
319.0
318.666666667
SEC 34
330.0
330.333333333
329.333333333
329.666666667
330.333333333
330.0
330.333333333
330.0
329.666666667
329.666666667
329.333333333
330.333333333
330.0
330.333333333
330.0
329.666666667
329.333333333
330.0
330.0
330.333333333
330.0
330.0
330.0
329.333333333
329.0
330.0
329.333333333
329.666666667
330.0
330.0
330.666666667
330.333333333
330.0
329.333333333
329.666666667
330.333333333
330.0
329.666666667
330.0
330.0
329.333333333
329.333333333
330.0
329.333333333
330.333333333
329.666666667
330.0
330.0
330.333333333
330.333333333
330.0
330.0
329.333333333
329.333333333
330.0
330.333333333
330.333333333
329.333333333
329.333333333
330.0
330.0
330.333333333
329.666666667
329.333333333
SEC 35
341.0
341.0
340.333333333
340.666666667
341.0
341.0
341.0
341.0
340.333333333
340.666666667
340.333333333
341.0
341.0
341.0
341.0
340.666666667
340.333333333
341.0
341.0
341.0
341.0
340.666666667
341.0
340.333333333
340.0
340.666666667
340.333333333
340.333333333
341.0
341.0
341.0
341.666666667
341.0
340.333333333
340.333333333
341.333333333
340.666666667
340.333333333
341.0
341.0
340.333333333
340.333333333
341.0
340.333333333
341.0
340.333333333
341.0
341.0
341.0
341.0
341.0
341.0
340.333333333
340.333333333
341.0
341.0
341.0
340.333333333
340.333333333
341.0
341.0
341.0
340.666666667
340.333333333
SEC 36
351.333333333
351.666666667
350.666666667
351.333333333
351.666666667
351.666666667
351.666666667
351.666666667
350.666666667
351.666666667
350.666666667
351.666666667
351.666666667
351.333333333
351.666666667
351.333333333
350.666666667
351.666666667
351.666666667
351.333333333
351.666666667
351.666666667
351.333333333
350.666666667
351.0
351.333333333
350.666666667
351.333333333
351.666666667
351.666666667
351.333333333
352.333333333
351.666666667
350.666666667
351.333333333
351.666666667
351.333333333
351.333333333
351.333333333
351.666666667
350.666666667
350.666666667
351.333333333
350.666666667
351.666666667
351.333333333
351.333333333
351.666666667
351.666666667
351.666666667
351.333333333
351.666666667
351.0
350.666666667
351.666666667
351.666666667
351.666666667
350.666666667
350.666666667
351.333333333
351.666666667
351.666666667
351.333333333
350.666666667
SEC 37
361.333333333
361.666666667
361.0
361.0
361.666666667
361.666666667
361.666666667
361.666666667
361.333333333
361.0
361.0
361.333333333
361.666666667
361.333333333
361.666666667
361.0
361.0
361.666666667
361.666666667
361.333333333
361.666666667
361.0
361.666666667
361.0
360.666666667
361.0
360.666666667
361.0
361.333333333
361.666666667
361.333333333
362.0
361.333333333
361.0
361.0
361.666666667
361.333333333
361.0
361.0
361.333333333
361.0
361.0
361.333333333
360.666666667
361.666666667
361.0
361.333333333
361.666666667
361.666666667
361.666666667
361.333333333
361.666666667
361.0
361.0
361.666666667
361.666666667
361.666666667
361.0
361.0
361.333333333
361.666666667
361.666666667
361.0
361.0
SEC 38
371.333333333
371.666666667
371.0
371.333333333
371.666666667
372.0
371.666666667
371.666666667
371.0
371.333333333
371.0
371.666666667
371.666666667
371.333333333
371.666666667
371.333333333
371.0
371.666666667
371.666666667
371.333333333
371.666666667
371.333333333
371.666666667
371.0
370.666666667
371.333333333
371.0
371.333333333
371.666666667
371.666666667
372.0
372.0
371.666666667
371.0
371.333333333
371.666666667
371.666666667
371.333333333
371.333333333
371.666666667
371.0
371.0
371.333333333
371.0
372.0
371.333333333
371.333333333
371.666666667
371.666666667
371.666666667
371.333333333
371.666666667
371.0
371.0
371.666666667
371.666666667
371.666666667
371.0
371.0
371.333333333
371.666666667
372.0
371.333333333
371.0
SEC 39
382.0
382.0
381.666666667
382.0
382.0
382.333333333
382.0
382.0
381.666666667
382.0
381.666666667
382.0
382.0
382.0
382.333333333
382.0
381.666666667
382.0
382.0
382.0
382.0
382.0
382.0
381.666666667
381.333333333
382.0
381.666666667
381.666666667
382.0
382.0
383.0
382.333333333
382.0
381.666666667
381.666666667
382.333333333
381.666666667
382.0
382.0
382.0
381.666666667
381.666666667
382.333333333
381.666666667
382.333333333
382.0
382.0
382.0
382.0
382.333333333
382.0
382.0
381.666666667
381.666666667
382.0
382.0
382.333333333
381.666666667
381.666666667
382.0
382.0
382.333333333
382.0
381.666666667
SEC 40
392.0
393.0
392.0
392.0
392.666666667
393.0
393.0
392.666666667
392.0
392.333333333
392.0
392.333333333
393.0
392.333333333
392.666666667
392.0
392.0
392.666666667
392.666666667
392.0
393.0
392.0
393.0
392.0
391.666666667
392.0
392.0
392.0
392.0
393.0
393.0
392.666666667
392.333333333
392.0
392.0
393.0
392.666666667
392.0
392.0
392.0
392.0
392.0
392.666666667
392.0
393.0
392.0
392.0
392.666666667
393.0
393.0
392.0
392.666666667
392.0
392.0
393.0
393.0
393.0
392.0
392.0
392.0
392.666666667
393.0
392.0
392.0
SEC 41
403.0
403.666666667
402.666666667
403.0
403.333333333
403.666666667
403.666666667
403.666666667
402.666666667
403.333333333
403.0
403.333333333
403.666666667
403.666666667
403.0
403.0
402.666666667
403.333333333
403.666666667
403.666666667
403.0
403.666666667
403.0
403.0
402.666666667
403.0
402.666666667
403.0
403.666666667
403.333333333
404.333333333
403.0
403.333333333
402.666666667
403.0
403.666666667
403.333333333
403.0
403.0
403.0
403.0
402.666666667
403.333333333
402.666666667
403.666666667
403.0
403.0
403.666666667
403.666666667
403.666666667
403.0
403.666666667
403.0
402.666666667
403.666666667
403.666666667
403.666666667
403.0
402.666666667
403.333333333
403.0
403.666666667
403.0
403.0
SEC 42
413.666666667
414.0
413.0
413.666666667
413.666666667
414.0
414.0
414.0
413.333333333
413.333333333
413.333333333
414.0
413.666666667
414.0
413.666666667
413.666666667
413.0
413.666666667
414.0
414.0
413.666666667
414.0
413.666666667
413.333333333
413.0
413.666666667
413.0
413.333333333
414.0
413.666666667
414.333333333
414.0
413.666666667
413.333333333
413.333333333
414.0
413.666666667
413.666666667
413.666666667
413.666666667
413.333333333
413.333333333
413.666666667
413.0
414.0
413.333333333
413.666666667
413.666666667
414.0
414.0
413.666666667
413.666666667
413.333333333
413.333333333
414.0
414.0
414.0
413.333333333
413.333333333
413.666666667
413.666666667
414.0
413.666666667
413.333333333
SEC 43
424.333333333
424.666666667
424.0
424.0
424.666666667
425.0
424.666666667
424.666666667
424.0
424.333333333
424.0
424.666666667
424.666666667
424.666666667
424.666666667
424.0
424.0
424.333333333
424.666666667
424.333333333
424.666666667
424.333333333
424.333333333
424.0
423.666666667
424.0
424.0
424.0
424.666666667
424.333333333
424.666666667
425.0
424.333333333
424.0
424.0
425.0
424.666666667
424.0
424.0
424.333333333
424.0
424.0
424.666666667
424.0
425.0
424.0
424.0
424.666666667
424.666666667
425.0
424.333333333
424.666666667
424.0
424.0
424.666666667
424.666666667
425.0
424.0
424.0
424.333333333
424.666666667
425.0
424.0
424.0
SEC 44
434.666666667
435.0
434.0
434.666666667
434.666666667
435.0
435.0
434.666666667
434.0
435.0
434.0
434.666666667
435.0
434.666666667
435.0
434.666666667
434.0
434.666666667
434.666666667
434.666666667
435.0
434.666666667
434.666666667
434.0
434.333333333
434.666666667
434.0
434.666666667
434.666666667
434.666666667
435.666666667
434.666666667
434.666666667
434.0
434.666666667
435.0
434.666666667
434.666666667
434.666666667
434.666666667
434.333333333
434.0
434.666666667
434.0
435.0
434.666666667
434.666666667
434.666666667
434.666666667
435.0
434.666666667
434.666666667
434.666666667
434.0
434.666666667
435.0
435.0
434.333333333
434.0
434.666666667
434.666666667
435.0
434.666666667
434.333333333
SEC 45
445.333333333
445.666666667
445.0
445.0
445.333333333
445.666666667
445.666666667
445.333333333
445.333333333
445.0
445.0
445.333333333
445.666666667
445.333333333
445.666666667
445.0
445.0
445.333333333
445.333333333
445.333333333
445.666666667
445.0
445.666666667
445.0
444.666666667
445.333333333
445.0
445.0
445.333333333
445.666666667
445.333333333
446.666666667
445.333333333
445.0
445.0
445.666666667
445.666666667
445.0
445.333333333
445.333333333
445.0
445.0
445.333333333
445.0
445.666666667
445.0
445.333333333
445.333333333
445.666666667
445.666666667
445.333333333
445.333333333
445.0
445.0
445.666666667
445.666666667
445.666666667
445.0
445.0
445.333333333
445.333333333
445.666666667
445.0
445.0
SEC 46
455.0
455.666666667
454.666666667
454.666666667
455.666666667
455.333333333
455.666666667
455.333333333
454.666666667
455.0
454.666666667
455.666666667
455.333333333
455.333333333
455.333333333
454.666666667
454.666666667
455.333333333
455.333333333
455.333333333
455.333333333
454.666666667
455.333333333
454.666666667
454.333333333
455.0
454.666666667
454.666666667
455.0
455.333333333
456.333333333
455.0
455.333333333
454.666666667
454.666666667
455.666666667
455.333333333
454.666666667
455.0
455.0
454.666666667
454.666666667
455.333333333
454.666666667
455.666666667
454.666666667
455.0
455.333333333
455.666666667
455.666666667
455.0
455.333333333
454.666666667
454.666666667
455.666666667
455.666666667
455.666666667
454.666666667
454.666666667
455.0
455.333333333
455.666666667
454.666666667
454.666666667
SEC 47
465.666666667
465.666666667
465.666666667
465.666666667
466.0
466.333333333
466.0
465.666666667
465.666666667
466.0
465.666666667
466.0
465.666666667
466.333333333
466.0
465.666666667
465.666666667
465.666666667
465.666666667
465.666666667
465.666666667
465.666666667
465.666666667
465.666666667
465.333333333
465.666666667
465.666666667
465.666666667
465.666666667
465.666666667
467.0
466.0
465.666666667
465.666666667
465.666666667
466.666666667
466.0
465.666666667
465.666666667
465.666666667
465.666666667
465.666666667
466.333333333
465.666666667
466.666666667
465.666666667
465.666666667
465.666666667
465.666666667
466.666666667
465.666666667
465.666666667
465.666666667
465.666666667
465.666666667
465.666666667
466.666666667
465.666666667
465.666666667
465.666666667
465.666666667
466.666666667
465.666666667
465.666666667
SEC 48
476.0
477.0
476.0
476.0
477.0
476.333333333
477.0
476.666666667
476.0
476.333333333
476.0
476.333333333
476.666666667
477.0
476.0
476.0
476.0
476.0
476.666666667
476.666666667
476.0
476.0
476.666666667
476.0
475.666666667
476.0
476.0
476.0
476.0
476.666666667
477.666666667
476.0
476.0
476.0
476.0
477.0
476.666666667
476.0
476.0
476.0
476.0
476.0
476.666666667
476.0
477.0
476.0
476.0
476.333333333
476.666666667
477.0
476.0
476.333333333
476.0
476.0
476.666666667
477.0
477.0
476.0
476.0
476.0
476.333333333
477.0
476.0
476.0
SEC 49
487.333333333
487.333333333
486.666666667
486.666666667
487.666666667
487.333333333
487.666666667
487.333333333
486.666666667
487.0
486.666666667
487.666666667
487.333333333
487.666666667
487.333333333
486.666666667
486.666666667
487.333333333
487.333333333
487.666666667
487.0
487.0
487.0
486.666666667
486.333333333
486.666666667
486.666666667
486.666666667
487.333333333
487.333333333
488.333333333
486.666666667
487.333333333
486.666666667
486.666666667
487.666666667
487.333333333
486.666666667
487.0
487.333333333
486.666666667
486.666666667
487.333333333
486.666666667
487.666666667
486.666666667
487.0
487.333333333
487.333333333
487.666666667
487.333333333
487.333333333
486.666666667
486.666666667
487.333333333
487.666666667
487.666666667
486.666666667
486.666666667
487.333333333
487.333333333
487.666666667
486.666666667
486.666666667
SEC 50
497.666666667
497.666666667
497.0
497.333333333
497.666666667
498.0
497.666666667
497.666666667
497.0
497.666666667
497.0
497.666666667
497.666666667
497.666666667
498.0
497.333333333
497.0
497.666666667
497.666666667
497.666666667
497.666666667
497.666666667
497.666666667
497.0
496.666666667
497.666666667
497.0
497.333333333
497.666666667
497.666666667
498.666666667
497.666666667
497.666666667
497.0
497.333333333
497.666666667
497.666666667
497.333333333
497.666666667
497.666666667
497.0
497.0
497.333333333
497.0
498.0
497.333333333
497.666666667
497.666666667
497.666666667
497.666666667
497.666666667
497.666666667
497.0
497.0
497.666666667
497.666666667
498.0
497.0
497.0
497.666666667
497.666666667
498.0
497.333333333
497.0
SEC 51
507.666666667
507.666666667
507.333333333
507.333333333
508.0
507.666666667
508.0
507.666666667
507.333333333
507.666666667
507.333333333
507.666666667
508.0
508.0
507.666666667
507.333333333
507.333333333
507.666666667
507.666666667
507.666666667
508.0
507.333333333
507.666666667
507.333333333
507.0
507.333333333
507.333333333
507.333333333
507.666666667
507.666666667
508.0
508.333333333
507.666666667
507.333333333
507.333333333
508.333333333
507.666666667
507.333333333
507.333333333
507.666666667
507.333333333
507.333333333
508.0
507.333333333
508.0
507.333333333
507.333333333
507.666666667
507.666666667
508.0
507.666666667
507.666666667
507.333333333
507.333333333
507.666666667
508.0
508.0
507.333333333
507.333333333
507.666666667
507.666666667
508.0
507.333333333
507.333333333
SEC 52
517.0
517.0
516.0
516.333333333
517.0
517.0
517.0
517.0
516.0
516.666666667
516.333333333
517.0
517.0
517.0
517.0
516.666666667
516.0
517.0
517.0
517.0
517.0
517.0
516.666666667
516.333333333
516.0
516.666666667
516.0
516.333333333
517.0
517.0
517.666666667
517.0
517.0
516.333333333
516.333333333
517.0
516.666666667
516.333333333
517.0
517.0
516.333333333
516.333333333
516.666666667
516.0
517.0
516.333333333
517.0
517.0
517.0
517.0
517.0
517.0
516.333333333
516.333333333
517.0
517.0
517.0
516.333333333
516.333333333
517.0
517.0
517.0
516.333333333
516.333333333
SEC 53
527.0
527.333333333
527.0
527.0
527.333333333
527.666666667
527.333333333
527.333333333
527.0
527.333333333
527.0
527.333333333
527.333333333
527.0
527.666666667
527.0
527.0
527.333333333
527.333333333
527.0
527.333333333
527.0
527.333333333
527.0
526.666666667
527.0
527.0
527.0
527.333333333
527.333333333
527.0
528.666666667
527.333333333
527.0
527.0
528.0
527.0
527.0
527.0
527.333333333
527.0
527.0
527.666666667
527.0
527.333333333
527.0
527.0
527.333333333
527.333333333
527.666666667
527.333333333
527.333333333
527.0
527.0
527.333333333
527.333333333
527.666666667
527.0
527.0
527.333333333
527.333333333
527.666666667
527.0
527.0
SEC 54
538.0
538.0
537.333333333
537.666666667
538.0
538.0
538.0
538.0
537.333333333
538.0
537.666666667
538.0
538.0
538.0
538.0
537.666666667
537.333333333
538.0
538.0
538.0
538.0
537.666666667
538.0
537.666666667
537.333333333
537.666666667
537.333333333
537.666666667
538.0
538.0
539.0
537.666666667
538.0
537.666666667
537.666666667
538.0
537.666666667
537.666666667
537.666666667
538.0
537.666666667
537.666666667
538.0
537.333333333
538.0
537.666666667
538.0
538.0
538.0
538.0
538.0
538.0
537.666666667
537.666666667
538.0
538.0
538.0
537.666666667
537.666666667
538.0
538.0
538.0
537.666666667
537.666666667
SEC 55
548.333333333
548.666666667
548.0
548.333333333
548.333333333
549.0
549.0
548.333333333
548.333333333
548.0
548.0
548.333333333
549.0
548.333333333
549.0
548.333333333
548.0
548.333333333
548.333333333
548.333333333
549.0
548.333333333
548.333333333
548.0
547.666666667
548.333333333
548.0
548.0
548.333333333
548.333333333
549.0
549.0
548.333333333
548.0
548.0
549.0
548.666666667
548.0
548.333333333
548.333333333
548.0
548.0
548.666666667
548.0
549.0
548.0
548.333333333
548.333333333
548.666666667
549.0
548.333333333
548.333333333
548.0
548.0
548.666666667
549.0
549.0
548.0
548.0
548.333333333
548.333333333
549.0
548.333333333
548.0
SEC 56
559.333333333
559.333333333
559.0
559.0
559.666666667
559.333333333
559.333333333
559.333333333
559.0
559.333333333
559.0
559.333333333
559.333333333
559.333333333
559.333333333
559.0
559.0
559.333333333
559.333333333
559.333333333
559.333333333
559.333333333
559.333333333
559.0
558.666666667
559.333333333
559.0
559.0
559.333333333
559.333333333
560.333333333
559.666666667
559.333333333
559.0
559.0
559.666666667
559.333333333
559.0
559.333333333
559.333333333
559.0
559.0
559.333333333
559.0
559.666666667
559.0
559.333333333
559.333333333
559.333333333
559.666666667
559.333333333
559.333333333
559.0
559.0
559.333333333
559.333333333
559.333333333
559.0
559.0
559.333333333
559.333333333
559.666666667
559.0
559.0
SEC 57
569.666666667
570.333333333
569.333333333
569.333333333
570.0
570.0
570.333333333
569.666666667
569.333333333
569.666666667
569.333333333
569.666666667
570.333333333
570.0
570.0
569.333333333
569.333333333
569.666666667
569.666666667
569.666666667
570.333333333
569.333333333
570.0
569.333333333
569.0
569.666666667
569.333333333
569.333333333
569.666666667
570.0
570.333333333
570.333333333
569.666666667
569.333333333
569.333333333
570.333333333
570.0
569.333333333
569.666666667
569.666666667
569.333333333
569.333333333
570.0
569.333333333
570.333333333
569.333333333
569.666666667
569.666666667
570.0
570.333333333
569.666666667
569.666666667
569.333333333
569.333333333
570.0
570.333333333
570.333333333
569.333333333
569.333333333
569.666666667
569.666666667
570.333333333
569.333333333
569.333333333
SEC 58
580.666666667
580.666666667
580.333333333
580.333333333
580.666666667
581.0
581.0
580.666666667
580.333333333
580.666666667
580.333333333
580.666666667
580.666666667
581.0
581.0
580.333333333
580.333333333
580.666666667
580.666666667
580.666666667
580.666666667
580.333333333
580.666666667
580.333333333
580.0
580.333333333
580.333333333
580.333333333
580.666666667
580.666666667
581.666666667
580.666666667
580.666666667
580.333333333
580.333333333
581.333333333
581.0
580.333333333
580.333333333
580.666666667
580.333333333
580.333333333
581.0
580.333333333
581.0
580.333333333
580.666666667
580.666666667
580.666666667
581.333333333
580.666666667
580.666666667
580.333333333
580.333333333
580.666666667
580.666666667
581.333333333
580.333333333
580.333333333
580.666666667
580.666666667
581.0
580.333333333
580.333333333
SEC 59
590.666666667
591.0
590.0
590.666666667
590.666666667
591.0
591.0
590.666666667
590.0
590.666666667
590.333333333
590.666666667
591.0
590.666666667
591.0
590.666666667
590.0
590.666666667
590.666666667
590.666666667
591.0
591.0
590.666666667
590.333333333
590.0
590.666666667
590.0
590.333333333
590.666666667
590.666666667
591.666666667
590.666666667
590.666666667
590.333333333
590.333333333
591.0
590.666666667
590.333333333
590.666666667
590.666666667
590.333333333
590.333333333
590.666666667
590.0
591.0
590.333333333
590.666666667
590.666666667
591.0
591.0
590.666666667
590.666666667
590.333333333
590.333333333
591.0
591.0
591.0
590.333333333
590.333333333
590.666666667
590.666666667
591.0
590.333333333
590.333333333
SEC 60
601.0
601.666666667
600.666666667
600.666666667
601.333333333
601.666666667
601.666666667
601.666666667
600.666666667
601.0
600.666666667
601.333333333
601.666666667
601.0
601.666666667
600.666666667
600.666666667
601.333333333
601.666666667
601.0
601.666666667
601.0
601.666666667
600.666666667
600.333333333
601.0
600.666666667
600.666666667
601.0
601.666666667
601.333333333
602.0
601.333333333
600.666666667
600.666666667
601.666666667
601.333333333
600.666666667
601.0
601.0
600.666666667
600.666666667
601.333333333
600.666666667
601.666666667
600.666666667
601.0
601.666666667
601.666666667
601.666666667
601.0
601.666666667
600.666666667
600.666666667
601.666666667
601.666666667
601.666666667
600.666666667
600.666666667
601.0
601.333333333
601.666666667
600.666666667
600.666666667
SEC 61
612.0
612.0
611.0
611.333333333
612.0
612.0
612.0
612.0
611.0
611.666666667
611.0
612.0
612.0
612.0
611.666666667
611.333333333
611.0
612.0
612.0
612.0
611.666666667
612.0
611.333333333
611.0
611.0
611.333333333
611.0
611.333333333
612.0
612.0
612.333333333
612.0
612.0
611.0
611.333333333
612.0
611.666666667
611.333333333
611.666666667
612.0
611.0
611.0
611.666666667
611.0
612.0
611.333333333
611.666666667
612.0
612.0
612.0
612.0
612.0
611.333333333
611.0
612.0
612.0
612.0
611.0
611.0
612.0
612.0
612.0
611.333333333
611.0
SEC 62
622.333333333
622.666666667
622.0
622.0
622.333333333
622.666666667
622.666666667
622.333333333
622.333333333
622.0
622.0
622.333333333
622.666666667
622.333333333
622.666666667
622.0
622.0
622.333333333
622.333333333
622.333333333
622.666666667
622.333333333
622.333333333
622.0
621.666666667
622.0
622.0
622.0
622.333333333
622.333333333
622.666666667
623.0
622.333333333
622.0
622.0
623.0
622.333333333
622.0
622.0
622.333333333
622.0
622.0
622.666666667
622.0
622.666666667
622.0
622.0
622.333333333
622.666666667
623.0
622.333333333
622.333333333
622.0
622.0
622.666666667
622.666666667
622.666666667
622.0
622.0
622.333333333
622.333333333
622.666666667
622.0
622.0
SEC 63
633.0
633.333333333
632.666666667
633.0
633.666666667
633.333333333
633.333333333
633.333333333
632.666666667
633.333333333
633.0
633.333333333
633.333333333
633.333333333
633.333333333
633.0
632.666666667
633.333333333
633.333333333
633.0
633.333333333
633.0
633.333333333
633.0
632.666666667
633.0
632.666666667
633.0
633.0
633.333333333
634.333333333
633.0
633.0
633.0
633.0
633.666666667
633.0
633.0
633.0
633.0
633.0
633.0
633.333333333
632.666666667
633.666666667
633.0
633.0
633.333333333
633.333333333
633.666666667
633.0
633.333333333
633.0
633.0
633.333333333
633.333333333
633.666666667
633.0
633.0
633.0
633.333333333
633.666666667
633.0
633.0
SEC 64
643.666666667
644.333333333
643.333333333
643.666666667
644.0
644.333333333
644.333333333
644.333333333
643.333333333
644.0
643.333333333
644.0
644.333333333
644.0
644.0
643.666666667
643.333333333
644.0
644.333333333
644.0
644.0
644.0
644.0
643.333333333
643.333333333
643.666666667
643.333333333
643.666666667
644.0
644.333333333
644.333333333
644.333333333
644.0
643.333333333
643.666666667
644.333333333
644.0
643.666666667
643.666666667
643.666666667
643.666666667
643.333333333
644.0
643.333333333
644.333333333
643.666666667
643.666666667
644.333333333
644.333333333
644.333333333
643.666666667
644.333333333
643.666666667
643.333333333
644.333333333
644.333333333
644.333333333
643.333333333
643.333333333
644.0
643.666666667
644.333333333
643.666666667
643.333333333
SEC 65
654.666666667
654.666666667
654.333333333
654.666666667
654.666666667
654.666666667
654.666666667
654.666666667
654.333333333
654.666666667
654.333333333
654.666666667
654.666666667
654.666666667
654.666666667
654.666666667
654.0
654.666666667
654.666666667
654.666666667
654.666666667
654.666666667
654.666666667
654.333333333
654.0
654.666666667
654.0
654.333333333
654.666666667
654.666666667
655.333333333
654.666666667
654.666666667
654.333333333
654.333333333
654.666666667
654.333333333
654.666666667
654.666666667
654.666666667
654.333333333
654.333333333
654.333333333
653.666666667
654.666666667
654.333333333
654.666666667
654.666666667
654.666666667
654.666666667
654.666666667
654.666666667
654.333333333
654.333333333
654.666666667
654.666666667
654.666666667
654.333333333
654.333333333
654.666666667
654.666666667
654.666666667
654.666666667
654.333333333
SEC 66
664.666666667
665.333333333
664.666666667
664.666666667
665.0
665.333333333
665.333333333
665.333333333
664.666666667
665.0
664.666666667
665.0
665.333333333
664.666666667
665.333333333
664.666666667
664.666666667
665.0
665.333333333
664.666666667
665.333333333
664.666666667
665.333333333
664.666666667
664.333333333
664.666666667
664.666666667
664.666666667
665.0
665.333333333
664.666666667
666.333333333
665.0
664.666666667
664.666666667
665.333333333
665.333333333
664.666666667
664.666666667
665.0
664.666666667
664.666666667
665.0
664.666666667
665.666666667
664.666666667
664.666666667
665.333333333
665.333333333
665.333333333
664.666666667
665.0
664.666666667
664.666666667
665.333333333
665.333333333
665.333333333
664.666666667
664.666666667
664.666666667
665.0
665.666666667
664.666666667
664.666666667
SEC 67
675.333333333
675.333333333
674.666666667
675.0
675.333333333
675.333333333
675.333333333
675.333333333
674.666666667
675.0
674.666666667
675.333333333
675.333333333
675.333333333
675.333333333
675.0
674.666666667
675.333333333
675.333333333
675.333333333
675.333333333
675.333333333
675.0
674.666666667
674.333333333
675.0
674.666666667
674.666666667
675.333333333
675.333333333
676.333333333
675.333333333
675.333333333
674.666666667
674.666666667
675.666666667
675.333333333
675.0
675.333333333
675.333333333
674.666666667
674.666666667
675.333333333
674.666666667
675.333333333
675.0
675.333333333
675.333333333
675.333333333
675.666666667
675.333333333
675.333333333
674.666666667
674.666666667
675.333333333
675.333333333
675.666666667
674.666666667
674.666666667
675.333333333
675.333333333
675.333333333
675.0
674.666666667
SEC 68
685.666666667
686.333333333
685.333333333
685.666666667
686.333333333
686.333333333
686.333333333
686.333333333
685.333333333
686.0
685.666666667
686.0
686.333333333
685.666666667
686.333333333
685.666666667
685.333333333
686.0
686.333333333
685.666666667
686.333333333
686.0
686.0
685.666666667
685.333333333
685.666666667
685.333333333
685.666666667
686.0
686.333333333
686.333333333
686.333333333
686.0
685.666666667
685.666666667
686.333333333
686.0
685.666666667
685.666666667
686.0
685.666666667
685.666666667
686.0
685.333333333
686.333333333
685.666666667
685.666666667
686.333333333
686.333333333
686.333333333
686.0
686.333333333
685.666666667
685.666666667
686.333333333
686.333333333
686.333333333
685.666666667
685.666666667
686.0
686.0
686.333333333
685.666666667
685.666666667
SEC 69
696.0
697.0
696.0
696.0
696.0
697.0
697.0
697.0
696.333333333
696.0
696.0
696.333333333
696.666666667
696.666666667
696.333333333
696.0
696.0
696.0
697.0
696.666666667
696.333333333
696.666666667
696.333333333
696.0
695.666666667
696.0
696.0
696.0
696.333333333
696.666666667
697.0
696.666666667
696.0
696.0
696.0
697.0
696.666666667
696.0
696.0
696.0
696.0
696.0
696.666666667
696.0
697.0
696.0
696.0
696.333333333
697.0
697.0
696.0
696.333333333
696.0
696.0
697.0
697.0
697.0
696.0
696.0
696.0
696.0
697.0
696.0
696.0
SEC 70
707.333333333
707.333333333
706.666666667
707.333333333
707.333333333
707.333333333
707.333333333
707.333333333
706.666666667
707.0
706.666666667
707.333333333
707.333333333
707.333333333
707.333333333
707.333333333
706.666666667
707.333333333
707.333333333
707.333333333
707.333333333
707.333333333
707.333333333
706.666666667
706.333333333
707.333333333
706.666666667
707.0
707.333333333
707.333333333
708.333333333
707.333333333
707.333333333
706.666666667
706.666666667
707.333333333
707.0
707.333333333
707.333333333
707.333333333
706.666666667
706.666666667
707.333333333
706.666666667
707.333333333
707.0
707.333333333
707.333333333
707.333333333
707.333333333
707.333333333
707.333333333
706.666666667
706.666666667
707.333333333
707.333333333
707.333333333
706.666666667
706.666666667
707.333333333
707.333333333
707.333333333
707.333333333
706.666666667
SEC 71
718.333333333
718.666666667
718.0
718.333333333
718.333333333
718.666666667
718.666666667
718.666666667
718.0
718.666666667
718.333333333
718.333333333
718.666666667
718.333333333
718.666666667
718.333333333
718.0
718.333333333
718.666666667
718.333333333
718.666666667
718.333333333
718.666666667
718.333333333
718.0
718.333333333
718.0
718.333333333
718.333333333
718.666666667
719.0
719.0
718.333333333
718.0
718.333333333
718.666666667
718.666666667
718.333333333
718.333333333
718.333333333
718.333333333
718.0
718.333333333
718.0
719.0
718.333333333
718.333333333
718.666666667
718.666666667
718.666666667
718.333333333
718.666666667
718.333333333
718.0
718.666666667
718.666666667
718.666666667
718.333333333
718.0
718.333333333
718.333333333
719.0
718.333333333
718.333333333
SEC 72
729.333333333
729.666666667
728.666666667
729.333333333
729.666666667
729.666666667
729.666666667
729.666666667
728.666666667
729.0
728.666666667
729.666666667
729.666666667
729.666666667
729.333333333
729.333333333
728.666666667
729.666666667
729.666666667
729.666666667
729.333333333
729.666666667
729.333333333
728.666666667
728.333333333
729.333333333
728.666666667
728.666666667
729.666666667
729.666666667
730.333333333
729.333333333
729.666666667
728.666666667
728.666666667
729.666666667
729.333333333
729.0
729.333333333
729.666666667
728.666666667
728.666666667
729.333333333
728.666666667
729.666666667
729.0
729.333333333
729.666666667
729.666666667
729.666666667
729.333333333
729.666666667
728.666666667
728.666666667
729.666666667
729.666666667
729.666666667
728.666666667
728.666666667
729.333333333
729.666666667
729.666666667
729.333333333
728.666666667
SEC 73
739.666666667
740.0
739.333333333
739.666666667
739.666666667
740.0
740.0
739.666666667
739.333333333
739.666666667
739.333333333
739.666666667
740.0
740.0
740.0
739.666666667
739.333333333
739.666666667
739.666666667
739.666666667
740.0
739.666666667
740.0
739.333333333
739.0
739.666666667
739.333333333
739.333333333
739.666666667
740.0
740.333333333
740.333333333
739.666666667
739.333333333
739.333333333
740.333333333
740.0
739.666666667
739.666666667
739.666666667
739.333333333
739.333333333
740.0
739.333333333
740.0
739.666666667
739.666666667
739.666666667
740.0
740.333333333
739.666666667
739.666666667
739.333333333
739.333333333
740.0
740.0
740.333333333
739.333333333
739.333333333
739.666666667
739.666666667
740.0
739.666666667
739.333333333
SEC 74
749.666666667
750.0
749.333333333
749.666666667
750.0
750.333333333
750.333333333
750.0
749.333333333
750.0
749.333333333
749.666666667
750.333333333
750.0
750.0
749.666666667
749.333333333
749.666666667
750.0
749.666666667
750.0
749.666666667
750.0
749.333333333
749.333333333
749.666666667
749.333333333
749.666666667
749.666666667
750.0
750.666666667
750.0
749.666666667
749.333333333
749.666666667
750.333333333
750.0
749.666666667
749.666666667
749.666666667
749.666666667
749.333333333
750.0
749.333333333
750.333333333
749.666666667
749.666666667
750.0
750.0
750.333333333
749.666666667
750.0
749.666666667
749.333333333
750.0
750.333333333
750.0
749.666666667
749.333333333
749.666666667
749.666666667
750.333333333
749.666666667
749.666666667
SEC 75
761.0
761.0
760.0
760.0
761.0
761.0
761.0
761.0
760.333333333
760.0
760.0
761.0
761.0
761.0
761.0
760.0
760.0
761.0
761.0
761.0
761.0
760.666666667
760.666666667
760.0
759.666666667
760.333333333
760.0
760.0
761.0
761.0
761.0
761.0
761.0
760.0
760.0
761.0
760.666666667
760.0
760.666666667
761.0
760.0
760.0
760.666666667
760.0
761.0
760.0
760.666666667
761.0
761.0
761.0
761.0
761.0
760.0
760.0
761.0
761.0
761.0
760.0
760.0
761.0
761.0
761.0
760.0
760.0
SEC 76
771.666666667
771.666666667
771.0
771.333333333
771.666666667
771.666666667
771.666666667
771.666666667
771.0
771.333333333
771.0
771.666666667
771.666666667
771.666666667
771.666666667
771.333333333
771.0
771.666666667
771.666666667
771.666666667
771.666666667
771.666666667
771.333333333
771.0
770.666666667
771.333333333
771.0
771.0
771.666666667
771.666666667
771.666666667
772.333333333
771.666666667
771.0
771.0
771.666666667
771.666666667
771.0
771.666666667
771.666666667
771.0
771.0
771.333333333
771.0
771.666666667
771.0
771.666666667
771.666666667
771.666666667
771.666666667
771.666666667
771.666666667
771.0
771.0
771.666666667
771.666666667
771.666666667
771.0
771.0
771.666666667
771.666666667
771.666666667
771.333333333
771.0
SEC 77
782.666666667
782.666666667
781.666666667
782.333333333
782.666666667
782.666666667
782.666666667
782.666666667
781.666666667
782.333333333
781.666666667
782.666666667
782.666666667
782.666666667
782.666666667
782.333333333
781.666666667
782.666666667
782.666666667
782.666666667
782.666666667
782.666666667
782.666666667
781.666666667
781.666666667
782.666666667
781.666666667
782.0
782.666666667
782.666666667
783.0
783.0
782.666666667
781.666666667
782.0
782.666666667
782.333333333
782.333333333
782.666666667
782.666666667
782.0
781.666666667
782.333333333
781.666666667
782.666666667
782.333333333
782.666666667
782.666666667
782.666666667
782.666666667
782.666666667
782.666666667
782.0
781.666666667
782.666666667
782.666666667
782.666666667
781.666666667
781.666666667
782.666666667
782.666666667
782.666666667
782.333333333
781.666666667
SEC 78
793.666666667
793.666666667
793.0
793.333333333
793.666666667
793.666666667
793.666666667
793.666666667
793.333333333
793.333333333
793.0
793.666666667
793.666666667
793.666666667
793.666666667
793.333333333
793.0
793.666666667
793.666666667
793.666666667
793.666666667
793.333333333
793.666666667
793.0
793.0
793.333333333
792.666666667
793.333333333
793.666666667
793.666666667
793.666666667
794.333333333
793.666666667
793.0
793.333333333
793.666666667
793.333333333
793.333333333
793.666666667
793.666666667
793.333333333
793.0
793.333333333
792.666666667
793.666666667
793.333333333
793.666666667
793.666666667
793.666666667
793.666666667
793.666666667
793.666666667
793.333333333
793.0
793.666666667
793.666666667
793.666666667
793.0
793.0
793.666666667
793.666666667
793.666666667
793.333333333
793.0
SEC 79
804.333333333
804.666666667
804.333333333
804.333333333
804.333333333
804.666666667
804.666666667
804.666666667
804.333333333
804.666666667
804.333333333
804.333333333
804.666666667
804.333333333
805.0
804.333333333
804.333333333
804.333333333
804.666666667
804.333333333
804.666666667
804.333333333
804.666666667
804.333333333
804.0
804.333333333
804.333333333
804.333333333
804.333333333
804.666666667
804.333333333
806.0
804.333333333
804.333333333
804.333333333
805.0
804.666666667
804.333333333
804.333333333
804.333333333
804.333333333
804.333333333
805.0
804.333333333
804.666666667
804.333333333
804.333333333
804.333333333
804.666666667
805.0
804.333333333
804.666666667
804.333333333
804.333333333
804.666666667
804.666666667
805.0
804.333333333
804.333333333
804.333333333
804.333333333
804.666666667
804.333333333
804.333333333
SEC 80
814.0
814.333333333
813.666666667
814.0
814.333333333
814.333333333
814.333333333
814.333333333
813.666666667
814.0
813.666666667
814.0
814.333333333
814.333333333
814.0
814.0
813.666666667
814.333333333
814.333333333
814.0
814.333333333
814.0
814.333333333
813.666666667
813.333333333
814.0
813.666666667
813.666666667
814.0
814.333333333
815.0
814.0
814.0
813.666666667
813.666666667
814.333333333
814.333333333
814.0
814.0
814.0
813.666666667
813.666666667
814.0
813.666666667
814.333333333
814.0
814.0
814.333333333
814.333333333
814.333333333
814.0
814.333333333
813.666666667
813.666666667
814.333333333
814.333333333
814.333333333
813.666666667
813.666666667
814.0
814.333333333
814.333333333
814.0
813.666666667
