SEC 1
141.0
148.333333333
154.0
150.0
151.666666667
154.0
149.333333333
151.333333333
SEC 2
374.666666667
389.333333333
380.0
386.333333333
390.666666667
382.666666667
389.0
393.0
SEC 3
648.333333333
673.666666667
654.666666667
660.666666667
663.333333333
666.666666667
659.333333333
664.333333333
SEC 4
964.666666667
988.333333333
967.0
985.666666667
984.666666667
980.0
969.333333333
970.333333333
SEC 5
1301.66666667
1315.33333333
1292.66666667
1316.66666667
1313.33333333
1307.66666667
1298.33333333
1288.33333333
SEC 6
1669.33333333
1691.0
1664.66666667
1689.66666667
1689.33333333
1683.0
1681.33333333
1668.66666667
SEC 7
2052.33333333
2072.33333333
2058.0
2066.66666667
2069.0
2067.0
2064.0
2056.33333333
SEC 8
2455.33333333
2464.0
2449.0
2473.0
2461.33333333
2454.0
2458.0
2448.66666667
SEC 9
2835.33333333
2830.0
2829.0
2840.66666667
2842.33333333
2825.0
2829.66666667
2817.66666667
SEC 10
3207.66666667
3199.0
3205.66666667
3204.33333333
3222.33333333
3200.0
3210.66666667
3183.0
SEC 11
3607.66666667
3586.66666667
3587.66666667
3599.33333333
3622.33333333
3601.0
3609.0
3590.66666667
SEC 12
3981.33333333
3964.33333333
3953.66666667
3963.0
3992.0
3973.33333333
3976.33333333
3960.66666667
SEC 13
4326.33333333
4313.33333333
4305.0
4317.0
4345.33333333
4332.0
4319.0
4309.33333333
SEC 14
4707.33333333
4691.66666667
4677.66666667
4686.0
4713.33333333
4717.0
4696.66666667
4692.33333333
SEC 15
5077.66666667
5063.66666667
5046.33333333
5062.66666667
5089.33333333
5094.66666667
5086.0
5070.0
SEC 16
5450.0
5435.33333333
5427.0
5437.33333333
5461.0
5467.0
5462.66666667
5443.66666667
SEC 17
5806.0
5794.33333333
5788.66666667
5798.66666667
5833.66666667
5835.33333333
5825.33333333
5794.0
SEC 18
6195.0
6195.0
6179.66666667
6182.0
6233.33333333
6227.33333333
6214.33333333
6182.0
SEC 19
6569.0
6573.66666667
6558.33333333
6564.0
6620.0
6604.0
6589.66666667
6561.0
SEC 20
6940.0
6960.33333333
6933.33333333
6948.66666667
6995.33333333
6978.0
6959.66666667
6944.0
SEC 21
7318.33333333
7344.33333333
7315.33333333
7334.33333333
7379.33333333
7356.66666667
7352.33333333
7333.33333333
SEC 22
7709.66666667
7734.66666667
7709.33333333
7724.66666667
7772.0
7750.66666667
7747.66666667
7722.66666667
SEC 23
8101.66666667
8131.33333333
8105.0
8115.33333333
8168.0
8151.33333333
8135.66666667
8124.33333333
SEC 24
8466.66666667
8482.0
8464.33333333
8471.0
8529.33333333
8502.33333333
8485.66666667
8486.33333333
SEC 25
8841.33333333
8854.66666667
8833.66666667
8833.33333333
8907.0
8859.0
8863.0
8855.66666667
SEC 26
9221.33333333
9235.66666667
9210.0
9218.0
9301.0
9245.66666667
9247.66666667
9241.0
SEC 27
9595.0
9610.66666667
9584.66666667
9582.66666667
9681.33333333
9615.0
9626.33333333
9614.33333333
SEC 28
9956.66666667
9974.0
9953.0
9943.0
10049.0
9985.66666667
9986.33333333
9983.0
SEC 29
10298.0
10303.0
10279.6666667
10273.3333333
10376.0
10325.3333333
10324.0
10306.6666667
SEC 30
10652.0
10658.0
10635.0
10623.6666667
10729.0
10678.6666667
10688.3333333
10649.6666667
SEC 31
11022.0
11031.6666667
11002.0
10987.0
11093.3333333
11051.0
11060.0
11004.0
SEC 32
11365.0
11378.0
11357.6666667
11336.0
11439.0
11402.3333333
11405.0
11348.6666667
SEC 33
11752.6666667
11772.0
11750.3333333
11718.3333333
11813.6666667
11793.3333333
11783.3333333
11734.0
SEC 34
12140.0
12159.0
12133.0
12102.0
12197.6666667
12181.0
12168.3333333
12122.0
SEC 35
12509.6666667
12533.0
12523.6666667
12480.0
12570.3333333
12564.0
12542.3333333
12494.0
SEC 36
12908.3333333
12930.0
12918.6666667
12879.3333333
12983.3333333
12962.6666667
12937.0
12896.3333333
SEC 37
13289.3333333
13316.0
13303.3333333
13255.6666667
13367.0
13341.6666667
13324.3333333
13280.0
SEC 38
13665.3333333
13680.3333333
13661.0
13617.3333333
13730.3333333
13713.0
13683.3333333
13650.3333333
SEC 39
14019.3333333
14027.6666667
14026.3333333
13975.6666667
14084.0
14070.3333333
14038.3333333
14000.3333333
SEC 40
14382.3333333
14389.3333333
14391.3333333
14335.0
14448.0
14431.6666667
14405.6666667
14362.6666667
SEC 41
14733.3333333
14745.0
14753.0
14702.6666667
14812.6666667
14794.6666667
14765.0
14724.0
SEC 42
15100.3333333
15108.0
15127.6666667
15072.6666667
15180.6666667
15158.6666667
15122.3333333
15088.3333333
SEC 43
15485.3333333
15493.0
15515.0
15458.0
15564.3333333
15542.0
15506.0
15467.3333333
SEC 44
15868.0
15872.0
15890.6666667
15832.6666667
15950.3333333
15918.3333333
15889.3333333
15850.6666667
SEC 45
16250.0
16266.0
16288.6666667
16231.0
16335.0
16307.0
16288.0
16248.3333333
SEC 46
16620.3333333
16628.3333333
16668.3333333
16598.0
16704.6666667
16669.6666667
16655.0
16621.0
SEC 47
16985.0
16982.3333333
17026.0
16962.3333333
17061.3333333
17027.0
17022.3333333
16982.0
SEC 48
17384.6666667
17377.0
17421.6666667
17356.3333333
17460.0
17434.3333333
17413.6666667
17369.0
SEC 49
17770.6666667
17761.0
17820.0
17743.3333333
17841.3333333
17813.6666667
17799.6666667
17753.3333333
SEC 50
18166.6666667
18159.6666667
18222.3333333
18139.3333333
18237.3333333
18209.6666667
18185.6666667
18145.3333333
SEC 51
18557.6666667
18555.3333333
18623.6666667
18534.3333333
18632.6666667
18594.6666667
18580.0
18533.3333333
SEC 52
18950.3333333
18946.6666667
19024.3333333
18926.3333333
19034.3333333
18997.3333333
18977.6666667
18922.6666667
SEC 53
19346.0
19338.6666667
19425.3333333
19319.6666667
19435.3333333
19392.6666667
19372.0
19313.3333333
SEC 54
19709.0
19694.0
19777.6666667
19683.0
19789.0
19744.3333333
19737.6666667
19674.3333333
SEC 55
20070.0
20070.0
20145.6666667
20052.3333333
20156.0
20111.3333333
20110.0
20053.3333333
SEC 56
20462.3333333
20461.0
20533.0
20446.3333333
20547.0
20502.6666667
20497.3333333
20442.3333333
SEC 57
20840.6666667
20830.0
20907.6666667
20812.3333333
20916.3333333
20873.3333333
20867.0
20808.3333333
SEC 58
21213.0
21205.3333333
21283.0
21190.6666667
21297.6666667
21254.0
21240.6666667
21180.6666667
SEC 59
21607.3333333
21594.6666667
21669.3333333
21573.3333333
21681.0
21633.3333333
21629.3333333
21574.3333333
SEC 60
21984.6666667
21967.0
22060.0
21956.0
22069.3333333
22010.6666667
22008.6666667
21964.0
SEC 61
22357.6666667
22333.6666667
22442.0
22326.3333333
22440.0
22368.6666667
22377.3333333
22332.3333333
SEC 62
22729.6666667
22700.0
22821.3333333
22691.3333333
22805.0
22745.0
22742.0
22709.0
SEC 63
23117.0
23080.6666667
23199.0
23075.0
23185.0
23129.0
23120.3333333
23088.0
SEC 64
23488.0
23451.3333333
23567.3333333
23450.3333333
23571.0
23507.6666667
23499.0
23458.6666667
SEC 65
23869.0
23829.0
23949.6666667
23844.6666667
23958.3333333
23886.0
23885.3333333
23840.6666667
SEC 66
24270.6666667
24222.3333333
24352.3333333
24247.3333333
24362.6666667
24287.3333333
24285.3333333
24242.3333333
SEC 67
24660.3333333
24616.6666667
24754.6666667
24643.6666667
24761.0
24675.6666667
24679.0
24639.0
SEC 68
25043.3333333
25012.0
25152.6666667
25044.6666667
25155.3333333
25074.6666667
25065.6666667
25039.0
SEC 69
25412.3333333
25380.0
25517.3333333
25412.6666667
25524.3333333
25445.3333333
25424.3333333
25405.3333333
SEC 70
25783.6666667
25748.6666667
25896.3333333
25798.6666667
25898.6666667
25828.3333333
25795.6666667
25779.0
SEC 71
26183.6666667
26144.6666667
26294.3333333
26196.0
26298.0
26221.3333333
26182.3333333
26172.0
SEC 72
26546.3333333
26501.3333333
26660.6666667
26559.6666667
26660.0
26587.3333333
26547.3333333
26535.0
SEC 73
26932.6666667
26901.0
27042.6666667
26953.3333333
27051.0
26976.3333333
26934.6666667
26924.3333333
SEC 74
27308.6666667
27284.6666667
27437.6666667
27345.0
27438.0
27345.0
27327.0
27310.0
SEC 75
27706.3333333
27673.0
27822.6666667
27731.6666667
27830.6666667
27739.3333333
27728.3333333
27697.3333333
SEC 76
28084.6666667
28032.0
28191.6666667
28099.0
28193.3333333
28095.3333333
28105.6666667
28066.6666667
SEC 77
28448.3333333
28387.6666667
28557.0
28465.0
28551.0
28462.3333333
28470.0
28430.6666667
SEC 78
28835.6666667
28768.3333333
28950.3333333
28860.0
28942.3333333
28849.0
28852.3333333
28815.3333333
SEC 79
29209.6666667
29142.3333333
29326.6666667
29233.0
29314.6666667
29228.6666667
29214.3333333
29182.6666667
SEC 80
29567.3333333
29496.3333333
29685.0
29587.3333333
29669.6666667
29588.0
29563.6666667
29543.0
