SEC 1
94.0
93.3333333333
93.0
92.3333333333
93.3333333333
92.3333333333
89.3333333333
96.6666666667
92.3333333333
86.3333333333
88.0
91.6666666667
86.6666666667
89.3333333333
92.0
91.3333333333
SEC 2
271.0
259.0
262.666666667
257.0
260.333333333
257.0
252.666666667
255.333333333
260.0
257.0
249.333333333
255.0
247.333333333
253.0
260.666666667
251.666666667
SEC 3
433.666666667
430.666666667
424.0
423.666666667
432.333333333
420.0
413.333333333
418.0
421.333333333
412.666666667
425.666666667
413.333333333
412.333333333
415.666666667
416.0
413.0
SEC 4
640.333333333
623.0
617.333333333
615.666666667
629.666666667
618.0
598.666666667
612.0
613.666666667
608.0
616.666666667
600.0
604.333333333
606.666666667
614.666666667
606.333333333
SEC 5
824.666666667
817.333333333
816.333333333
811.0
820.0
803.666666667
795.0
810.0
807.0
807.666666667
815.666666667
793.0
796.0
813.666666667
805.0
800.333333333
SEC 6
1008.0
1019.0
1020.33333333
1002.33333333
1013.33333333
1007.0
988.0
1008.0
1002.66666667
1007.66666667
1012.66666667
989.333333333
988.0
1019.33333333
1007.33333333
994.666666667
SEC 7
1242.33333333
1220.0
1223.33333333
1210.33333333
1225.0
1223.66666667
1202.33333333
1210.66666667
1211.66666667
1215.0
1230.33333333
1191.0
1203.0
1228.0
1224.33333333
1206.33333333
SEC 8
1458.66666667
1437.33333333
1442.0
1424.66666667
1449.0
1440.66666667
1425.33333333
1433.33333333
1439.0
1437.33333333
1434.66666667
1407.66666667
1418.33333333
1452.33333333
1431.66666667
1429.0
SEC 9
1659.66666667
1649.66666667
1645.0
1633.0
1647.33333333
1643.33333333
1627.0
1632.33333333
1636.33333333
1635.66666667
1635.66666667
1604.33333333
1611.33333333
1651.33333333
1642.66666667
1624.66666667
SEC 10
1873.66666667
1859.66666667
1855.33333333
1839.33333333
1859.33333333
1854.33333333
1836.0
1842.33333333
1847.66666667
1830.66666667
1847.66666667
1813.0
1819.33333333
1859.33333333
1853.66666667
1834.0
SEC 11
2076.0
2091.66666667
2074.33333333
2056.66666667
2076.0
2071.66666667
2053.33333333
2067.66666667
2053.66666667
2045.66666667
2072.33333333
2032.66666667
2034.66666667
2057.66666667
2092.33333333
2060.0
SEC 12
2311.0
2300.66666667
2292.66666667
2274.0
2301.33333333
2290.0
2269.66666667
2296.0
2273.0
2293.33333333
2271.33333333
2259.0
2263.0
2301.33333333
2283.66666667
2286.33333333
SEC 13
2516.0
2516.0
2504.0
2487.0
2508.33333333
2499.66666667
2478.0
2508.33333333
2480.0
2496.66666667
2482.0
2471.33333333
2475.33333333
2502.66666667
2500.0
2500.0
SEC 14
2751.33333333
2743.33333333
2744.66666667
2719.66666667
2732.0
2729.33333333
2712.66666667
2732.66666667
2716.33333333
2719.66666667
2718.66666667
2701.66666667
2708.33333333
2722.0
2750.33333333
2728.66666667
SEC 15
2965.66666667
2959.66666667
2966.66666667
2936.66666667
2942.33333333
2949.0
2926.66666667
2944.0
2930.66666667
2915.33333333
2949.0
2917.66666667
2929.0
2953.66666667
2945.33333333
2943.0
SEC 16
3213.66666667
3166.33333333
3199.33333333
3160.0
3166.66666667
3179.33333333
3157.0
3167.0
3162.0
3162.33333333
3145.33333333
3150.33333333
3151.33333333
3187.0
3171.0
3175.33333333
SEC 17
3389.0
3431.0
3420.66666667
3385.66666667
3394.0
3408.0
3382.0
3394.66666667
3385.66666667
3370.66666667
3391.33333333
3376.33333333
3371.66666667
3410.33333333
3391.66666667
3397.0
SEC 18
3643.66666667
3629.0
3647.33333333
3608.33333333
3615.33333333
3624.66666667
3607.66666667
3614.66666667
3613.66666667
3620.0
3591.33333333
3591.66666667
3590.0
3602.66666667
3641.33333333
3611.0
SEC 19
3865.66666667
3849.66666667
3871.33333333
3839.0
3839.33333333
3845.66666667
3831.0
3839.66666667
3831.0
3826.0
3836.66666667
3818.0
3817.33333333
3850.0
3845.0
3831.33333333
SEC 20
4066.66666667
4080.0
4090.66666667
4055.33333333
4046.33333333
4057.66666667
4038.66666667
4056.0
4035.33333333
4043.66666667
4045.33333333
4029.0
4033.0
4072.0
4049.66666667
4045.0
SEC 21
4264.33333333
4283.33333333
4288.66666667
4260.0
4244.0
4261.66666667
4240.0
4255.33333333
4237.66666667
4247.33333333
4249.66666667
4226.0
4233.0
4243.66666667
4283.0
4243.33333333
SEC 22
4490.66666667
4502.33333333
4508.66666667
4484.0
4472.0
4484.66666667
4454.66666667
4483.33333333
4463.33333333
4472.33333333
4480.66666667
4456.0
4454.0
4510.0
4468.33333333
4471.0
SEC 23
4743.0
4716.66666667
4753.0
4717.66666667
4702.0
4723.33333333
4696.66666667
4717.0
4703.66666667
4708.0
4718.33333333
4689.0
4694.66666667
4723.0
4725.66666667
4702.0
SEC 24
4950.33333333
4944.33333333
4981.33333333
4944.66666667
4915.66666667
4933.33333333
4915.33333333
4930.33333333
4921.33333333
4936.0
4927.33333333
4895.0
4902.66666667
4939.66666667
4944.33333333
4912.0
SEC 25
5148.66666667
5180.66666667
5192.33333333
5165.0
5136.66666667
5152.0
5133.0
5147.66666667
5138.0
5158.33333333
5152.0
5113.0
5112.33333333
5176.0
5150.33333333
5117.66666667
SEC 26
5356.66666667
5416.66666667
5413.33333333
5391.0
5368.33333333
5380.0
5355.0
5363.66666667
5368.66666667
5390.33333333
5371.66666667
5333.0
5325.33333333
5391.33333333
5378.33333333
5342.66666667
SEC 27
5575.33333333
5634.66666667
5619.0
5599.66666667
5579.33333333
5600.33333333
5582.66666667
5572.66666667
5587.0
5595.33333333
5580.66666667
5540.33333333
5535.33333333
5609.66666667
5589.66666667
5556.33333333
SEC 28
5807.33333333
5822.33333333
5825.0
5808.33333333
5795.33333333
5818.33333333
5791.66666667
5778.66666667
5801.66666667
5814.0
5781.0
5754.33333333
5744.66666667
5797.33333333
5821.0
5765.33333333
SEC 29
6020.33333333
6065.0
6051.0
6030.0
6020.0
6046.33333333
6016.0
5998.33333333
6037.33333333
6006.33333333
6041.33333333
5982.33333333
5975.33333333
6021.33333333
6052.33333333
5993.66666667
SEC 30
6268.66666667
6255.0
6270.66666667
6241.0
6241.0
6264.0
6235.0
6212.0
6253.33333333
6216.0
6256.66666667
6204.66666667
6194.0
6235.66666667
6258.66666667
6216.33333333
SEC 31
6489.33333333
6515.66666667
6521.66666667
6484.33333333
6479.66666667
6511.33333333
6471.33333333
6457.66666667
6492.33333333
6466.0
6478.0
6438.0
6437.0
6509.33333333
6461.0
6449.33333333
SEC 32
6715.66666667
6746.66666667
6742.0
6712.0
6700.33333333
6740.66666667
6687.66666667
6681.66666667
6721.0
6680.66666667
6715.0
6666.66666667
6669.66666667
6722.66666667
6704.0
6680.33333333
SEC 33
6975.0
6944.66666667
6966.0
6932.0
6933.66666667
6962.33333333
6917.33333333
6911.33333333
6952.0
6900.33333333
6934.33333333
6906.0
6899.33333333
6928.33333333
6955.66666667
6906.33333333
SEC 34
7159.66666667
7229.0
7203.0
7154.33333333
7159.66666667
7187.66666667
7144.33333333
7145.0
7185.66666667
7134.33333333
7158.0
7140.0
7130.66666667
7194.33333333
7156.66666667
7131.0
SEC 35
7423.0
7406.0
7426.0
7377.0
7378.33333333
7407.66666667
7355.33333333
7369.0
7417.66666667
7357.33333333
7376.0
7356.0
7352.66666667
7405.66666667
7382.33333333
7351.33333333
SEC 36
7637.0
7619.66666667
7646.33333333
7592.33333333
7596.33333333
7620.66666667
7571.0
7580.66666667
7636.0
7603.33333333
7562.33333333
7573.0
7568.0
7591.66666667
7625.66666667
7567.66666667
SEC 37
7862.66666667
7836.0
7866.66666667
7816.66666667
7813.66666667
7844.0
7793.66666667
7802.0
7864.33333333
7788.33333333
7826.33333333
7789.66666667
7791.0
7824.66666667
7846.66666667
7781.66666667
SEC 38
8048.66666667
8092.66666667
8091.33333333
8032.33333333
8033.33333333
8067.0
8011.66666667
8020.33333333
8081.66666667
7998.66666667
8051.0
8006.0
8006.33333333
8074.0
8033.33333333
8016.0
SEC 39
8317.33333333
8248.0
8305.33333333
8252.0
8242.66666667
8273.0
8228.0
8229.33333333
8295.33333333
8243.33333333
8250.0
8222.33333333
8229.0
8288.33333333
8251.33333333
8227.0
SEC 40
8538.66666667
8469.33333333
8529.33333333
8466.0
8461.66666667
8487.66666667
8454.66666667
8451.33333333
8517.0
8473.66666667
8478.33333333
8448.0
8458.0
8472.66666667
8502.66666667
8446.0
SEC 41
8749.0
8719.0
8760.0
8685.66666667
8678.33333333
8706.33333333
8685.66666667
8680.33333333
8742.33333333
8702.66666667
8710.0
8669.33333333
8693.33333333
8719.66666667
8697.33333333
8679.66666667
SEC 42
8914.33333333
8987.0
8973.0
8901.33333333
8890.66666667
8920.66666667
8908.66666667
8904.0
8961.0
8912.66666667
8923.33333333
8880.66666667
8898.0
8932.0
8914.0
8899.33333333
SEC 43
9117.66666667
9206.33333333
9178.33333333
9109.0
9102.66666667
9123.66666667
9113.66666667
9104.0
9168.0
9101.33333333
9160.66666667
9091.66666667
9102.0
9114.66666667
9153.66666667
9110.0
SEC 44
9397.0
9383.33333333
9415.66666667
9340.0
9331.33333333
9353.0
9349.0
9336.0
9395.33333333
9330.66666667
9388.33333333
9324.66666667
9327.0
9383.66666667
9347.66666667
9341.0
SEC 45
9593.0
9659.66666667
9651.66666667
9570.33333333
9570.0
9578.0
9587.66666667
9577.66666667
9629.33333333
9625.66666667
9567.0
9558.0
9557.33333333
9588.0
9620.33333333
9577.0
SEC 46
9857.33333333
9883.66666667
9876.33333333
9792.0
9804.33333333
9815.33333333
9829.33333333
9800.0
9853.33333333
9857.66666667
9802.33333333
9800.0
9786.0
9822.33333333
9858.66666667
9811.0
SEC 47
10089.0
10110.3333333
10105.3333333
10020.0
10025.0
10027.6666667
10048.3333333
10018.6666667
10074.0
10047.6666667
10064.3333333
10024.0
10005.6666667
10078.6666667
10039.3333333
10026.0
SEC 48
10364.3333333
10292.0
10332.6666667
10244.0
10255.0
10254.3333333
10286.0
10256.0
10306.3333333
10266.3333333
10310.0
10258.0
10235.6666667
10267.0
10304.6666667
10250.0
SEC 49
10583.6666667
10538.6666667
10564.0
10476.6666667
10499.6666667
10488.6666667
10522.3333333
10488.3333333
10549.0
10500.3333333
10548.6666667
10491.3333333
10469.6666667
10490.3333333
10544.3333333
10485.3333333
SEC 50
10759.0
10804.0
10783.0
10691.6666667
10717.0
10710.6666667
10740.6666667
10711.0
10766.3333333
10747.0
10738.6666667
10711.3333333
10686.3333333
10760.0
10711.0
10709.3333333
SEC 51
11006.3333333
10973.0
10988.0
10899.6666667
10930.6666667
10927.0
10946.3333333
10917.6666667
10977.6666667
10973.6666667
10920.3333333
10930.0
10886.6666667
10967.0
10917.0
10916.3333333
SEC 52
11211.6666667
11237.6666667
11221.3333333
11124.3333333
11169.0
11149.0
11174.6666667
11158.6666667
11200.6666667
11153.0
11210.0
11164.6666667
11117.6666667
11154.6666667
11190.6666667
11146.3333333
SEC 53
11433.6666667
11456.6666667
11439.3333333
11354.3333333
11384.6666667
11368.0
11396.6666667
11382.3333333
11414.6666667
11374.3333333
11424.6666667
11385.3333333
11326.6666667
11375.0
11402.6666667
11361.0
SEC 54
11664.6666667
11643.3333333
11655.0
11565.6666667
11600.3333333
11575.6666667
11611.3333333
11582.6666667
11624.6666667
11613.0
11602.3333333
11594.0
11539.0
11617.0
11592.3333333
11579.6666667
SEC 55
11829.6666667
11867.3333333
11850.6666667
11757.3333333
11801.3333333
11770.0
11815.3333333
11783.0
11813.0
11817.6666667
11802.0
11792.6666667
11740.0
11818.0
11782.6666667
11782.0
SEC 56
12104.3333333
12041.3333333
12067.0
11974.6666667
12027.3333333
11994.0
12044.6666667
12008.3333333
12024.6666667
12052.3333333
12010.6666667
12014.3333333
11968.3333333
12017.0
12035.3333333
12010.0
SEC 57
12299.0
12266.6666667
12276.3333333
12189.3333333
12237.3333333
12212.3333333
12254.3333333
12229.0
12237.6666667
12244.3333333
12247.0
12228.3333333
12175.3333333
12266.3333333
12219.0
12217.6666667
SEC 58
12516.0
12477.3333333
12477.3333333
12393.0
12441.6666667
12429.6666667
12461.3333333
12437.6666667
12444.3333333
12476.0
12427.3333333
12436.6666667
12385.0
12444.6666667
12456.0
12433.0
SEC 59
12699.0
12754.3333333
12708.3333333
12619.6666667
12668.6666667
12651.6666667
12694.6666667
12667.0
12672.3333333
12685.3333333
12664.3333333
12657.3333333
12604.0
12652.0
12699.0
12656.3333333
SEC 60
12976.0
12931.3333333
12931.0
12846.6666667
12904.6666667
12877.6666667
12923.0
12893.3333333
12892.0
12915.3333333
12896.0
12892.0
12828.0
12923.6666667
12879.3333333
12879.3333333
SEC 61
13218.0
13146.6666667
13161.0
13078.3333333
13132.3333333
13108.6666667
13148.6666667
13118.0
13119.3333333
13086.6666667
13182.0
13115.3333333
13052.3333333
13123.6666667
13136.6666667
13106.3333333
SEC 62
13374.0
13432.6666667
13386.0
13301.3333333
13357.3333333
13337.0
13372.3333333
13337.3333333
13341.0
13404.3333333
13308.0
13336.6666667
13279.3333333
13361.0
13352.6666667
13323.6666667
SEC 63
13651.3333333
13592.6666667
13606.3333333
13520.0
13574.0
13546.6666667
13594.0
13561.0
13562.3333333
13601.6666667
13548.3333333
13561.3333333
13501.0
13587.6666667
13570.6666667
13542.0
SEC 64
13841.6666667
13824.6666667
13819.0
13729.3333333
13786.0
13761.3333333
13803.3333333
13774.3333333
13775.3333333
13808.3333333
13757.0
13771.0
13710.0
13776.0
13805.6666667
13747.0
SEC 65
14039.0
14050.6666667
14033.0
13950.0
14005.6666667
13981.6666667
14019.3333333
13991.0
13993.3333333
13943.0
14048.6666667
13988.3333333
13921.0
14015.3333333
13981.3333333
13959.6666667
SEC 66
14229.3333333
14225.0
14226.3333333
14134.3333333
14201.6666667
14183.6666667
14209.3333333
14176.3333333
14185.3333333
14163.6666667
14198.0
14182.6666667
14102.0
14139.6666667
14230.0
14139.6666667
SEC 67
14409.3333333
14493.0
14444.0
14350.0
14420.6666667
14396.6666667
14422.3333333
14398.0
14408.6666667
14351.3333333
14458.0
14401.6666667
14321.3333333
14422.3333333
14385.6666667
14358.0
SEC 68
14685.3333333
14661.3333333
14664.0
14578.0
14642.0
14624.3333333
14652.0
14623.0
14635.3333333
14649.3333333
14615.3333333
14619.6666667
14546.6666667
14636.3333333
14628.0
14577.3333333
SEC 69
14838.3333333
14913.6666667
14864.0
14791.0
14839.0
14833.0
14859.3333333
14835.6666667
14838.3333333
14781.3333333
14904.0
14817.0
14751.6666667
14854.6666667
14820.3333333
14779.3333333
SEC 70
15083.0
15097.0
15077.0
15010.3333333
15048.0
15051.6666667
15074.0
15049.6666667
15053.0
15115.6666667
14998.6666667
15029.6666667
14965.6666667
15036.6666667
15075.6666667
14997.6666667
SEC 71
15307.6666667
15321.3333333
15302.0
15228.0
15267.6666667
15285.3333333
15297.0
15269.3333333
15276.0
15261.0
15301.0
15253.0
15184.3333333
15302.0
15268.3333333
15226.6666667
SEC 72
15494.6666667
15556.3333333
15517.3333333
15447.6666667
15479.6666667
15503.6666667
15514.3333333
15493.0
15488.3333333
15514.0
15478.0
15466.6666667
15397.6666667
15509.3333333
15486.6666667
15443.6666667
SEC 73
15772.0
15698.0
15723.6666667
15655.6666667
15679.3333333
15707.0
15721.3333333
15705.6666667
15688.3333333
15730.0
15680.6666667
15681.6666667
15604.3333333
15699.6666667
15721.0
15649.3333333
SEC 74
15918.6666667
15993.0
15947.3333333
15881.3333333
15904.6666667
15923.6666667
15947.6666667
15929.0
15917.3333333
15906.3333333
15937.3333333
15905.3333333
15822.6666667
15909.3333333
15955.0
15875.6666667
SEC 75
16187.0
16186.6666667
16173.6666667
16117.6666667
16140.3333333
16150.3333333
16177.3333333
16156.0
16151.3333333
16205.6666667
16092.3333333
16135.0
16058.0
16140.0
16187.0
16113.0
SEC 76
16361.3333333
16458.3333333
16396.6666667
16336.0
16370.0
16374.0
16403.0
16387.3333333
16374.0
16358.3333333
16398.3333333
16364.6666667
16282.3333333
16341.6666667
16434.0
16339.3333333
SEC 77
16667.0
16591.6666667
16611.3333333
16552.6666667
16583.0
16579.3333333
16623.6666667
16610.3333333
16592.3333333
16581.6666667
16613.0
16576.6666667
16501.0
16616.0
16589.0
16547.3333333
SEC 78
16842.3333333
16841.0
16827.6666667
16772.3333333
16801.6666667
16791.6666667
16842.6666667
16822.6666667
16800.3333333
16848.3333333
16781.3333333
16801.0
16716.3333333
16819.3333333
16811.0
16761.0
SEC 79
17076.0
17063.0
17059.6666667
16999.6666667
17028.0
17018.3333333
17079.6666667
17049.6666667
17037.6666667
17061.0
17017.0
17028.0
16944.3333333
17024.0
17061.3333333
16990.3333333
SEC 80
17236.3333333
17351.3333333
17285.6666667
17220.6666667
17245.3333333
17235.3333333
17300.6666667
17275.6666667
17260.0
17222.3333333
17301.3333333
17252.6666667
17160.6666667
17272.0
17253.3333333
17210.3333333
