SEC 1
40.0
40.3333333333
39.6666666667
38.3333333333
41.6666666667
41.0
36.0
41.3333333333
38.6666666667
37.3333333333
39.3333333333
39.6666666667
37.0
39.3333333333
38.3333333333
40.0
42.6666666667
42.3333333333
39.6666666667
39.0
36.3333333333
40.3333333333
36.3333333333
43.3333333333
39.3333333333
41.0
41.6666666667
43.3333333333
40.6666666667
41.3333333333
40.3333333333
40.0
SEC 2
105.666666667
108.0
111.0
111.666666667
112.333333333
111.666666667
109.666666667
114.333333333
112.666666667
100.666666667
109.0
116.333333333
104.333333333
106.333333333
109.0
113.0
114.0
111.333333333
113.0
114.333333333
109.0
114.333333333
115.0
113.333333333
105.666666667
114.666666667
111.333333333
116.666666667
114.333333333
111.666666667
109.0
107.0
SEC 3
189.0
198.333333333
187.0
195.0
187.666666667
195.333333333
193.0
196.666666667
200.333333333
184.666666667
189.0
202.0
189.333333333
184.0
196.666666667
190.0
194.0
195.333333333
191.333333333
189.0
192.666666667
199.333333333
194.333333333
200.666666667
184.666666667
197.0
193.0
202.0
192.333333333
195.666666667
190.0
196.0
SEC 4
277.333333333
270.0
277.666666667
279.333333333
275.333333333
282.666666667
278.666666667
285.333333333
288.333333333
274.0
278.0
286.0
279.0
272.0
280.333333333
280.333333333
279.666666667
286.333333333
281.666666667
273.0
278.0
292.0
284.333333333
294.666666667
273.666666667
277.0
277.0
291.0
281.333333333
282.333333333
287.0
282.0
SEC 5
343.333333333
352.333333333
369.0
361.333333333
356.333333333
366.333333333
359.666666667
371.0
367.666666667
355.333333333
356.666666667
360.666666667
355.666666667
351.333333333
357.0
362.666666667
354.0
360.333333333
367.666666667
348.333333333
359.666666667
368.666666667
372.333333333
376.0
353.0
358.333333333
356.333333333
358.333333333
364.0
358.333333333
371.333333333
361.333333333
SEC 6
475.0
444.666666667
452.333333333
453.333333333
460.0
460.666666667
473.333333333
456.0
470.333333333
457.333333333
454.0
462.666666667
453.333333333
450.333333333
461.0
465.666666667
450.333333333
458.666666667
475.0
443.333333333
461.333333333
474.333333333
467.666666667
470.0
449.666666667
458.333333333
452.333333333
465.0
456.333333333
457.0
473.0
459.0
SEC 7
556.666666667
572.0
557.666666667
560.0
566.333333333
569.333333333
554.333333333
589.0
575.333333333
560.666666667
569.0
570.333333333
562.333333333
554.0
565.333333333
569.333333333
559.0
562.333333333
574.666666667
551.0
564.333333333
570.333333333
569.666666667
579.0
565.333333333
564.333333333
563.0
564.333333333
569.666666667
567.666666667
576.0
577.333333333
SEC 8
648.666666667
662.333333333
674.333333333
667.333333333
669.0
671.666666667
657.666666667
687.666666667
679.333333333
663.0
673.666666667
672.666666667
652.0
665.0
665.666666667
679.0
664.666666667
659.666666667
677.666666667
654.0
661.666666667
671.0
668.333333333
682.666666667
674.333333333
668.666666667
663.0
675.0
676.333333333
670.0
677.333333333
674.0
SEC 9
775.0
753.0
758.333333333
763.666666667
759.666666667
772.666666667
788.666666667
750.0
778.0
760.333333333
770.333333333
772.333333333
759.666666667
755.666666667
763.333333333
773.333333333
760.666666667
768.666666667
763.666666667
751.666666667
759.333333333
770.333333333
762.666666667
782.0
777.0
764.333333333
763.0
763.0
776.666666667
767.666666667
767.333333333
771.0
SEC 10
863.666666667
856.333333333
876.0
868.0
862.666666667
880.333333333
852.666666667
886.0
878.333333333
863.0
875.333333333
872.666666667
866.666666667
859.0
865.333333333
877.333333333
867.333333333
868.666666667
865.333333333
857.666666667
863.0
875.666666667
876.0
889.333333333
880.666666667
868.333333333
870.333333333
870.666666667
882.333333333
869.0
880.333333333
863.333333333
SEC 11
960.666666667
957.0
989.333333333
976.0
967.333333333
989.333333333
967.0
987.333333333
987.666666667
973.0
979.333333333
988.0
968.666666667
963.0
973.333333333
992.666666667
972.666666667
967.0
977.666666667
969.0
972.0
985.666666667
988.333333333
994.333333333
985.0
978.333333333
975.0
990.333333333
980.0
971.0
971.666666667
981.333333333
SEC 12
1084.66666667
1062.33333333
1074.33333333
1079.66666667
1069.0
1093.0
1055.0
1108.66666667
1097.66666667
1080.33333333
1086.33333333
1092.66666667
1074.33333333
1060.66666667
1081.33333333
1092.66666667
1078.0
1073.66666667
1082.33333333
1078.0
1072.66666667
1096.0
1089.66666667
1096.33333333
1090.33333333
1084.66666667
1082.66666667
1093.66666667
1081.66666667
1076.66666667
1072.66666667
1091.33333333
SEC 13
1189.33333333
1168.0
1181.33333333
1186.66666667
1175.66666667
1207.0
1160.66666667
1213.66666667
1209.66666667
1183.33333333
1191.66666667
1199.33333333
1170.66666667
1183.33333333
1187.33333333
1196.66666667
1184.33333333
1168.0
1195.33333333
1184.33333333
1170.0
1196.66666667
1210.0
1206.0
1193.66666667
1196.66666667
1187.33333333
1187.66666667
1200.66666667
1187.66666667
1176.66666667
1198.66666667
SEC 14
1297.0
1288.0
1276.66666667
1289.66666667
1279.33333333
1307.66666667
1293.33333333
1293.0
1314.33333333
1285.0
1303.0
1302.66666667
1276.66666667
1287.33333333
1299.66666667
1306.33333333
1290.0
1280.66666667
1289.0
1295.33333333
1273.33333333
1316.66666667
1298.33333333
1309.66666667
1293.33333333
1304.0
1291.66666667
1305.33333333
1295.0
1300.0
1279.66666667
1309.33333333
SEC 15
1374.33333333
1402.66666667
1387.33333333
1393.66666667
1380.66666667
1412.66666667
1400.66666667
1395.0
1413.33333333
1390.0
1409.33333333
1401.33333333
1386.66666667
1382.66666667
1406.33333333
1405.0
1383.33333333
1398.0
1382.0
1395.33333333
1374.66666667
1417.33333333
1402.0
1417.0
1399.66666667
1405.0
1391.66666667
1411.66666667
1400.0
1402.33333333
1395.33333333
1397.33333333
SEC 16
1508.0
1491.33333333
1471.66666667
1494.0
1480.33333333
1507.66666667
1501.66666667
1493.0
1516.33333333
1491.66666667
1504.66666667
1506.33333333
1488.33333333
1482.66666667
1503.0
1509.66666667
1486.66666667
1499.0
1481.0
1493.66666667
1473.0
1517.66666667
1504.66666667
1527.0
1505.0
1509.66666667
1493.66666667
1525.0
1492.33333333
1493.33333333
1508.33333333
1485.66666667
SEC 17
1582.33333333
1588.66666667
1618.66666667
1597.0
1582.0
1609.66666667
1597.0
1628.66666667
1623.66666667
1599.0
1617.33333333
1613.0
1604.66666667
1591.66666667
1616.33333333
1616.0
1594.0
1616.66666667
1582.0
1601.0
1582.66666667
1614.66666667
1626.66666667
1628.0
1611.0
1619.33333333
1599.0
1610.33333333
1627.33333333
1611.33333333
1618.33333333
1591.66666667
SEC 18
1725.66666667
1683.66666667
1695.33333333
1707.66666667
1685.66666667
1718.33333333
1718.66666667
1720.33333333
1737.66666667
1704.33333333
1729.0
1722.33333333
1708.0
1707.33333333
1726.33333333
1723.0
1701.0
1691.0
1722.33333333
1707.66666667
1696.33333333
1733.66666667
1718.33333333
1736.33333333
1717.33333333
1729.66666667
1704.66666667
1718.66666667
1738.33333333
1722.0
1730.33333333
1692.33333333
SEC 19
1801.0
1797.66666667
1816.0
1813.66666667
1786.33333333
1827.0
1789.33333333
1859.0
1845.0
1811.66666667
1832.0
1822.0
1812.0
1804.0
1828.0
1822.66666667
1805.66666667
1805.33333333
1809.66666667
1809.66666667
1797.33333333
1822.0
1835.0
1840.33333333
1825.66666667
1833.0
1809.66666667
1824.66666667
1845.66666667
1822.33333333
1815.66666667
1809.0
SEC 20
1916.66666667
1883.66666667
1902.33333333
1911.33333333
1890.66666667
1921.33333333
1921.33333333
1917.66666667
1939.33333333
1907.0
1927.0
1915.66666667
1898.33333333
1906.0
1927.66666667
1916.66666667
1901.66666667
1897.33333333
1912.66666667
1906.0
1902.33333333
1930.0
1919.33333333
1935.33333333
1926.66666667
1927.66666667
1905.33333333
1917.0
1938.33333333
1924.0
1895.66666667
1914.66666667
SEC 21
2013.33333333
1972.33333333
1999.33333333
2007.0
1986.66666667
2015.66666667
2026.0
2020.0
2039.33333333
2009.66666667
2025.0
2025.33333333
1999.33333333
2005.66666667
2028.0
2016.33333333
2003.66666667
1988.0
2022.66666667
2008.66666667
1999.0
2015.0
2020.33333333
2033.66666667
2026.33333333
2021.66666667
1997.0
2043.66666667
2012.33333333
2021.33333333
2002.33333333
2020.66666667
SEC 22
2084.33333333
2084.33333333
2111.0
2104.33333333
2092.66666667
2120.66666667
2127.0
2124.66666667
2142.33333333
2111.0
2129.0
2132.66666667
2101.0
2104.66666667
2126.66666667
2117.66666667
2103.66666667
2092.66666667
2118.0
2117.66666667
2099.66666667
2104.33333333
2126.0
2134.33333333
2125.33333333
2126.0
2096.0
2126.33333333
2129.66666667
2123.66666667
2112.33333333
2109.33333333
SEC 23
2206.0
2181.0
2210.0
2211.0
2204.66666667
2227.66666667
2245.66666667
2217.33333333
2243.0
2217.33333333
2228.0
2239.66666667
2208.66666667
2207.0
2228.0
2223.0
2207.66666667
2208.33333333
2213.0
2219.66666667
2208.0
2225.66666667
2227.0
2236.33333333
2228.66666667
2236.0
2200.66666667
2235.33333333
2244.0
2231.0
2232.33333333
2207.0
SEC 24
2323.66666667
2304.0
2276.66666667
2311.0
2309.0
2325.66666667
2314.66666667
2349.33333333
2346.33333333
2322.0
2328.33333333
2339.0
2307.33333333
2322.0
2334.33333333
2325.0
2313.33333333
2318.33333333
2312.66666667
2322.0
2304.33333333
2323.33333333
2336.66666667
2336.0
2332.0
2339.66666667
2298.0
2357.66666667
2322.0
2336.0
2313.0
2333.0
SEC 25
2402.33333333
2408.33333333
2398.66666667
2420.33333333
2418.33333333
2426.66666667
2422.33333333
2449.33333333
2450.0
2423.0
2431.0
2441.0
2432.0
2408.0
2433.0
2435.0
2412.33333333
2431.66666667
2394.33333333
2427.66666667
2412.33333333
2436.66666667
2440.33333333
2442.0
2434.0
2434.33333333
2401.66666667
2419.66666667
2472.0
2435.33333333
2445.66666667
2419.33333333
SEC 26
2478.66666667
2527.33333333
2513.33333333
2520.0
2520.33333333
2532.0
2518.33333333
2560.0
2548.33333333
2529.33333333
2537.0
2540.0
2524.66666667
2527.0
2533.66666667
2538.0
2520.0
2504.33333333
2534.66666667
2526.33333333
2514.33333333
2542.33333333
2542.0
2545.66666667
2541.66666667
2532.66666667
2501.0
2521.33333333
2572.0
2539.66666667
2552.66666667
2522.66666667
SEC 27
2621.66666667
2603.0
2592.33333333
2616.66666667
2614.33333333
2630.0
2637.0
2636.0
2646.33333333
2630.33333333
2636.33333333
2642.66666667
2605.0
2636.33333333
2626.66666667
2641.33333333
2616.33333333
2609.0
2634.66666667
2623.66666667
2609.0
2640.33333333
2643.33333333
2651.66666667
2648.66666667
2639.0
2597.33333333
2651.33333333
2637.66666667
2638.66666667
2669.0
2618.0
SEC 28
2717.0
2719.66666667
2675.33333333
2709.66666667
2718.0
2726.33333333
2738.0
2743.33333333
2739.33333333
2728.33333333
2739.0
2746.66666667
2719.66666667
2714.66666667
2732.66666667
2746.0
2718.0
2727.33333333
2718.33333333
2725.33333333
2706.0
2740.33333333
2747.0
2753.33333333
2753.0
2745.0
2704.33333333
2744.66666667
2747.66666667
2738.66666667
2742.33333333
2740.33333333
SEC 29
2823.0
2809.0
2787.66666667
2817.0
2826.0
2833.66666667
2841.66666667
2855.66666667
2838.0
2825.33333333
2854.0
2850.33333333
2821.66666667
2813.66666667
2838.66666667
2857.33333333
2820.0
2823.66666667
2837.33333333
2831.0
2804.66666667
2846.33333333
2847.66666667
2856.0
2856.0
2849.33333333
2813.66666667
2852.0
2845.66666667
2841.33333333
2828.0
2861.0
SEC 30
2922.66666667
2910.66666667
2891.66666667
2916.33333333
2926.33333333
2937.66666667
2978.66666667
2929.33333333
2941.0
2930.33333333
2963.0
2945.33333333
2904.0
2923.33333333
2945.0
2960.66666667
2924.33333333
2914.33333333
2951.66666667
2939.33333333
2905.0
2957.33333333
2946.0
2950.33333333
2961.66666667
2951.0
2914.66666667
2945.66666667
2952.33333333
2942.66666667
2939.33333333
2956.0
SEC 31
3019.66666667
3013.66666667
2987.33333333
3008.66666667
3021.0
3029.33333333
3068.0
3038.0
3043.33333333
3028.0
3065.66666667
3047.0
3010.0
3024.66666667
3040.66666667
3070.66666667
3024.33333333
3002.66666667
3061.66666667
3037.33333333
2999.0
3054.0
3050.0
3049.66666667
3061.0
3046.66666667
3014.66666667
3062.66666667
3022.33333333
3035.0
3070.0
3031.0
SEC 32
3118.66666667
3105.66666667
3088.66666667
3109.33333333
3121.0
3134.33333333
3127.66666667
3177.66666667
3139.66666667
3133.66666667
3155.33333333
3146.33333333
3121.33333333
3108.66666667
3136.0
3169.66666667
3125.66666667
3150.0
3111.66666667
3142.66666667
3093.0
3155.66666667
3150.33333333
3149.0
3158.33333333
3152.66666667
3119.66666667
3149.66666667
3135.33333333
3134.33333333
3128.0
3173.66666667
SEC 33
3212.66666667
3230.33333333
3204.0
3218.66666667
3239.0
3246.66666667
3251.33333333
3276.0
3247.33333333
3238.0
3258.0
3253.66666667
3222.33333333
3218.0
3243.33333333
3272.33333333
3238.66666667
3242.33333333
3239.66666667
3247.0
3199.33333333
3256.0
3265.33333333
3252.0
3276.33333333
3255.33333333
3229.0
3227.66666667
3275.0
3241.66666667
3267.33333333
3271.33333333
SEC 34
3328.0
3295.0
3344.33333333
3323.33333333
3344.0
3351.66666667
3401.33333333
3342.0
3359.33333333
3341.0
3362.33333333
3360.66666667
3331.0
3330.33333333
3352.0
3380.66666667
3349.33333333
3347.33333333
3342.66666667
3360.0
3306.33333333
3378.33333333
3367.33333333
3354.0
3382.66666667
3354.33333333
3338.66666667
3381.66666667
3333.33333333
3349.0
3374.66666667
3380.0
SEC 35
3444.33333333
3421.0
3404.66666667
3421.0
3443.33333333
3449.33333333
3498.33333333
3436.66666667
3465.33333333
3448.0
3460.33333333
3458.33333333
3426.0
3425.0
3447.66666667
3484.66666667
3451.33333333
3418.66666667
3460.66666667
3459.66666667
3398.33333333
3469.66666667
3470.33333333
3452.33333333
3482.66666667
3445.66666667
3438.66666667
3446.0
3473.33333333
3449.33333333
3481.66666667
3475.33333333
SEC 36
3527.66666667
3526.0
3512.33333333
3525.0
3535.0
3546.66666667
3553.0
3579.66666667
3568.33333333
3549.0
3562.0
3555.66666667
3523.33333333
3531.66666667
3549.33333333
3579.66666667
3547.0
3566.33333333
3502.33333333
3560.33333333
3497.0
3565.0
3566.33333333
3559.66666667
3585.33333333
3552.0
3538.33333333
3524.66666667
3585.33333333
3550.0
3570.33333333
3583.66666667
SEC 37
3628.33333333
3617.66666667
3624.66666667
3629.0
3638.33333333
3651.0
3674.0
3659.66666667
3673.66666667
3654.66666667
3671.66666667
3655.0
3624.0
3634.0
3655.33333333
3688.0
3654.0
3617.0
3659.66666667
3661.33333333
3601.33333333
3669.0
3669.0
3662.0
3694.0
3657.33333333
3640.66666667
3663.66666667
3657.66666667
3653.0
3673.66666667
3693.66666667
SEC 38
3727.66666667
3688.33333333
3713.33333333
3720.66666667
3729.0
3745.66666667
3754.33333333
3747.66666667
3757.0
3736.66666667
3762.0
3741.33333333
3711.66666667
3731.66666667
3737.66666667
3773.0
3733.33333333
3699.0
3754.33333333
3745.0
3685.66666667
3755.33333333
3754.33333333
3744.0
3781.33333333
3745.33333333
3731.33333333
3730.0
3758.33333333
3736.33333333
3759.0
3779.33333333
SEC 39
3815.33333333
3787.33333333
3827.66666667
3823.33333333
3830.66666667
3844.0
3850.33333333
3850.66666667
3859.33333333
3831.66666667
3862.0
3835.66666667
3824.33333333
3815.33333333
3832.0
3870.66666667
3831.66666667
3864.0
3790.66666667
3850.33333333
3784.33333333
3856.0
3857.66666667
3837.0
3885.33333333
3841.33333333
3833.33333333
3856.0
3831.66666667
3844.33333333
3856.33333333
3889.0
SEC 40
3910.0
3896.0
3937.0
3929.66666667
3930.33333333
3941.33333333
3972.66666667
3935.33333333
3955.0
3932.0
3966.33333333
3937.0
3921.66666667
3925.0
3928.66666667
3978.0
3934.66666667
3966.33333333
3904.66666667
3949.66666667
3882.66666667
3958.0
3968.33333333
3946.33333333
3985.0
3941.66666667
3937.0
3947.0
3941.0
3956.33333333
3958.0
3995.66666667
SEC 41
4041.33333333
4029.66666667
3981.33333333
4028.33333333
4035.66666667
4050.66666667
4071.33333333
4044.33333333
4054.66666667
4035.0
4075.0
4040.0
4027.66666667
4028.33333333
4029.33333333
4079.0
4032.33333333
4063.0
4008.0
4057.0
3985.66666667
4078.33333333
4070.66666667
4054.0
4084.33333333
4044.33333333
4043.33333333
4027.66666667
4064.0
4060.0
4094.0
4067.0
SEC 42
4111.33333333
4155.33333333
4108.33333333
4137.66666667
4146.33333333
4155.33333333
4145.0
4180.66666667
4171.0
4141.33333333
4180.0
4142.0
4140.0
4139.66666667
4140.66666667
4183.0
4142.66666667
4110.66666667
4173.33333333
4162.33333333
4091.66666667
4179.33333333
4182.0
4161.33333333
4192.0
4149.0
4146.66666667
4162.33333333
4146.0
4166.33333333
4161.66666667
4213.0
SEC 43
4247.0
4239.66666667
4209.0
4249.0
4256.66666667
4264.0
4266.66666667
4273.33333333
4277.33333333
4247.0
4285.0
4251.66666667
4249.66666667
4238.0
4246.66666667
4291.66666667
4247.0
4267.33333333
4240.33333333
4269.66666667
4200.0
4284.0
4293.33333333
4274.0
4294.66666667
4256.66666667
4255.33333333
4273.66666667
4252.0
4272.33333333
4273.33333333
4327.66666667
SEC 44
4301.66666667
4384.33333333
4330.66666667
4360.33333333
4356.33333333
4375.33333333
4362.0
4385.0
4383.66666667
4349.66666667
4377.33333333
4352.0
4339.33333333
4357.66666667
4357.66666667
4398.66666667
4346.33333333
4371.33333333
4342.66666667
4373.66666667
4309.33333333
4400.0
4386.66666667
4378.33333333
4395.33333333
4359.0
4364.66666667
4353.33333333
4378.33333333
4381.33333333
4415.0
4383.66666667
SEC 45
4420.0
4489.33333333
4435.66666667
4465.66666667
4462.0
4481.0
4489.33333333
4471.0
4485.33333333
4458.0
4481.66666667
4456.66666667
4450.33333333
4456.0
4468.0
4504.0
4453.66666667
4427.66666667
4500.66666667
4485.66666667
4415.66666667
4495.66666667
4500.66666667
4479.66666667
4498.66666667
4461.66666667
4482.66666667
4467.66666667
4480.33333333
4485.33333333
4518.0
4486.66666667
SEC 46
4555.0
4559.66666667
4512.66666667
4559.66666667
4556.66666667
4571.66666667
4550.66666667
4596.0
4578.66666667
4551.66666667
4575.33333333
4554.66666667
4549.66666667
4546.0
4565.66666667
4603.66666667
4551.66666667
4551.0
4569.33333333
4588.66666667
4507.0
4595.33333333
4591.0
4577.66666667
4589.33333333
4558.66666667
4579.66666667
4579.66666667
4560.0
4583.33333333
4582.66666667
4614.33333333
SEC 47
4642.0
4662.33333333
4634.66666667
4665.0
4662.33333333
4680.33333333
4703.33333333
4657.0
4685.66666667
4659.0
4687.0
4665.0
4646.66666667
4665.33333333
4676.0
4706.66666667
4663.33333333
4654.0
4674.66666667
4690.33333333
4611.33333333
4700.66666667
4696.33333333
4680.66666667
4696.0
4670.33333333
4686.33333333
4667.0
4686.0
4686.66666667
4676.66666667
4728.33333333
SEC 48
4766.0
4749.0
4751.33333333
4767.0
4767.0
4795.66666667
4786.33333333
4791.33333333
4799.0
4775.33333333
4793.66666667
4777.33333333
4779.66666667
4751.33333333
4784.33333333
4816.66666667
4770.0
4773.33333333
4786.33333333
4796.33333333
4719.0
4815.66666667
4813.66666667
4789.33333333
4806.0
4778.0
4802.66666667
4777.66666667
4796.0
4799.66666667
4793.66666667
4832.66666667
SEC 49
4844.66666667
4906.33333333
4813.0
4865.66666667
4866.33333333
4902.33333333
4874.0
4911.66666667
4898.0
4879.0
4899.0
4880.0
4853.0
4884.33333333
4886.33333333
4914.66666667
4871.0
4907.33333333
4857.33333333
4898.33333333
4821.66666667
4926.66666667
4913.0
4892.0
4908.66666667
4884.66666667
4902.33333333
4881.0
4895.0
4907.33333333
4927.0
4900.66666667
SEC 50
4902.0
4952.0
4973.66666667
4953.66666667
4956.66666667
4993.66666667
4966.33333333
5013.0
4994.0
4975.66666667
4991.66666667
4977.0
4966.33333333
4958.0
4973.33333333
5010.66666667
4962.33333333
4998.66666667
4955.0
4996.33333333
4910.0
5001.0
5028.66666667
4988.33333333
4998.66666667
4978.33333333
4992.66666667
4954.66666667
5009.33333333
4999.66666667
4986.0
5024.0
SEC 51
5078.66666667
5000.66666667
5044.0
5060.66666667
5064.0
5094.0
5084.33333333
5091.33333333
5093.33333333
5080.66666667
5091.33333333
5074.0
5082.33333333
5045.33333333
5072.0
5113.33333333
5066.66666667
5059.0
5099.0
5099.0
5018.66666667
5109.66666667
5120.66666667
5090.33333333
5103.0
5083.0
5092.66666667
5080.66666667
5101.66666667
5107.0
5092.0
5120.0
SEC 52
5180.66666667
5105.66666667
5147.0
5169.66666667
5172.33333333
5202.0
5221.33333333
5160.33333333
5208.0
5182.0
5198.66666667
5177.33333333
5171.66666667
5176.66666667
5179.33333333
5219.33333333
5169.0
5169.33333333
5201.33333333
5203.0
5124.33333333
5223.33333333
5212.66666667
5195.0
5209.33333333
5185.33333333
5205.33333333
5207.66666667
5199.33333333
5213.66666667
5205.66666667
5213.33333333
SEC 53
5254.33333333
5262.0
5228.66666667
5267.66666667
5273.66666667
5306.0
5318.66666667
5267.66666667
5306.66666667
5296.33333333
5299.33333333
5276.66666667
5288.66666667
5260.33333333
5281.33333333
5315.0
5270.66666667
5279.0
5290.0
5302.33333333
5226.0
5330.33333333
5299.0
5299.66666667
5316.0
5285.0
5313.33333333
5305.0
5307.33333333
5311.66666667
5314.0
5309.66666667
SEC 54
5340.33333333
5359.33333333
5356.33333333
5373.0
5374.33333333
5410.33333333
5365.66666667
5430.0
5417.33333333
5399.0
5402.33333333
5375.66666667
5369.33333333
5383.66666667
5385.33333333
5411.66666667
5372.0
5372.0
5402.0
5405.66666667
5339.0
5430.33333333
5414.33333333
5404.66666667
5415.66666667
5385.0
5412.0
5400.33333333
5418.0
5415.33333333
5436.33333333
5405.0
SEC 55
5494.0
5440.33333333
5439.33333333
5468.66666667
5475.0
5521.33333333
5534.0
5467.33333333
5516.33333333
5507.33333333
5504.0
5473.66666667
5502.0
5468.66666667
5493.66666667
5520.66666667
5472.0
5507.0
5483.0
5518.0
5442.66666667
5519.33333333
5539.0
5503.66666667
5514.66666667
5488.66666667
5515.0
5539.33333333
5488.33333333
5514.33333333
5509.0
5542.0
SEC 56
5573.33333333
5584.66666667
5520.33333333
5570.66666667
5583.66666667
5633.66666667
5597.33333333
5610.66666667
5621.0
5611.0
5604.0
5577.0
5590.0
5587.33333333
5604.33333333
5621.0
5578.66666667
5607.0
5591.0
5619.33333333
5547.0
5633.0
5630.0
5611.66666667
5619.33333333
5585.0
5617.33333333
5607.0
5628.0
5621.33333333
5613.66666667
5647.0
SEC 57
5720.0
5660.0
5623.0
5678.33333333
5689.33333333
5744.0
5702.66666667
5718.0
5731.0
5728.0
5708.0
5679.33333333
5703.0
5684.0
5712.33333333
5724.66666667
5677.66666667
5662.0
5750.0
5729.33333333
5647.33333333
5743.33333333
5744.33333333
5716.0
5730.33333333
5688.0
5727.66666667
5743.33333333
5700.66666667
5730.0
5758.66666667
5711.33333333
SEC 58
5772.66666667
5803.0
5742.66666667
5784.33333333
5786.66666667
5846.33333333
5822.0
5816.0
5832.0
5829.33333333
5811.66666667
5787.33333333
5781.33333333
5800.66666667
5822.33333333
5821.66666667
5778.0
5795.33333333
5823.66666667
5831.66666667
5758.33333333
5834.0
5851.33333333
5813.33333333
5832.33333333
5792.66666667
5832.66666667
5843.0
5807.0
5832.66666667
5814.33333333
5853.33333333
SEC 59
5862.0
5929.66666667
5855.66666667
5891.0
5894.0
5953.0
5934.33333333
5916.33333333
5933.0
5935.33333333
5915.33333333
5898.0
5891.66666667
5896.66666667
5924.33333333
5927.33333333
5884.0
5902.0
5936.33333333
5937.0
5874.33333333
5962.0
5935.33333333
5917.0
5944.66666667
5900.33333333
5946.0
5907.0
5960.33333333
5948.66666667
5924.0
5956.66666667
SEC 60
5958.0
5984.66666667
6005.0
5989.66666667
6000.33333333
6056.66666667
6035.33333333
6030.66666667
6031.33333333
6042.0
6016.0
5997.33333333
5998.66666667
5994.33333333
6028.66666667
6022.0
5989.0
6030.0
6008.66666667
6043.0
5976.0
6057.33333333
6050.66666667
6022.0
6051.66666667
6000.66666667
6049.33333333
6005.33333333
6065.66666667
6054.0
6024.66666667
6047.66666667
SEC 61
6123.33333333
6091.66666667
6025.0
6096.66666667
6100.66666667
6161.0
6131.33333333
6129.33333333
6127.0
6135.0
6111.0
6097.0
6103.0
6095.33333333
6130.66666667
6126.66666667
6094.33333333
6081.66666667
6160.33333333
6138.33333333
6080.66666667
6139.33333333
6168.33333333
6118.0
6152.33333333
6092.0
6151.0
6142.0
6134.66666667
6156.0
6110.33333333
6147.33333333
SEC 62
6201.33333333
6228.66666667
6130.33333333
6198.66666667
6214.33333333
6272.0
6278.33333333
6195.0
6239.0
6241.0
6215.66666667
6208.66666667
6205.0
6208.66666667
6247.66666667
6239.0
6208.33333333
6184.0
6265.33333333
6250.0
6186.33333333
6253.33333333
6268.66666667
6223.33333333
6262.0
6194.0
6263.33333333
6256.0
6222.33333333
6267.0
6221.0
6259.0
SEC 63
6301.0
6264.66666667
6314.0
6319.66666667
6325.66666667
6374.0
6392.0
6302.33333333
6347.0
6347.33333333
6318.66666667
6313.33333333
6320.66666667
6317.0
6359.33333333
6346.33333333
6318.0
6336.0
6324.0
6366.33333333
6296.66666667
6350.33333333
6383.33333333
6327.66666667
6374.33333333
6298.66666667
6370.33333333
6314.0
6381.0
6376.66666667
6326.33333333
6370.0
SEC 64
6418.66666667
6423.0
6354.66666667
6429.66666667
6430.0
6483.66666667
6408.66666667
6497.66666667
6448.0
6451.66666667
6417.0
6416.33333333
6407.66666667
6442.0
6460.33333333
6453.33333333
6422.33333333
6473.66666667
6397.0
6470.0
6399.0
6472.66666667
6483.0
6427.66666667
6479.66666667
6402.0
6472.0
6417.0
6486.33333333
6484.33333333
6464.33333333
6443.0
SEC 65
6485.0
6535.0
6478.0
6524.0
6535.66666667
6584.66666667
6558.66666667
6559.0
6550.33333333
6552.33333333
6520.33333333
6514.33333333
6525.33333333
6532.0
6561.0
6552.66666667
6516.66666667
6556.0
6519.0
6571.33333333
6499.33333333
6574.66666667
6582.33333333
6531.33333333
6583.66666667
6498.66666667
6569.66666667
6531.33333333
6565.33333333
6587.0
6570.66666667
6540.66666667
SEC 66
6570.66666667
6619.0
6625.0
6624.33333333
6635.0
6683.66666667
6617.0
6699.66666667
6658.33333333
6662.0
6618.0
6614.0
6632.0
6634.0
6660.66666667
6654.33333333
6616.33333333
6620.66666667
6659.33333333
6676.33333333
6600.66666667
6686.0
6680.0
6629.33333333
6689.66666667
6601.66666667
6672.0
6642.33333333
6655.66666667
6686.33333333
6663.33333333
6641.33333333
SEC 67
6694.66666667
6670.66666667
6749.0
6727.33333333
6738.0
6782.66666667
6796.0
6720.0
6760.33333333
6766.0
6721.0
6713.66666667
6759.0
6710.33333333
6756.33333333
6754.33333333
6715.33333333
6754.33333333
6719.0
6780.0
6706.0
6767.33333333
6799.0
6729.33333333
6792.0
6705.33333333
6781.66666667
6733.33333333
6772.66666667
6781.33333333
6773.33333333
6736.0
SEC 68
6833.33333333
6768.33333333
6817.0
6831.0
6840.66666667
6885.0
6898.33333333
6826.0
6866.0
6868.66666667
6824.0
6814.33333333
6836.0
6829.0
6866.0
6854.66666667
6816.33333333
6853.66666667
6822.0
6880.33333333
6811.33333333
6877.66666667
6888.0
6834.0
6893.33333333
6803.66666667
6886.33333333
6873.0
6834.66666667
6885.0
6884.66666667
6832.66666667
SEC 69
6925.33333333
6934.0
6868.0
6936.33333333
6943.66666667
6988.66666667
7000.33333333
6930.0
6965.0
6976.0
6927.33333333
6913.33333333
6957.66666667
6912.0
6969.0
6959.33333333
6921.66666667
6894.33333333
6981.33333333
6981.0
6914.33333333
6990.0
6984.0
6935.0
7001.33333333
6913.0
6991.0
6930.0
6974.66666667
6987.33333333
6940.33333333
6981.66666667
SEC 70
7077.66666667
6948.33333333
7016.33333333
7043.0
7057.0
7088.0
7112.33333333
7035.0
7067.33333333
7080.0
7032.33333333
7016.66666667
7033.0
7045.0
7067.66666667
7061.66666667
7028.66666667
7078.33333333
7002.33333333
7082.33333333
7014.33333333
7082.66666667
7091.0
7041.33333333
7112.33333333
7014.0
7086.66666667
7076.33333333
7030.0
7092.66666667
7051.0
7081.66666667
SEC 71
7138.33333333
7051.0
7165.0
7145.0
7162.33333333
7194.0
7140.66666667
7219.66666667
7175.66666667
7182.0
7143.0
7124.33333333
7152.66666667
7133.66666667
7174.0
7166.33333333
7138.66666667
7154.66666667
7135.33333333
7183.0
7120.66666667
7201.66666667
7199.66666667
7148.66666667
7217.66666667
7121.0
7194.66666667
7182.66666667
7135.0
7204.33333333
7184.66666667
7155.66666667
SEC 72
7235.33333333
7176.0
7239.66666667
7242.33333333
7266.66666667
7294.0
7294.66666667
7276.66666667
7271.66666667
7279.33333333
7242.33333333
7229.33333333
7221.0
7259.0
7277.0
7263.66666667
7235.66666667
7235.66666667
7254.66666667
7280.0
7218.66666667
7302.66666667
7291.33333333
7241.33333333
7314.66666667
7217.0
7286.33333333
7247.0
7267.66666667
7305.0
7248.66666667
7279.66666667
SEC 73
7303.0
7316.0
7346.66666667
7341.33333333
7370.0
7395.33333333
7356.66666667
7418.66666667
7379.66666667
7382.33333333
7347.33333333
7338.0
7335.33333333
7348.0
7384.0
7371.33333333
7335.33333333
7336.0
7356.66666667
7375.66666667
7315.33333333
7384.66666667
7408.33333333
7343.66666667
7416.66666667
7318.0
7391.0
7386.33333333
7320.0
7399.0
7381.66666667
7344.0
SEC 74
7453.66666667
7414.0
7422.0
7445.66666667
7481.0
7503.0
7493.66666667
7493.0
7485.0
7491.66666667
7456.0
7446.0
7451.0
7445.66666667
7491.66666667
7481.66666667
7446.33333333
7469.0
7430.0
7492.0
7428.0
7483.66666667
7524.33333333
7450.33333333
7515.66666667
7429.0
7501.66666667
7455.33333333
7461.66666667
7504.33333333
7460.66666667
7482.0
SEC 75
7523.33333333
7542.33333333
7535.33333333
7547.66666667
7586.33333333
7601.33333333
7568.66666667
7628.66666667
7590.66666667
7594.33333333
7561.0
7551.33333333
7528.33333333
7575.66666667
7596.0
7590.0
7548.66666667
7541.33333333
7563.0
7586.0
7531.0
7610.0
7607.66666667
7558.33333333
7615.66666667
7536.33333333
7606.66666667
7577.0
7556.0
7609.33333333
7567.33333333
7589.66666667
SEC 76
7558.0
7660.33333333
7672.66666667
7650.66666667
7693.66666667
7698.0
7667.66666667
7725.0
7694.0
7695.33333333
7660.66666667
7647.0
7634.0
7673.66666667
7698.0
7696.66666667
7646.0
7611.0
7692.33333333
7681.33333333
7626.66666667
7698.33333333
7722.66666667
7662.0
7718.66666667
7630.66666667
7706.66666667
7626.66666667
7695.33333333
7705.0
7663.66666667
7699.0
SEC 77
7773.66666667
7716.66666667
7717.66666667
7754.0
7798.0
7806.0
7771.0
7824.66666667
7794.0
7806.33333333
7758.0
7750.66666667
7734.0
7778.0
7796.33333333
7804.0
7752.33333333
7780.66666667
7743.66666667
7789.0
7729.33333333
7801.66666667
7832.33333333
7772.66666667
7825.33333333
7737.66666667
7809.66666667
7750.0
7774.33333333
7811.33333333
7801.0
7776.0
SEC 78
7818.66666667
7915.66666667
7803.0
7863.33333333
7905.33333333
7914.33333333
7909.66666667
7901.66666667
7902.33333333
7917.66666667
7862.0
7861.33333333
7883.0
7846.0
7897.0
7909.66666667
7858.33333333
7858.66666667
7875.66666667
7896.66666667
7839.0
7931.66666667
7904.33333333
7874.66666667
7928.33333333
7841.66666667
7918.66666667
7871.33333333
7864.33333333
7914.0
7914.33333333
7870.0
SEC 79
7945.66666667
7931.33333333
7963.0
7970.66666667
8007.0
8026.33333333
8040.66666667
7977.33333333
8006.66666667
8024.33333333
7967.0
7968.33333333
7972.0
7965.66666667
8002.66666667
8006.33333333
7967.33333333
7986.66666667
7951.0
8002.66666667
7939.66666667
8036.0
8009.33333333
7984.0
8038.66666667
7943.33333333
8020.66666667
7993.0
7946.66666667
8015.0
8014.33333333
7982.33333333
SEC 80
7967.0
8049.0
8110.33333333
8065.0
8104.33333333
8124.0
8102.0
8110.66666667
8108.33333333
8114.0
8063.66666667
8067.0
8069.66666667
8064.0
8099.66666667
8106.66666667
8063.66666667
8047.33333333
8084.66666667
8096.0
8036.0
8088.66666667
8151.33333333
8083.66666667
8140.66666667
8038.0
8115.33333333
8063.66666667
8065.66666667
8107.66666667
8111.0
8077.33333333
