SEC 1
27.0
27.3333333333
27.0
27.3333333333
27.0
27.3333333333
27.3333333333
27.3333333333
27.3333333333
27.0
27.3333333333
27.3333333333
27.3333333333
27.0
27.3333333333
27.3333333333
SEC 2
58.0
57.0
57.3333333333
58.0
57.6666666667
57.6666666667
58.0
58.0
58.0
58.0
57.0
58.0
58.0
58.0
57.0
58.0
SEC 3
91.0
90.6666666667
90.6666666667
91.3333333333
90.6666666667
91.0
91.6666666667
91.0
91.3333333333
91.3333333333
90.6666666667
91.0
91.0
91.0
91.0
91.0
SEC 4
124.666666667
125.333333333
124.666666667
125.333333333
124.666666667
125.0
125.333333333
125.0
125.0
125.0
124.333333333
125.333333333
125.0
125.0
125.0
125.0
SEC 5
159.333333333
159.0
159.333333333
159.666666667
159.333333333
159.333333333
159.666666667
159.333333333
159.666666667
159.333333333
159.0
159.333333333
159.333333333
159.333333333
159.666666667
159.666666667
SEC 6
193.666666667
193.333333333
193.333333333
193.666666667
193.333333333
193.333333333
194.0
193.333333333
193.666666667
193.666666667
193.0
193.333333333
193.666666667
193.666666667
193.333333333
193.666666667
SEC 7
230.0
230.333333333
230.333333333
230.666666667
230.333333333
230.666666667
230.666666667
230.333333333
230.333333333
230.0
230.0
230.666666667
230.333333333
230.0
230.333333333
230.666666667
SEC 8
268.333333333
267.666666667
268.0
268.333333333
268.0
268.0
268.333333333
268.0
268.333333333
268.0
268.0
268.333333333
268.333333333
268.0
268.333333333
268.333333333
SEC 9
304.666666667
305.333333333
304.666666667
305.333333333
305.333333333
305.333333333
305.666666667
305.333333333
305.666666667
305.333333333
305.0
305.333333333
305.333333333
304.666666667
305.333333333
305.666666667
SEC 10
344.0
344.0
344.0
344.0
344.0
344.0
344.666666667
344.0
344.333333333
344.333333333
344.0
344.0
344.0
344.333333333
344.0
344.333333333
SEC 11
379.333333333
379.0
379.0
379.666666667
379.0
379.0
380.0
379.0
379.666666667
379.333333333
379.333333333
379.0
379.0
379.333333333
379.333333333
379.666666667
SEC 12
416.666666667
417.0
416.666666667
417.0
416.666666667
417.0
417.333333333
416.666666667
417.0
416.666666667
416.666666667
417.0
416.666666667
417.0
416.666666667
416.666666667
SEC 13
455.333333333
455.0
455.333333333
455.333333333
455.333333333
455.333333333
455.666666667
455.333333333
455.333333333
455.0
455.333333333
455.333333333
455.333333333
455.333333333
455.0
455.333333333
SEC 14
493.666666667
493.666666667
493.666666667
494.0
494.0
494.0
494.0
494.0
494.0
494.0
493.333333333
494.0
494.0
493.666666667
494.0
494.0
SEC 15
534.0
534.333333333
534.0
534.666666667
534.0
534.333333333
534.666666667
534.0
534.333333333
534.333333333
534.0
534.666666667
534.333333333
534.333333333
534.333333333
534.666666667
SEC 16
574.333333333
573.666666667
573.666666667
574.333333333
574.0
574.0
574.333333333
573.666666667
574.666666667
574.333333333
573.666666667
574.0
574.0
574.333333333
573.666666667
574.333333333
SEC 17
610.333333333
610.333333333
610.333333333
610.333333333
610.333333333
610.333333333
611.0
610.333333333
610.666666667
610.333333333
610.333333333
610.333333333
610.333333333
610.666666667
610.333333333
610.333333333
SEC 18
650.666666667
651.666666667
650.666666667
651.666666667
651.0
651.333333333
651.666666667
651.333333333
651.666666667
651.0
651.333333333
651.333333333
651.333333333
651.0
651.0
651.666666667
SEC 19
690.666666667
689.666666667
690.0
690.333333333
690.0
690.0
690.666666667
690.0
690.666666667
690.666666667
689.666666667
690.0
690.0
690.333333333
689.666666667
690.666666667
SEC 20
730.666666667
730.0
730.0
730.666666667
730.0
730.333333333
731.0
730.333333333
731.0
730.666666667
730.0
730.666666667
730.333333333
730.666666667
730.0
730.666666667
SEC 21
771.0
771.333333333
771.0
771.333333333
771.0
771.0
771.666666667
771.333333333
771.333333333
771.333333333
771.0
771.333333333
771.333333333
771.0
771.333333333
771.333333333
SEC 22
813.333333333
813.666666667
813.333333333
813.666666667
813.333333333
813.666666667
814.0
813.666666667
813.666666667
813.666666667
813.333333333
813.666666667
813.666666667
813.333333333
814.0
813.666666667
SEC 23
856.0
856.0
856.0
856.333333333
856.0
856.333333333
856.333333333
856.0
856.0
855.666666667
856.0
856.333333333
856.0
856.333333333
856.0
856.333333333
SEC 24
899.333333333
899.0
899.0
899.333333333
899.333333333
899.333333333
899.333333333
899.333333333
899.333333333
899.333333333
898.666666667
899.333333333
899.333333333
899.333333333
899.0
899.333333333
SEC 25
941.666666667
942.0
941.666666667
942.0
941.666666667
941.666666667
942.666666667
942.0
942.333333333
941.666666667
942.333333333
942.0
942.0
942.0
942.0
942.333333333
SEC 26
983.0
983.333333333
982.666666667
983.666666667
983.0
983.333333333
983.666666667
983.333333333
983.666666667
983.333333333
983.0
983.333333333
983.333333333
983.333333333
982.666666667
983.666666667
SEC 27
1025.33333333
1024.66666667
1025.0
1025.33333333
1025.0
1025.0
1025.33333333
1025.0
1025.33333333
1025.33333333
1024.66666667
1025.0
1025.0
1025.33333333
1025.0
1025.33333333
SEC 28
1068.33333333
1068.33333333
1068.33333333
1068.66666667
1068.33333333
1068.33333333
1068.66666667
1068.33333333
1068.66666667
1068.33333333
1068.0
1068.66666667
1068.66666667
1068.33333333
1068.33333333
1068.66666667
SEC 29
1110.66666667
1110.33333333
1110.33333333
1110.66666667
1110.33333333
1110.66666667
1111.0
1110.33333333
1110.66666667
1110.33333333
1110.33333333
1110.66666667
1110.33333333
1110.66666667
1110.33333333
1110.33333333
SEC 30
1154.0
1154.33333333
1154.0
1154.66666667
1154.66666667
1154.66666667
1154.66666667
1154.66666667
1154.66666667
1153.66666667
1154.66666667
1154.66666667
1154.66666667
1154.0
1154.33333333
1154.66666667
SEC 31
1199.33333333
1199.0
1199.33333333
1199.33333333
1199.33333333
1199.33333333
1199.66666667
1199.33333333
1199.66666667
1199.66666667
1199.0
1199.33333333
1199.33333333
1199.33333333
1199.0
1199.33333333
SEC 32
1242.66666667
1243.0
1242.66666667
1243.0
1242.66666667
1242.66666667
1243.0
1242.66666667
1243.0
1243.0
1242.66666667
1243.0
1243.0
1242.66666667
1243.0
1243.0
SEC 33
1285.33333333
1285.66666667
1285.0
1286.0
1285.0
1285.33333333
1286.0
1285.0
1285.66666667
1285.33333333
1285.66666667
1285.33333333
1285.33333333
1285.33333333
1285.33333333
1286.0
SEC 34
1326.66666667
1326.33333333
1326.33333333
1326.66666667
1326.33333333
1326.33333333
1327.33333333
1326.33333333
1326.66666667
1327.0
1326.33333333
1326.66666667
1326.66666667
1327.0
1326.33333333
1326.66666667
SEC 35
1367.66666667
1368.33333333
1368.0
1368.33333333
1368.0
1368.0
1368.66666667
1368.0
1368.66666667
1368.0
1368.0
1368.0
1368.0
1368.0
1368.33333333
1368.33333333
SEC 36
1408.33333333
1408.0
1408.0
1408.33333333
1408.0
1408.0
1408.33333333
1408.33333333
1408.33333333
1408.33333333
1408.0
1408.33333333
1408.33333333
1408.33333333
1408.0
1408.33333333
SEC 37
1451.66666667
1451.66666667
1451.66666667
1452.0
1451.66666667
1452.0
1452.0
1451.66666667
1451.66666667
1451.33333333
1451.66666667
1452.0
1451.66666667
1451.66666667
1452.0
1452.0
SEC 38
1495.66666667
1496.0
1495.33333333
1496.33333333
1495.66666667
1495.66666667
1496.33333333
1495.66666667
1496.0
1495.66666667
1495.66666667
1496.0
1495.66666667
1495.66666667
1495.66666667
1496.0
SEC 39
1539.0
1538.33333333
1538.33333333
1539.33333333
1538.66666667
1539.0
1539.33333333
1539.0
1539.0
1539.0
1538.33333333
1539.33333333
1539.0
1539.33333333
1538.33333333
1539.0
SEC 40
1581.33333333
1581.33333333
1581.33333333
1581.66666667
1581.66666667
1581.66666667
1581.66666667
1581.66666667
1581.66666667
1581.33333333
1581.0
1581.66666667
1581.33333333
1581.66666667
1581.33333333
1581.66666667
SEC 41
1622.0
1622.66666667
1622.0
1622.66666667
1622.0
1622.0
1622.66666667
1622.0
1622.66666667
1622.33333333
1622.33333333
1622.0
1622.33333333
1622.0
1622.33333333
1622.66666667
SEC 42
1663.0
1663.0
1662.66666667
1663.33333333
1662.66666667
1663.33333333
1663.33333333
1663.0
1663.0
1663.0
1662.33333333
1663.33333333
1663.0
1663.0
1663.0
1663.33333333
SEC 43
1705.66666667
1705.0
1705.33333333
1705.66666667
1705.33333333
1705.66666667
1705.66666667
1705.66666667
1705.66666667
1705.33333333
1705.33333333
1705.66666667
1705.66666667
1705.66666667
1705.0
1705.66666667
SEC 44
1750.0
1749.66666667
1749.66666667
1750.0
1749.66666667
1749.66666667
1750.33333333
1749.66666667
1750.0
1750.0
1749.33333333
1749.66666667
1750.0
1750.0
1749.66666667
1750.0
SEC 45
1792.66666667
1792.66666667
1792.33333333
1793.33333333
1792.33333333
1792.33333333
1793.33333333
1792.66666667
1793.0
1792.66666667
1792.66666667
1793.0
1792.66666667
1793.0
1792.33333333
1793.0
SEC 46
1835.0
1834.33333333
1834.33333333
1835.0
1834.66666667
1834.66666667
1835.33333333
1834.66666667
1835.33333333
1835.0
1834.66666667
1834.66666667
1834.33333333
1834.66666667
1834.33333333
1835.0
SEC 47
1879.0
1879.0
1878.66666667
1879.66666667
1878.66666667
1878.66666667
1879.66666667
1878.66666667
1879.33333333
1879.33333333
1878.66666667
1878.66666667
1878.66666667
1879.0
1879.0
1879.33333333
SEC 48
1922.33333333
1922.0
1921.66666667
1922.66666667
1922.0
1922.0
1922.66666667
1921.66666667
1922.66666667
1922.33333333
1922.0
1922.0
1922.0
1922.33333333
1921.66666667
1922.66666667
SEC 49
1964.33333333
1964.0
1964.0
1965.0
1964.0
1964.0
1965.0
1964.0
1964.66666667
1964.66666667
1964.0
1964.0
1964.0
1964.33333333
1964.0
1965.0
SEC 50
2005.66666667
2006.0
2005.66666667
2006.33333333
2005.66666667
2006.0
2006.66666667
2005.66666667
2006.0
2006.33333333
2006.0
2006.0
2006.0
2006.0
2006.0
2006.66666667
SEC 51
2047.0
2047.0
2046.66666667
2047.66666667
2047.0
2047.0
2047.66666667
2046.66666667
2047.66666667
2047.33333333
2047.0
2047.0
2046.66666667
2047.0
2047.0
2048.0
SEC 52
2091.33333333
2090.66666667
2090.66666667
2091.66666667
2090.66666667
2091.0
2091.66666667
2090.66666667
2091.33333333
2091.33333333
2090.66666667
2091.33333333
2091.0
2091.66666667
2090.66666667
2092.0
SEC 53
2135.0
2134.33333333
2134.66666667
2135.33333333
2134.66666667
2134.66666667
2135.33333333
2135.0
2135.33333333
2135.33333333
2134.33333333
2135.0
2135.33333333
2135.33333333
2134.66666667
2135.66666667
SEC 54
2177.66666667
2177.66666667
2177.66666667
2178.0
2177.66666667
2178.0
2178.33333333
2177.66666667
2178.0
2178.0
2177.33333333
2178.0
2177.66666667
2177.66666667
2177.66666667
2178.66666667
SEC 55
2221.0
2220.33333333
2221.0
2221.33333333
2221.0
2221.33333333
2221.33333333
2221.0
2221.0
2221.0
2220.33333333
2221.33333333
2221.0
2221.33333333
2220.66666667
2221.66666667
SEC 56
2261.66666667
2261.66666667
2261.66666667
2262.33333333
2261.66666667
2261.66666667
2262.33333333
2261.66666667
2262.33333333
2262.0
2261.66666667
2261.66666667
2262.0
2261.66666667
2261.66666667
2262.66666667
SEC 57
2303.66666667
2303.66666667
2303.66666667
2304.0
2304.0
2304.0
2304.33333333
2303.66666667
2304.33333333
2304.33333333
2303.66666667
2304.0
2303.66666667
2303.66666667
2304.0
2304.33333333
SEC 58
2346.33333333
2346.33333333
2346.0
2346.66666667
2346.33333333
2346.33333333
2347.0
2346.33333333
2347.0
2346.66666667
2346.33333333
2346.33333333
2346.0
2346.33333333
2346.0
2347.33333333
SEC 59
2390.33333333
2390.0
2390.0
2390.66666667
2390.33333333
2390.33333333
2391.0
2390.66666667
2390.66666667
2390.66666667
2390.33333333
2390.66666667
2390.33333333
2390.33333333
2390.33333333
2391.0
SEC 60
2433.66666667
2433.0
2433.33333333
2433.66666667
2433.66666667
2433.66666667
2434.33333333
2433.33333333
2434.0
2434.33333333
2433.33333333
2433.66666667
2433.33333333
2433.66666667
2433.33333333
2434.0
SEC 61
2477.33333333
2477.33333333
2477.33333333
2478.0
2477.66666667
2477.66666667
2478.33333333
2477.66666667
2477.66666667
2478.0
2477.33333333
2477.66666667
2477.66666667
2477.66666667
2477.66666667
2478.0
SEC 62
2519.33333333
2519.66666667
2519.66666667
2520.0
2519.66666667
2519.66666667
2520.33333333
2520.0
2520.33333333
2520.0
2519.66666667
2520.0
2520.0
2519.66666667
2519.66666667
2520.33333333
SEC 63
2561.66666667
2562.0
2561.66666667
2562.0
2561.66666667
2561.66666667
2562.66666667
2561.66666667
2562.33333333
2562.33333333
2561.66666667
2561.66666667
2561.66666667
2561.66666667
2561.66666667
2562.66666667
SEC 64
2604.33333333
2604.0
2604.0
2604.66666667
2604.0
2604.0
2605.0
2604.0
2604.66666667
2604.66666667
2604.0
2604.66666667
2604.33333333
2604.33333333
2604.33333333
2605.0
SEC 65
2646.66666667
2646.33333333
2646.66666667
2647.0
2646.66666667
2646.66666667
2647.33333333
2646.66666667
2647.0
2646.66666667
2646.66666667
2646.66666667
2647.0
2646.66666667
2647.0
2647.33333333
SEC 66
2688.0
2687.66666667
2687.66666667
2688.33333333
2688.0
2688.0
2688.66666667
2688.33333333
2688.66666667
2688.33333333
2688.0
2688.33333333
2688.33333333
2688.0
2688.0
2688.66666667
SEC 67
2731.0
2730.33333333
2730.66666667
2731.0
2730.66666667
2731.0
2731.66666667
2730.66666667
2731.33333333
2731.33333333
2730.66666667
2731.0
2730.66666667
2731.0
2730.66666667
2731.33333333
SEC 68
2773.0
2773.33333333
2773.33333333
2773.66666667
2773.33333333
2773.33333333
2774.0
2773.33333333
2773.66666667
2773.66666667
2773.0
2773.66666667
2773.66666667
2773.33333333
2773.66666667
2774.0
SEC 69
2814.0
2814.0
2814.0
2814.66666667
2814.0
2814.33333333
2815.0
2814.33333333
2814.66666667
2814.66666667
2814.0
2814.33333333
2814.33333333
2814.66666667
2814.0
2815.0
SEC 70
2856.66666667
2857.33333333
2857.0
2857.66666667
2857.0
2857.0
2858.0
2857.33333333
2857.66666667
2857.66666667
2857.0
2857.66666667
2857.33333333
2857.33333333
2857.33333333
2857.66666667
SEC 71
2898.0
2897.66666667
2897.66666667
2897.66666667
2897.66666667
2897.66666667
2898.33333333
2897.66666667
2898.33333333
2898.33333333
2897.66666667
2897.66666667
2897.66666667
2897.66666667
2897.66666667
2898.66666667
SEC 72
2940.66666667
2940.33333333
2940.66666667
2941.0
2940.66666667
2940.66666667
2941.33333333
2940.66666667
2941.0
2941.0
2940.33333333
2941.0
2940.66666667
2940.33333333
2941.0
2941.33333333
SEC 73
2981.0
2981.0
2981.0
2981.33333333
2981.0
2981.0
2982.0
2981.0
2981.66666667
2981.66666667
2981.0
2981.33333333
2981.0
2981.33333333
2981.0
2981.33333333
SEC 74
3024.33333333
3023.66666667
3024.0
3024.66666667
3024.33333333
3024.33333333
3024.66666667
3024.33333333
3024.66666667
3024.33333333
3024.0
3024.33333333
3024.33333333
3024.33333333
3024.0
3025.0
SEC 75
3067.66666667
3067.33333333
3067.33333333
3068.0
3067.33333333
3067.33333333
3068.33333333
3067.33333333
3068.0
3068.0
3067.33333333
3067.66666667
3068.0
3068.0
3067.33333333
3068.33333333
SEC 76
3111.0
3110.66666667
3110.66666667
3111.33333333
3111.0
3111.0
3111.66666667
3111.0
3111.33333333
3111.33333333
3110.66666667
3111.0
3111.0
3111.33333333
3110.66666667
3111.33333333
SEC 77
3153.33333333
3154.0
3153.66666667
3154.0
3153.66666667
3154.0
3154.33333333
3153.66666667
3154.0
3154.0
3153.66666667
3154.0
3153.66666667
3154.0
3153.66666667
3154.33333333
SEC 78
3195.33333333
3195.33333333
3195.33333333
3195.66666667
3195.66666667
3195.66666667
3196.0
3195.66666667
3196.0
3195.66666667
3195.66666667
3195.66666667
3195.33333333
3195.66666667
3195.33333333
3196.33333333
SEC 79
3237.33333333
3236.66666667
3237.0
3237.33333333
3237.33333333
3237.33333333
3237.66666667
3237.33333333
3238.0
3237.33333333
3237.33333333
3237.33333333
3237.33333333
3237.33333333
3237.0
3237.66666667
SEC 80
3278.33333333
3278.0
3278.0
3278.66666667
3278.0
3278.0
3278.66666667
3278.0
3278.66666667
3278.33333333
3278.0
3278.33333333
3278.33333333
3278.33333333
3278.33333333
3278.66666667
