342372
75239
99742
78861
72693
113874
79535
85469
95005
96691
76934
90601
84563
90267
94715
81506
103706
94521
89432
77049
106640
105922
80212
102375
105431
74140
89768
78012
86589
79355
89414
100223
102819
94318
86995
130336
118329
103666
97110
128821
88066
91737
94349
91842
84615
91447
101095
111758
94408
103914
95179
112059
112567
105545
103995
90581
87784
91769
88944
89970
87184
114618
83994
83455
79615
88598
103529
105299
100900
105128
79107
76088
97272
85916
88389
90582
108573
112676
100961
89212
AVG: 94643.7
