444972
124351
94691
101825
121616
132781
107791
93092
116733
82792
82978
94343
102765
106519
98089
101556
114388
101917
103964
108897
100824
106777
104758
105178
95705
92002
93379
108681
91252
83316
109527
117912
86628
82090
114040
102051
118512
106614
119315
87003
98001
86345
87455
103265
78225
103883
119640
92041
120708
113144
119573
107366
140099
120739
100703
102161
103397
106278
119268
113576
118323
156925
106562
111905
110644
141200
112910
105980
126326
99300
96216
95214
107625
91757
97483
111704
112198
90519
86402
109426
AVG: 105548.657143
