120103
50310
54241
43066
48090
50787
46372
48354
44232
42849
34112
33004
35186
36875
36241
30240
35814
37258
31330
34574
36197
36467
36710
37816
35438
32471
32719
32756
36723
34406
34909
30890
32914
34008
29760
34402
38002
33725
35032
47362
37410
39452
50045
30243
39961
48359
33595
34603
32875
31703
41485
43508
46332
43224
49654
35995
37953
35082
32887
34843
42252
36557
41581
36617
31019
32301
36405
34091
36858
35346
33604
31264
32561
33110
33402
33761
39517
36245
34719
33447
AVG: 36944.4571429
