446137
92090
71732
104721
126969
93034
110351
87494
100034
95407
88537
113305
101535
105331
91235
99739
97561
108363
91009
83104
83258
91020
87271
87899
101457
73796
102452
99904
90710
115505
138238
109236
99072
88352
107569
92146
86803
91585
93827
81405
107492
103557
92673
81360
83534
98696
83065
117489
87640
123641
86603
116849
111815
96117
79389
82263
99782
90375
91039
75241
106033
103446
96873
95298
118096
76888
91096
81722
102466
96392
85688
110615
105847
98944
87252
91025
98970
89819
87587
103341
AVG: 96468.8571429
