154387
61454
49400
46661
46991
50800
63645
63963
55562
50346
43074
43734
37697
35823
37883
32174
37162
31613
38375
46164
33510
33695
46706
38724
34860
37704
37987
28854
34934
35950
33782
31627
31627
31849
39378
35948
35255
37537
37311
31072
32967
46539
29277
30565
33296
34032
34545
32096
36244
37626
37102
33424
36879
39110
33732
34549
41192
33775
30394
34310
35107
32376
30169
35259
39898
33981
28476
35020
43722
33602
38407
45473
34291
30262
31577
33633
37165
38279
34173
39185
AVG: 37222.8428571
