494032
202001
256619
204822
199342
199755
210032
187621
217412
192267
174194
179344
183809
189050
181494
185095
207871
182296
180641
216589
193393
182171
179103
184380
187674
197804
177204
199532
179091
168270
175795
217370
194184
181618
178931
195992
200576
206075
187015
141569
171069
176501
183796
183365
193224
180499
199703
198106
200080
177967
189927
168543
206267
196540
182948
198089
201010
181829
174975
171759
179930
188544
166071
175587
187708
194808
190212
166862
210227
174024
169614
180883
175045
165486
160354
177596
185516
176717
197236
205146
AVG: 186239.557143
