347150
116103
99865
106945
91844
97262
136400
143768
117017
107536
135363
100047
119901
162334
118340
99547
110438
117397
115537
106392
114911
110874
114649
117604
112303
124935
99137
107207
115027
109050
102261
101905
124823
109605
101085
121208
125846
106486
138101
116626
127658
112473
111509
120036
106872
111533
111770
133110
115728
100387
99073
98397
116251
111210
113502
121387
100395
102728
94808
111054
140227
117809
130795
123133
93463
109567
119622
119724
122604
124802
168852
106192
108825
104124
120122
102082
116957
134256
144819
105107
AVG: 115580.914286
