509747
184957
194845
182485
193738
174006
176588
172653
164755
165045
162113
177459
170560
164407
158256
152242
165010
174080
156681
171171
143975
166601
167615
173265
165919
157634
164410
173633
146516
155338
176908
180257
151977
153403
198696
169177
148598
185092
168633
165656
155870
215786
163304
146313
154688
142539
178304
160506
167764
158629
154555
151110
188898
172362
185872
169391
190012
162785
152374
165501
173193
161098
173556
159563
200231
161655
171860
196949
162314
166051
150832
167593
165817
155927
155862
160652
175958
171843
158685
163045
AVG: 166819.9
