911135
716495
704833
711249
649850
658876
610573
688878
556588
576998
551811
542884
580329
537160
673130
589054
533792
548805
562636
601582
639149
557711
592227
580417
634413
532548
573375
553331
636554
642713
570979
534650
606730
706597
653744
595824
591581
637146
562761
565649
538675
544872
538284
599592
642224
569191
537847
550513
569979
594313
606961
598498
650507
507445
492443
555951
523300
539265
542093
587723
786521
536370
528500
595137
604350
618416
606647
659658
533784
524259
532939
541929
605748
542073
631632
573294
530148
538606
592089
545134
AVG: 584554.771429
