1015707
936518
945385
841025
746189
743297
694661
685500
710967
727181
855767
737928
738067
695713
771173
720097
668422
695062
690089
767758
794052
771038
753956
750148
835864
747771
684839
693593
672295
671305
670402
737635
760624
763872
725713
824402
742431
718893
718863
712889
766408
658713
712141
757808
727601
662411
692229
758810
794669
897398
758597
761593
720722
684625
656706
825610
820823
688086
709701
664017
725661
837840
736210
725241
755742
754595
740325
765648
729736
754324
783569
743432
888803
776759
776817
734078
767354
745589
1071725
727921
AVG: 740937.671429
