r=1, wt=64, c=1
637966
686771
654779
688595
638593
638326
609846
587758
631351
604958
592118
545933
650514
628824
551150
571259
645436
563838
568489
606598
560972
675126
576662
563354
548106
600191
527641
566287
582412
569241
556076
594744
538973
598690
577005
617863
558432
527932
523511
528237
560679
550070
578898
600633
542053
536023
584928
568196
549281
590119
603752
562800
564042
556768
558244
624929
568565
551553
567523
565923
566421
607250
585551
613938
559710
536241
479792
551556
550165
564377
565815
521682
580160
490111
552440
554275
546355
544887
525856
610680
AVG: 572829.157143

r=2, wt=64, c=1
618562
637226
664975
603590
701529
621136
618686
621918
589042
578834
630836
564707
579436
612808
641209
592439
593434
570472
577851
541564
670692
583511
642331
555048
491607
554087
565985
588831
585351
646556
570879
575532
577151
589028
588326
604154
594659
569605
611132
553154
672021
549786
584482
603350
651045
526248
568535
559387
567582
534889
539447
583120
534902
535076
537709
554875
541287
597084
540664
584645
530989
570348
515852
541096
572260
582061
596159
567435
563074
548520
554899
541912
506861
544663
577461
551722
559290
544027
583703
559914
AVG: 576167.357143

r=3, wt=64, c=1
685757
688825
638564
713637
688495
610388
595803
578240
654953
619435
542197
609214
675496
707645
559656
679802
539766
600954
621526
595169
556921
539025
520669
580175
560094
544311
543721
562166
553351
560030
604560
554707
548237
612633
603300
561907
567929
632296
587279
567092
564055
555974
638231
584964
545054
572004
560798
514152
556278
616758
534468
503932
574813
572728
601016
564547
563664
535701
521523
563752
582924
538151
555016
630229
620375
574885
518400
531203
507145
598084
565313
529392
587906
502775
578769
531727
530883
528660
572663
633909
AVG: 574508.942857

