815154
796549
920265
914139
847884
863244
817379
830030
699267
754324
793602
756005
896769
831103
738805
728214
767547
957316
753094
813531
799160
867197
805576
769508
814893
796553
830766
854082
779480
743340
833980
751857
832595
1023090
810914
799334
762519
699788
796760
848004
796790
752881
824442
804994
875670
756797
799243
830983
836479
817130
789810
714194
830307
786450
930353
1184942
902313
942593
796557
800274
766483
764647
750229
729603
806898
820937
821110
831504
830582
777995
849431
864136
922336
1001025
776748
708868
735520
798948
779862
932244
AVG: 818664.171429
