r=1, wt=16, c=28
1089387
1162681
1088754
1031226
999487
1032471
1121440
1003039
1117693
1044691
919520
853404
920283
984113
923741
916148
1076144
1865836
952724
963945
827940
866203
845996
1490233
964273
1027243
1054690
874045
1039080
1011855
951304
1091000
1149308
893427
1764476
944982
875759
1116937
1019568
1160033
1366610
1352826
944224
976521
1008948
973620
1098398
1008942
901802
843751
1009484
906490
812218
1143717
1087111
997451
956914
928655
956057
848630
977109
889246
865869
870228
834515
882983
897329
866687
994759
1095901
836295
1035478
1012037
939199
896466
817649
845999
975999
917794
912519
120679975
AVG: 1007009.33803

r=2, wt=16, c=28
1047481
1169880
1228430
1075572
957545
992252
880599
875226
1067025
952067
915675
909216
867089
934490
1682506
937297
991506
938683
958489
982867
861682
1005131
1008460
1110467
947538
1114135
900436
841296
810787
867720
886991
829902
929489
954144
897980
955998
913305
1112206
974513
1124895
1251892
927993
960007
922800
903928
916700
950451
964394
1080008
909402
1105765
1048135
1076210
1173927
1038631
959386
1130436
1071277
1004798
1079797
1030795
986031
1005721
1036170
1011383
946870
861080
760259
1017300
1101448
1054577
978891
940485
897159
916709
892292
941746
857548
1065513
1086187
AVG: 985041.1

r=3, wt=16, c=28
993704
1122877
1009703
1126747
1030415
1184581
858524
762216
859009
1091913
1167486
1058869
982198
795475
936361
1116809
1225027
1130045
935885
1023597
1022124
954511
927391
851011
976553
1088456
1120438
1916494
951326
1025837
1020626
1020222
995473
860397
1035008
1054524
1031485
884016
1153809
1073799
1101189
1024432
980152
877399
1362951
954476
1043707
1005552
929158
1115480
1939685
1025317
837021
939685
1018427
1162511
1056541
1138127
1056369
973214
1285329
1109078
1177728
972069
789479
881092
899429
870949
941642
905960
896563
1012180
902468
1045596
980103
958540
1071872
995082
1765382
947948
AVG: 1032893.61429

