1258563
1293531
1161998
948246
972689
1275272
899679
914620
836976
1045252
929899
967171
918192
984309
951714
914034
1002999
1071916
833107
938646
861291
833329
763019
797380
993022
1063379
819059
1070692
1715072
1013157
979972
973963
985317
1065002
1115896
952794
1011066
1010879
1074118
1034351
1246090
1082319
976491
1036398
1014533
1095939
954937
922716
964770
967159
927209
1006361
1056714
1032585
983201
1198143
1581707
1061592
1071620
1000829
1157970
991216
1357738
979388
1051147
1134590
1088093
1121721
1097943
1100308
1041899
983005
1053560
1116300
855592
895594
952943
1001888
1118322
1025620
AVG: 1027547.52857
