r=1, wt=8, c=1
703136
642796
587421
610064
674089
626896
595880
661873
577857
561389
529051
534025
555964
559651
624477
587605
505485
538260
563239
555095
573780
538209
633665
535790
539604
507541
551398
618558
530208
617259
586447
525978
554330
555281
583571
528881
602546
601745
579129
567608
545032
508731
542679
551635
625662
580362
521335
529315
571400
625546
617951
592875
611063
529812
553569
532160
533405
540804
585121
521317
585134
549565
534061
496619
540889
584866
571343
588897
582172
561454
520878
521904
555747
532865
562793
617853
481116
535143
546753
554198
AVG: 563103.371429

r=2, wt=8, c=1
624900
653980
674374
634548
644336
557243
611754
615350
586909
633845
591148
586143
578443
668219
606794
571253
592616
597232
539724
592828
583857
617474
536681
542666
624820
745829
579661
577220
568290
517717
474254
534355
560131
611360
578482
514108
617564
566442
559150
554286
615386
561538
579177
574283
580119
544670
571229
593656
629733
567870
550888
566241
515694
575409
591139
523938
581993
522506
542543
538263
510191
546022
547349
598682
599782
538146
623610
563191
585737
586772
630583
532735
567995
624472
556493
546962
546497
567863
544805
596795
AVG: 576169.757143

r=3, wt=8, c=1
641650
671344
683336
687180
659728
719568
646504
652745
660567
627950
623834
646543
580817
610580
612735
588186
583252
646568
575623
576697
565895
565403
597741
541563
549433
611354
562364
625039
551108
586522
596463
604695
639295
703808
607270
585220
640038
625478
564636
582771
556897
535260
547087
506239
491052
534563
574812
642660
664001
595711
602735
594482
601618
568726
594674
622477
609835
580064
608069
578614
570270
578144
602624
615053
601590
605770
604021
606085
600954
607606
614768
584813
595614
647834
630210
607301
592131
631990
633071
612012
AVG: 599045.671429

