774093
432169
513689
534342
432784
384553
378610
399006
345795
394077
368202
352310
348449
404918
397093
365843
337455
374819
369435
387253
360173
353578
324752
360340
392952
340686
339004
387972
403236
388132
372258
341406
418839
392889
346149
419001
440780
341870
357313
383139
366297
376433
359504
399512
423113
351999
357623
344451
397914
352915
351259
395409
368847
365753
347362
333173
344295
357263
408550
383856
384305
347852
366991
362211
384516
353178
410691
359095
346873
359922
328730
376241
385980
387760
376217
353773
345871
358725
384978
371757
AVG: 371262.528571
