1632161
947339
734307
862905
692754
731954
791992
668707
770596
660027
627671
746287
696430
553112
569910
688371
647850
582737
700464
744822
585341
579961
611426
726584
580211
713522
518542
583629
604756
641909
741651
665632
562468
594187
667312
624486
642655
616164
782938
636657
565968
584132
641258
651693
598095
614202
524946
554785
522162
710759
659978
618020
625942
727145
590428
641869
734058
596078
622949
616004
717230
763111
534956
572822
570637
729866
619375
593323
778038
625284
601697
611277
559921
612000
810100
787986
672327
582170
614139
732073
AVG: 642300.985714
