847841
412519
428509
469925
349696
297092
313699
293687
293185
315027
318674
321187
303942
306220
291631
296968
310946
293776
332743
279833
310573
322008
313381
382565
318159
311598
340778
321029
356521
332608
296621
286277
315510
360211
277906
302385
290328
304535
286660
292285
346170
321485
308067
271759
335765
307811
312447
341373
330719
294895
322571
320217
314736
299080
296426
322944
337943
307067
290138
315576
309407
314630
289910
341170
340878
282751
320753
279450
315261
309602
320249
314708
282553
283457
278200
316072
341938
305463
314576
321349
AVG: 311010.228571
