1119077
517529
351822
478721
341900
295879
324703
316744
330730
299101
322413
311873
331315
328553
324749
367550
301231
306194
312276
302861
301207
299288
313503
299685
289024
310813
357878
358046
340374
303819
355949
313508
305890
286915
321031
277836
312983
362112
303181
293678
282038
306296
343838
344407
301198
362922
336086
307523
297840
312527
285093
275287
339388
325929
310919
306042
302776
292479
334568
287401
349584
314974
307441
301666
278553
302349
291566
307647
316381
300020
316741
336304
339547
309547
291475
318678
287670
289903
335175
280167
AVG: 314303.485714
