1299985
685000
881705
866535
827817
663482
584392
689929
582653
630341
637266
614601
630925
561541
676437
571239
497008
559503
656789
759914
604140
596483
681152
626986
665563
609917
690146
543508
558496
591846
557749
546573
536636
600076
635578
597616
551178
602497
704288
504789
586738
698540
655226
548528
538984
622848
548892
574420
684496
637366
598357
532968
591120
694452
617826
698137
815477
495352
569546
707906
646757
557997
689809
654215
595033
613347
561242
626890
580193
627817
675022
783765
687133
565645
695498
657393
628686
559176
706574
839333
AVG: 618553.985714
