839223
690098
606064
636578
480557
434541
426563
482220
437296
458621
457972
447657
438559
458874
466958
409205
426879
425865
524192
546680
419959
390740
473975
453937
439787
498059
433676
417796
441379
409822
433876
412433
433128
422166
412193
455394
468831
480014
463350
451171
481742
440734
419741
436192
408918
422065
444160
459463
484689
463115
409231
430616
458532
480588
439561
471455
446277
446873
407909
433413
446125
436534
433010
441728
429274
412222
409173
474936
447682
418350
511002
492996
408840
455106
398870
433772
449042
419906
436738
495195
196792
AVG: 444910.732394
