970316
581652
638634
565339
461509
491904
441651
605250
419193
567234
382058
393291
401060
413707
420717
402824
421621
399630
436788
370127
452352
446882
404402
473413
460712
433384
408600
348316
346197
392370
406044
441811
376051
423859
396681
465791
389405
404303
369883
429178
409813
403885
398376
385468
417023
398662
385029
431071
396840
379634
427430
370821
438763
386105
485191
443828
369748
338333
359046
407944
413939
436916
386798
371128
390132
402584
419881
394622
405616
460823
386740
376261
362189
385894
396842
368725
401533
444752
392894
402367
AVG: 412286.628571
