736220
372580
406048
371177
312900
253579
233460
245442
252118
242433
235449
246437
239245
237587
237778
243684
218882
249036
239565
259444
234840
238985
250821
245003
236301
233038
244870
241343
240839
249770
245901
246852
225558
270374
250222
253613
248070
255235
229525
262701
255839
233455
227777
222924
232219
250414
242141
240846
250452
235100
232282
240069
262178
279495
273812
260874
231848
272324
250914
245063
242114
235161
266172
257666
233385
235513
253481
236817
248290
264769
230430
223852
222791
232066
245566
234429
239870
276189
256073
245849
AVG: 244372.842857
