r=1, wt=8, c=8
1213
2009
2481
2744
2589
2979
3104
2647
2386
3088
3116
3246
3389
2268
2953
2867
2806
3068
3320
2964
3095
3105
2984
2755
2975
3242
3420
3267
3226
3314
2920
3047
3266
3414
3059
3228
3173
3165
2803
3056
3264
3286
3152
3053
3216
2735
2905
3236
2957
3050
2839
3025
3120
2642
3132
3302
3387
3343
3110
3175
2483
3199
3371
3375
3022
3213
3253
3198
2723
3255
3260
3062
3554
3490
3192
2860
3128
3252
3400
3001
148338
AVG: 3089.91428571

r=2, wt=8, c=8
1267
1893
2082
2682
2977
3171
3227
3162
2991
3110
3184
3538
3268
3263
3391
3475
3018
2881
3254
3196
3408
3339
3100
3227
3099
3190
3543
3290
3623
3149
3099
3077
3240
3310
3416
3263
3140
3170
3263
3266
3382
3452
3378
3490
3402
3337
3053
2856
3157
3334
3300
3065
3135
3045
3137
3019
3519
3444
3487
2867
3306
3230
2933
3297
3168
3190
3199
3173
3187
3154
2857
3536
3434
3374
3180
3433
2995
2980
3257
3149
147817
AVG: 3234.54285714

r=3, wt=8, c=8
1165
2186
2429
2787
3013
3021
3295
2972
2852
3165
3357
3230
3178
3125
3236
2952
3296
3365
3140
3292
3274
3338
3070
2839
3356
3279
3254
3259
3320
3182
2784
3372
3454
3281
3403
2940
3410
3216
3152
3535
3651
2860
3070
3219
3221
2894
3372
3195
3317
3252
3353
3181
2872
3104
3260
3301
3008
3191
3106
2984
2677
3285
3298
3254
3019
3090
3141
2970
2836
3180
2977
3164
3164
3454
3233
2794
3403
3432
3413
3233
108045
AVG: 3176.38571429

