r=1, wt=64, c=20
1463
2581
3371
2774
3513
3754
3624
3463
3953
3766
3121
2959
3497
2913
3181
3884
3860
3893
3805
3397
3666
3353
3630
3794
3601
3570
3575
3719
3684
3489
3982
4080
3639
3885
3845
3679
3417
3590
3884
3495
3789
3257
3381
3859
3316
3836
3844
3683
3850
3849
3711
3528
2982
3429
3645
3847
3677
3587
3659
3390
3684
3775
3886
3845
3726
3616
3284
3451
3758
3550
3290
3255
3628
3632
3304
3901
3826
3860
4019
3640
139974
AVG: 3606.42857143

r=2, wt=64, c=20
1418
2349
3256
3284
3268
3663
3787
3123
3079
3584
3602
3582
3237
2874
3533
3472
3834
3989
4092
3457
3991
3851
3605
3399
3745
3807
3760
3732
3619
3783
3371
3528
4122
3621
4124
3938
3866
3589
3720
3921
3762
3729
3793
3805
3548
3614
3913
4199
4042
4125
3943
4049
3772
2978
3243
3797
3944
3552
3358
3153
3383
3138
4009
3898
4026
4020
3874
3616
3540
3870
3877
3737
3306
3685
3396
3416
3472
3719
3785
3572
163100
364600
AVG: 3681.34285714

r=3, wt=64, c=20
1572
2689
2941
3121
3894
4036
2904
3550
3186
3813
3628
3852
3925
3942
4010
3904
3623
3738
3159
3825
3907
3859
3826
3497
3748
3497
3687
3931
3953
3896
4072
3783
3887
3502
3729
4045
3732
3796
3716
3789
3335
3692
3835
3808
3853
3888
3840
3195
3372
3666
3683
3474
3631
3727
3677
3062
3668
3419
4168
3910
3908
3719
3660
3432
3807
3742
3659
3420
3438
3655
3370
3480
3846
3795
3579
3464
3454
3590
3138
2870
185395
AVG: 3690.85714286

