r=1, wt=8, c=1
444
506
568
557
536
581
602
565
642
667
680
685
665
650
528
634
701
680
682
678
690
724
638
754
717
755
718
630
718
620
673
706
621
687
691
724
678
686
708
713
736
759
736
720
609
657
763
741
715
642
659
707
646
742
721
748
738
713
701
668
686
705
728
763
687
708
709
671
705
740
771
771
719
716
660
640
811
752
744
695
96130
AVG: 690.728571429

r=2, wt=8, c=1
465
516
550
575
572
620
575
588
648
632
645
638
651
547
603
646
659
666
734
712
701
670
751
743
686
656
709
685
642
726
758
745
712
673
710
733
678
709
720
713
693
714
698
690
709
737
723
702
680
702
719
668
757
687
693
737
716
686
668
672
782
721
744
678
693
740
657
702
696
728
670
731
634
617
721
725
746
704
700
696
88681
AVG: 689.271428571

r=3, wt=8, c=1
437
487
504
540
581
545
583
581
569
623
592
615
629
643
636
661
624
578
664
737
687
691
660
734
721
670
746
691
741
698
711
697
621
626
721
734
646
690
731
719
728
767
734
751
746
733
715
624
640
678
633
706
707
720
708
677
717
706
709
696
702
709
627
653
689
728
709
700
690
694
688
725
705
684
681
709
677
600
647
683
95506
AVG: 681.342857143

