r=1, wt=16, c=1
441
458
469
571
566
494
596
597
623
609
622
600
552
558
673
667
572
630
714
703
678
630
665
748
718
608
696
592
684
725
695
682
686
710
726
706
742
719
702
684
704
679
621
677
732
715
703
659
642
698
641
737
671
699
694
683
694
642
679
762
755
683
688
717
752
603
742
770
662
720
711
700
580
705
729
732
677
675
670
690
71809
AVG: 675.071428571

r=2, wt=16, c=1
427
501
530
545
588
578
569
609
621
660
688
605
634
584
627
658
675
647
682
639
639
641
688
717
726
685
732
674
708
627
698
667
698
701
727
698
703
705
714
737
724
686
703
669
668
667
745
698
734
691
655
675
680
689
719
695
664
701
603
669
730
735
690
681
640
684
650
717
787
735
756
721
701
628
662
750
713
640
721
626
97194
AVG: 680.185714286

r=3, wt=16, c=1
438
505
523
592
596
576
579
580
539
551
614
645
646
653
342
547
609
620
681
697
743
669
661
620
651
667
614
642
722
739
730
652
709
705
693
725
671
684
651
655
691
680
677
707
703
687
632
685
610
692
707
645
657
668
639
700
679
707
645
665
725
702
703
749
669
712
646
648
628
660
686
688
690
708
699
721
631
687
715
710
95682
AVG: 661.014285714

