r=1, wt=16, c=12
1570
2415
2795
3131
3222
2994
3325
2593
3388
3248
3248
3642
3340
3621
3470
3329
3335
3122
3253
3171
3247
3320
3291
3245
3131
3267
3528
3665
3565
3639
3366
3383
3344
3594
3499
3430
3138
3281
3497
3116
3317
3469
3585
3626
3282
3261
2864
3201
3588
3504
3373
3519
3272
3340
3210
3175
3651
3595
3425
3535
3582
3265
3349
2770
3522
3497
3374
3615
3492
3256
3395
3779
3598
3692
3507
3195
3304
3299
3470
3626
125808
AVG: 3373.0

r=2, wt=16, c=12
1547
2217
2664
2853
2798
3407
3568
3181
3473
3330
3215
3424
3524
3447
3549
3533
3569
3481
3168
3100
3438
3319
3164
3179
3134
3247
2701
3465
3734
3540
3379
3293
3501
3293
3200
3607
3361
3345
3386
3275
3352
3028
3078
3334
3677
3492
3365
3434
3082
3157
3630
3559
3386
2934
3361
3306
3021
3285
3243
3602
3453
3351
3500
2960
3054
3582
3549
3244
3295
3326
3049
3062
3394
3652
3461
3530
3064
3196
3272
3233
146967
AVG: 3339.82857143

r=3, wt=16, c=12
1336
2104
2148
2539
3008
3170
3282
3412
3107
3199
3416
3609
3295
3480
3480
3152
3216
3079
3469
3519
3105
3733
3256
3289
3328
3274
3689
3556
3686
3580
3796
3259
3351
3621
3682
3354
3474
3378
3368
3252
3406
3553
3387
3314
3559
3466
3361
3178
3171
3536
3473
3281
3342
3350
3359
3148
3609
3425
3566
3413
3420
3403
2950
3500
3818
3542
3467
3500
3390
3075
2671
3428
3511
3531
3570
3104
3163
3303
3477
3444
164138
AVG: 3394.12857143

