r=1, wt=64, c=8
1208
1717
2051
2549
2784
2304
2899
3229
2960
2703
3318
3031
3264
3123
3163
3128
2767
2822
2999
3195
2924
3066
3163
2929
2787
3144
3198
3291
3064
3206
3301
2820
2867
3148
3028
3039
3113
3013
2982
2829
3114
3259
3140
3281
3048
3204
2540
2912
3252
3250
2878
2536
3090
2949
2708
3114
2951
3280
3087
3062
2890
2672
2912
3134
3235
2889
3180
2946
2667
2868
3163
3276
3150
3249
3076
3279
2964
3103
3197
3038
135730
AVG: 3025.41428571

r=2, wt=64, c=8
1212
1938
1942
2509
2767
2983
3133
3250
3192
3183
2551
3145
3327
3416
3132
3146
3375
3006
3027
3170
3169
3011
2907
3079
3023
2736
3563
3287
3202
3307
3132
3246
2830
2717
3227
3022
3058
2938
3081
3114
2850
3291
3360
3204
3142
3291
3133
2713
2800
2981
3066
3080
3229
3207
3216
2427
2791
3394
3016
3227
3262
2842
2751
2900
3112
3373
2958
3078
3172
3245
3007
3252
2937
3015
3003
3358
3090
2991
2290
3108
120220
AVG: 3085.85714286

r=3, wt=64, c=8
1194
2007
2082
2270
2540
2969
3158
3278
3034
3159
3073
2495
3377
3333
3252
3213
3137
3231
2698
3165
3229
3097
3323
3287
3283
3092
2817
3157
3103
3211
3182
3101
3096
2979
3164
3362
3273
3368
3216
3268
2961
2955
3327
3096
3144
3088
3103
3225
2783
3198
3284
3289
3203
3119
3014
2993
2751
3384
3163
3051
2981
3025
2995
2901
3100
3302
3255
3198
3271
2965
2984
2968
3232
3541
2983
3200
3054
3241
2842
3147
178930
AVG: 3128.74285714

