r=1, wt=8, c=20
1680
2842
2801
3286
3200
3376
3622
3698
3867
3444
3286
3766
3267
3477
3949
3935
3829
3360
3902
3507
3637
3612
3845
3936
3707
3810
3610
3529
3788
3830
3896
3978
3680
3788
3670
3590
3904
3992
3734
3714
3792
3655
3473
3851
3707
3727
3798
3875
3867
3750
3647
3823
3742
3823
3725
3075
3500
3404
3755
3802
3795
3975
3884
3948
3257
3488
3479
3821
3369
3625
3489
3779
3368
3545
3819
3806
3982
3532
3763
3187
131582
AVG: 3685.24285714

r=2, wt=8, c=20
1082
2405
3109
3114
3300
3220
3018
3138
3189
3621
3781
3088
2973
3555
3205
3238
3810
3351
3683
3799
3665
3789
3252
3518
3783
3763
3544
3346
3605
3458
3467
3555
3868
3703
3091
3909
3755
3456
3571
3704
3644
3480
3811
3760
3772
3265
3692
3791
3742
3791
3848
3806
3483
3156
3910
3846
3549
3565
3666
3606
3377
3776
3959
3766
3926
3880
3758
3105
3468
3688
4022
3545
3493
3724
3470
3265
3775
3811
3896
3888
157748
AVG: 3580.15714286

r=3, wt=8, c=20
1238
2284
2938
3158
3114
3529
3287
3388
3799
3758
3871
3801
3426
3930
3176
3530
3918
3535
3499
3252
3787
3835
3183
3506
3789
3811
3919
3617
3544
3331
3467
3916
3798
3755
3554
3431
3509
3300
3763
3709
3286
3858
3849
3868
3480
3507
3684
3989
3735
3755
3676
3438
3347
3789
4134
3800
3863
3752
3788
3618
3389
3731
3653
3308
3557
3734
3286
3378
3774
3851
3789
3753
3797
3828
2747
3604
3954
3670
3682
3243
163142
AVG: 3628.77142857

