r=1, wt=64, c=12
515922
105589
174333
141904
237125
200279
166217
156847
160945
169066
167107
168186
146754
164783
167210
152236
182057
143294
150743
157937
152098
173609
163456
178542
199978
192001
227384
162997
133372
171176
160841
176600
160597
190874
177618
157705
177365
175662
210065
182552
204068
163098
143647
158583
154631
148210
156918
161585
214752
176160
170565
150328
158440
152777
173032
169802
178450
153193
158518
144889
153229
160998
171649
148246
175450
155510
197054
182188
213226
191234
255608
214594
216063
160021
163948
167090
153690
174128
197502
175003
AVG: 171840.242857

r=2, wt=64, c=12
430401
99617
151470
137574
158910
226277
167925
163794
164329
186096
179413
145741
174590
159198
162446
170304
159576
153642
150087
172557
186622
159338
161436
152162
171342
170688
154812
193625
173151
157898
163994
163415
142621
158418
176018
181625
196810
155803
196686
172944
176722
197520
167035
188581
157223
142063
156890
182693
131280
177938
151457
152933
157680
167026
163626
175548
209960
198694
186381
146442
153577
150874
146771
135703
175243
184867
130933
156514
175157
168680
158976
168701
184775
145298
152825
163611
152258
140424
159455
180239
AVG: 167170.985714

r=3, wt=64, c=12
611044
128890
165492
150960
163917
156565
182631
157145
157635
159033
150528
139320
170703
148336
159161
177339
150134
171518
154512
157799
145470
143804
176625
163270
154781
212104
159506
160195
166385
193187
167055
163799
177352
154926
168323
160141
167235
140708
136284
147775
194095
129649
163721
192212
159601
165506
189801
183641
150454
147617
154800
178934
169603
149407
195867
166000
166700
153710
164542
172467
180123
186426
143572
148936
157131
158133
138464
175861
150423
180816
155190
142015
172053
172863
184952
183370
159159
185921
149539
186326
AVG: 163522.414286

