374696
81625
127820
93489
93227
93387
108553
106688
93838
101136
124665
107221
95425
91581
93423
106262
101877
90764
99438
96331
88892
111915
108434
98660
93966
135098
93385
95926
88072
86625
81652
104395
107915
96538
100728
74682
90171
98079
92577
101785
121719
100257
83531
102770
99939
111899
88515
118314
97739
84810
103620
130390
112937
101955
108362
132830
90198
109271
97660
84116
99241
94295
122683
97697
89156
90342
92210
111048
104279
89793
120187
110351
86502
85819
102373
87108
85289
95266
79207
88181
AVG: 100527.028571
