374636
122753
111584
92527
102601
94012
114387
114914
130575
100876
93987
90449
103229
89897
109544
91145
96287
116440
98259
92786
102888
112609
96112
96536
111403
99918
89499
87541
89951
93476
83583
100881
94571
90593
106020
92860
103968
100488
99396
94948
92815
103660
90474
91565
101525
95539
105669
87221
85175
102371
97067
102831
128662
103340
120653
91480
95752
107150
88258
99981
89750
127052
90104
91820
87497
107860
104032
112321
105761
106866
91494
91145
96023
96210
92210
102419
102392
132787
97683
98706
AVG: 99505.1571429
