r=1, wt=64, c=16
540010
127276
178648
167229
279085
300784
195705
178794
209961
219183
258669
199355
281146
235372
214951
211993
173891
222779
226340
231712
257746
206179
224452
258537
227385
226388
225219
331657
223455
214451
204859
162824
214710
180671
224113
202836
203021
181189
237969
210542
192397
230976
241665
217620
197894
223802
212121
233356
192949
205656
223254
204054
195572
253647
256334
230545
230167
235939
190623
214600
211128
172581
211237
226459
245004
245045
218769
226396
234048
215814
226645
209354
299969
191924
214068
228009
188853
215520
190237
237118
AVG: 221577.857143

r=2, wt=64, c=16
403090
163627
196956
180738
179821
205611
259327
219792
204182
196752
214054
204969
193800
226797
232577
222308
194223
198195
178583
165647
193875
238565
228909
165963
227414
231334
199033
247201
237244
208632
205696
207582
197641
181048
200234
211409
263261
202478
177013
191697
172112
199244
190701
233078
217571
180619
201212
212729
168969
209894
187072
208260
187510
199874
207490
224231
205615
187884
226960
201994
170601
237854
199107
183714
191063
186691
253088
170067
176833
246479
200560
227821
225835
209706
211364
179327
196911
176211
174330
184998
AVG: 206383.542857

r=3, wt=64, c=16
747104
213807
144143
178118
198096
218994
245068
227687
227882
227342
259571
243285
285760
214177
198694
235123
196370
219588
182376
230050
218570
198366
205760
221303
262728
222987
221883
312258
221308
209110
195277
181106
209871
190991
214275
233500
175509
230922
236299
206234
167815
236536
279093
191452
178955
189188
288088
162243
210440
211605
206302
226937
288137
215632
258655
222031
175347
228675
229929
195401
217065
183570
202538
193520
205414
202811
216960
198466
205911
225691
220547
233172
232189
214440
197969
201524
229271
205974
181095
232664
AVG: 218470.685714

