r=1, wt=32, c=32
522786
211332
430097
416100
339769
238279
299926
311792
296232
273498
308236
355328
364229
285521
291192
377128
394942
340401
378536
315619
267427
329550
284182
249713
356169
323777
334149
306473
309117
284874
454149
395831
407065
405436
458941
276248
284629
271332
282548
251751
270382
325648
331365
245488
273380
306886
409013
281161
385177
328580
287404
293978
247410
310606
324130
323807
335658
299810
273415
414690
302719
346373
428329
438277
320729
279127
300282
311170
315916
326334
338877
359915
359446
281222
430380
308130
448672
416411
344981
357066
AVG: 325304.342857

r=2, wt=32, c=32
548385
422898
281483
428973
390930
363438
258099
322937
342951
298782
335936
370091
389075
388829
350614
396773
338751
401217
329463
433229
360138
250312
292536
353556
300504
341314
328541
494610
359034
285083
402296
398531
446038
397954
327511
599202
292621
317024
315102
296768
401796
516803
357442
305031
319979
378201
419320
475007
496596
413605
372825
278178
378376
350295
313347
321543
309857
427479
361307
279561
448356
343095
479182
458192
428265
329569
306756
288372
349078
354308
299243
391972
420115
393415
349420
467026
357235
326439
398431
365356
AVG: 365639.228571

r=3, wt=32, c=32
498404
321673
348721
372190
337848
264176
301349
294102
301197
359359
352797
392328
294131
321519
393576
367286
361976
301493
350189
311927
333024
275743
301217
329966
312564
353712
411252
313050
267725
477565
459453
329616
369267
420294
328430
317978
322648
306288
290621
273794
375461
374388
307900
313070
412661
410264
327879
325380
395011
369611
240898
248728
248778
280921
255958
369623
333239
245829
249829
432996
332506
333230
278127
480933
255545
304674
273371
287677
275386
305286
349918
319390
308098
326927
422977
354584
332486
294528
394590
297750
AVG: 330486.871429

