393982
295185
280534
310320
317929
362149
251140
289373
272786
269130
261924
282253
320601
315213
241894
321562
324716
358455
334292
253016
341274
275559
265809
241979
284121
232668
255625
329048
332696
255363
286019
299881
321560
313460
274484
350695
297764
234119
249003
294718
254824
282734
345873
343387
252557
277051
311691
368092
324037
312029
411643
264682
257421
233074
261339
359037
285527
411586
309253
233256
282568
338378
357642
322994
288167
358607
261974
279266
280556
282113
251872
236712
314325
268979
258870
300624
304494
323724
337626
273271
AVG: 295378.071429
