r=1, wt=8, c=12
383574
129837
176006
163792
143526
169615
172231
194932
157508
163932
175546
141719
137341
160781
138705
155640
138792
152560
154686
128689
170654
164555
153484
183174
164784
146662
143530
129188
165463
148838
134590
134209
128522
166088
139105
178394
181858
151187
138740
121598
174284
144604
132118
144465
180281
142923
121402
147108
147245
137603
136420
154365
140702
150354
163204
175073
150381
138641
150821
144209
139269
155163
163331
163667
162183
152638
157163
171165
138945
164110
165310
143575
155797
151830
161759
139721
135499
146008
150612
166653
AVG: 152991.542857

r=2, wt=8, c=12
421052
144381
127756
132505
157363
157877
160918
167586
156009
160109
148894
168739
166315
133766
146409
121648
134669
164644
162588
152360
149200
147427
149825
150310
137273
160050
172335
150011
139526
140355
134421
144204
141420
168882
151684
131169
159229
148180
147553
151004
165594
149472
181008
150895
144129
159337
145457
134548
131545
187866
146279
147532
140608
146036
162704
154072
157270
167008
138442
141654
132886
151335
171766
141673
152731
138559
136294
166819
125202
150136
158413
172457
158433
138066
142706
173206
123064
137416
160596
168224
AVG: 150936.014286

r=3, wt=8, c=12
426389
142129
185433
131866
156466
165487
141552
128470
131238
136269
154565
141878
141218
163606
146986
163085
158778
149795
140026
158865
132427
134372
144060
135532
136124
152230
125221
137041
147776
162384
150769
143111
166418
171464
143178
153246
143930
140802
121590
136705
147728
139308
145280
147910
145983
142895
164930
206495
142403
152945
150102
140705
144218
137633
152939
140480
150893
143495
164325
148520
132996
137933
149336
136481
143614
149726
129703
139397
135171
132059
148182
128297
142234
151556
134856
139626
143210
176174
127161
122544
AVG: 145727.514286

