r=1, wt=32, c=24
492035
294876
241238
254816
336503
296872
291374
297791
275121
352441
254225
247256
273953
287103
338574
293671
315066
249431
271650
260783
216942
224729
228492
266493
298566
248074
242929
301806
307267
289511
321263
318914
202710
264869
237971
266842
221939
187960
310048
255927
264121
221787
282928
254554
293493
255527
301354
228440
260449
260127
247109
234413
236117
306901
295363
241649
280810
343637
277353
300583
274082
366466
316879
203367
240242
260138
275828
261460
315163
296158
228704
209373
254437
250395
354738
221845
255576
228880
231532
220137
AVG: 271610.114286

r=2, wt=32, c=24
639974
200540
210939
196197
329842
258633
331288
290935
308544
304173
262051
287697
326754
327770
338476
348947
343584
220391
245035
253149
267949
295136
250546
324354
323850
205392
239282
304946
278674
320661
304282
289683
257929
257471
238753
291433
292819
285751
329546
272704
258316
315569
269862
278894
299315
314062
284338
281007
240981
269392
278530
238960
246071
392083
318021
276907
251539
385133
338547
304729
317357
329016
241604
235263
217104
283289
286302
240824
319072
289926
254036
262347
296530
295395
282366
319459
285918
248965
277711
251418
AVG: 286732.5

r=3, wt=32, c=24
417107
257866
254891
198269
311188
292578
222421
255485
345867
270894
259203
284724
305882
303245
261842
297703
326558
267064
258390
260358
288252
253218
280179
302452
343368
262481
240210
298495
292687
299645
283848
342254
236295
280432
295691
227512
279524
283154
301634
292901
249295
295744
376902
325903
246112
258189
331001
223922
258686
219689
246001
297882
323274
307429
281792
281153
291160
318517
301990
302734
288230
411838
260078
245230
233309
277173
226186
294075
261847
273679
244960
259031
285713
307985
307044
277180
326449
283047
228699
236751
AVG: 283002.842857

