529662
249185
216794
275215
285807
304547
339332
373730
282831
308879
298926
319164
325428
295262
355369
272393
253163
257087
246002
230570
239381
345035
310505
267936
229418
275152
335890
330500
275230
312499
265309
321869
241200
227545
273495
283165
274694
269667
293360
257261
307033
314246
292121
256764
283884
263902
272918
273122
302334
263797
244609
321769
284687
251176
289535
335904
297631
308270
259749
374775
260340
313625
267375
256843
291513
294222
301607
304763
279595
277813
303817
296079
304255
253717
314929
287510
281356
282806
280259
283607
AVG: 288721.614286
