126281
72099
43799
38172
36796
38024
38310
34089
40104
35886
39059
35677
55934
36114
35444
34267
41986
39629
28558
25702
29086
25683
23514
24991
23105
26454
24134
25547
27424
23920
23820
27841
22983
22944
28367
28906
22320
20451
26442
27901
21838
22726
27434
32089
23208
29949
31874
27198
22439
30406
26672
25844
25512
23559
22165
21545
24035
23683
25685
24034
26205
31272
25297
28791
27988
32390
24000
25205
25798
26257
22794
23328
27705
25118
23144
23531
25921
25653
27664
23448
AVG: 28168.6142857
