r=1, wt=64, c=20
492468
173102
181004
237424
234218
201323
262223
241817
206472
211226
280600
318051
266896
285188
290909
229533
198862
198948
216766
255783
228638
272787
245432
211044
250837
231575
246801
274505
246600
281342
225178
219068
238957
222808
231048
215282
263416
290528
229391
223196
239161
313005
269835
257642
290131
244341
247350
231720
209582
204053
220881
232544
255265
225715
239768
248151
244416
283581
261235
287056
199526
264772
245090
243160
209118
200398
248945
233686
201500
245878
287651
317549
231696
240722
282910
227201
231274
216076
207045
261473
AVG: 245300.9

r=2, wt=64, c=20
470391
188178
188408
238394
239810
222198
246989
267073
288860
267405
324221
270552
301303
394271
268807
262039
271640
232044
225802
231287
193731
270348
208456
292120
271331
226162
223520
222509
243794
249518
287158
267051
202202
245538
205076
211499
250926
228570
265331
237684
232827
236637
213768
250477
242826
259638
236581
188917
228113
213101
221353
216603
230519
345906
303233
196575
211783
232205
304225
331006
276620
289570
234958
230866
221856
205813
228125
242274
227893
297407
247509
265243
258712
236626
324749
303234
293075
233677
217700
232121
AVG: 250878.985714

r=3, wt=64, c=20
404432
139410
245461
240975
208492
209166
238503
246842
315667
233658
257459
260055
222198
213234
195658
199711
224502
219248
335543
231624
188170
245099
211606
267837
242550
272718
228365
207621
236501
230302
209986
218012
210202
263072
242722
213869
231308
230327
247516
253343
260611
233457
247131
212472
229557
209654
211721
290068
265319
269201
227746
245724
216602
268943
239227
335822
240695
244981
208694
226117
227369
213482
241910
318317
237928
228385
270064
266930
267082
245277
321098
270482
255076
274030
253577
241235
276419
232757
248377
249152
AVG: 243270.614286

