671555
205329
358314
236434
283775
294661
281163
287465
272706
363511
275606
280619
268002
286580
324111
255781
340179
299596
251960
254035
264985
276411
219114
234518
275204
252975
244757
246699
250726
279986
301743
285131
280694
249952
272920
244256
221602
239016
233036
267242
302796
214610
294706
242126
282796
295638
333980
317941
205658
288309
233966
245606
275687
251577
294974
291816
304409
344962
346613
315272
297850
346127
314054
235943
248033
223070
225959
274523
247229
298080
273229
252089
237243
265986
307868
316284
321692
300041
262256
252933
AVG: 274395.242857
