r=1, wt=16, c=12
395693
120057
135231
132000
141861
196009
182967
225827
166078
189269
195545
162239
175834
169386
175223
178366
158924
179092
169279
213755
174386
185598
185552
186788
190153
177404
174464
147839
165561
156636
156446
144295
187294
174155
159992
154157
217072
192216
179161
188330
176393
165401
177341
165305
209395
166234
191302
178779
168131
167336
177244
161347
206081
186263
181929
201976
146765
177955
161921
168169
152955
163710
177263
151749
152749
177177
179025
156069
185869
193062
155333
153590
156812
181651
161959
177468
161607
225636
168665
147683
AVG: 175279.028571

r=2, wt=16, c=12
383385
112536
169947
178569
174484
176727
166332
196037
162637
188307
196724
170502
184881
162959
181096
164841
153128
170813
185762
203150
196752
182539
178255
165937
172085
199425
247254
166088
162420
178448
168771
191720
155751
157616
165689
160909
206912
218978
194101
188675
172738
202843
177702
168227
166683
167991
160545
173828
174506
198706
175131
168368
178363
148710
186484
162286
198753
151972
200105
167052
152371
170485
164141
175436
204992
162177
163805
191283
170653
181318
186037
180227
167732
184315
170209
167136
153986
203925
155312
182647
AVG: 177834.214286

r=3, wt=16, c=12
460352
124301
193230
165092
181803
228547
190852
178977
214060
191529
168881
159170
173733
201193
166629
181766
159264
186243
169115
149998
183953
149265
189359
187081
166091
196397
155802
153587
165599
162538
140771
169216
168366
173908
173418
210230
180838
184361
168417
184542
174063
154826
186045
200357
154085
162757
187874
184053
208828
163173
179842
167572
185150
211665
173922
227184
174258
165260
172120
171177
183369
160828
203864
166959
155436
175194
172813
195406
179093
203089
202804
170743
172938
161393
151252
184053
172854
183997
180460
192515
AVG: 177758.4

