528283
234711
201733
261381
193670
165161
205837
169852
209465
191388
187164
187254
218489
180274
164861
178266
158961
163384
176242
154028
161597
178200
182683
183290
171242
165087
185364
197101
157938
187149
183057
201289
171984
202799
173298
175765
173655
178402
185972
163045
176502
174059
160437
172429
175292
186643
165183
166404
188436
161607
156747
151355
171456
182378
164124
171719
183214
172027
183897
166823
170102
179388
173566
185948
149449
185476
157837
198933
179868
175432
165747
168920
187915
191984
192603
182379
169152
191361
158638
175827
AVG: 176906.328571
