292401
77279
101655
76510
89633
72944
66480
53479
60874
53207
58542
51829
56034
55499
49947
59261
53675
52093
53052
57308
57771
51965
60198
52751
49630
54941
50291
51796
53933
55061
55565
56176
53504
53988
52423
66378
55588
60062
54574
50766
53232
53377
51028
50413
59286
55214
55550
49818
60939
50250
51940
52492
57168
60275
53489
51623
50996
51443
49403
60324
55002
60697
52326
53533
53225
57607
62467
56386
55159
56152
51707
48210
57423
56288
56656
56117
55991
52587
54282
54777
AVG: 55181.1857143
