519201
164245
186627
176066
157080
147068
141158
128206
113930
126664
123802
124545
125131
124211
148135
131067
132513
144633
131527
116314
119434
133075
141828
138625
146294
138123
133259
138720
133499
148759
138184
140711
128362
141084
139770
123927
142399
126290
117389
132378
133602
123181
129092
144630
133110
137320
121358
131775
126539
135812
133259
131931
132109
135161
124060
141342
121384
131522
136129
132560
138140
132289
137688
129675
120398
131647
122115
143818
120226
139024
141306
129148
133434
152872
147361
141688
140853
162244
138195
162032
AVG: 133086.157143
