r=1, wt=8, c=28
485501
253957
246326
223795
177317
189412
177424
169915
193584
176711
159598
157072
190910
167340
171685
168076
184715
162235
170610
164225
171219
161246
165156
187887
174391
171934
189892
178581
169519
158739
187061
198926
163629
202103
174045
164613
168751
173162
200657
174828
184064
160492
170394
231587
172356
187338
201114
171904
182741
171867
193322
166204
191344
176567
179808
163819
178018
178081
164409
169031
156914
170924
185732
172839
168648
185611
157957
168465
175812
163585
168734
168728
167637
184473
172558
172023
182983
174838
150378
204499
34700
AVG: 175703.535211

r=2, wt=8, c=28
399997
263506
263009
278400
170247
162369
169539
191349
164522
163493
169664
183347
181721
174459
166620
184722
181961
185625
181441
171229
188509
183678
175409
179983
157888
203105
167764
160995
164016
190121
170469
174881
175599
201438
187135
166789
176017
163694
165999
217534
193443
167561
161409
168983
198078
178248
178486
198201
178808
165846
160767
153095
180552
171221
166081
180246
157770
176157
164750
165244
160979
163402
177592
162668
168376
156053
165087
189421
178486
164796
175740
154287
174653
165945
181550
170950
179579
150849
209296
156801
AVG: 174386.642857

r=3, wt=8, c=28
415328
218177
274226
262639
188215
153313
180600
170174
163725
188126
165127
172599
151394
197110
189843
154056
185637
194157
185821
181058
181287
179762
170710
186291
197424
197539
195515
151578
194773
164664
167885
168604
188439
152051
171761
178826
160711
176193
154259
172899
172920
177683
170675
165805
154255
183076
157456
190205
168044
182278
184052
166662
151434
162669
198654
195914
196830
158662
177174
162542
167731
186150
192785
194307
174650
164684
179267
180681
175103
173203
153471
164545
181863
158377
156820
193669
164842
175985
157330
182459
AVG: 174904.32394366
