r=1, wt=16, c=8
369460
113163
130858
112637
136394
92681
112456
104255
99131
111773
98282
120353
106971
102308
94406
97912
116124
116676
104173
102991
108636
102740
113101
133593
98535
103621
107060
98255
105119
105733
97206
117198
105227
114097
109343
102631
94290
107913
97864
112785
102777
102487
99588
102626
109222
105208
119616
110236
109158
99844
105778
108922
114893
120120
110968
96773
97654
116985
106598
111204
114021
110660
114188
92392
107779
109182
115534
102643
112852
107330
104392
113580
99867
96139
96297
95991
101652
107763
103109
104903
AVG: 106613.6

r=2, wt=16, c=8
480619
119855
143413
126059
125879
96614
97239
102254
106141
92377
118375
93104
87428
89093
97186
98209
99861
86662
93703
100939
88853
106943
93793
102734
102175
103669
101358
90190
91090
88339
82484
91938
98435
107430
90348
89587
95027
105148
88410
102708
108772
92362
93102
100328
103160
98686
90583
103635
93963
92280
90522
108715
100778
98242
109483
107361
93868
109809
110944
88026
98863
94826
96104
90299
91981
82904
97459
112986
105373
91612
108522
94250
97721
91524
93657
90327
94879
91306
90334
97115
AVG: 97464.9142857

r=3, wt=16, c=8
405625
116509
135825
122750
129123
114145
117176
114373
89043
88154
96948
98027
96227
91260
104114
103464
92679
97141
89162
101233
102762
113292
98775
94255
93546
95895
102166
96836
94056
117793
91742
94478
92746
93306
94393
101437
97780
110213
95885
95091
104785
106581
86284
89523
88690
107101
106242
93307
85590
101542
113387
107620
107674
99890
93017
91349
92003
90306
87482
101174
87310
102838
95998
105161
105280
95478
94486
112688
92278
105135
108674
102597
97283
90792
124201
104808
101708
99536
94114
104574
AVG: 99190.5571429

