688656
237096
238748
353975
297425
262362
183902
204309
175032
198707
216786
230862
237451
204052
228217
241009
262486
197347
219024
287007
201793
231571
222994
193951
208847
231936
261216
244710
197255
235350
246118
227120
245369
200453
288083
216661
232182
233462
207731
212929
217455
232606
220948
229006
209672
242108
229183
233479
234268
216493
238725
202192
225130
226834
229627
206957
237258
221826
211632
205112
259839
254020
214906
258727
267147
191282
219237
205137
217777
226057
198911
230998
229257
186599
195232
232998
215532
232933
213794
272568
AVG: 224484.585714
