453614
179785
198326
268351
216875
176296
156977
180311
221405
188787
215757
182838
218402
224579
190691
181875
199078
161753
160681
190603
172563
170028
170126
211275
154320
162742
158431
155444
173337
168530
195467
158023
151838
166352
148145
153598
159269
181783
176658
170428
155431
175835
162852
169736
179709
171068
172900
154841
150577
166323
151198
158802
178500
217122
193332
164022
171877
177500
168831
200165
196755
208059
158117
178701
178055
151500
169818
171396
180750
181382
173762
182889
206345
175464
189132
182347
205853
167704
153524
161563
AVG: 176444.8
