430908
92154
96096
82828
96238
84171
73944
64534
63725
53247
55251
54599
63943
59453
63842
69461
57145
62273
62305
55297
62309
62233
65819
63636
60820
60639
59929
57731
63198
58709
64496
55151
61982
60227
60778
56485
59696
59316
70533
59957
56614
66934
59465
54298
60254
66808
59018
57701
66897
58788
63367
69865
63798
77061
60488
64146
61981
56874
58562
83495
55616
68585
58260
61713
61675
65375
63987
62000
58324
58146
55371
62863
58014
62406
63036
62862
62546
57768
55944
57134
AVG: 62123.1285714
