r=1, wt=16, c=12
488256
166625
153513
195080
159158
172014
159830
183865
167890
163118
162274
153133
172184
163765
157342
135557
139536
158611
141721
176102
145628
152115
148957
144633
149325
141172
132516
136599
144201
138423
141065
136808
132740
127956
143339
146014
153880
168833
153579
147804
150804
145346
141788
155949
145951
133163
127978
142163
150399
170674
145037
142467
156660
158826
162496
150604
130354
147303
145070
140420
138862
134921
146119
138907
131544
143276
142646
142767
131555
153183
143483
144005
141632
135604
126234
138800
123445
159037
149887
133720
AVG: 147581.7

r=2, wt=16, c=12
390944
130348
191996
183810
160365
156059
129737
154128
151757
144118
136661
154132
159931
142177
145011
131931
151260
129548
142399
153354
148745
134667
145469
134946
147909
156731
182591
144450
133023
149017
148022
156215
140634
128035
128347
141229
159803
151715
156841
137557
147444
155779
160086
140317
144408
148488
137936
143760
135492
145561
138328
148068
147244
127414
151057
138034
157033
150937
164638
147340
159602
143346
152653
134293
174602
148208
130097
149965
152281
157827
154518
158795
137212
136940
144982
153545
138676
141284
129998
145056
AVG: 146754.771429

r=3, wt=16, c=12
402130
167670
221450
211548
198519
135752
157894
155505
151216
159896
143914
129590
155422
152748
144746
146424
126650
147070
132240
134481
151580
139312
134537
153837
144164
157381
130942
140100
138799
132875
132297
137993
127526
146699
131450
133057
143959
155154
127909
155476
139719
136123
131068
148206
140378
140867
145659
137733
152693
135210
151374
144110
134288
168505
144777
142999
149019
137452
149355
137041
146330
136611
149824
141268
140627
151622
137114
149757
153751
137709
156366
130079
139501
143965
154921
139440
126554
132461
135463
158924
AVG: 143208.8

