SEC 1
3.08436666667
3.5632
4.83743333333
6.1378
2.96276666667
1.60866666667
2.43496666667
4.22026666667
7.21096666667
5.10403333333
3.28126666667
2.9061
1.39323333333
1.43486666667
2.19903333333
2.07733333333
SEC 2
3.1746
1.7289
1.75926666667
2.88206666667
4.3406
1.97963333333
4.12746666667
3.8275
4.31636666667
5.95643333333
2.46833333333
3.27693333333
1.91273333333
1.47833333333
3.04786666667
1.7313
SEC 3
4.124
5.13333333333
1.6845
1.8123
3.2623
1.82756666667
3.92623333333
4.4793
5.4201
2.74393333333
5.0281
3.36526666667
0.7257
3.74373333333
3.83336666667
4.45406666667
SEC 4
2.0142
0.876733333333
2.61016666667
3.4172
2.21756666667
2.80843333333
2.1058
2.0378
1.72816666667
3.13013333333
2.99566666667
3.13133333333
5.89753333333
3.57246666667
1.7578
3.86696666667
SEC 5
1.43093333333
1.7834
5.0467
7.29643333333
2.62753333333
4.72446666667
4.1731
0.8403
0.7176
2.26576666667
3.51783333333
1.00636666667
1.14956666667
4.08803333333
2.91543333333
2.0457
SEC 6
3.16886666667
1.3987
1.7046
2.33756666667
2.2616
2.5548
1.9945
2.123
2.73276666667
1.7577
1.0937
1.71553333333
1.53576666667
2.42233333333
2.4259
2.16833333333
SEC 7
2.1494
6.0524
1.14273333333
2.71703333333
6.53003333333
1.59976666667
4.34113333333
6.28446666667
7.2094
2.97563333333
7.3903
4.5059
4.02113333333
4.13183333333
5.1875
5.4175
SEC 8
1.3502
1.3349
2.70626666667
2.09973333333
2.1777
3.0027
1.45916666667
2.6118
1.51133333333
2.14693333333
3.2569
2.29126666667
3.091
1.3377
3.19246666667
1.795
SEC 9
5.7324
6.0817
3.17513333333
2.40446666667
5.53273333333
5.30246666667
3.3697
6.13673333333
6.2365
5.5551
6.31123333333
4.60643333333
2.97083333333
3.39906666667
0.796633333333
8.37443333333
SEC 10
1.73306666667
3.1896
3.26433333333
3.3166
0.720266666667
1.02766666667
2.48756666667
4.77886666667
1.21216666667
0.9862
0.572433333333
3.61853333333
2.7545
1.54353333333
4.00776666667
2.89513333333
SEC 11
0.982766666667
3.0344
3.39246666667
1.4553
1.0228
1.142
3.1859
3.51133333333
4.08936666667
2.4779
2.5686
4.23046666667
2.18123333333
2.2638
4.0015
3.15003333333
SEC 12
1.9767
2.3527
2.25183333333
0.9015
1.29406666667
3.28946666667
2.26786666667
1.59013333333
0.680266666667
2.99076666667
4.92036666667
1.56643333333
3.09603333333
2.33993333333
2.38916666667
0.6842
SEC 13
2.31413333333
3.08716666667
0.798866666667
2.66136666667
2.49133333333
2.51883333333
3.14496666667
3.51056666667
2.59266666667
2.54663333333
2.5475
1.7509
1.3401
0.914433333333
3.49956666667
2.51846666667
SEC 14
1.89426666667
1.71696666667
2.82706666667
2.6289
2.364
2.64516666667
2.3494
3.7162
3.87676666667
1.07753333333
1.65036666667
1.4273
2.07716666667
1.9106
0.768566666667
3.8167
SEC 15
3.60436666667
2.9602
3.48943333333
2.64826666667
2.98413333333
3.24826666667
3.12193333333
3.11836666667
4.66836666667
4.13766666667
1.7721
2.43726666667
1.4529
2.99483333333
1.5969
2.90813333333
SEC 16
1.7545
3.89183333333
1.80936666667
1.78006666667
2.81633333333
2.3983
2.6646
2.08106666667
2.5729
6.3589
1.1074
2.27723333333
0.744666666667
4.38533333333
3.9221
5.12673333333
SEC 17
1.64716666667
0.9537
2.95173333333
5.6984
3.0272
1.91803333333
1.78126666667
3.45406666667
2.19243333333
1.57696666667
1.01803333333
5.41456666667
2.33263333333
4.74603333333
2.38333333333
1.15426666667
SEC 18
2.532
2.98246666667
4.27643333333
4.34146666667
5.52593333333
1.85146666667
2.95343333333
4.2388
2.4141
2.2889
2.75456666667
3.60633333333
0.761066666667
1.06643333333
1.0363
2.8884
SEC 19
1.0881
1.0702
1.74266666667
0.864066666667
3.46906666667
0.7825
2.88366666667
1.95233333333
4.3913
1.55513333333
3.0007
0.857833333333
1.34636666667
1.44933333333
1.98863333333
4.5416
SEC 20
8.25396666667
1.69453333333
1.39713333333
8.1641
2.73533333333
6.82376666667
2.13916666667
1.73766666667
0.961766666667
1.7955
2.65723333333
1.05636666667
1.93343333333
4.9352
6.19543333333
1.37926666667
SEC 21
4.9734
3.67836666667
1.3743
3.45003333333
2.30266666667
3.9867
3.5221
3.68883333333
0.792833333333
6.50563333333
3.0534
1.0522
2.6675
3.43116666667
1.2688
3.33303333333
SEC 22
1.6835
4.84806666667
6.27776666667
4.3071
1.0997
3.0977
6.0962
3.83833333333
4.58343333333
3.3197
1.01853333333
2.19833333333
2.22266666667
0.670666666667
2.36586666667
4.22313333333
SEC 23
1.55636666667
3.84163333333
5.4495
8.5154
10.1679
6.14476666667
8.7295
10.6044333333
8.51526666667
9.19953333333
2.1585
7.77003333333
3.1851
3.6323
7.48766666667
7.62743333333
SEC 24
1.07053333333
2.15043333333
2.3851
1.7761
0.9821
1.6781
1.44123333333
1.26963333333
2.2536
1.02253333333
3.30916666667
1.48606666667
0.602566666667
1.74806666667
1.33773333333
2.34296666667
SEC 25
3.08586666667
4.0853
5.60403333333
4.89343333333
8.47016666667
5.71093333333
3.0194
1.72343333333
0.8962
3.21616666667
2.4576
2.21786666667
5.4275
2.75396666667
3.1033
3.59726666667
SEC 26
3.01263333333
3.0631
2.74506666667
1.41963333333
0.9737
1.2838
4.2535
2.24396666667
1.8412
2.11306666667
1.3348
1.42386666667
4.39473333333
1.26096666667
3.7643
1.9802
SEC 27
2.03753333333
1.46633333333
4.688
2.30676666667
0.953666666667
4.4889
5.6989
1.8928
4.11646666667
6.73086666667
1.938
6.0792
2.47413333333
3.7368
8.2264
2.17106666667
SEC 28
0.668
6.25906666667
3.95513333333
0.711533333333
1.4269
1.41453333333
2.8747
3.60213333333
3.00443333333
3.10083333333
4.40613333333
1.80226666667
4.926
2.44336666667
1.64456666667
0.9616
SEC 29
3.9794
1.97843333333
1.63976666667
2.62263333333
4.00683333333
1.5402
1.67806666667
2.1648
2.59153333333
2.94713333333
2.82076666667
2.41256666667
2.18606666667
3.79363333333
3.56296666667
1.03316666667
SEC 30
2.61766666667
2.00563333333
1.4045
1.91783333333
2.45583333333
1.86566666667
1.74723333333
5.1322
3.11956666667
2.51533333333
3.45403333333
4.94406666667
2.35293333333
2.0335
2.494
2.1841
SEC 31
4.1479
2.3307
3.83833333333
4.5832
2.3138
1.75756666667
2.16966666667
1.69326666667
2.95646666667
1.94046666667
4.82183333333
3.4145
2.30706666667
2.39666666667
1.74873333333
2.20726666667
SEC 32
2.76603333333
3.46356666667
4.73636666667
1.74413333333
4.1738
2.38706666667
3.1864
2.24226666667
4.6783
1.3847
5.25506666667
3.6557
3.13643333333
2.87443333333
2.997
0.810733333333
SEC 33
2.0745
3.61383333333
1.42006666667
1.81976666667
4.78546666667
2.0387
2.6115
1.07786666667
3.08586666667
2.44226666667
1.56303333333
1.399
2.21706666667
6.77263333333
1.2969
2.36536666667
SEC 34
3.74946666667
1.80416666667
2.14193333333
1.42446666667
2.05643333333
1.54946666667
4.8166
2.22286666667
3.59136666667
3.62403333333
4.3005
4.1515
3.78046666667
3.77786666667
3.2729
2.45713333333
SEC 35
2.12313333333
2.29376666667
2.17016666667
1.6504
2.96863333333
1.6528
2.6763
1.7339
1.04496666667
2.96556666667
1.80633333333
2.83943333333
2.09806666667
2.11006666667
0.912766666667
1.1219
SEC 36
2.9902
1.91506666667
3.5614
2.0242
1.4908
3.05583333333
2.30936666667
9.56343333333
1.099
1.6601
2.80056666667
2.7001
2.9479
1.5271
2.89833333333
2.4187
SEC 37
6.37563333333
1.8154
2.40276666667
7.36846666667
4.83616666667
4.49953333333
5.2312
5.38623333333
3.15756666667
4.32116666667
5.67496666667
3.80403333333
2.2423
6.17853333333
5.74786666667
2.56046666667
SEC 38
2.17416666667
5.14006666667
5.68546666667
3.73683333333
2.69756666667
3.65503333333
5.0625
4.9383
2.71106666667
5.8067
1.12733333333
2.1402
3.3069
5.31176666667
3.1587
3.05333333333
SEC 39
7.5903
6.7155
1.08973333333
3.16886666667
6.19746666667
5.17396666667
2.6716
2.1274
1.68333333333
5.49763333333
4.60736666667
4.663
3.3139
3.44113333333
0.531533333333
4.91093333333
SEC 40
2.6548
1.69016666667
4.11363333333
6.20673333333
6.80793333333
5.16516666667
3.3661
5.27373333333
5.17776666667
5.64953333333
4.80853333333
3.77826666667
3.60236666667
2.4561
5.05523333333
4.4045
SEC 41
2.20846666667
2.05186666667
6.29523333333
2.1585
2.73546666667
2.51273333333
4.11253333333
1.7316
2.95756666667
3.1701
4.0646
3.52266666667
3.14386666667
1.9741
7.99316666667
3.69153333333
SEC 42
2.2447
2.68736666667
2.58626666667
1.9553
1.62103333333
1.87923333333
2.13443333333
1.376
2.73116666667
2.1208
2.18143333333
2.26553333333
1.6901
2.46203333333
2.18143333333
1.793
SEC 43
0.9477
1.76313333333
1.15226666667
2.01343333333
2.5964
1.93846666667
1.40663333333
1.23823333333
1.7323
2.28016666667
2.2613
2.07626666667
1.5475
2.1439
0.8569
1.77426666667
SEC 44
0.710933333333
3.44513333333
3.28983333333
3.21946666667
6.8828
1.94006666667
4.6355
5.14626666667
1.76046666667
2.11586666667
4.13226666667
0.8262
2.05073333333
1.553
3.12653333333
3.14763333333
SEC 45
4.8803
3.27573333333
1.02926666667
4.08076666667
0.9718
1.15016666667
7.91183333333
3.0241
6.16803333333
1.72076666667
3.64773333333
2.08543333333
3.4308
2.0479
2.71733333333
1.5717
SEC 46
2.48803333333
3.542
2.2496
1.60266666667
1.21366666667
1.1641
2.11893333333
2.81033333333
1.62083333333
4.3087
1.09363333333
2.21326666667
2.47103333333
1.51793333333
2.58766666667
3.18793333333
SEC 47
1.32096666667
3.31023333333
0.750233333333
0.9893
1.74116666667
3.2956
1.54393333333
2.07803333333
0.803733333333
2.1545
1.72983333333
1.62233333333
1.49496666667
1.10083333333
2.52303333333
1.13163333333
SEC 48
4.6045
1.47746666667
2.18043333333
1.04213333333
2.0003
2.4294
3.38623333333
2.7002
1.75866666667
1.84636666667
2.03506666667
6.47096666667
1.25
5.6475
4.66023333333
3.0215
SEC 49
2.44233333333
2.66123333333
2.7567
4.6964
4.7306
5.57023333333
1.9318
4.87413333333
3.07426666667
3.87983333333
6.1153
1.0977
1.5944
1.24903333333
3.77503333333
6.09073333333
SEC 50
2.29556666667
3.8562
2.2169
3.32326666667
4.1841
8.38123333333
3.20636666667
0.730733333333
2.26243333333
2.0156
3.04576666667
4.76923333333
7.22563333333
2.65846666667
2.19763333333
3.95083333333
SEC 51
1.7203
6.17886666667
1.99156666667
1.45023333333
1.7713
1.676
2.40443333333
1.46796666667
3.38516666667
1.66256666667
2.975
1.82293333333
2.38186666667
3.29223333333
1.9827
1.40893333333
SEC 52
1.396
1.70013333333
1.492
1.65953333333
0.685333333333
4.41393333333
2.9068
3.328
4.0367
1.64416666667
0.663166666667
1.31573333333
1.44966666667
4.31353333333
4.728
4.23683333333
SEC 53
3.86716666667
1.1647
4.40043333333
1.76046666667
2.4061
2.2375
1.94376666667
2.52653333333
1.84926666667
1.8956
2.95393333333
2.4763
3.4696
3.171
1.41523333333
1.06753333333
SEC 54
1.8504
5.83456666667
1.7452
2.64693333333
2.46943333333
1.199
1.38406666667
1.15243333333
2.2005
1.84546666667
3.04706666667
0.780133333333
3.5904
2.35136666667
1.32116666667
1.56156666667
SEC 55
3.14366666667
2.20403333333
3.09543333333
4.6388
1.7613
6.4012
3.30483333333
2.63416666667
1.42996666667
3.9495
3.0583
3.3952
3.05393333333
2.38003333333
2.1441
2.67576666667
SEC 56
0.527333333333
1.0133
3.0015
2.77543333333
0.714666666667
3.7008
3.114
2.0106
2.26103333333
2.66116666667
2.5373
0.520633333333
1.21216666667
2.05413333333
3.65546666667
1.85186666667
SEC 57
2.21936666667
1.271
1.28096666667
1.18553333333
0.886433333333
2.8174
1.77453333333
2.52593333333
1.38893333333
2.0413
0.930666666667
1.00386666667
2.23456666667
0.913066666667
0.996966666667
1.02126666667
SEC 58
2.91133333333
3.16203333333
5.2409
2.06163333333
0.877966666667
0.8765
4.68196666667
3.96566666667
2.73006666667
0.8312
0.844033333333
1.6362
2.227
2.9171
1.60346666667
2.6775
SEC 59
2.25896666667
4.46203333333
1.38513333333
0.954933333333
2.2949
2.39296666667
1.38186666667
1.87986666667
2.7856
4.15996666667
3.62796666667
3.62006666667
3.23183333333
1.4357
2.24223333333
3.1717
SEC 60
3.60536666667
2.46076666667
2.0596
3.59166666667
1.4139
2.80046666667
1.8099
1.63856666667
1.74643333333
2.5729
3.9692
2.47163333333
2.6713
2.48473333333
2.10453333333
3.34573333333
SEC 61
0.913633333333
1.33493333333
2.6289
1.80816666667
1.9166
1.0414
1.2793
1.11553333333
0.970533333333
5.02493333333
1.10766666667
3.3566
1.30213333333
2.45666666667
1.6278
2.3886
SEC 62
2.32046666667
4.39563333333
4.28286666667
2.59636666667
3.15636666667
2.4472
2.0592
2.56223333333
0.8951
2.24266666667
4.18533333333
1.56286666667
3.4281
1.2019
2.1286
3.92996666667
SEC 63
1.2676
2.48373333333
1.91666666667
1.00586666667
1.51686666667
3.01316666667
3.09776666667
1.37976666667
3.63873333333
1.28636666667
2.024
2.39013333333
2.93936666667
1.44483333333
3.689
1.70856666667
SEC 64
3.12396666667
3.52153333333
3.6712
0.953266666667
3.77763333333
4.59143333333
0.613066666667
2.26166666667
8.55653333333
4.36476666667
2.73836666667
1.12706666667
3.67123333333
3.60816666667
3.77503333333
2.87656666667
SEC 65
5.5014
3.6655
6.02563333333
2.30406666667
5.41826666667
2.5878
3.63186666667
4.35713333333
2.84696666667
4.0405
2.9753
5.3441
3.58343333333
4.62073333333
3.41843333333
3.03193333333
SEC 66
1.47783333333
2.78756666667
2.01286666667
2.6182
4.09533333333
3.12683333333
2.22683333333
5.6275
1.09446666667
3.2931
4.4961
2.29656666667
5.53076666667
1.41726666667
4.546
5.38736666667
SEC 67
2.4118
3.5921
3.203
3.94336666667
3.69146666667
2.7118
3.28083333333
5.23216666667
4.3651
6.36496666667
1.53563333333
4.25323333333
3.94226666667
2.83296666667
3.86756666667
4.7362
SEC 68
4.12666666667
1.92036666667
1.87956666667
2.60416666667
1.7441
1.15043333333
1.65826666667
3.86866666667
2.007
3.22996666667
3.2076
2.09596666667
2.51616666667
2.17323333333
1.4692
1.4917
SEC 69
4.0863
2.14623333333
3.99443333333
4.8029
3.86943333333
4.07106666667
1.47643333333
2.78573333333
1.44073333333
4.6384
3.08476666667
4.06426666667
4.4657
3.4602
3.74693333333
3.95293333333
SEC 70
3.39016666667
1.83946666667
3.0431
5.93833333333
4.38643333333
3.41883333333
3.1769
1.5635
0.9145
0.7503
1.58983333333
2.15986666667
2.84566666667
3.1473
4.83073333333
0.976466666667
SEC 71
2.74993333333
2.13653333333
1.68856666667
4.5026
4.25326666667
2.44816666667
0.912766666667
1.39756666667
3.85653333333
1.92453333333
2.9689
5.72946666667
1.5648
3.27903333333
6.71863333333
1.07926666667
SEC 72
3.69066666667
2.66573333333
1.29643333333
1.80976666667
3.10873333333
1.24973333333
4.30896666667
5.98706666667
2.50593333333
1.3728
2.9512
2.71246666667
1.41023333333
3.14456666667
2.07116666667
1.95806666667
SEC 73
3.81006666667
2.37226666667
2.93733333333
2.4683
2.73833333333
4.97273333333
2.09326666667
1.26743333333
2.77806666667
5.20816666667
0.9218
1.43796666667
2.42143333333
1.9323
1.78696666667
1.41803333333
SEC 74
1.13273333333
1.4638
1.31336666667
1.57096666667
1.6679
1.69556666667
3.47526666667
3.04303333333
3.06293333333
1.49426666667
1.2923
2.8834
2.22946666667
1.1606
3.31446666667
3.054
SEC 75
0.7366
3.1071
2.53893333333
0.697133333333
1.43446666667
2.50536666667
1.94326666667
3.68706666667
2.96623333333
4.2958
2.05576666667
2.3614
1.64016666667
4.0901
1.46763333333
4.60586666667
SEC 76
1.44143333333
3.95543333333
2.99216666667
1.94673333333
2.2749
2.62596666667
2.6242
3.91843333333
2.88586666667
0.867866666667
2.83153333333
1.9517
3.37603333333
0.9602
4.10323333333
0.9285
SEC 77
4.53956666667
6.19666666667
1.1752
1.08666666667
3.22526666667
6.9628
3.55846666667
3.62496666667
4.3083
2.33383333333
1.23843333333
4.2656
1.09193333333
5.61956666667
3.0573
2.95076666667
SEC 78
2.00256666667
3.04826666667
2.39963333333
1.64643333333
2.76146666667
2.73756666667
2.16293333333
1.4365
1.1108
2.12433333333
1.88546666667
2.4597
0.902566666667
1.21576666667
1.0238
1.14963333333
SEC 79
1.7688
2.05276666667
1.2727
0.869333333333
2.23893333333
2.05963333333
1.0947
0.935666666667
0.8635
3.22606666667
1.60036666667
1.79296666667
1.27486666667
2.81146666667
0.6134
3.2219
SEC 80
2.87123333333
3.38926666667
2.94543333333
1.67423333333
1.57923333333
1.54373333333
2.13213333333
2.42083333333
1.50223333333
1.77966666667
2.0287
2.12186666667
2.18676666667
1.37376666667
2.48466666667
0.9189
