SEC 1
5.27773333333
1.93286666667
3.06756666667
2.0708
1.88766666667
4.49743333333
1.8304
1.47173333333
3.6398
3.8921
1.43386666667
4.5337
5.32673333333
3.81323333333
5.53683333333
3.6396
SEC 2
3.22973333333
3.17216666667
3.09593333333
3.7329
4.03506666667
2.5464
4.65273333333
3.26
3.0219
2.1947
3.0734
3.3465
4.45796666667
4.49016666667
4.56326666667
3.17736666667
SEC 3
1.11996666667
2.2318
2.7444
2.51753333333
2.4419
1.31123333333
1.2613
1.43566666667
3.69716666667
2.90066666667
5.82473333333
1.9527
6.57806666667
3.48983333333
2.63906666667
2.60983333333
SEC 4
1.61803333333
2.001
4.05383333333
4.8602
2.71666666667
4.559
1.66053333333
3.8372
2.75786666667
5.74593333333
5.90283333333
1.08083333333
9.54116666667
2.2733
3.12323333333
2.82276666667
SEC 5
4.27486666667
4.18026666667
2.33153333333
1.81406666667
1.83506666667
2.23833333333
2.44536666667
4.41743333333
1.68586666667
1.82306666667
3.511
2.7281
2.28376666667
2.02883333333
3.36186666667
0.9753
SEC 6
3.53603333333
3.76286666667
2.75136666667
4.28363333333
2.60066666667
2.25213333333
6.1499
1.50756666667
2.69123333333
2.37593333333
2.41713333333
1.8782
2.88443333333
1.23593333333
3.86913333333
2.8128
SEC 7
1.47953333333
2.1752
2.64533333333
1.9156
3.10366666667
7.96
3.319
3.20246666667
2.1858
3.19363333333
4.10903333333
2.16506666667
2.99403333333
3.03466666667
2.38596666667
1.69643333333
SEC 8
0.9633
2.52806666667
0.909333333333
1.44036666667
2.12656666667
1.6018
1.66273333333
2.20343333333
1.5666
2.9661
1.85236666667
2.0578
1.7849
2.05326666667
0.938366666667
2.43243333333
SEC 9
3.35633333333
1.13963333333
2.42656666667
2.97086666667
1.19733333333
2.3404
4.5339
3.408
0.7532
1.88983333333
1.27343333333
2.79103333333
3.47356666667
4.74083333333
1.77453333333
2.89766666667
SEC 10
4.42456666667
2.50196666667
2.96853333333
1.94086666667
1.74203333333
1.7717
2.47853333333
1.8261
2.09513333333
2.30323333333
1.60916666667
0.855933333333
2.9575
1.98266666667
1.94476666667
1.8469
SEC 11
2.69316666667
1.76213333333
2.14293333333
3.13473333333
2.1204
3.2147
1.62093333333
3.09956666667
1.8264
2.41316666667
1.57286666667
2.08616666667
3.8411
1.78496666667
0.8026
2.28006666667
SEC 12
1.59753333333
2.58643333333
1.3064
3.3506
0.968166666667
1.46366666667
2.29313333333
1.5162
3.4474
3.5718
3.06603333333
2.9466
0.931866666667
3.733
5.19716666667
1.30843333333
SEC 13
2.22226666667
5.2219
2.2641
2.58306666667
3.05443333333
2.61936666667
3.89183333333
1.51766666667
4.05836666667
2.72546666667
3.55076666667
3.2513
1.2981
4.027
3.19683333333
4.62133333333
SEC 14
1.4795
1.28823333333
4.6953
1.79743333333
1.05816666667
1.8127
1.51986666667
2.91796666667
1.4547
2.76503333333
1.62923333333
0.849833333333
1.75066666667
1.46856666667
1.5656
2.4279
SEC 15
2.32176666667
1.00796666667
1.74146666667
1.01793333333
2.36383333333
2.1827
1.7995
2.78026666667
2.40736666667
1.88776666667
2.08966666667
1.23453333333
1.80473333333
2.43256666667
2.65236666667
1.74993333333
SEC 16
2.7934
5.50456666667
1.84823333333
1.7044
3.4586
2.39043333333
2.26753333333
0.9139
1.43776666667
1.46483333333
2.3213
6.65136666667
3.4798
1.5179
1.31856666667
2.1063
SEC 17
4.20036666667
4.77156666667
0.8105
2.93023333333
1.05603333333
1.3541
3.56293333333
1.76936666667
3.07376666667
3.00603333333
2.29513333333
1.84363333333
1.4052
4.05636666667
4.25956666667
3.36833333333
SEC 18
2.6388
3.05396666667
4.6446
0.737866666667
2.46363333333
0.6283
3.17213333333
1.35323333333
3.1311
1.4553
2.52923333333
4.45463333333
3.44553333333
2.58856666667
2.1958
2.31313333333
SEC 19
2.8186
2.04226666667
2.48743333333
2.35166666667
1.528
2.64483333333
1.49166666667
2.58536666667
3.17813333333
2.38053333333
1.62263333333
2.47133333333
2.9004
3.841
2.2221
1.8126
SEC 20
1.32936666667
2.37056666667
2.80143333333
2.64026666667
1.24943333333
2.0602
2.53356666667
3.06996666667
2.19913333333
0.762166666667
1.74563333333
2.09053333333
2.98986666667
2.54263333333
2.14433333333
1.2346
SEC 21
2.48516666667
1.67893333333
0.865766666667
1.82256666667
2.00023333333
1.60043333333
1.49326666667
1.8439
0.646833333333
2.03986666667
2.50286666667
1.6241
1.5589
2.46423333333
2.02286666667
1.23536666667
SEC 22
1.99296666667
6.47433333333
3.56683333333
2.7319
4.9605
3.8008
3.67
4.91533333333
5.37136666667
5.57566666667
3.32893333333
1.29623333333
5.68293333333
5.26263333333
5.3296
5.48496666667
SEC 23
6.45363333333
1.06023333333
1.7726
0.6784
3.5625
5.1067
8.10993333333
5.9167
0.942966666667
2.5494
3.2419
1.60603333333
0.9859
2.1966
2.64436666667
1.41436666667
SEC 24
1.1244
1.18946666667
1.21436666667
2.24973333333
4.5833
1.6897
1.86723333333
2.33823333333
2.383
2.03686666667
5.8265
1.61226666667
0.8293
0.8984
2.0878
3.3738
SEC 25
1.1289
1.2222
2.418
2.77726666667
0.866966666667
1.95516666667
1.64696666667
0.932033333333
2.98306666667
0.9305
3.96963333333
2.46266666667
1.62313333333
2.2098
1.22333333333
3.63156666667
SEC 26
3.55333333333
2.1327
2.70976666667
2.62806666667
1.34033333333
1.0119
2.00563333333
1.40713333333
2.4608
2.049
2.1666
2.69223333333
3.74653333333
1.91596666667
2.60516666667
3.24333333333
SEC 27
2.1594
1.68653333333
2.0397
2.92073333333
2.5321
3.35123333333
2.74113333333
0.8516
2.15803333333
3.3444
2.19533333333
4.79153333333
3.10533333333
3.1609
2.25353333333
3.45036666667
SEC 28
0.863933333333
1.80173333333
3.20386666667
2.10536666667
1.35776666667
1.02633333333
2.75943333333
2.49323333333
0.817333333333
3.28173333333
3.31203333333
1.95753333333
2.19723333333
2.83916666667
1.7325
4.13176666667
SEC 29
4.53613333333
2.84696666667
1.26616666667
2.6213
2.6657
4.16283333333
5.2889
1.11196666667
1.66066666667
1.36663333333
4.0279
1.35843333333
3.16193333333
4.21216666667
2.21903333333
3.0984
SEC 30
5.04866666667
3.99203333333
2.75223333333
3.8322
1.06906666667
3.2975
4.14856666667
3.42776666667
4.45076666667
1.0627
5.1198
6.53243333333
5.4949
1.7244
3.12773333333
3.16133333333
SEC 31
2.1122
1.349
1.43366666667
2.0097
2.4127
2.56446666667
0.7782
5.4531
1.26546666667
5.5919
1.87443333333
2.57176666667
1.6733
2.32416666667
1.92753333333
1.15566666667
SEC 32
2.8944
1.1598
2.1404
2.52926666667
0.5067
1.5763
1.74863333333
5.38106666667
2.94316666667
1.9089
2.65436666667
1.3756
1.68253333333
0.9741
2.97943333333
3.3218
SEC 33
1.1244
0.7306
2.14893333333
0.593566666667
3.49793333333
1.55443333333
0.8072
1.10013333333
0.991233333333
0.8923
2.23123333333
1.84663333333
2.24383333333
2.3064
2.16643333333
1.71306666667
SEC 34
3.97536666667
1.2048
4.96563333333
2.80103333333
2.01923333333
4.29873333333
2.75133333333
5.36833333333
0.563166666667
4.17803333333
0.942633333333
1.92593333333
1.645
4.1299
1.05983333333
1.95996666667
SEC 35
2.8559
3.38243333333
2.70466666667
2.0691
2.82983333333
2.8602
2.41476666667
3.66036666667
3.3924
4.03436666667
2.58076666667
2.1801
3.52713333333
1.69216666667
3.76346666667
4.6972
SEC 36
1.43026666667
1.28343333333
1.4336
3.00846666667
2.64376666667
0.9873
1.1502
3.4642
1.56276666667
4.3454
1.57776666667
3.6695
4.18406666667
1.05353333333
3.91356666667
5.559
SEC 37
2.55313333333
1.91626666667
2.25986666667
3.93086666667
2.11783333333
2.71763333333
0.948
2.2148
3.74563333333
1.39896666667
2.99396666667
2.56983333333
2.15873333333
1.87673333333
1.449
3.1979
SEC 38
2.1472
1.92526666667
2.57886666667
2.6256
3.16526666667
0.8614
2.08393333333
2.9665
4.27583333333
2.6199
2.48726666667
0.784066666667
3.58486666667
4.6089
2.19403333333
3.1756
SEC 39
5.9651
1.44503333333
1.8466
3.109
1.6232
3.6838
2.31676666667
2.1692
3.6522
3.7015
3.1948
0.9278
1.29243333333
1.0986
2.50033333333
4.21123333333
SEC 40
4.32206666667
1.75196666667
3.4314
1.67683333333
2.54446666667
3.7508
3.6352
2.8703
3.92606666667
1.79823333333
1.3226
2.72446666667
1.8696
2.68513333333
1.6416
1.5047
SEC 41
1.79913333333
2.18173333333
2.8359
1.09163333333
1.67546666667
2.70653333333
1.18446666667
1.99913333333
1.4919
2.83796666667
1.46956666667
1.59836666667
1.26613333333
0.630233333333
1.64703333333
1.54016666667
SEC 42
3.6807
2.48753333333
0.986733333333
2.321
5.13503333333
3.10836666667
3.3706
2.08156666667
2.4617
4.6756
3.07946666667
1.6717
1.14113333333
5.16533333333
0.762766666667
3.3714
SEC 43
3.39463333333
3.87936666667
1.51443333333
2.2889
4.29886666667
4.0834
3.48483333333
1.96576666667
2.48693333333
3.8068
1.80253333333
3.19993333333
3.22616666667
2.68413333333
7.10843333333
3.26626666667
SEC 44
3.5181
4.4294
2.85116666667
3.9375
5.9812
4.87756666667
6.31266666667
5.18636666667
5.6467
4.12703333333
4.74576666667
2.28236666667
5.1884
6.16846666667
8.22166666667
6.73473333333
SEC 45
3.8078
3.8095
3.2316
1.0736
3.01956666667
1.12566666667
3.43916666667
2.86843333333
0.8094
2.87153333333
1.46093333333
2.5067
2.2638
1.7614
2.01456666667
1.48176666667
SEC 46
1.07366666667
0.991766666667
1.4187
3.99863333333
1.49153333333
2.1872
2.18953333333
1.90643333333
0.845733333333
2.2952
2.20623333333
1.00843333333
1.41656666667
1.66876666667
1.11443333333
1.96973333333
SEC 47
1.596
1.87466666667
2.0864
1.9838
3.47613333333
2.1183
0.931333333333
2.0744
1.2597
1.49733333333
1.46153333333
3.20016666667
1.55726666667
2.11806666667
3.2367
2.4309
SEC 48
2.15396666667
1.34883333333
3.22096666667
3.77436666667
2.6848
2.37373333333
2.94373333333
3.32536666667
1.45036666667
1.11593333333
1.74016666667
1.56176666667
2.8847
3.3187
3.31976666667
2.18833333333
SEC 49
0.764266666667
1.57206666667
0.6864
1.1468
2.9093
1.07646666667
1.5773
0.994933333333
2.03546666667
1.32326666667
1.21023333333
3.87326666667
2.25053333333
1.3365
1.9173
0.7571
SEC 50
1.7867
2.40276666667
2.00146666667
1.2279
3.20876666667
1.85233333333
2.24983333333
3.75646666667
1.45736666667
1.222
1.197
1.1325
1.0858
2.10166666667
2.0908
1.98603333333
SEC 51
1.9691
1.00546666667
1.2999
1.6817
1.64956666667
2.98603333333
1.46876666667
2.15393333333
2.59826666667
1.29056666667
1.1247
1.28806666667
1.6881
0.968966666667
1.556
1.35493333333
SEC 52
3.37223333333
2.2422
3.7577
2.01253333333
2.71866666667
2.7214
1.67853333333
2.18786666667
3.2075
2.11743333333
1.67056666667
2.16143333333
0.841266666667
0.7937
2.06883333333
2.17256666667
SEC 53
1.7056
2.18846666667
1.61243333333
3.92746666667
2.7282
2.06606666667
1.74066666667
2.6611
0.8538
2.78383333333
1.76046666667
1.30296666667
1.64553333333
2.2916
1.41296666667
1.17556666667
SEC 54
0.853666666667
1.6773
2.34113333333
2.07523333333
3.06396666667
0.929166666667
2.1654
1.91123333333
2.04233333333
0.9641
0.919333333333
2.34203333333
1.1289
1.19333333333
3.7362
2.0983
SEC 55
3.11753333333
4.03436666667
2.03566666667
2.21453333333
1.49416666667
1.35706666667
0.917133333333
1.94893333333
2.46376666667
2.21596666667
2.31596666667
1.8837
3.61546666667
2.0699
2.1395
2.55253333333
SEC 56
3.00506666667
1.11673333333
4.88073333333
2.67706666667
1.8685
6.7169
3.06436666667
0.853833333333
1.81126666667
2.67486666667
1.1372
4.66026666667
4.19443333333
2.2495
3.7561
1.28916666667
SEC 57
1.7214
1.75883333333
1.98603333333
3.6415
3.79556666667
2.65373333333
4.2326
2.33893333333
3.46833333333
3.0969
2.62076666667
3.6964
3.78053333333
4.93603333333
1.80593333333
2.85213333333
SEC 58
1.2592
3.70993333333
3.80653333333
2.1203
2.9419
3.01333333333
3.456
4.0213
2.33933333333
1.79843333333
1.69096666667
2.9143
2.54376666667
1.64333333333
4.5932
3.44706666667
SEC 59
1.1262
2.31123333333
8.13343333333
2.6635
2.4383
4.13726666667
1.08593333333
2.87513333333
5.6019
1.20343333333
4.16216666667
0.534
2.8907
2.30216666667
5.03703333333
2.31476666667
SEC 60
1.21243333333
1.6968
2.10183333333
2.7677
1.16873333333
1.3676
0.9225
2.0037
3.00093333333
1.6405
1.44193333333
2.84663333333
1.18373333333
3.33116666667
1.19096666667
1.89793333333
SEC 61
1.67156666667
0.8115
1.59486666667
0.743033333333
2.6855
1.7026
0.859233333333
2.0504
2.23606666667
1.65343333333
2.35323333333
2.9409
1.29523333333
2.254
1.53786666667
3.7015
SEC 62
3.44743333333
0.8888
1.2984
2.5282
2.57836666667
1.9819
3.03606666667
2.32046666667
1.819
2.5066
0.9728
2.7098
3.261
2.0042
1.2226
2.69083333333
SEC 63
0.969233333333
2.12856666667
1.2451
2.111
2.65233333333
1.9675
1.13706666667
1.44083333333
2.50676666667
0.723533333333
1.759
2.05146666667
2.87823333333
2.61333333333
3.57466666667
1.9542
SEC 64
1.6289
1.8213
0.9137
1.53796666667
3.41003333333
2.33756666667
4.60096666667
2.93483333333
1.8589
0.7396
3.19366666667
1.8421
0.914166666667
4.8594
6.0307
3.8578
SEC 65
2.3241
3.1411
2.44233333333
3.8544
4.60756666667
2.48416666667
4.68756666667
4.4264
9.06656666667
2.86336666667
3.18656666667
4.61496666667
4.33893333333
7.006
2.7844
1.64373333333
SEC 66
1.43766666667
3.45743333333
0.888966666667
2.2173
2.86333333333
7.12636666667
4.56196666667
6.1883
1.77993333333
5.77863333333
2.2293
5.6331
2.51656666667
4.9356
3.27743333333
1.52873333333
SEC 67
2.12413333333
2.48353333333
1.90146666667
3.8424
3.50826666667
2.43666666667
2.72533333333
1.92506666667
1.71983333333
2.31283333333
0.850166666667
1.87173333333
2.044
0.643766666667
0.836066666667
2.60543333333
SEC 68
1.53153333333
1.41516666667
1.94106666667
0.747233333333
6.329
2.72933333333
3.449
2.04043333333
2.50326666667
1.19676666667
2.91743333333
3.24356666667
2.92573333333
1.20356666667
5.01083333333
1.77593333333
SEC 69
1.75483333333
2.14603333333
0.571933333333
1.50833333333
2.39186666667
0.7478
1.75586666667
1.8751
1.47713333333
3.40196666667
1.76576666667
2.6132
2.2333
3.84493333333
3.4631
0.7818
SEC 70
5.9896
2.27276666667
5.65093333333
2.62253333333
1.67436666667
4.78073333333
1.93723333333
4.22836666667
0.966
3.83376666667
4.66516666667
1.17643333333
3.3471
2.12916666667
1.7099
2.78343333333
SEC 71
1.53486666667
2.1198
3.4758
2.16536666667
3.34946666667
4.6944
2.59843333333
2.01203333333
1.4938
2.9486
3.01043333333
2.92573333333
1.14863333333
2.36433333333
2.45183333333
3.60163333333
SEC 72
1.53846666667
4.70163333333
2.6033
1.71696666667
2.73483333333
0.759266666667
1.92623333333
3.4577
1.6778
2.91176666667
1.80493333333
3.4512
2.0907
1.51323333333
3.2802
1.1498
SEC 73
4.19773333333
2.6399
1.77643333333
2.62143333333
2.22183333333
2.1928
3.29953333333
2.167
1.6307
2.4973
1.14823333333
0.821266666667
2.52523333333
0.8757
2.53136666667
3.73556666667
SEC 74
3.7276
0.8936
0.572733333333
1.33713333333
3.68636666667
4.51056666667
2.2264
4.40916666667
3.5325
3.02293333333
2.97426666667
3.81716666667
4.91083333333
2.69736666667
3.4648
3.74253333333
SEC 75
1.46306666667
2.56066666667
0.7626
1.29736666667
5.2188
2.17303333333
5.40996666667
1.39706666667
1.36926666667
2.69056666667
3.76676666667
3.16443333333
1.43373333333
2.59416666667
1.0585
3.2076
SEC 76
0.726
4.2516
2.85143333333
4.04373333333
2.99506666667
0.931033333333
2.4149
2.63803333333
2.52496666667
4.3637
4.00126666667
4.95083333333
2.93813333333
2.92063333333
3.26716666667
1.72533333333
SEC 77
2.73246666667
3.33513333333
3.2404
2.7612
3.1833
1.74673333333
2.68983333333
3.2889
3.3175
1.42116666667
2.97543333333
1.95123333333
2.4778
2.27973333333
0.892533333333
2.49723333333
SEC 78
3.3177
1.4335
3.38753333333
1.38566666667
1.49733333333
2.70366666667
1.3488
1.5905
0.658833333333
1.88086666667
3.14763333333
2.27496666667
1.4454
2.81816666667
1.12843333333
1.50646666667
SEC 79
1.2033
1.6893
1.28726666667
1.7251
1.9136
2.4709
1.3336
2.2101
2.21373333333
3.2187
1.3546
1.4239
2.21783333333
3.5097
2.13556666667
0.806833333333
SEC 80
3.45563333333
2.4771
3.60626666667
2.63543333333
4.19126666667
2.9691
3.73036666667
4.83476666667
3.5234
3.0605
5.5137
3.8454
4.50326666667
3.64703333333
2.59706666667
5.03976666667
