r=1, wt=16, c=32
5322559
3385233
5904908
5721182
5333309
4569500
4396912
4205686
5648978
4504206
4674703
4303050
4828903
4918080
4740641
4629967
5562016
4996308
4355405
4981069
7451957
5019192
4721408
4775609
3377695
5337861
4399384
4930028
4619013
4819881
4484039
4630733
4374857
5507023
5557505
4950532
4487306
4046029
4668041
3893322
4207747
4675851
8709705
4261140
5272029
4646825
5160608
3936923
5116225
5521763
5428269
4386355
4578168
4378765
4456429
5208826
4259163
5956768
4455806
4108009
5295897
5007034
4325240
4111049
4155674
4046999
4101477
4509989
3874900
3747431
3968917
3887347
5185788
4381999
4173572
3611057
4345687
5050035
4097877
4906561
AVG: 4726650.37143

r=2, wt=16, c=32
3306294
4243860
3565099
7010729
4821337
5859682
4582697
6816197
5128925
5155390
4717733
4420901
5851373
4820808
4109458
5671807
4174551
4190841
4977759
4177196
5001669
4075818
5126904
5553722
5223464
4919384
4297681
4969271
4664893
4825540
4819295
3999158
4786650
5355924
5404436
4926768
4547495
6067366
5016364
4711851
5480951
5448372
4450231
4911869
4083719
4731688
4795513
4956155
4491770
4780279
3609421
5533945
5611692
4712658
4985530
5701604
5178612
3725190
5578297
4689740
3966297
4978645
4932540
5263977
4645469
4650237
5164651
5126904
5871240
5016672
5577641
4791609
5292689
4376988
5271816
6095465
4515398
4955478
5434246
4567478
AVG: 4933336.88571

r=3, wt=16, c=32
4633334
3276635
4102011
4935619
3996181
4531257
3855551
4916673
5107055
4073699
4309136
4382920
5648429
3600276
4012318
4665448
5348186
6629773
4878906
5324255
3727843
4594322
4675162
6605836
4761468
5267886
4667861
4424645
4491748
4762453
4166363
4745136
4439754
5385874
5594435
3692402
5466270
4858175
4415988
5285907
4657950
4303258
5302292
4207630
4526528
4765930
5148751
4708905
4100595
4301173
4513587
5778553
5362246
5710191
3951599
4498251
4188720
4866226
3457161
4697530
4285384
5705249
4787649
5186173
4521006
5507121
4873118
4945952
5119385
4110384
4974753
4815548
5120900
4617336
8300637
4232627
4947937
4754458
4721887
6587518
1953281
AVG: 4809348.0

