r=1, wt=64, c=4
2781597
1997111
1530071
1583005
1526984
1285332
1476282
1540698
1459885
1223789
1314214
1419721
1253345
1414316
1329822
1282811
1426900
1344940
1386961
1226573
1185716
1203387
1159998
1428656
1214102
1320945
1290555
1459563
1194728
1377749
1385716
1296903
1302806
1371841
1150626
1254959
1268157
1198849
1179250
1186793
1339487
1300004
1279608
1264408
1284628
1271141
1576720
1302105
1398611
1233478
1240481
1202327
1166922
1398176
1136012
1344260
1348010
1364175
1218941
1334443
1532433
1318071
1220413
1451887
1210837
1232858
1262368
1195156
1330160
1161657
1359028
1327980
1214768
1319728
1244670
1277342
1323393
1258935
1511484
1196913
AVG: 1302897.7

r=2, wt=64, c=4
2814913
1598784
1613449
1603511
1724279
1242156
1293042
1290320
1312001
1273024
1151933
1369478
1306135
1290007
1270499
1358691
1307126
1394480
1260350
1474703
1236086
1236191
1229885
1263951
1279142
1099828
1316245
1252041
1273275
1277175
1419404
1396809
1267793
1345604
1470638
1224158
1162537
1276581
1217335
1167259
1233049
1343898
1282824
1199779
1230382
1294401
1254483
1346200
1366368
1435781
1283979
1593780
1426107
1299577
1286405
1126059
1309339
1389222
1229157
1203236
1309720
1328230
1326601
1241892
1444168
1204515
1205426
1161859
1279243
1326682
1186639
1430041
1400864
1267939
1225542
1318165
1334267
1263753
1222170
1835846
AVG: 1292560.98571

r=3, wt=64, c=4
2463943
1601878
1727983
1488109
1552238
1393219
1260890
1266165
1391127
1367648
1176005
1202684
1171455
1201545
1254945
1219497
1314273
1298340
1195638
1364963
1285114
1304047
1268613
1338141
1310858
1472342
1205170
1142091
1233832
1155137
1203145
1660388
1330575
1279647
1246494
1394183
1353774
1409636
1417126
1488904
1222692
1269927
1395050
1370787
1243443
1322636
1461936
1460339
1326549
1313104
1306353
1410142
1439479
1269358
1365789
1240969
1200650
1277707
1214673
1230395
1248040
1307766
1296887
1183486
1206250
1313810
1253995
1386820
1356755
1452716
1276917
1165961
1278540
1136149
1188705
1248144
1616977
1359714
1324003
1236112
AVG: 1299605.51429

