r=1, wt=64, c=16
3295222
2343640
3360053
3678572
3638455
2521100
2298816
4366203
2337590
2250959
2227853
2257598
2371711
2269521
3552768
3440024
2633483
3261448
2863859
2684384
2916510
2509922
2751700
2105143
2045459
2658852
2276010
2442481
2252108
2793789
2671305
2289649
2376942
2337609
2758252
2591796
2470407
2622290
2174248
2611358
2199617
2114145
2054413
2210026
2517301
2447082
2260598
3600380
2494868
2944391
2572667
2346713
2592877
2485741
2146541
2405576
2013401
2237976
3271128
3153360
2571731
2686451
2370770
2727372
3156865
2830625
2454651
2962170
2390405
2506792
2486020
2327265
2643815
2234072
3149978
2644052
2508123
2654833
2695972
2519381
AVG: 2579441.85714

r=2, wt=64, c=16
4942361
2729869
2804338
4599756
2710334
2538375
2482432
2766965
2372834
2362331
2635166
2241412
2398651
2348626
2623967
3013577
2480659
3543520
2598696
2624617
2970824
2514896
3118235
2375561
2534772
2700844
2301475
2579530
2674613
3080473
2820204
2587247
2505817
2787021
2923651
2961735
2781691
3134193
2420121
2446261
3521380
2437748
2500621
2578024
2650328
2826485
2433713
2395388
2716563
2615181
2686185
2819171
3117195
2307788
2130252
2664650
2743432
2040641
2595005
2765499
2281712
2365453
2473685
2782227
2667121
2757537
2532552
3214602
2397359
2375155
2455648
2373373
2746408
2571849
3021395
2970407
2529747
2452556
2552857
2812952
AVG: 2640175.95714

r=3, wt=64, c=16
3272024
2848828
2710075
3980729
2731809
2779166
2941543
2989330
2888530
2512288
2181144
2423296
2406797
2345678
2339632
4509902
2832477
2667737
2273139
2786813
2903505
2650825
2826034
3043837
2127664
2412538
2496221
2493621
2378221
2377500
2823180
2933026
2527136
2428010
3121338
2936516
2681743
2875471
3715242
2344328
2336887
2515425
2633689
2351196
2576488
2528462
2757907
2354550
2355372
2835015
3042118
2795876
2444023
3253977
2294199
3018177
2465214
2357051
2442087
2273509
3381063
2730483
2553607
2295943
2731552
2457993
2936862
2638507
2907787
2474590
2136837
2224393
2411804
2562166
2216770
2452988
2468117
2424655
2448460
2834785
AVG: 2646642.95714

