192770
538290
301311
247861
197510
173902
189076
225874
161117
158458
147422
178714
126446
139300
108367
104764
157334
147146
140420
114966
105850
103546
110578
104476
130945
160627
142854
191526
125231
169790
100805
158409
132995
89680
94625
152350
134067
165348
165475
148480
109052
106005
188273
183531
129046
136990
134778
139711
173953
122361
145413
132697
132104
170408
183908
117683
184121
136603
102428
139515
140438
119892
109077
123898
105501
120936
87713
178026
181777
189830
158943
134609
133651
96497
91781
109902
115568
118505
121690
227077
36609
AVG: 139605.830986
