423313
192517
337963
170807
155151
192780
323788
154678
138558
157057
123520
152416
144672
157486
124199
115167
102802
154516
96140
110490
162051
140502
205021
125300
118110
157234
149578
212684
117590
101949
104055
146623
164599
109916
124818
120229
93680
127927
139292
123080
164179
104058
200780
152930
126309
116222
145006
134677
123199
118730
117055
145722
98045
142230
139869
166859
149221
107231
291641
172912
141983
120277
276688
824147
155840
129899
211802
163742
160270
101722
124762
127115
141711
116939
142486
169962
150973
198111
154869
246523
47971
AVG: 155193.338028
