1236418
172843
141907
137770
111335
104651
137342
118578
98639
97289
96953
95102
97572
98998
99833
102435
91526
105109
98997
97355
98227
96143
106589
111341
93396
133904
90025
87504
92289
103882
87954
101800
103656
94343
94234
102183
103711
111717
107140
99868
106850
95831
104312
94819
91220
96297
88068
102244
96059
104160
95518
102303
96268
90773
93960
95954
106892
112346
111993
111059
95840
89951
100383
98652
120496
95319
89221
98309
89534
105342
89550
91195
99976
123079
103347
101919
110566
92100
87825
96547
AVG: 100677.214286
