914433
157361
136484
145269
124898
146742
102796
117018
129512
106534
97757
111040
98386
91602
100563
96282
89658
98264
99181
106840
95132
102596
109105
101858
93471
89303
98640
91815
95729
98861
89899
93937
102722
97046
90310
89571
107553
88096
100043
95250
87907
101973
91775
93168
94454
87786
97745
98611
81752
101961
92835
96998
87412
100801
92933
89963
98561
96048
86749
90730
84809
84599
93678
88150
87012
95240
92281
93491
119805
90677
98110
96582
102305
97073
103437
104965
94997
111354
88452
100479
70613
AVG: 97542.084507
