1101618
173390
144790
137809
124863
108826
125899
136260
96738
91839
99437
109580
117268
89222
109703
88371
89821
108806
96435
101476
91619
161817
108698
102734
97419
100639
97293
91002
91797
96000
97390
105998
83370
110098
117561
147502
114041
95814
87454
97944
100559
93186
87125
97578
99381
98106
94094
120376
104893
109032
95265
87667
102661
104198
91411
97779
85092
83052
94250
93017
96458
90345
92919
92213
89136
117381
101461
92444
87487
95439
98086
95677
92993
83769
94975
114206
96006
92176
101228
90325
69652
AVG: 100557.492958
