r=1, k6
1101618
173390
144790
137809
124863
108826
125899
136260
96738
91839
99437
109580
117268
89222
109703
88371
89821
108806
96435
101476
91619
161817
108698
102734
97419
100639
97293
91002
91797
96000
97390
105998
83370
110098
117561
147502
114041
95814
87454
97944
100559
93186
87125
97578
99381
98106
94094
120376
104893
109032
95265
87667
102661
104198
91411
97779
85092
83052
94250
93017
96458
90345
92919
92213
89136
117381
101461
92444
87487
95439
98086
95677
92993
83769
94975
114206
96006
92176
101228
90325
69652
AVG: 100557.492958

r=2, k6
1144369
169406
142467
135680
103539
142176
152399
123995
114420
127753
104622
109285
100579
111799
125464
128811
110566
104578
98512
105265
124122
98020
98109
102379
109134
96999
97936
96826
146083
121908
106154
94447
102813
106539
101821
111713
85364
109382
103050
116440
98471
120358
99250
102332
131117
99531
107375
103821
117110
99939
95654
96355
106901
96331
101922
106710
108527
87662
110968
109885
109911
96882
125459
93146
108853
111952
98614
111244
100693
105813
102760
99277
114815
101861
102988
126565
129429
108634
106775
126128
75743
AVG: 108457.957746

r=3, k6
1236418
172843
141907
137770
111335
104651
137342
118578
98639
97289
96953
95102
97572
98998
99833
102435
91526
105109
98997
97355
98227
96143
106589
111341
93396
133904
90025
87504
92289
103882
87954
101800
103656
94343
94234
102183
103711
111717
107140
99868
106850
95831
104312
94819
91220
96297
88068
102244
96059
104160
95518
102303
96268
90773
93960
95954
106892
112346
111993
111059
95840
89951
100383
98652
120496
95319
89221
98309
89534
105342
89550
91195
99976
123079
103347
101919
110566
92100
87825
96547
AVG: 100677.214286

