3929171
3728472
4231889
3823800
3213598
2763217
3374120
3416398
3229201
3097621
2925637
3185578
3539306
2919927
3130255
3003360
2827726
3105677
2678386
2769827
2562926
3021347
3414630
2872240
3370004
3003382
3280340
3391544
3222984
3361018
2885668
3402425
3345244
2994796
2992915
2830571
3066496
3575419
3045278
2870511
3200706
3283253
3125265
3056563
3561218
3169193
3825011
2853500
3145427
2623432
2720227
3421591
3213772
3259828
2956068
2967546
3496451
3276357
3252416
3230823
2738194
2916323
2917813
2585830
2766179
2727060
3260221
3146686
2882264
3386044
2970958
3521310
2988472
3217829
3278965
3132318
2933824
2696242
2882443
3072941
