3729832
2391831
2615597
2660778
2580373
2560083
2498974
1971699
1924243
2029568
1859050
1987601
2089259
2407397
2108203
2251820
2248631
2091671
2543940
2228647
2245995
2531490
2166570
2053386
2183461
1952062
2296491
1961494
2465279
2356760
2962954
2180684
2198523
2374983
2115095
2250907
2637435
2100771
2030109
2105446
2306510
2057444
2033272
2583312
2297286
2160335
2031416
2346890
2245773
2436790
2360029
2690396
2082714
2104898
2182258
2003132
2142019
2085931
2609566
2231959
2004043
2235960
2483811
2312766
2993009
2307605
2535312
2338818
2111439
2195210
2003044
2491012
2191576
2656560
2497492
2459350
2656795
2452329
2397907
2582370
