2977197
1852667
1580599
1500317
1502081
1511906
1476801
1353431
1440921
1265302
1256187
1217520
1295049
1198931
1298241
1351770
1480165
1309260
1247022
1367196
1329308
1398960
1366629
1350437
1250279
1242300
1264089
1319431
1261408
1158240
1408248
1386868
1294194
1180061
1445991
1461588
1303126
1314274
1418542
1372508
1283126
1242598
1208097
1353584
1167179
1385030
1319137
1262629
1389098
1391660
1398342
1289788
1320145
1330443
1180922
1269515
1255638
1229104
1256445
1214500
1375868
1478492
1275187
1249939
1387476
1506101
1345383
1451176
1450023
1333443
1266018
1282488
1276033
1243375
1195619
1382227
1312862
1336218
1297254
1409724
