3200070
2228855
2327248
2541615
2157634
2017572
2468811
1665429
1898873
1883161
1756148
1849422
1942698
1996403
1994640
1660209
1930424
2423591
2108498
1995121
2186433
1892671
1687634
1806765
1739521
1811900
1650199
1866669
1914483
1767294
1836567
2064681
1972047
2024579
2430162
2234684
1898473
1954531
1956361
1861166
1749744
1940945
1934744
1997377
1839802
1848254
1901119
1884522
1782877
1962984
2205555
1762084
1692507
1749460
1767725
1726069
1657675
1846807
1951948
1829765
1752671
1937140
1830787
1942280
1896507
2101953
1743894
1695076
2407543
1858982
1940019
1789840
2096745
1854868
2395668
1741024
2010221
1925624
1898897
1946763
