2497206
2049415
2338501
2233541
2114882
2051895
1900765
1882094
1973472
1938119
2122129
2164814
2178271
2122139
1869755
2130296
1968559
1819623
2047739
1850433
2006464
1992577
1852319
1953540
1948441
2215064
2198464
2239628
2011410
1908159
1902453
1970251
2151403
2034408
1848622
2104865
2070776
2268438
2204757
1942863
2155269
2193965
2282170
2225005
1988782
1987308
1989556
1990803
1898047
2112712
2217777
1969511
1984699
2063567
2065079
2137694
2023752
2143573
2145542
1903976
1924875
1926984
1812134
1916701
1816932
2113364
2130387
1971253
2215048
1960654
2070814
2034995
2120445
2147982
2092664
1976091
1861184
1942787
2098223
2101826
