1170413
1508531
2693881
3316826
2235600
2482090
4924029
2952480
2886655
2954548
1669095
2720861
2458644
2371154
2465550
2629034
2313113
2909225
2595030
2689264
2644205
3008333
2863563
2633355
2204970
2200183
1974329
2179728
2648437
2479590
2359535
2050767
2670024
3144345
3184081
3128941
2740226
3060571
2812586
2525487
2619034
2400131
2178345
2386938
2727655
2397068
2357320
2556852
2440922
1942287
1769520
3121791
1871689
2182879
2569256
1997181
2008074
2039137
2084096
2220023
2256603
1537054
2435830
2271615
2446931
2515206
2686888
2756866
2557367
3254090
2046606
2184601
2152311
2370945
3708218
2387612
2239555
2835202
2791176
2704222
