417758
425186
439939
241069
240621
205875
233626
215878
233250
232352
334938
246410
254630
212521
224931
245569
262454
308653
284119
290330
260741
190121
250916
211407
154538
188426
202688
222900
228387
177645
230320
200013
305190
249995
278476
278421
151442
192045
197766
217841
176763
226444
274669
252850
324898
251987
206159
299726
212000
289167
248226
177687
223577
223378
211197
290967
326173
255296
245321
270892
243809
265255
325479
248095
326305
235126
234091
259716
210828
207144
324581
273381
325811
251415
212367
314361
279324
256450
295255
282107
