284877
167858
385912
319148
308675
204471
269247
329557
289640
292783
280289
162000
194992
186655
216123
198949
170103
257587
173398
183929
191694
285497
230861
263148
274741
263383
164723
172945
145635
223994
202894
190984
194518
160480
151372
394891
199606
242581
262078
273520
200358
179697
177807
176050
159508
202883
263770
355611
206065
207250
217491
229610
226666
280084
223268
308841
196427
229142
200389
209966
210066
209738
251054
210471
163432
184124
153453
290653
240102
323349
228348
164865
185227
152548
160157
193997
200100
282258
173877
177165
