533846
278830
190533
198131
253107
291666
267826
271806
322899
263033
273776
267000
276495
221966
239094
279514
371451
291591
270898
281021
238907
272267
310143
327740
347458
307201
285214
288577
256438
250938
255193
302879
292375
229351
314472
302470
301194
350563
278918
279936
256975
265285
294815
246375
319459
294881
279481
274958
378230
236934
309252
285021
287025
295640
271345
225462
227477
238788
262423
254575
338808
264483
289821
259148
248842
318543
314827
235308
264643
279897
239074
265876
230874
257989
238552
267402
315711
253784
242395
247861
