547566
256521
396431
598497
403088
305347
406676
442743
373860
397694
315759
455588
310106
294365
331882
304607
410416
385129
378072
420669
337046
378209
356332
446797
466725
366414
398097
330269
331140
349822
352518
325141
300358
342071
371978
317567
379099
345311
396144
362509
343128
452581
383374
348933
352076
328443
331692
303317
398144
408172
272159
401039
364063
387577
364082
405629
395386
319303
338793
322416
328498
390004
352439
431123
437996
357092
615097
446999
418608
576693
375706
373116
286339
299079
321593
307247
423835
309141
450785
454177
