563687
275442
600539
411845
419155
336256
380993
443443
391318
532180
407163
390413
455886
371887
427104
465516
409076
484704
342288
343371
392410
373454
422888
378457
394495
398301
403285
378946
347708
438208
426895
488730
451136
392156
333773
397432
437175
364891
447930
427275
404012
401110
379951
475199
488974
460712
417376
517996
389801
353717
330618
349165
390127
352885
420617
454129
361006
411700
472998
439657
400169
337613
564327
328098
328584
428131
410903
338770
383068
418346
417445
359942
333107
358382
443284
333269
546299
531867
327611
324357
669654
