599799
273123
269038
239897
311094
302180
329043
349408
287587
303404
300937
273475
317180
280945
332347
244353
293887
321753
279223
287606
285327
239771
285431
265778
263080
322138
289331
276999
260763
349407
265899
245034
249746
255916
255472
260558
309154
289193
242875
250329
301982
274432
261827
294567
351859
294981
247706
262536
280438
299678
253433
295061
371861
254930
322357
288060
333088
331005
346988
336958
300661
248821
287689
345409
251314
245512
273984
298120
249284
284480
296673
310309
312081
295916
303067
256655
265619
268377
217842
311398
