405122
189777
265938
378474
311995
320634
322611
335705
347088
286858
341024
320206
301738
304035
372526
276364
302240
264663
281544
273013
320249
283026
339655
348923
274814
335769
310231
336546
362473
310549
283996
271170
315974
301766
292378
269395
273875
358914
312236
302360
353592
268856
330086
357207
293198
314111
288214
313869
276035
287500
328606
279959
297390
316921
263908
303897
382008
278711
360264
342432
331629
273386
332994
304494
269449
277099
275854
327779
308504
268918
345050
333001
336031
324747
312206
332819
285839
273572
267353
257017
