831508
1018025
1036940
967810
822508
846287
859526
842751
827475
908499
785757
785874
818522
777882
984592
799659
858337
832490
781379
738759
786409
869836
828433
826037
1247370
792299
759194
837245
760808
774102
788534
782909
799803
793544
740700
835546
887266
868727
820762
843445
837855
1217360
806196
744882
762463
729028
877980
892374
803404
765529
729837
811728
759884
709278
773976
813905
706807
816883
733494
707928
681092
712791
724034
801562
685481
690988
848146
778143
773200
1320448
877527
831086
764437
759684
756487
910145
850873
789259
870669
746915
