1060766
1034573
888223
913048
965088
831884
813016
877727
806896
789755
774027
988873
1061643
706042
805002
787117
769076
1056686
789687
797728
787233
823633
844408
874033
748330
733955
754276
698351
690304
848202
890550
814213
747461
814514
779688
855516
760329
880678
981347
777325
778921
759278
785264
729279
832181
758790
965747
707140
821280
775139
723691
734094
697549
699321
673123
746293
644799
839955
689883
775315
780969
795459
665340
1246978
833545
861347
811580
843081
744392
779296
811195
764862
831394
772241
914253
798362
777090
799487
779284
787042
22279271
