961020
810871
909387
815013
870909
775371
723258
844014
710731
824999
756323
720349
760343
777673
773257
742337
770527
787352
813547
758086
728356
840403
761925
730749
803452
768036
816327
803591
799736
688491
737206
785673
896050
815684
947051
872229
907293
839658
834896
1136156
851717
748412
787878
820581
797144
1196212
767781
784057
798715
833998
738923
851322
710769
866870
707977
697265
714155
716111
724850
715924
666421
751511
823578
786923
750297
746089
754056
804234
834892
976625
843900
740429
847033
1211179
741493
762937
735022
906177
820643
1197413
