1003281
484605
731823
711790
726760
564324
471755
493919
617263
444304
483954
483320
556652
509210
494013
504498
605243
580866
492156
531775
509445
513434
471952
465087
437954
535474
496741
592095
495938
499837
494372
535024
527155
562681
606768
590306
450899
486498
530812
468848
503154
471716
576218
503572
563530
542672
536132
506653
681527
664300
615036
467368
542136
465912
507450
528139
477294
583480
514131
476850
609006
550513
542712
580568
479184
540150
442341
554498
463205
436652
473221
502772
548031
509908
497748
477014
515271
580942
518738
533940
