688593
495999
734091
859359
595992
647808
591912
811767
754811
717169
755698
569980
935146
566326
665963
551005
561070
727846
726562
539663
756198
559833
837677
734065
588603
604651
636858
632889
781149
506609
602270
621230
703311
724071
646947
558324
566364
634935
760519
757129
738399
769698
561478
575530
628237
510591
584623
653329
743023
620074
642466
766843
582819
692138
600100
756673
527005
624513
595016
566757
500696
566119
704944
794663
570464
658562
778984
724796
714326
792103
912255
540209
707577
729843
625747
627703
561332
672752
616476
611056
