858130
432236
446245
532489
453945
385235
443548
427708
380753
316545
342342
355195
323970
345901
345093
394055
322083
341257
382691
439842
425892
413258
446897
392927
318988
361687
333514
325937
292005
410601
411010
352860
347370
339299
366290
416544
385990
409393
353792
338640
331565
334023
306077
309329
383774
373879
363327
295246
374327
370610
402842
385439
468922
347374
313258
369198
312589
354255
311774
366532
437829
317953
358278
453956
339967
475518
389985
448598
385819
319544
373445
351148
337028
369372
364729
377528
350375
330681
356623
356798
