856381
444417
513559
504295
576386
712380
615960
504560
622118
517720
485736
506189
449954
461165
503759
556253
588808
429166
452572
542363
738115
471911
527888
662477
455790
440075
434994
497567
545467
377529
515658
588152
488473
467068
840947
554511
511807
538844
604662
442779
428526
474364
604561
514634
668438
777522
647409
424225
493202
480941
467498
490349
485604
562248
490034
453022
549117
460774
521014
440897
614233
590653
480051
475422
520540
537126
492624
588982
785254
431528
473807
460850
519592
440525
482860
577588
568852
445217
407839
643901
