866260
484214
532298
375026
340284
389258
338404
370341
330216
368291
343193
326408
314698
334511
304866
445695
382522
375114
326314
315697
345696
359437
309926
383978
445699
338493
345243
339656
306483
323067
357812
326083
334461
362723
313900
351497
326716
363502
405397
353334
357231
318915
290753
341433
292059
321630
348760
384238
313354
312048
343456
363101
337740
381018
326360
310254
306293
331256
296657
306360
288437
323099
340485
298902
305451
325441
320633
304490
383515
361818
337880
312564
300423
329447
281992
292204
332060
376870
310114
299076
