856738
517940
783686
500445
478602
550946
479260
627234
404451
521883
484052
514962
558666
609173
522053
487349
458469
548005
489299
455170
481507
453602
471896
524718
574611
536630
446569
431315
525563
477439
553608
493722
566802
499175
448595
458050
444135
468964
489876
511201
588690
453167
468137
489727
580173
541385
483937
814841
487523
453328
449988
477985
556633
654463
530298
585375
480114
587109
610670
559354
568761
483352
636072
495214
398826
535791
448704
568819
467147
559773
524595
461618
453182
640867
553915
550265
542691
611055
498138
486263
