814957
554778
554013
494548
470243
468498
460377
502894
482363
437653
365331
332925
370255
364428
360311
426384
477626
393468
348606
488977
485425
442666
478702
505494
400271
469947
430721
427558
372573
479997
508661
512572
451545
398225
707180
536987
569649
527364
515735
524626
373383
448736
421456
402778
459073
472538
448012
419740
433685
461330
392513
427996
469041
525380
413485
413791
402859
394353
433550
396979
420369
430427
457360
458318
438274
441262
495427
425202
530534
475522
354747
422649
404982
377857
401778
445400
507222
455230
405158
430368
