468633
187334
249174
250513
193235
277165
192281
212057
183134
187894
190499
220048
185004
206872
233139
199941
199899
173053
190074
199658
195150
211791
226742
193980
205147
212741
210550
181069
203611
205187
198260
187283
190727
205708
187729
198580
219668
206626
204060
220439
223192
234679
198482
191787
236111
195266
199133
187658
178089
173397
178509
218115
208375
231229
192710
240164
207825
174975
261194
284494
184623
201198
189374
185216
200734
186625
210825
245796
176252
181978
206176
208515
182709
211858
248020
188413
192901
191167
172043
199304
