544984
184636
237988
328315
217039
219685
231189
191185
174057
192731
183920
210300
181155
229028
181057
168401
217923
199357
199855
213865
193223
211049
173466
173524
197125
179184
213086
168142
204841
213536
203253
192615
203496
193972
193692
214870
229376
183360
185957
176183
196365
189108
195757
240889
208834
195261
190739
215356
180166
194863
218883
223963
178810
186569
180614
183386
182927
180313
202186
190366
184995
208095
213324
180133
221016
193499
196466
200855
182380
195914
184410
205688
177109
230822
235379
206394
225264
247289
193610
254274
