517076
218725
364668
336747
232025
228913
234079
239329
250619
224571
216268
227955
246139
225296
249629
250648
216829
233408
201080
249569
254384
217335
201186
242096
217435
217263
236167
207053
246188
261367
275224
215377
227619
254697
219160
266886
214193
226164
259767
227939
203915
236460
221192
228041
255870
261998
235164
233390
219464
197899
229563
230830
213045
228134
217777
246874
240930
242774
196258
242795
225992
216176
186791
240404
177202
195638
204292
199326
216148
206723
203016
241732
197810
221449
225404
303080
234043
236865
225367
243867
