386700
260460
306819
269490
215945
210954
209639
177793
181599
186053
162788
212573
192961
181646
174863
210277
203620
229722
181682
182395
188986
188154
181273
187818
178126
189222
215015
196988
177423
190017
177392
182399
210637
176684
185343
177034
174163
180050
204707
191567
190131
178652
198485
175898
201764
185832
188494
232149
195116
171841
183351
185536
169881
175444
186043
186396
179837
208082
190094
170142
191943
187956
201519
185803
192639
185962
184728
188434
192055
215366
197068
184200
194975
183831
201056
179990
197708
186583
188768
175848
