506133
291841
350156
355073
232353
209738
214180
247495
251153
218979
226935
225950
312108
236309
250087
247301
260560
210975
247621
245533
253768
250547
255388
303992
272537
245828
241424
255213
219781
273332
266275
260598
231396
286018
281372
236370
263022
280255
235492
250672
231558
225846
233516
240920
272012
261291
282007
247666
208899
239075
255609
260957
257139
266007
259884
237656
217806
256132
224581
251579
234156
257967
262002
248019
268966
271306
256398
251880
276482
247313
238064
240622
227642
235692
276191
247931
283235
282275
281566
246008
38585
