403360
228946
294200
247538
200141
218709
196320
197624
205380
197113
171118
181424
187613
197327
192160
203455
169280
167547
174050
186825
187328
171993
187289
175759
185287
225517
157003
169382
178573
181058
192660
176906
163726
178360
174669
161566
160224
189167
181656
165180
179224
187985
170007
169470
180650
189320
177636
190405
190955
168585
188421
176090
180383
186335
171606
180147
170865
177401
160206
179640
186809
157627
178739
170605
211199
191551
180390
197496
184302
193302
172223
184616
182010
174708
194650
169773
175241
187944
180875
176642
