570018
389313
339102
389430
270722
259144
298474
300841
307702
344242
261777
233030
273947
265794
273161
266969
343872
286600
284103
337083
281656
299526
259561
297399
332426
236561
283343
249490
231744
273271
265848
274209
267940
244655
367780
446061
291742
324339
282908
244806
275129
286759
219944
232291
301821
322575
258756
324127
247761
317604
286290
309642
385036
264966
277776
227476
282108
272872
297800
272591
274061
272082
232130
241847
272925
230030
252877
331966
330265
326801
259961
238281
268429
253307
265337
296542
304691
269174
276803
362101
