458788
118272
136585
145693
151366
98922
98947
112112
103280
114598
110542
121391
104629
106627
115010
108954
104776
105678
104000
108116
97368
109182
115230
115647
120383
103378
108870
113198
104547
110830
102776
112156
100799
109373
100095
101471
103436
115076
107145
101516
119274
103525
106786
97833
105723
103432
100121
103921
105881
104048
108349
104461
113898
126341
118556
100122
115537
97447
109730
108975
101112
105043
88764
108059
112235
107758
103988
112515
120170
109200
102153
141840
110321
93988
106029
96385
100149
97854
98586
98351
