507588
259047
312474
283656
211592
197815
175966
212332
210543
196852
185359
219865
198985
241520
230105
207508
215597
171023
190897
207859
209382
196871
205143
221562
226944
205517
214831
199128
208784
223724
225685
237345
194579
182661
210888
216174
191285
195721
193905
188281
214661
216521
199837
241241
226808
234243
202745
209775
257607
203575
211421
209069
234483
286649
241986
228354
240434
257369
243499
256699
298200
224202
201801
233043
189830
220095
221866
197541
256108
226694
207449
253797
221820
215350
236045
240680
237169
212619
219493
190533
