439955
251252
252054
234989
199547
192228
179899
195374
178158
180437
194724
177459
181542
177668
184240
152468
200407
182491
174851
170525
162704
174195
189613
182790
201980
175731
178780
176289
183165
184425
182182
168268
180768
165021
187145
170996
192527
167689
188882
154871
163639
177306
168615
165787
186968
159275
186010
180794
164984
182924
170430
170157
178430
207329
186443
185302
162711
178376
181541
177071
206052
183887
190139
164942
168897
169874
188086
186751
178919
160965
167700
167396
180577
187546
182760
177566
179846
180703
180559
180674
