449952
318544
496956
438376
294553
342722
360702
248981
261291
307940
263608
265279
265202
323554
365729
321197
276523
322243
273680
302909
370003
376239
314744
258243
294105
308250
325726
252106
333686
283286
276789
299214
320419
314869
251728
300324
338350
235609
239463
297318
289955
274032
336103
289969
299139
269219
277503
269482
221338
365046
310214
372337
331510
225013
345370
294961
322703
262768
315716
306823
308025
284600
293903
264110
300801
309090
378936
285055
308874
264009
266775
259698
260447
322401
333443
293931
336830
319560
326557
266365
