r=1, wt=64, c=20
3340589
3979908
8168833
7913585
8852654
5891127
4780881
5230468
5261307
9873226
4150954
4286088
5072252
3724319
3929505
10742765
7855942
6144779
5363091
4834948
5374368
6337927
4311631
3910358
4378037
4542825
3545330
5986875
5062849
4124690
4365089
4935759
4044398
3103505
5704865
7997333
5510403
5154640
9272094
5062395
4230451
5716292
6253957
4222433
3639485
4766182
5499006
5088039
4395087
4750159
5005158
4929936
4586058
4168877
5636403
4370059
6802915
4128191
5871840
5293515
4963614
5869151
4270075
5435213
5157656
5371471
7338567
4464380
5376503
4685939
7688153
4556767
4888351
5282391
4824472
4034794
5130733
6904840
5947947
7853596
AVG: 5277053.84286

r=2, wt=64, c=20
6838812
7356902
5332143
4823270
5055082
4661180
4197916
4963343
4709687
4456104
4646887
4714951
5247776
6196949
5045507
4369729
5723992
5490894
5423825
4191335
5441855
7912328
8064121
4011740
4065474
5293292
4210674
5090214
5853520
4045220
5279019
4687155
6232384
3706994
4137066
4494815
4800387
4478703
5973431
5271713
5208956
5441173
4914227
9351291
4776103
4478396
5016780
5227917
5383534
4177942
4380246
4583170
4430683
5296606
5378973
4252332
4383773
4837400
8263850
8445827
5035710
6574804
5164412
4747439
5495856
4300122
5313623
5987424
5840453
5315260
4364162
4534090
5766228
4994413
5152717
4706153
4265094
5452399
4728105
7491776
2787745
AVG: 5191721.47887

r=3, wt=64, c=20
4585345
13761143
6872078
4417330
4552104
4329158
4386920
5093557
4503858
4292893
4866965
7608576
7192206
4401265
4509735
5123016
3656051
8647011
4479999
3693195
5324537
5850921
5477121
4464538
3743234
5293901
4625824
4257166
4579114
3947387
5001589
3966681
4428554
4463962
9571275
4379359
4301975
4464499
6467397
5682612
3727308
49775653
6225668
4825758
5097698
3995150
4672144
3993653
5868730
4916814
4181603
4061793
4897642
5556530
6384719
3629440
3141558
4271553
3762734
4077547
3977771
4429825
4318827
7216846
4718763
5331701
4020666
7938299
4846836
5141141
4252750
4401066
5116413
7609240
3617836
5281910
4031009
5241044
4833473
3975725
3474579
AVG: 5582530.08451

