26720063
21152470
18278802
17023623
23489349
17761652
19395083
19337367
20635567
17148314
22186710
20230575
18289179
18256492
17047794
17835122
17785511
20335664
17263533
17971355
30082591
16382490
18751833
19291645
25748181
17922299
22316891
19010276
18418541
23718979
16904648
19527164
20925280
18385773
18083333
18702087
20177208
20518184
20953069
22901267
26777764
22968549
20900825
19365642
19506508
18428019
19081129
18618350
19204904
19013708
19548847
17572154
17436246
18327663
17330518
20449766
17603816
19852750
17865010
20207303
16816748
19813555
19231195
18408865
17708094
18412827
21819412
21045978
20279314
21368537
17366939
19525217
20904270
17279078
19417315
16051918
20802904
18322819
18503939
21905778
3619679
AVG: 19517047.7465
