4858680
4895327
7268602
5348556
8972255
7517031
7559071
4608085
6571323
5940102
5171170
5323752
10290078
7142703
6511804
9287825
8764352
4819332
5296997
6295701
6186605
10864641
6579480
6196243
5661943
5714898
7166061
5583536
5114023
7710634
5435705
5805835
9513776
6158596
5738880
5806571
6011095
6581405
6533931
13218323
5785039
6429091
10170296
5929598
6172596
5585430
6091390
6817971
7303543
5881438
7328993
5995344
6272380
6738685
5889606
7967752
6955664
6920034
7472476
6063136
6711230
6630191
6471389
6381912
9352231
5979356
6635885
6728293
7651287
7173350
7420756
13937834
11525509
21184934
6789193
5487021
4837063
6875359
5597554
8132420
450720626
AVG: 7162145.6338
