r=1, wt=8, c=16
19235499
13337828
11654199
13926590
12331573
10773473
11141752
10084316
10712451
10509311
12134136
9284673
11548483
10893270
10816771
10446221
10090786
11249544
11659151
12485943
11505475
12776510
17331810
10690635
11467544
13315289
14211643
10237696
13654044
10995569
10134083
10353512
10168077
10407277
11490607
13974836
AVG: 11544253.0385

r=2, wt=8, c=16
14031767
24932074
15866242
12977945
12684863
15557096
17181473
11078258
11405358
10729304
11832585
10567827
12028248
11624329
11313324
10858513
10130288
10363873
11442189
9814854
10028418
10250981
10666006
10745884
9980687
11563524
11727099
10569061
12958625
10541963
10342437
10437723
11563962
10093594
11212347
11781062
12645309
10799485
12562275
10649945
14604822
13819795
10263494
10518940
10126958
12650095
10359611
10421222
10892502
9589019
16301360
10835835
11984225
12287488
15429359
11493067
11664086
10496961
10685893
11554791
11197252
11497020
11308475
12014862
9472447
10145531
11301042
9840991
16126706
11665329
13497209
11681316
10916813
11536522
10106132
11293341
12020845
12134320
11880972
11065034
AVG: 11504786.8

r=3, wt=8, c=16
16769316
15061703
14915756
13285315
13297783
11459582
11902051
10400570
10785617
11751585
10442514
10453301
10353370
9519797
10514220
11461212
10850296
10590289
10835646
10659279
9830251
11482729
12113961
9825720
10167841
10576671
11251008
10106277
10655193
9179287
11089101
10095765
11362287
10752557
11130944
11006438
10803262
11231181
10859673
12793552
10489015
9976951
13865382
11413906
12198610
10939703
11823493
11166277
10061913
10957176
19254495
10936284
11610777
11626443
12938674
12129102
11878033
12731611
11299428
9491799
12240731
9897223
9916953
11450792
10196238
11603524
10325662
13736178
12649617
10927495
11632482
10175166
11193837
11518755
11167041
10782683
11656334
10149544
10959588
10404695
AVG: 11195911.3286

