3630795
2283905
2331105
2399521
2171759
2577036
2054263
2171447
2409503
1900210
1884651
1572416
2182082
2874037
5894318
1897218
1742953
2333495
1771447
1790408
1977548
1645835
1766030
1931561
1636451
1867474
1950640
2079657
1895392
1633559
1720778
2029661
2124848
1764039
1906134
2117324
1930656
1582202
1951534
1869611
1705867
1702012
1744958
1955991
1843572
1896141
2019955
1834361
1436633
1850661
1673443
1827252
1866100
1998958
1813717
1697240
1701623
1885642
1913432
2064970
1693770
2074279
1593498
1738865
2227312
1915231
1886230
2106552
1863940
1823273
2180799
1818855
2040376
1787388
2200844
1761606
2061838
1844807
1897397
1880673
728821
AVG: 1965940.33803
