8269591
8765406
6015932
5209712
4994619
4825339
4579522
6336237
3565313
3484714
3920871
6822160
4816376
3434562
3563417
4101341
3549909
4112676
6932144
4390022
3706684
4630858
3618899
3565365
3047139
6639839
5694668
3518337
4372938
3653823
3646692
4218410
3634455
3971965
7567072
2622971
4330827
4471235
4106777
3738369
2865380
3223839
3083907
5159428
3112533
6791991
2867916
3056645
3273469
3583341
3069762
3174186
4579466
2981594
4265835
4029085
2546393
3274735
2504463
2655687
2609298
3424994
3439203
4685962
4256033
2951881
3494754
3866026
2704066
2963273
2469139
3390811
3234793
2665648
3092120
3552165
2920293
3150687
3961136
3035515
873358
AVG: 3888616.15493
