r=1, wt=32, c=32
7815134
5632255
5925090
8434794
9841649
9934581
7672297
8398876
10655377
10257319
7291133
5949020
8656499
10709858
8536848
9239189
11350096
8061835
8687156
9703207
9986261
10045514
10805401
11207349
19233942
7750789
9650469
8284260
15170565
17632007
6275916
8301294
11003107
8939519
9062855
8166002
9029640
10394657
9328619
40533675
5777664
18294215
12080339
9523491
9276054
7801703
8488288
6638240
7220861
8902997
9618132
7512118
11872406
7495869
7547885
9075796
11315230
18894329
8099416
8655721
9241081
7287278
7275365
9827834
9383269
8875236
10027182
6793022
8757233
7815268
7764523
7853768
10998173
8770045
10231424
8248559
11879532
13895954
7607441
10137321
2941313
AVG: 9987959.80282

r=2, wt=32, c=32
5634872
3110267
7861191
5581700
9218685
6512371
6542314
5123273
9259713
7826684
8828535
7693191
6431374
4346498
8292800
6806874
9313922
36823838
8189005
15245979
9391794
7363321
7761995
8672066
9771411
5534907
6752754
11367689
6584062
8150884
7464013
9494291
8757857
9462956
10099886
39685664
9213972
8238640
8629511
8728105
8764543
6389310
8092046
8882128
8645928
11670887
5657960
7881294
7234695
8922654
8587464
7831232
7580787
5771769
10096491
10628347
9896397
9258115
10259817
9635136
11150008
9236355
6276022
11358601
8430479
9740196
8645206
9008726
8445578
10295845
8526835
11098436
6232574
9737297
23039928
4520171
8970401
6505337
13217519
9240132
1840061
AVG: 9518188.8169

r=3, wt=32, c=32
3864264
6088119
5169264
6892733
6492487
6416716
7058439
16189594
8147538
8258666
20340415
7827972
13494439
10406292
8309538
7512664
8088712
9511200
14715348
11578491
7981838
8366921
10779883
8978031
7213545
11240821
8045174
7926623
8203204
10490585
19642285
11484342
7846852
7160446
9271343
7722587
9621039
6615963
7152969
10070628
7208061
8206287
13214356
11299895
7401053
7605684
8975325
8560776
7968480
7042431
7892980
6458014
7134106
10137988
8384956
12659761
12888120
15328390
8561007
7559848
17724633
8704368
9966218
7826130
8480750
9199767
10392820
7897633
5194663
8173393
7450136
7156682
8193594
7340788
10878701
9285256
6756654
9113144
8138310
9509837
3362016
AVG: 9465128.91549

