13600441
11638366
11528916
11376724
11463793
11361016
9597278
11097287
12334838
13155619
9200021
12466030
10584162
10422523
11712548
14519920
11633672
16305755
11208600
11373491
7997886
16102730
9891772
10712292
12612889
13085953
10953996
11030504
9654915
25985847
14941088
22438415
9238258
14223383
11659999
10394503
10311429
11303961
11879452
12245440
12813275
12770792
12136679
13331891
12859598
12788136
13356530
11886884
11345386
11284432
12145963
13984453
10544394
11199763
11723545
12994789
19876990
12111346
11168569
13680878
12315794
12729304
10723943
11012969
9013739
11023160
10662686
30373416
8246177
8071219
8837375
9961999
12105096
21779447
9098939
10510269
16148579
12707814
14463109
13952476
2421843
AVG: 12452215.4507
