498413
219617
194562
484631
342823
200707
425556
269464
250070
349300
288025
250322
387890
230082
274691
203430
312366
230532
155181
172515
462860
255936
335746
353054
251032
239927
172038
263007
185331
327638
138880
135181
207606
267197
255166
171551
207630
450994
617840
248898
279097
204289
309500
236695
226315
304192
192132
245577
327908
173431
257363
301839
300540
391039
287359
408511
233246
395576
535162
430412
272201
198536
194348
349032
239070
425615
359321
238959
206018
303559
282205
252154
275368
244840
345526
453152
365867
334797
427812
238054
AVG: 282493.971429
