550239
136924
188088
126930
92270
118198
79689
80968
83189
96823
104817
70309
95439
94250
99325
126488
87745
108518
78252
91657
97860
85671
99274
89417
80872
87889
84237
86559
110808
92625
84535
74824
86112
65913
87946
83042
91960
71442
144136
77026
75994
91012
82351
88075
73640
90379
73488
85411
54284
115803
109511
92335
65688
113430
101620
101447
91069
67270
87153
56923
99151
84385
68475
120096
69558
84200
85017
100129
133476
82699
115123
114484
134999
88827
104841
81758
98479
114589
113050
66142
104756
AVG: 91294.5915493
