3422920
447272
458762
304077
500323
397243
321606
303794
349765
409863
349393
345276
425011
334419
420719
399380
469576
442645
303169
371938
366009
451485
390566
471986
411011
542127
417891
288350
435199
385864
290081
348738
396428
374505
433107
378169
546687
354755
315315
437732
343561
474932
373634
450167
536568
359084
376081
525958
285365
257211
319635
379585
482898
418737
445568
390254
340450
720652
379732
540113
465591
409919
592079
550566
437044
1871648
582831
461349
471439
540748
419191
660351
484103
455682
372524
327616
465339
384529
369909
446677
58912
AVG: 439192.507042
