733854
341399
451820
511949
631830
313702
665073
507924
396218
446526
357345
3223812
473854
528355
442832
345588
419769
394624
403598
595105
415494
505240
370417
303687
497892
436876
537672
422261
463379
355862
427163
401014
423729
398666
545929
451688
351691
496696
481724
566347
656083
448954
374349
370953
373102
597168
356857
418993
394253
500642
688549
423981
646717
647280
386689
418422
385444
416317
437746
495093
475932
454987
398744
588939
467710
448496
471844
490406
567942
531339
374054
351589
439108
297460
395514
360882
447507
517800
343209
510167
51822
AVG: 491835.070423
