698246
183201
142733
108217
90858
115583
94483
72320
76381
76598
67340
103129
84309
78443
95811
109430
66394
119090
85704
86739
50245
75665
76606
87743
58899
102953
82885
64911
81562
65394
71475
82397
54017
90861
58014
69644
75401
65470
96237
76108
148253
103165
80621
71829
71368
72258
83875
61978
79617
91111
62757
75487
56204
76766
67160
67438
59206
80698
143429
68337
84216
99087
65089
184795
100684
78541
78294
50636
84419
93475
91232
93083
96139
79363
60043
82555
91805
91088
71282
66431
119917
AVG: 82555.6197183
