777987
184557
312660
290041
245573
274031
270435
259715
277019
304151
252500
311081
292133
245535
232384
216872
245382
239665
309396
181970
289225
266888
266378
267135
200116
414005
186405
235125
219606
229412
227524
269966
184208
175038
207343
193458
200764
230635
225822
289071
208699
268092
200994
365565
255585
269470
174985
351322
356522
365208
164966
196881
285479
264678
293270
190416
187231
216749
488746
167540
147553
223968
182336
193850
203002
186620
225417
258942
242381
225959
204795
200882
221622
158322
201378
161428
153443
430267
269540
163506
53491
AVG: 242271.070423
