671099
484188
430304
737560
608057
538071
476926
420038
645675
654826
609561
350925
428605
689966
832823
1038706
611950
311342
369499
390899
434357
454375
551835
526034
738573
723365
542974
570683
637675
450172
1013458
359592
382511
729012
1380520
348726
385005
487984
360388
645229
687654
787723
534750
652582
452777
299762
303068
299747
306824
730658
259830
535731
349161
641158
259987
379235
489895
338321
327356
796720
317941
507540
370501
426360
258155
261741
313408
513514
653758
566280
558462
380733
258549
294651
595481
560746
373031
408823
460425
523166
AVG: 511461.328571
