r=1, wt=16, c=24
1075860
559019
293185
355144
293850
276499
222026
316406
215923
172299
201245
195121
260269
298115
272293
218125
233413
228772
287178
297004
206714
233706
222585
275954
278969
331985
287651
244551
259819
188280
193464
204077
274149
175046
178782
246858
211238
186920
218422
287606
220370
245153
151336
157781
220491
180239
263105
191074
346228
219527
250031
261767
244333
331195
309851
394934
154482
210395
187367
241603
227450
183225
304146
235073
222814
210229
235596
288292
187588
192330
156842
264924
264176
196125
256168
256374
163648
299690
231114
166663
72479
AVG: 237522.225352

r=2, wt=16, c=24
958720
463835
291815
303085
350134
307151
208114
257585
258204
259242
240287
216644
209528
472211
341735
189502
253100
247287
264451
227493
183905
194721
407506
200365
226723
174619
160315
236286
156255
221748
213341
235520
186277
218801
205631
173120
260468
151587
273271
193219
243175
293922
205713
220399
166405
237974
237532
236490
369014
319350
211524
267091
258034
240461
242408
266435
295414
297142
305418
241648
218574
230703
244812
252869
203525
263219
185603
237776
219415
226771
243353
233218
330293
181679
253212
243389
206816
264548
219897
165948
48196
AVG: 241551.71831

r=3, wt=16, c=24
668452
819259
243353
263372
296111
426926
172276
229535
257232
264746
199429
210245
237393
233293
187202
290404
196521
159971
191468
150343
213366
202794
197654
171207
210118
335287
1418617
256474
375576
187594
375324
165955
258051
246981
226875
259123
204848
277111
282967
267430
261569
499855
276506
893641
237298
207694
262382
268579
276008
174312
515928
227492
294793
216679
301064
210224
228804
291121
316978
242124
228865
251587
297724
286949
192774
318273
285168
271721
297059
218891
267516
268256
206169
266428
251570
301538
294685
337667
268954
372881
AVG: 280747.671429

