131360
66160
35932
53344
29887
28973
55503
60194
40064
49542
76470
48052
31097
18990
32476
51388
34810
42107
47462
34800
62750
43520
49416
57629
55112
114340
92035
24296
41069
25124
61267
43652
32158
45415
46296
55111
43882
61705
40277
46823
49171
50484
77672
41287
55361
53528
44435
70740
32165
79633
55054
65956
86361
77075
213430
73144
41608
63604
47626
53964
52526
63969
42470
84303
59377
57213
62516
42361
73212
37896
69068
51516
72760
63180
37598
45791
46266
58555
52991
79045
13722
AVG: 55519.1408451
