371657
133157
177220
84203
91126
59390
107265
77733
66254
58812
196693
71638
47589
137726
132245
67376
46750
158828
83335
48028
99420
297398
103563
96256
56248
68412
109231
95374
100090
56210
79107
50922
60302
74155
121940
103103
98143
70449
85671
100024
119624
38338
49276
86096
89405
86851
47339
93758
97597
117120
119465
63829
64941
68609
72470
47258
203704
74605
128305
288185
121607
85179
131065
88688
216494
57595
61212
72823
80469
92194
73682
163516
147913
70625
81323
105963
85388
84480
142391
103280
AVG: 96954.8571429
