212561
182765
39441
62651
41722
46168
47283
69032
45170
98844
56565
55854
70793
63709
42259
83534
91939
149716
62216
36538
40605
45022
64143
100738
204500
63318
55004
85964
84956
72874
70889
68645
47534
114902
77474
55167
77463
59838
49009
66674
41936
48692
126356
49124
81196
92097
61873
52813
64437
175526
59672
60415
54396
60304
60365
152472
68506
48518
75243
79158
65994
101566
45890
66390
163760
53307
46564
59877
46660
199460
82645
82295
68660
85964
43268
52513
59412
79067
56277
63103
59063
AVG: 74679.5915493
