r=1, k9
319457
175469
255867
156217
139277
74698
48978
88459
77789
95425
90465
209230
69066
110771
40133
70148
104191
64108
105940
76398
86932
67707
70105
72791
97562
104661
114602
101715
77341
59771
47718
100590
77313
176259
63329
70031
109892
44754
75120
135032
98082
120467
210951
115308
65088
110205
78902
98612
112750
93602
107050
73514
57155
181412
99653
57921
85110
81955
39755
55056
108109
53763
67758
100936
49330
121021
54430
102581
49745
144073
124897
154961
122611
86186
90142
46261
77378
78553
110032
68624
AVG: 92173.0714286

r=2, k9
349238
120450
93694
83699
124221
88460
72560
127540
83352
107376
101511
77891
91233
84604
128885
305731
47009
81439
82029
87897
154267
98919
129000
71947
92949
85636
91593
89555
98767
78626
115926
145870
55570
118507
60603
65178
100831
83483
64308
105222
64134
111904
54741
103016
97906
88244
81168
118398
133746
125924
54160
87612
49257
44027
68229
67960
97040
67517
108525
132146
105507
141069
148149
70294
65335
90117
80751
94775
55929
66394
182893
72280
122194
50138
81134
93667
60038
64026
54068
127841
39964
AVG: 95078.2253521

r=3, k9
395504
104832
100563
45210
82290
108554
92822
60006
79528
40446
102210
69329
48514
40727
76319
77678
80034
159265
57995
61794
129275
124080
113527
260473
97730
113493
59871
70447
74976
105605
87119
66215
130800
106775
64568
97135
77085
77006
54884
155996
63187
56713
37337
57689
180507
57194
62044
65633
100279
272628
53733
71203
99683
137988
81720
86885
106353
54732
115505
415751
49252
51610
129264
134891
54817
103538
138154
106837
78785
93954
45457
398132
94085
65253
56532
89643
90459
81244
70557
46780
43388
AVG: 99848.5774648

