1536062
2363191
1293952
1293874
1521505
1301062
1160435
1525824
927765
989022
962904
987548
970308
986687
917373
993076
1070718
907319
964834
1090877
1121755
939344
897928
1020778
907164
905636
982506
1029957
933236
919821
925196
913704
956454
925479
913921
928109
1037037
963659
865890
889584
966158
910907
909253
872035
982183
899154
1015205
1006978
1338488
914529
989208
997923
935740
960267
899252
891855
840340
917444
931107
1018549
945998
905836
962815
968398
918481
919681
938627
958445
981151
921819
898463
875473
914004
931544
936770
979451
954210
878800
883844
881050
AVG: 970099.857143
