1574672
1142111
1187762
1159111
1055572
1011491
1009197
963077
929081
994176
891687
919598
844560
1046063
865242
864447
1023557
1080300
1057212
974297
907713
963664
855984
984403
1301256
910527
905936
930020
1053838
972739
949443
904190
964640
893621
846603
902602
896492
1232947
938804
816776
2042765
1048883
910260
937576
990139
891909
895524
823509
924987
885545
988873
974188
985837
1008105
828392
966006
799400
860700
919727
963095
809857
816921
907987
862299
953215
1580169
974631
919526
2098376
893739
884451
922393
843639
916619
880817
994700
851912
865543
981784
908387
591344
AVG: 979027.352113
