1950547
1145645
1138879
825220
738368
694041
648877
896008
653278
609827
594170
682777
694404
636313
682454
672037
534982
644606
661653
734561
721252
636739
722843
599451
636857
636877
609772
595376
697872
666781
695185
686416
636794
718675
702825
675522
744155
750428
649998
626025
580636
660216
622126
693057
725963
717093
623614
591083
719787
730703
615356
668257
751303
626782
546745
606142
753683
655335
760929
724427
750926
631423
673074
674288
690099
720337
662458
746150
612197
618919
638657
762113
857343
677450
889339
775283
721164
633738
720954
716804
AVG: 677540.585714
