2126427
1041680
1181101
871734
947353
1070186
732967
672275
687392
692770
659466
849571
662781
744871
619172
635126
819650
793258
738791
663761
1038061
791142
863593
904199
769864
655893
655584
873854
988954
821026
690570
793141
769627
721571
891605
752417
743092
691363
707121
670934
668688
636988
779031
883664
877992
709323
743509
773168
722037
696597
753897
709056
690693
633765
708070
720510
784019
803374
750931
731674
677223
714712
841877
864534
779142
706386
706156
729979
811303
721317
706112
789059
928722
850098
761751
710406
862637
805668
829748
886172
AVG: 760014.357143
