345504
162905
156788
132703
123896
101701
71763
66139
62451
76533
69957
72536
75055
65150
63807
71837
63171
72751
65693
64106
73087
66467
62605
64228
63813
64083
71821
60204
65825
66471
70210
62289
67741
74816
80437
60150
62187
69813
66325
75967
74347
65474
65024
62507
65542
67630
65251
59600
62383
61870
64177
67245
69567
71602
61467
66154
66678
68790
74852
67862
58065
64764
69392
65035
62710
65903
59893
60334
60447
63145
66585
65181
62441
58825
58851
67727
60744
66727
65303
77209
AVG: 66868.3142857
