2620185
1155630
1335406
1285695
960173
1165068
945073
862910
801318
798185
788711
829325
867337
994872
1013659
1014095
908582
1175289
992344
1075986
877746
1258345
923894
976609
897101
866374
961054
826156
1117417
887220
823960
959799
905321
1015783
1119642
954919
1257121
879211
849058
1032761
920380
825061
1041726
897375
971917
948436
1146978
1379412
994892
921313
915619
1232176
914259
916708
989280
1097791
902491
982019
935258
1029957
876967
967044
948516
946497
889132
936543
1303663
880978
867923
950483
881665
817290
885768
1108511
954647
802623
909382
990495
1000453
808770
AVG: 968584.571429
