1661123
947513
1249937
1015573
861300
682106
757872
725272
718203
726868
926008
661488
656519
666768
649121
721971
652851
670815
730548
648820
683725
740005
679380
648107
742959
747084
641340
571850
674782
675301
644520
666907
689287
743854
607346
657991
674948
703652
678530
722253
736143
658292
694037
712903
604606
691744
712718
683408
704704
663050
631752
635159
584074
671000
749149
769309
700987
661524
637421
719856
676124
592689
605250
769287
669605
651009
677615
698614
628247
615738
837304
625051
599736
633834
694650
768066
750111
671006
725456
674348
AVG: 682652.0
