1461695
386266
379888
296448
261713
210748
211904
210749
203588
222671
211266
232879
233424
219927
202142
212239
191855
200324
201161
200382
238887
247214
196389
194367
236261
248661
238013
259050
263337
231121
230101
243971
249266
233426
243226
246600
282920
229460
218692
296513
254035
239137
232695
270082
244354
241172
213051
213724
243016
245178
248585
244819
234022
223800
280974
246094
248314
229210
247502
220872
206788
252222
247602
222585
246261
270906
268272
228690
216801
230810
225673
278636
230388
304857
229422
231113
251171
222137
214485
230475
AVG: 235332.614286
