6500009
3882528
3952380
3800223
3616698
3097127
3786684
2747848
3834878
2668772
2766633
2770449
2616555
3010916
3033148
2897301
2772771
3393797
2879865
2843810
2794960
3665068
2856116
2806661
3157437
2836096
2585195
2809599
2751200
2605015
2835270
3150842
2968602
2777567
2893650
2802791
2533991
3156462
2817209
2633821
2947074
2768107
2792180
2813665
3092579
3006832
3083093
3238362
3055995
3039779
3362780
3028188
3229672
3261252
3173497
2819114
2980300
3635125
2907659
3071120
5074990
2892809
2877733
2413276
3397041
2554585
2784585
3016245
2631168
2991777
2658257
2811957
3039064
3074866
3167722
2748478
2633568
2661422
2625897
2948892
AVG: 2989293.62857
