12232530
8061385
8464859
7643875
6703616
5982674
5902376
5388758
5212487
5258718
4478776
5549803
4385299
5012846
4710564
4457724
5575269
5125255
9653690
3959452
4726729
3902003
4344068
3669360
5740443
5727358
4382182
3952881
3600197
3208351
4954273
4085275
4382048
6034943
4820217
3586834
3691488
4375919
4706471
3626793
4337874
4256520
4636713
4503854
4599382
4660006
4903917
4439846
4096045
5380555
4736420
5256958
5212342
4127781
4635426
4224457
5089628
6464537
4581323
5282622
5526955
4747757
5068012
5559974
5248963
4346698
4469225
4557757
4429680
4583291
5739048
4941970
5253475
4923952
5167433
5680784
5352666
5443981
5395436
4804229
AVG: 4830884.57143
