r=1, wt=64, c=32
5983089
3776368
4765425
3090542
3631739
3437883
3555521
3545507
3396998
3314587
3776976
3145805
3785336
8891703
3954004
3218338
3695946
3375819
3504683
3619999
3516695
3370200
4037551
2997722
3739880
3763545
3579956
3424655
3408058
3611828
4031042
3406744
3468819
3418189
3415355
3126486
3519446
4506703
3454284
4946526
4192308
8014524
3235719
3924946
3037873
3669674
3886925
4025500
4110755
3547916
3762628
3332638
3976845
5208328
3873318
3639780
3555737
3840041
3388598
3175907
3233850
3518805
4192754
4229220
4128015
3632230
3089875
3832648
3110796
4630920
4187615
4268662
3451667
3786896
6329724
4051610
4459218
3544728
3578747
4544846
AVG: 3856948.94286

r=2, wt=64, c=32
6485735
3911522
4930159
3764005
4171485
3376098
2936644
3999336
3096224
4231191
3732691
8322128
3186134
3593287
4113113
3475697
4495839
3135212
2975235
3441515
3743099
3483049
5399115
3871913
3703503
3549958
3237501
3216876
3884260
3507127
3268085
3367227
3178482
3733268
3270769
3675030
3796441
4243308
3463450
3384177
4612420
3435614
3230848
3696278
3392561
3791117
3988762
4677067
3519154
4193283
3969010
5338536
4420305
4993046
3569573
6248278
3149975
3065679
5533183
3445300
3514815
3382367
6057746
3882017
4094099
3619603
3254095
3594297
5073891
8692652
3105842
2994220
3690615
4356965
3654988
3228805
3255943
3515135
3453005
3360014
AVG: 3947502.61429

r=3, wt=64, c=32
7133038
4441578
4611649
3658743
3719711
5609842
6349257
3036307
2984839
3581928
8693630
3383410
3389016
3226813
3224420
3366737
3263890
4000862
3139120
3538460
2911321
3933283
8824879
2495814
2848259
3228748
3003903
4059909
3073886
3627467
3229103
3265965
4587691
3355815
3385304
2703064
3006569
3260802
3537776
4059169
3165150
3590828
3247255
3623452
4098233
6548306
3243054
3641682
3618883
3313360
3170155
3571573
6531196
4035910
3979503
4208811
3556890
3473504
3702457
3587869
4555433
3454466
3598611
3221452
3741868
3504025
3193362
4241311
3600562
5922879
4603450
4146067
3723103
3902885
3857794
3710277
4353754
3456384
3064334
3213529
AVG: 3862322.81429

