r=1, wt=8, c=20
9158979
9300324
6257177
14394278
5930621
5198161
5270755
6065427
3944600
4760721
4466546
4153479
4775754
4287351
3930193
4566152
4064612
4243767
5956368
4055020
4685237
4559251
4029526
5053912
4649667
4021546
3786096
4218117
5568701
4373447
4192039
7134126
4261612
3858910
4403562
4172042
3860523
4090790
3992047
4078390
4119374
3775385
3958219
4153754
3696682
4613792
3754088
3637050
3681068
4074301
3987424
4074748
3726940
3787864
3798486
9319446
4195033
4248422
4828428
5089158
4086725
4792501
4825423
4443868
3948393
3842943
4289448
4395968
4164461
4060167
4278237
4342593
4367001
4073024
4120733
4271777
3910635
4631101
3703073
4265636
AVG: 4418279.91429

r=2, wt=8, c=20
9206867
6257218
6879320
5694517
5386510
5121215
4647322
4607887
4249781
4273034
5228849
3940641
4165397
4422063
5110194
4279472
4455987
4405829
4330008
3842898
5169991
3925435
4253974
4412329
4247492
4210479
4356608
4171167
4236461
4017451
4428813
4072662
4324200
4485330
4463481
4246513
4025216
5342792
5156537
4003767
4430701
3868231
5262706
4003965
3963974
3738224
3646031
4324576
4076952
3518964
3869983
3440403
9042135
3995749
3616614
3781128
44754806
19174144
5047215
3440513
4148205
5010934
4134025
4136792
3646038
3502410
4001665
4181687
3590651
3950296
3898940
4425998
4164776
3559763
3340956
3290172
3814122
3804214
3219163
3372674
AVG: 5076020.35714

r=3, wt=8, c=20
11145515
6184589
6219561
5255258
5654690
6429098
4655658
3998862
5225877
4362643
5103573
4345814
4280890
4152661
4220571
4222117
4507714
4114887
4074176
4349268
4401594
5282017
5842689
4057809
4175901
4327651
3851137
4465613
3988772
4146172
4032793
3841546
3908894
4267011
3905650
3668981
4081253
4160265
3782427
4044928
3858885
3931601
3800169
3935087
4071942
3736221
3899647
3798969
3926977
3942589
4037114
4016605
4642885
4370742
4560970
3996330
4105653
3505189
4627181
3819271
4317893
4132216
4164877
4889404
3875034
3924915
4012600
4014460
4003801
3922178
3731909
4120287
3716668
3739486
3895883
4860129
4117976
4000750
3990707
4276526
AVG: 4190322.14286

