3462898
2278043
1957569
2034792
2004915
1876848
1619010
1414047
1462652
1270680
1183266
1377323
1101031
1036939
1089481
1266272
1071825
1175792
1124539
1223632
1292313
1163923
1266127
1113551
1089453
1163794
1085093
1127946
1135980
1119774
1063418
1066696
1225744
1094880
1264148
1218455
1153594
1053141
1109979
1254738
1141476
1172609
1253483
1070226
1096839
1093721
1261016
1248268
1047375
1226288
1105230
1188002
1209174
1085956
1275229
1103330
1061954
1209073
1277081
1333380
1177846
1238211
1148781
1370969
1263612
1250886
1288057
1216191
1110541
1310410
1226364
1184331
1310674
1251600
1313885
1273895
1255069
1406286
1327279
1293499
AVG: 1206830.74286
