4937250
3177224
3576781
2614235
3685127
2683532
3031268
3289691
2725616
2326612
2902108
2853901
9241710
3295559
2703708
2952941
2967842
2658484
2562931
2544575
2751317
2334892
2567876
3115673
2601365
2564163
2532665
3140700
2515786
3052834
2748448
2684598
2442275
2790837
2534856
2638854
2455363
2727564
2839902
2838180
2592620
2894542
2856712
2772620
2991522
2893896
3071035
2844552
3713333
2654569
2658608
5514275
3501495
2660914
2692216
2586406
2565690
3534799
2760139
6631685
3292188
2646182
3809720
2988695
2490261
2586050
2828306
3400879
2827258
2539210
2899682
2423918
3083132
2744437
2405527
2651187
2558574
2438894
2778685
2510205
AVG: 2999652.84286
