r=1, wt=64, c=24
5143189
4237550
3866690
3366907
4624143
2946798
2995921
2709716
2772465
3438143
3392593
2850836
3077269
2713616
3404768
2801410
3057732
2975369
3676342
3541845
3020939
3185014
5196031
2667307
6631557
2566286
2342263
2426488
2694996
3218278
3126702
3395008
3021771
2769773
3711891
2670258
4002278
2906111
2927577
2914047
3783919
2949290
3003699
2983687
2916052
3017925
3329113
3051101
3234234
3459739
3047618
2971750
2816771
2716034
4285469
3882504
3162464
3663265
3636134
3524052
3990570
3126597
4479310
3845148
3475030
3611065
2676354
2887062
3353285
4091277
3904411
3158169
3336705
3852440
3135496
2662794
3902604
2898849
3395504
3041811
AVG: 3287244.81429

r=2, wt=64, c=24
6798622
3273263
4114746
3247237
3745324
4070816
2733991
2877405
3199227
2508566
3210369
3429847
3164904
3155909
3133065
3279612
2844456
3093392
3161238
3011850
3094434
3154793
3881500
2683760
2871552
2770831
3351563
8095886
6844238
3074780
3660249
2773484
2598319
3247680
2968284
3036965
3235099
2927331
2585543
3126743
3229510
2855423
2679637
2726359
3119736
3455393
3811990
2822494
2861075
2827084
3237038
2810168
2995064
4151557
2704232
2801524
3183156
3026155
3462392
3354761
2964532
3733095
2854420
3053558
3105702
3038286
3065742
3126376
3118838
3369183
2967748
3656694
3694322
2993466
3117455
3323125
3324947
3793723
3292412
3771152
AVG: 3240454.94286

r=3, wt=64, c=24
5705154
12939575
4322507
3596156
3991341
3318060
3646339
3686443
3084114
3113312
2672099
2644840
2782698
3358786
3618903
3296264
3932370
3109491
2922639
2739593
2759167
3553788
4167078
3099779
2837385
3452315
2952854
2740959
3426358
3035058
2920461
3138451
2616159
3509403
2930869
3024732
3766177
4270205
3291941
3071514
3139952
3045843
2997881
3120583
3058294
3173233
3080727
3858069
3627806
2918393
2952181
2791826
3293039
3265335
3162565
3057419
2909781
3134567
3168642
2885648
2869197
3037949
2981117
2743584
3021310
3267434
3089671
3152589
3346825
2937811
3273020
3098334
2791238
3030874
3538839
2858810
2753167
2971530
2930693
3327675
AVG: 3161602.57143

