r=1, wt=32, c=24
5645412
3097287
4119610
3746607
4424577
3877160
2686739
3149614
2819441
3091593
2909739
2947649
3166546
3494919
4012733
4407093
3492373
3273285
3002155
3454997
7562411
2681108
2923316
3785237
2775477
2641347
2942532
2992658
2886933
2984246
3317882
3286890
2901611
2912567
3487606
3303822
3188197
3446771
2713331
2972790
3165590
3407025
3394830
2684123
2656393
3037358
2758385
3012313
3246023
3518692
3401030
3389304
3735638
3604180
2953823
3121945
2980774
2679130
3883265
4127226
3356696
3561068
4265737
3901593
3358904
3175773
3039363
3190331
3910248
3313675
3118129
2987464
3171708
3196948
3235537
3400363
3473769
3722276
3531997
3762378
AVG: 3300471.27143

r=2, wt=32, c=24
6103522
4544876
4067302
3372653
3905647
2858680
2824605
3260029
3442311
3056399
3770221
3262571
3523162
3515796
3600819
3426047
2927390
2816972
2532817
2710960
3216621
2805499
2853987
3002906
3681708
3144554
19419742
3747640
3147095
3570062
3691334
2819732
3679004
3546866
3183304
3048242
4221060
3393768
3411436
3141008
4023822
3451251
3846454
3615071
3194000
3464393
3497664
3562457
3217720
4651807
3432765
3364157
3861112
3661099
3702723
3333834
3292595
3979451
3608427
3270624
3623099
3306481
3291946
3239725
3745210
3476005
3709887
3774714
5582619
3520490
3371829
3659741
4068534
4659489
3206129
3798320
3704091
4234323
3707382
3930876
AVG: 3693166.72857

r=3, wt=32, c=24
6713360
4525900
5298990
3725254
3629495
4338429
3784246
3102962
3407627
3706176
2953132
3066945
3255169
4054470
3170348
3389096
3657101
3719008
2949004
3831751
4356223
3342230
3557271
3000184
3173520
3405056
2869385
3529414
3016730
3160900
3022086
3248756
3564231
3483395
3644984
2812419
3222600
3153197
3438851
3035105
3325187
2934367
3670718
3236164
3283180
3477119
3352660
3528174
3137614
3637916
3959265
3246906
2966399
3616454
3013016
3148951
3127847
2995815
3567439
3795170
3678956
3745300
3127391
3398629
3560895
4035496
3779752
5845526
3179697
4161474
3358307
3148126
3163715
3376005
3365709
3360982
3336853
3411060
3213588
2934784
AVG: 3433819.14286

