r=1, wt=8, c=4
3027555
2502247
1892337
1694037
1841424
1885600
1412940
1608450
1744646
1219327
1103553
1253949
1156233
1367135
1350579
1242911
1321449
1092090
1233683
1246108
1164356
1122809
1274413
1133816
1214073
1074128
1102900
1101208
1133627
1243730
1210378
1260980
1807006
1095503
1039872
1280813
1446077
1211573
1297195
1149942
996493
1257996
1182821
1255867
1269115
1133763
1217040
1242474
1408875
1343157
1257692
1209682
1464349
1332000
1581104
1126471
1624024
1360700
1583219
1461905
1478117
1615350
1105069
1153770
1175232
1127230
1281663
1141410
1097279
1531601
1272909
1216451
1287199
1314513
1243348
1155915
1379164
1356455
1231174
1374042
AVG: 1285042.0

r=2, wt=8, c=4
3183502
3101460
1784748
1824384
1736012
1787049
1341616
1368361
1267199
1172696
1242265
1137903
1113667
1178591
1234222
1116583
1290139
1209657
1298494
1257793
1013983
1245237
1351004
1364433
1415613
1545247
1284186
1341089
1137261
1369993
1382157
1203379
1524529
1217235
1342777
1522209
1428101
1245981
1235826
1418332
1336149
1426608
1353885
1351787
1379650
1333623
1321446
1418316
1312092
1443080
1219528
1150679
1334038
1313458
1301432
1309374
1407552
1315218
1185196
1133019
1321302
1408695
1410109
1491811
1429078
1493658
1403997
1538266
1481661
1460485
1605648
1376030
1609678
1391291
1851055
1569362
1516998
1313823
1433654
1249311
AVG: 1346052.87143

r=3, wt=8, c=4
3462898
2278043
1957569
2034792
2004915
1876848
1619010
1414047
1462652
1270680
1183266
1377323
1101031
1036939
1089481
1266272
1071825
1175792
1124539
1223632
1292313
1163923
1266127
1113551
1089453
1163794
1085093
1127946
1135980
1119774
1063418
1066696
1225744
1094880
1264148
1218455
1153594
1053141
1109979
1254738
1141476
1172609
1253483
1070226
1096839
1093721
1261016
1248268
1047375
1226288
1105230
1188002
1209174
1085956
1275229
1103330
1061954
1209073
1277081
1333380
1177846
1238211
1148781
1370969
1263612
1250886
1288057
1216191
1110541
1310410
1226364
1184331
1310674
1251600
1313885
1273895
1255069
1406286
1327279
1293499
AVG: 1206830.74286

