r=1, wt=8, c=24
12522712
8336704
6843981
6272528
6143846
6884159
5197471
5326839
6785727
5206359
5207438
6967555
5096247
5352930
4692705
4242223
4622870
4841603
5921843
5337322
5662545
5181486
4533360
5111230
5555755
5064915
5408097
4924397
4914253
4892709
4300026
4586426
4503960
5149951
4797986
5399357
5088092
4313774
4319361
5533826
6337037
5673695
4616481
4556409
5988433
4633110
4920034
5452397
5552784
6810512
4971796
5227886
4402917
4831016
4961364
5866478
4692447
4757999
6427121
4742115
4716906
5175273
5068878
5911220
5263326
4859673
4774933
6032306
5240396
5203588
5111287
4606192
4916946
4736301
5455161
4526244
4666754
4805160
4564016
5101879
AVG: 5191703.05714

r=2, wt=8, c=24
11437171
8196839
9111823
6544719
6105308
8738749
5849409
5144583
5578995
5531014
5193398
5248821
6758654
5236807
5678123
6115497
5662867
4980697
5821497
4869973
5182381
5033400
5499453
5021855
5020281
5546527
10135594
6012534
5074650
5239388
5638163
5176400
5940154
5277198
5157013
5603225
5285837
5420277
5374879
5537413
4971226
5249230
8571108
5159083
9510167
4922423
4662251
5112986
4909182
4979306
4935587
4827386
5800742
4964426
5529545
5070198
4991137
5481474
5357491
6690474
5383910
5739591
4991970
6001676
5288153
5025671
5345459
5407779
5867861
5137056
5270009
5476131
5120159
5491213
5458659
5578533
4757631
4914631
5056762
5380605
AVG: 5589806.07143

r=3, wt=8, c=24
9561401
8946224
7183559
6930250
6929109
6917249
5164709
5256467
5333690
5156109
6700589
5835678
5315329
4732924
5420813
4858490
5073162
6175923
5145493
5321654
5469400
4744389
4794701
4788463
5052463
5105102
4799909
9222961
6209224
4529959
4747821
5362731
5741965
4582067
4687886
5960119
4379985
4307370
4333407
4389627
4155838
4881649
4505571
5199320
6133140
4308278
5798016
5181140
4692185
4868516
11256478
4349544
4280353
4924489
5406796
5331372
4717855
4039215
4107607
4600161
5563912
4434950
4404706
4401594
4887020
5096683
5957045
4820315
5314235
4834082
4966958
4859663
4938235
5251660
4808739
5196949
4812135
5875584
4399903
4232838
AVG: 5184216.4

