21596770
8908324
9809133
8762613
7754673
8789307
6605982
6135994
5392480
5427511
5475737
5884980
6725027
5237066
5099618
4841584
5250978
6114598
4994730
6029404
4930233
5319872
5487934
5709939
5671031
6050778
6332927
7925356
6034452
6678339
5898024
4724039
7257865
5650297
5095540
6362799
5911473
5834923
4794166
6194525
5946409
5828284
5686068
4584477
5712777
5297438
7627871
7025894
6426185
6404724
5836465
6288386
5837128
7325130
4886583
5027342
6153348
6472651
10704658
6211334
5542223
5475402
5974529
5953510
5875949
5419223
5543764
5197438
5521027
5099323
5510200
4823440
5541740
17510357
5442194
4970013
5280356
5360127
4766239
5457489
AVG: 6079756.84286
