r=1, wt=8, c=32
21064106
22560101
21206827
24746021
30491497
23169338
22537059
22308198
24480777
23618182
27230887
22863777
23918254
21705229
23859190
32070382
23225682
35532131
22193405
21379195
22190105
21524675
21851387
26025494
21824967
21584850
22629621
23650634
21582520
25166907
24280100
23405548
23608940
24798871
20842497
20723337
27909280
22393535
24529077
23721610
23206418
23658267
23310314
21419703
24119788
21184822
22183074
21944143
23757699
21067504
22570068
21516221
26829330
25061354
28155694
25004661
23657477
21593582
22224695
24305288
23336002
22969695
25406171
25830013
25022863
24646257
24685734
24589129
24055714
22273810
22524118
22555148
24445003
22466188
24027882
32620599
24585764
19830139
26068817
23659737
5433997
AVG: 23838874.2113

r=2, wt=8, c=32
26257702
31803488
30709289
22380057
25153734
24367504
23368891
23117390
22745007
23206086
23161860
23197714
23347265
21791830
22032931
24197557
29587564
22091167
AVG: 23313964.625

r=3, wt=8, c=32
28311247
29295020
29130864
28609931
29189732
26282015
21782831
24421592
25280199
24479795
21819635
21917393
23280751
22997710
21695984
23512995
22346918
21148292
24329655
22662374
21697305
28978526
27199947
21868238
22093534
25953230
25106926
25238113
21853443
22716304
21245097
23028552
25023832
24930688
87466750
AVG: 23626548.2

