r=1, wt=64, c=16
1132273
2359046
1565604
1527091
1276294
988268
1737307
964559
1458814
1217556
1028798
1412124
1432010
1025921
861942
1673201
942282
1364813
1170664
1222167
1364005
790373
1074353
1199554
1203595
1439130
1054452
1521224
1024881
972902
940151
998971
1819252
1544663
1308807
795918
1052722
1587183
1169032
1072468
1018752
1254326
1005157
1374464
1387129
1373895
1189618
1064031
1789378
1276187
1205430
1416088
9340140
721103
3136719
857012
490012
1044538
2077951
1196825
691244
865190
1203328
967194
557753
1018646
778683
1193325
590789
1030396
1062131
981614
1006911
1192579
1024313
1078159
780132
1229460
747648
1123925
334189
AVG: 1294296.78873

r=2, wt=64, c=16
1538293
2721921
1414865
1429246
1738105
1238609
1145069
1482440
1725720
734433
680539
1409223
627698
804393
932867
1217884
1427212
895002
1018301
648249
889934
529014
1077087
919165
1321359
1582625
2942976
1026838
1358909
1286065
2379305
671847
836449
970992
1054306
901280
980741
1001644
999552
1575630
1414900
1735005
1507815
1041442
1254425
1074555
935935
957059
1130023
968142
2178164
1652579
942142
1331148
1127374
1457281
1067958
1173224
1365817
1257449
1397380
1339515
1095037
1244278
1312072
769050
1091685
740244
911053
1409403
1052123
1046454
1230274
951695
1957404
1859899
1412307
1757818
1771886
1358299
45233
AVG: 1201033.23944

r=3, wt=64, c=16
1698853
1405751
1774930
856010
1659042
815174
1955896
1377656
1109164
1250711
916343
837256
827245
596925
725145
1250092
872036
752721
529357
642204
1263985
3352977
2265776
3351513
925680
1548386
1032849
810554
785749
703836
410324
1008727
1732430
1175647
1118409
1172575
1211934
948440
1575869
1091453
1214261
1420365
857806
870027
938342
1046291
1038965
1193544
483853
821886
795834
656374
820526
1346376
893469
379123
1259626
738951
540852
1429467
931065
782752
696628
698263
1219059
918059
1602911
1091189
1063051
1179332
1765015
980049
831295
858007
1005373
833785
1321875
1613374
1246539
1147795
255734
AVG: 1086574.77465

