r=1, wt=32, c=20
2855136
2574084
2813715
1604664
2162075
1648715
1759886
2048443
2040790
1411080
1546053
2395891
1926929
2204812
2440658
1959829
1803847
1595772
1878486
2882757
2345351
1972120
1743985
1861472
1778510
1621658
1923316
1686537
2057401
2134404
2295151
2025950
1979491
2496347
1524528
1619813
2527332
2064603
2294192
1919260
2118082
2752756
1974156
1673015
2703303
1541377
1521118
1688644
1366763
1640482
1927719
2216928
2228665
2127853
2362718
2511164
2444142
2822299
1999697
1915472
1426777
2186154
1853737
2208310
3519952
2332432
1923773
2232093
1596587
1764419
2463743
1911364
1784189
1971618
1244013
2083782
2364765
3473135
2277169
2707188
42234
AVG: 2020488.23944

r=2, wt=32, c=20
2217139
2500222
3256917
2996036
2292113
2802840
2276220
3184398
1585594
1640776
1570139
2496197
1987997
2738475
1379497
2106253
2011545
2179422
1759742
1306400
1274193
1025582
1536263
2514678
2080256
1916833
1642739
1436454
2423333
1693419
1205114
2519488
2319609
1465412
1870456
1890782
1837374
1954406
1323563
1735201
1883278
2468642
2160518
1730731
1436107
1450704
2066699
1842441
3342917
1493470
2183282
2220704
1935145
2107520
2329438
2283941
1809705
2811406
2869381
2226846
2193234
1465103
3906398
2507639
1772940
1475154
2420182
2300098
2204078
2142704
2412417
4535859
2340115
1727946
1965356
2072601
2916559
1654485
2833849
2777477
AVG: 2067324.97143

r=3, wt=32, c=20
4368198
2829907
2576359
1594732
1453820
1261998
1293915
1444470
1624830
1521448
1142785
1778379
1998602
1976800
2409418
2219354
3201430
1799484
1956398
1715643
1176470
1741212
1756575
1435586
2472150
1615784
9449104
1785340
2461653
4869455
2557313
2816541
2383343
1971705
2426301
1833614
2036762
2028842
2838447
2066971
1280194
1106005
1557554
1569649
1145428
1474808
1813812
1299030
1277815
1333404
1042271
1436132
1866137
1587667
1805588
1361902
2119160
2163277
2099496
1338233
2445844
2181849
1363672
2887412
1328475
1539002
1670377
1797228
1319246
1914080
2897611
1137386
1894110
1694653
2671849
2289610
2796003
968038
1651443
2063531
965322
AVG: 1982789.97183

