r=1, wt=64, c=12
1009728
1990972
1194393
1073821
909731
1002796
1218387
535649
818567
700483
590662
558151
753855
471165
593477
659741
854782
1485340
638303
772428
852326
902977
950026
874000
535287
720343
609056
705549
1110571
865444
757507
946486
720194
768588
827370
702849
698603
718412
1030662
748901
978479
1111813
1036571
912049
880213
1317173
477219
919638
744111
728142
767845
829294
921727
666611
1075665
680783
1365148
692342
702233
1012278
914993
734842
810932
963387
1240313
1082840
810471
956762
808183
1013229
856415
631018
764184
734906
792223
786879
982359
858875
746777
536748
73247
AVG: 836899.267606

r=2, wt=64, c=12
1019302
1343216
1074678
1032729
974992
523516
721651
910985
1020248
746418
645833
655133
783936
526539
551439
673279
583563
832286
791622
566676
631764
1092877
847753
735973
885310
777713
766717
668711
746193
553505
770522
713365
823109
676155
1080602
548238
821918
762258
807090
929871
851124
986904
647942
677936
799341
791071
957401
583217
347277
709593
1237131
568186
707703
902543
1030313
841514
483218
919882
705443
931019
924386
651416
561234
716419
726393
628606
512198
814111
913372
1006934
404825
862880
1219162
919706
1091387
738201
469376
789042
798003
835703
153610
AVG: 768207.830986

r=3, wt=64, c=12
1820851
1530315
1334729
525616
1312463
777880
725268
540795
585148
803744
708367
896583
792134
709203
721802
691472
598524
559764
1113641
506111
602956
844804
810722
518440
1108697
521114
902177
983448
580932
803144
677067
761640
1065073
668715
819872
1370999
746752
1259550
892858
781539
969963
702579
738785
578507
964682
874496
1075426
1451366
1117058
574251
651963
834027
522291
727850
1184412
697424
797659
953411
887820
776889
792967
1860573
700948
885790
795894
1179146
1370350
1336301
797938
868033
1051413
1054925
781872
1217371
582126
678696
735117
956184
937757
1512099
139725
AVG: 851917.422535

