r=1, wt=32, c=16
2719189
3018446
2958482
1851480
2528729
1200423
1342756
1622657
1032204
1394723
1637710
914403
1745157
1178734
2193787
1092129
1641084
1084193
1264333
1003919
1235805
1496552
1294335
999807
1617189
1272398
1398181
933321
1792013
1168994
1292161
1480772
1399783
2135835
1462648
1882360
2043612
1360424
1608065
1494996
1339531
1361825
1563049
980776
1600217
1232149
1482857
1127520
1234989
1156196
1228658
1129832
1714219
1328436
1251010
1267059
1632205
1963577
1697995
1175713
1174834
1389580
2971578
1921145
1483351
966008
1813706
2352958
1662429
1589411
889778
1229360
1457088
1639790
1488285
1358669
1411215
1304132
1344801
1415879
327335
AVG: 1444693.60563

r=2, wt=32, c=16
3142749
2117783
2195565
1091461
2114374
1648295
1359344
838044
737140
768633
1184616
1393769
454010
749792
482362
994612
1256445
1432865
438048
1410813
782805
904106
1977962
1488514
1008631
875052
1144798
810899
1322888
1347679
832998
845619
819372
591894
890307
712773
1041079
928896
1368439
1242449
903809
927982
757349
1220844
739721
997070
746257
1171740
426283
1270141
1329210
1204962
991163
1363309
890416
1405463
1045520
2718459
595251
1247036
939003
1357519
893258
907678
1250104
859934
810727
15302138
1308727
684201
995647
1158441
1783825
1198830
2034748
1895716
1451821
1637628
1548736
1588991
AVG: 1278895.9

r=3, wt=32, c=16
2636774
2145175
1925676
1771159
1338042
1511557
1265519
1338663
1920843
1352825
1473582
1043941
1035586
1629436
1193969
1077221
1448779
1056630
1383078
1070456
1211863
1242228
804134
1566434
1191980
1399950
1145445
1434234
1331496
1190977
1163826
1806605
1195320
1139228
1519526
1880827
1218369
652916
1346871
1214241
1595785
905614
1320871
1013598
1536708
1128600
1193594
1024933
617842
1450951
1341589
1345386
1607943
1051165
6803153
776345
1158542
1200760
925512
678802
523071
879228
570778
667897
837397
732036
641049
663254
443557
606847
376384
952692
795251
764793
1119930
1202852
813618
520235
654967
724864
121050
AVG: 1210045.97183

