84042
151490
176411
98699
66676
157650
132060
45340
68411
54979
61958
50311
93458
62821
55907
58506
45043
80045
72972
85879
52407
54209
57159
32677
81974
88980
51974
72886
87135
55539
65266
42187
57269
62270
52216
45399
66720
47865
55883
61784
56770
49237
50694
52767
52569
41860
53368
71061
47207
89670
49112
50040
45420
35449
40947
46452
64103
69486
75900
38163
27461
39843
47057
59833
42237
55035
50391
61231
68778
54788
43053
65621
41449
62392
46287
80909
81650
107212
51743
88703
21571
AVG: 59771.5352113
