r=1, wt=64, c=8
891213
708071
564218
299716
633899
338745
488279
340681
287739
385118
432704
446479
438354
189960
235693
483555
376819
409830
369514
347209
267240
284316
267296
426659
487259
251435
304686
201374
246818
377438
231619
309902
504529
365420
564260
814047
430762
283998
339303
204425
211394
346170
454805
323053
455377
593849
469945
528858
452638
266659
338238
565050
327250
306739
204777
235139
436666
389172
316020
456956
261990
387212
286696
632460
418402
365652
418490
332436
261317
407261
337324
325360
436446
512071
400954
368399
346182
202993
359313
512050
AVG: 374232.728571

r=2, wt=64, c=8
653437
1295593
1010633
489247
605925
705841
318262
537396
375101
481011
438330
330488
237146
380287
442820
460108
425634
407476
608829
428997
643013
266214
324728
257535
341589
263923
345723
266737
560688
559859
552258
376723
568762
573216
296337
317871
368108
487436
797651
237086
207786
535834
254566
192356
461109
297023
398139
575233
305979
358399
406723
223503
295034
364492
671155
386221
520507
264424
353500
366715
538781
308802
479202
383946
712030
391355
523471
402861
318423
379713
340804
260035
206631
625485
486696
493568
280682
404900
341243
670461
170689
AVG: 412305.408451

r=3, wt=64, c=8
1053862
798626
669610
377394
632959
454908
263740
272587
292321
495064
331627
428698
313509
364567
406150
353980
360081
367381
344490
347603
341153
480356
457840
396658
327446
311852
349516
238264
352740
415211
472228
349333
446356
436236
641335
648698
312240
283670
650094
377118
495257
517199
378340
392448
337914
478157
499206
513560
342043
340653
349052
333222
303720
439548
478633
288912
369753
377984
384279
491106
376391
476209
418658
367260
365698
410391
490368
391774
422161
414288
466501
571551
470199
330560
278213
264377
291609
553807
244895
223889
AVG: 400660.828571

