r=1, wt=32, c=12
1912573
1226056
1876787
695596
763151
477468
402963
662011
580868
715486
353911
519503
628367
625547
432700
530207
1025935
1065498
933834
691001
556923
823088
642993
659253
652532
494561
566169
630988
525506
538302
675720
1489164
559052
631209
558451
578859
431058
578017
716230
1122640
870369
1294341
581899
513799
680885
714093
875938
589466
732338
847107
887986
612589
1108318
724267
403376
374570
866792
893290
677254
788681
767812
788107
533386
399887
529057
670527
502913
508458
396091
666205
756744
539516
640789
580916
858828
595986
842699
882138
665557
798507
197753
AVG: 673923.859155

r=2, wt=32, c=12
1984332
1138645
1211247
1201252
1214342
972215
1176212
939049
636691
1073094
980593
631021
960645
536029
827600
923367
881798
829982
522808
752664
640274
452437
661775
783326
605532
477572
697809
800543
778885
764049
615690
717033
598878
538940
539268
624239
753953
667352
588988
763649
961666
999918
849804
1179551
535997
709052
587385
766681
649254
750635
672647
797019
1019963
1357688
770879
819794
610750
482788
713543
1056836
776204
859548
906831
810360
637292
1091327
1025441
703638
726277
843837
1024203
769484
835255
975198
964932
1042707
946620
872419
1214800
1206447
118214
AVG: 788709.070423

r=3, wt=32, c=12
1665139
1217809
988797
765866
691613
783416
693521
367888
622090
617950
591667
405349
482170
592068
754329
387688
685894
352466
382374
516622
677812
532046
535902
371859
552884
805292
468755
569585
846380
1046474
646328
450480
689622
465426
789639
548548
523576
435433
809867
619048
458652
564901
680989
977147
505230
829475
609272
510210
802697
603471
819195
939048
742410
626040
718270
878083
1039784
679135
823176
1066229
558841
845129
1030934
736542
844835
900355
1146781
1218701
827378
759326
657322
826898
771778
1007935
618184
1340909
989033
1372254
1150852
1027516
AVG: 689211.442857

