154332
192055
210679
191730
90456
99876
123496
85790
72437
66895
127580
49087
97264
61931
47233
39079
59534
55059
53029
87558
93634
45614
46761
47803
73215
66659
59128
53307
85479
53650
99316
79543
54967
53935
51028
74550
43257
58686
59478
88462
68125
117259
44578
61273
98818
59111
80130
81668
47974
37740
48375
57018
75399
69640
54922
74894
41572
87629
47817
45584
69753
67504
79204
58977
86958
45275
53942
56912
63838
45352
62318
38275
49988
52887
82852
43622
65615
48536
123430
49912
AVG: 66112.5857143
