2828156
1946001
1730916
1611952
1929294
1603265
1523448
1462488
1372127
1353875
1508695
1369388
1464952
1360453
1480707
1452936
1477237
1539070
1376514
1417788
1435333
1389389
1262176
1309812
1282056
1312285
1434084
1540259
1339334
1459584
1308230
1379599
1697941
1320930
1414527
1456975
1361092
1326443
1422009
1319695
1463919
1466581
1394340
1501411
1512617
1442033
1386859
1346714
1460053
1391460
1433790
1421026
1440976
1483859
1431750
1675422
1447450
1472212
1436796
1430617
1378921
1396379
1308482
1635255
1397614
1499383
1444428
1365862
1363714
1336862
1478974
1338662
1975031
1653372
1418778
1422083
1437972
1467010
1405424
1431953
AVG: 1436661.4
