WT1
295.0
340.0
498.0
672.0
608.0
573.0
718.0
737.0
812.0
712.0
747.0
837.0
773.0
756.0
800.0
793.0
649.0
788.0
773.0
789.0
803.0
808.0
846.0
743.0
834.0
758.0
747.0
853.0
674.0
716.0
751.0
835.0
769.0
841.0
800.0
676.0
702.0
706.0
719.0
762.0
704.0
776.0
866.0
853.0
781.0
733.0
761.0
848.0
761.0
756.0
668.0
870.0
713.0
716.0
722.0
803.0
772.0
791.0
775.0
759.0
763.0
833.0
879.0
819.0
882.0
797.0
845.0
830.0
710.0
781.0
837.0
776.0
822.0
778.0
811.0
742.0
768.0
772.0
866.0
WT2
292.0
389.0
516.0
568.0
691.0
614.0
607.0
803.0
736.0
740.0
715.0
814.0
833.0
760.0
814.0
725.0
700.0
729.0
739.0
726.0
779.0
850.0
781.0
729.0
791.0
750.0
714.0
829.0
761.0
719.0
854.0
808.0
760.0
819.0
754.0
624.0
730.0
787.0
727.0
803.0
756.0
773.0
879.0
853.0
785.0
727.0
910.0
857.0
815.0
811.0
713.0
783.0
758.0
736.0
766.0
863.0
747.0
837.0
862.0
841.0
799.0
805.0
902.0
809.0
885.0
743.0
815.0
848.0
694.0
813.0
812.0
735.0
810.0
804.0
824.0
753.0
791.0
749.0
844.0
WT3
308.0
378.0
573.0
582.0
654.0
567.0
643.0
737.0
740.0
851.0
783.0
781.0
739.0
728.0
826.0
818.0
764.0
759.0
731.0
786.0
743.0
761.0
782.0
790.0
708.0
763.0
694.0
862.0
697.0
792.0
866.0
793.0
771.0
863.0
784.0
746.0
686.0
744.0
752.0
729.0
761.0
701.0
832.0
818.0
759.0
734.0
824.0
834.0
803.0
821.0
704.0
758.0
661.0
674.0
752.0
787.0
767.0
791.0
716.0
798.0
731.0
834.0
769.0
756.0
887.0
831.0
826.0
872.0
732.0
751.0
841.0
794.0
848.0
810.0
734.0
725.0
749.0
730.0
835.0
WT4
307.0
398.0
526.0
675.0
632.0
590.0
624.0
758.0
709.0
731.0
738.0
782.0
696.0
744.0
758.0
818.0
722.0
723.0
734.0
733.0
825.0
753.0
783.0
815.0
797.0
779.0
710.0
837.0
713.0
770.0
847.0
749.0
761.0
802.0
760.0
703.0
728.0
802.0
770.0
740.0
668.0
685.0
809.0
795.0
783.0
711.0
854.0
884.0
805.0
716.0
714.0
773.0
704.0
713.0
707.0
831.0
803.0
813.0
794.0
821.0
777.0
821.0
850.0
846.0
836.0
758.0
814.0
876.0
716.0
818.0
771.0
750.0
752.0
792.0
862.0
711.0
758.0
793.0
865.0
WT5
304.0
370.0
583.0
610.0
660.0
539.0
620.0
787.0
680.0
797.0
703.0
788.0
817.0
771.0
762.0
740.0
690.0
724.0
768.0
756.0
757.0
723.0
815.0
854.0
817.0
678.0
672.0
761.0
668.0
739.0
767.0
743.0
809.0
867.0
791.0
700.0
677.0
695.0
715.0
724.0
714.0
759.0
876.0
846.0
758.0
729.0
908.0
885.0
754.0
792.0
671.0
798.0
709.0
770.0
682.0
790.0
775.0
771.0
776.0
861.0
742.0
707.0
774.0
766.0
881.0
799.0
851.0
856.0
712.0
826.0
760.0
759.0
819.0
825.0
855.0
741.0
763.0
754.0
841.0
WT6
316.0
385.0
549.0
566.0
615.0
592.0
646.0
810.0
700.0
731.0
768.0
757.0
783.0
732.0
783.0
734.0
730.0
780.0
718.0
764.0
800.0
744.0
847.0
753.0
780.0
795.0
764.0
832.0
776.0
803.0
832.0
772.0
768.0
826.0
777.0
730.0
708.0
777.0
839.0
851.0
715.0
716.0
847.0
762.0
809.0
731.0
900.0
833.0
824.0
709.0
677.0
780.0
717.0
671.0
668.0
801.0
790.0
796.0
779.0
872.0
757.0
785.0
895.0
794.0
831.0
790.0
810.0
864.0
694.0
835.0
741.0
817.0
762.0
811.0
768.0
683.0
820.0
739.0
812.0
WT7
342.0
455.0
496.0
588.0
633.0
534.0
677.0
763.0
759.0
799.0
759.0
807.0
749.0
723.0
755.0
804.0
739.0
754.0
749.0
769.0
762.0
857.0
861.0
802.0
836.0
738.0
701.0
839.0
743.0
752.0
861.0
842.0
720.0
765.0
775.0
718.0
770.0
761.0
760.0
820.0
672.0
746.0
822.0
881.0
760.0
713.0
845.0
805.0
844.0
774.0
672.0
774.0
785.0
745.0
700.0
837.0
788.0
756.0
795.0
775.0
739.0
783.0
900.0
885.0
797.0
757.0
813.0
817.0
753.0
823.0
772.0
779.0
837.0
809.0
764.0
774.0
829.0
774.0
794.0
WT8
344.0
428.0
562.0
679.0
607.0
551.0
600.0
793.0
784.0
715.0
695.0
815.0
831.0
742.0
709.0
806.0
733.0
829.0
707.0
766.0
806.0
781.0
831.0
770.0
784.0
703.0
747.0
814.0
746.0
702.0
756.0
796.0
771.0
767.0
761.0
626.0
712.0
738.0
730.0
760.0
659.0
736.0
834.0
787.0
833.0
707.0
798.0
811.0
842.0
797.0
719.0
797.0
647.0
735.0
786.0
808.0
754.0
760.0
801.0
766.0
799.0
814.0
853.0
864.0
884.0
771.0
790.0
849.0
670.0
821.0
808.0
721.0
818.0
835.0
803.0
715.0
799.0
749.0
834.0
