WT1
79.0
139.0
230.0
186.0
342.0
182.0
186.0
296.0
249.0
244.0
296.0
265.0
264.0
260.0
269.0
266.0
242.0
255.0
266.0
260.0
261.0
282.0
263.0
268.0
243.0
274.0
253.0
209.0
287.0
265.0
303.0
236.0
206.0
252.0
299.0
306.0
248.0
260.0
204.0
230.0
243.0
264.0
289.0
220.0
273.0
249.0
312.0
257.0
193.0
370.0
139.0
291.0
309.0
260.0
242.0
226.0
343.0
287.0
212.0
309.0
307.0
327.0
116.0
331.0
291.0
253.0
351.0
180.0
258.0
278.0
217.0
296.0
297.0
244.0
297.0
225.0
273.0
192.0
345.0
287.0
WT2
94.0
143.0
201.0
188.0
276.0
249.0
219.0
262.0
278.0
287.0
203.0
300.0
252.0
258.0
285.0
256.0
254.0
250.0
264.0
250.0
289.0
267.0
260.0
273.0
224.0
320.0
190.0
223.0
327.0
246.0
255.0
219.0
286.0
237.0
327.0
220.0
293.0
242.0
308.0
261.0
233.0
250.0
130.0
316.0
258.0
274.0
291.0
256.0
251.0
274.0
266.0
259.0
154.0
355.0
192.0
336.0
279.0
219.0
422.0
114.0
426.0
181.0
335.0
203.0
247.0
307.0
213.0
352.0
183.0
241.0
314.0
308.0
187.0
257.0
289.0
315.0
197.0
277.0
247.0
305.0
WT3
97.0
154.0
213.0
221.0
210.0
211.0
265.0
225.0
327.0
228.0
301.0
244.0
269.0
258.0
247.0
252.0
309.0
254.0
249.0
238.0
275.0
322.0
209.0
236.0
329.0
196.0
212.0
294.0
290.0
233.0
291.0
226.0
258.0
290.0
238.0
286.0
361.0
251.0
159.0
241.0
276.0
259.0
260.0
196.0
255.0
346.0
205.0
245.0
315.0
174.0
269.0
219.0
389.0
217.0
318.0
277.0
251.0
317.0
224.0
335.0
124.0
291.0
314.0
299.0
271.0
305.0
225.0
259.0
308.0
216.0
284.0
169.0
308.0
330.0
226.0
251.0
257.0
290.0
205.0
305.0
WT4
102.0
136.0
205.0
215.0
248.0
217.0
213.0
251.0
285.0
258.0
276.0
267.0
269.0
254.0
274.0
238.0
268.0
248.0
287.0
253.0
272.0
294.0
248.0
268.0
254.0
267.0
234.0
251.0
273.0
254.0
306.0
229.0
255.0
252.0
290.0
272.0
295.0
267.0
212.0
232.0
259.0
268.0
243.0
229.0
248.0
284.0
262.0
266.0
266.0
281.0
263.0
254.0
287.0
277.0
261.0
291.0
284.0
287.0
279.0
240.0
276.0
266.0
267.0
273.0
265.0
291.0
270.0
273.0
264.0
262.0
268.0
280.0
257.0
254.0
286.0
259.0
238.0
258.0
258.0
270.0
WT5
90.0
119.0
213.0
204.0
267.0
214.0
228.0
267.0
293.0
261.0
275.0
245.0
246.0
246.0
244.0
251.0
274.0
236.0
273.0
265.0
293.0
269.0
245.0
272.0
276.0
265.0
215.0
234.0
288.0
256.0
263.0
221.0
240.0
247.0
296.0
267.0
274.0
249.0
220.0
258.0
263.0
258.0
215.0
247.0
261.0
282.0
260.0
263.0
255.0
300.0
254.0
256.0
280.0
255.0
233.0
246.0
287.0
267.0
289.0
247.0
295.0
268.0
271.0
277.0
261.0
291.0
258.0
260.0
273.0
242.0
275.0
274.0
274.0
261.0
269.0
259.0
258.0
248.0
231.0
305.0
WT6
98.0
163.0
231.0
209.0
275.0
218.0
213.0
272.0
263.0
253.0
269.0
263.0
286.0
255.0
275.0
261.0
274.0
239.0
256.0
260.0
258.0
263.0
235.0
277.0
290.0
277.0
204.0
239.0
275.0
272.0
290.0
224.0
229.0
259.0
295.0
281.0
278.0
228.0
247.0
244.0
224.0
259.0
226.0
242.0
253.0
276.0
273.0
260.0
264.0
265.0
244.0
275.0
302.0
277.0
259.0
282.0
328.0
274.0
280.0
260.0
264.0
263.0
256.0
283.0
264.0
301.0
276.0
289.0
269.0
258.0
278.0
274.0
265.0
268.0
299.0
273.0
236.0
265.0
242.0
275.0
WT7
93.0
140.0
212.0
187.0
275.0
207.0
218.0
260.0
351.0
252.0
207.0
264.0
279.0
267.0
293.0
258.0
290.0
232.0
266.0
231.0
316.0
242.0
243.0
289.0
235.0
273.0
223.0
239.0
286.0
260.0
281.0
242.0
246.0
229.0
267.0
277.0
252.0
323.0
238.0
208.0
247.0
289.0
287.0
187.0
221.0
349.0
145.0
286.0
379.0
144.0
384.0
230.0
317.0
260.0
133.0
324.0
287.0
233.0
395.0
168.0
314.0
226.0
280.0
286.0
256.0
283.0
310.0
240.0
258.0
268.0
292.0
210.0
330.0
214.0
279.0
242.0
259.0
223.0
272.0
224.0
WT8
84.0
151.0
205.0
227.0
274.0
237.0
213.0
260.0
226.0
262.0
347.0
238.0
274.0
243.0
253.0
256.0
259.0
292.0
239.0
273.0
265.0
278.0
225.0
236.0
274.0
243.0
206.0
259.0
291.0
244.0
284.0
217.0
248.0
274.0
308.0
266.0
333.0
211.0
220.0
324.0
265.0
216.0
162.0
277.0
292.0
239.0
374.0
206.0
168.0
400.0
117.0
309.0
253.0
273.0
304.0
242.0
322.0
335.0
190.0
329.0
238.0
261.0
249.0
269.0
270.0
310.0
218.0
299.0
257.0
276.0
275.0
325.0
169.0
288.0
278.0
246.0
236.0
262.0
218.0
335.0
WT9
89.0
148.0
231.0
175.0
270.0
222.0
244.0
272.0
273.0
258.0
265.0
253.0
267.0
259.0
258.0
260.0
278.0
261.0
263.0
238.0
279.0
262.0
230.0
274.0
281.0
287.0
212.0
263.0
307.0
262.0
296.0
248.0
232.0
247.0
277.0
253.0
302.0
262.0
218.0
265.0
261.0
269.0
221.0
233.0
254.0
303.0
271.0
244.0
269.0
272.0
231.0
255.0
280.0
269.0
263.0
263.0
289.0
289.0
300.0
256.0
271.0
262.0
273.0
289.0
251.0
276.0
256.0
260.0
264.0
269.0
285.0
268.0
252.0
271.0
270.0
251.0
230.0
225.0
243.0
290.0
WT10
87.0
156.0
248.0
216.0
283.0
221.0
237.0
251.0
274.0
276.0
268.0
259.0
245.0
263.0
278.0
249.0
264.0
252.0
240.0
251.0
296.0
288.0
247.0
267.0
256.0
288.0
214.0
281.0
280.0
250.0
277.0
233.0
234.0
244.0
298.0
267.0
267.0
253.0
222.0
233.0
252.0
259.0
218.0
249.0
257.0
272.0
282.0
259.0
260.0
268.0
245.0
265.0
283.0
254.0
262.0
287.0
287.0
280.0
285.0
241.0
252.0
271.0
252.0
275.0
268.0
305.0
270.0
269.0
265.0
251.0
273.0
258.0
235.0
262.0
265.0
261.0
235.0
250.0
247.0
290.0
WT11
88.0
167.0
214.0
206.0
274.0
234.0
210.0
287.0
278.0
246.0
280.0
259.0
257.0
265.0
292.0
261.0
277.0
273.0
263.0
259.0
260.0
294.0
232.0
280.0
271.0
254.0
201.0
240.0
295.0
258.0
282.0
242.0
233.0
248.0
286.0
300.0
289.0
263.0
212.0
266.0
264.0
257.0
219.0
221.0
287.0
273.0
270.0
269.0
264.0
266.0
234.0
257.0
293.0
268.0
240.0
255.0
295.0
280.0
294.0
264.0
308.0
275.0
280.0
267.0
282.0
270.0
261.0
284.0
290.0
283.0
278.0
277.0
261.0
281.0
283.0
247.0
239.0
239.0
251.0
297.0
WT12
83.0
132.0
204.0
231.0
271.0
216.0
225.0
241.0
295.0
273.0
307.0
280.0
270.0
262.0
270.0
256.0
270.0
256.0
260.0
253.0
285.0
272.0
229.0
265.0
262.0
286.0
217.0
274.0
288.0
261.0
294.0
222.0
257.0
258.0
277.0
283.0
313.0
248.0
236.0
243.0
243.0
284.0
226.0
234.0
253.0
274.0
297.0
264.0
263.0
277.0
227.0
230.0
271.0
263.0
243.0
299.0
287.0
279.0
274.0
256.0
285.0
269.0
260.0
279.0
253.0
302.0
284.0
256.0
254.0
271.0
262.0
274.0
249.0
243.0
248.0
259.0
226.0
238.0
254.0
307.0
WT13
72.0
150.0
220.0
208.0
288.0
244.0
214.0
266.0
282.0
245.0
292.0
196.0
331.0
231.0
270.0
207.0
272.0
260.0
336.0
161.0
276.0
350.0
196.0
243.0
293.0
295.0
171.0
250.0
353.0
206.0
290.0
255.0
242.0
266.0
275.0
320.0
246.0
283.0
225.0
230.0
280.0
249.0
219.0
183.0
302.0
288.0
267.0
168.0
260.0
320.0
225.0
264.0
292.0
249.0
184.0
282.0
288.0
321.0
296.0
312.0
290.0
200.0
259.0
215.0
340.0
274.0
254.0
178.0
244.0
264.0
351.0
278.0
253.0
255.0
271.0
357.0
50.0
456.0
47.0
298.0
WT14
87.0
149.0
192.0
243.0
294.0
205.0
233.0
244.0
270.0
253.0
281.0
299.0
176.0
271.0
266.0
318.0
257.0
243.0
238.0
311.0
249.0
212.0
291.0
290.0
240.0
248.0
249.0
267.0
247.0
292.0
292.0
232.0
232.0
257.0
320.0
236.0
335.0
224.0
227.0
264.0
226.0
243.0
212.0
277.0
214.0
257.0
263.0
312.0
254.0
222.0
226.0
255.0
290.0
259.0
287.0
266.0
290.0
261.0
293.0
210.0
298.0
301.0
259.0
345.0
213.0
264.0
274.0
342.0
251.0
254.0
175.0
268.0
230.0
272.0
274.0
173.0
435.0
72.0
444.0
285.0
WT15
86.0
140.0
206.0
198.0
266.0
241.0
222.0
240.0
271.0
269.0
268.0
246.0
268.0
272.0
243.0
266.0
267.0
272.0
233.0
264.0
270.0
291.0
223.0
289.0
280.0
305.0
221.0
253.0
281.0
256.0
292.0
228.0
254.0
257.0
295.0
258.0
289.0
243.0
218.0
243.0
256.0
266.0
205.0
236.0
260.0
270.0
260.0
259.0
254.0
262.0
239.0
271.0
290.0
257.0
230.0
290.0
291.0
276.0
292.0
242.0
282.0
257.0
273.0
279.0
274.0
279.0
276.0
272.0
269.0
265.0
254.0
271.0
264.0
254.0
272.0
253.0
235.0
265.0
264.0
323.0
WT16
93.0
150.0
238.0
208.0
279.0
218.0
212.0
276.0
263.0
260.0
289.0
251.0
266.0
256.0
259.0
241.0
268.0
265.0
268.0
238.0
283.0
287.0
214.0
270.0
259.0
272.0
225.0
259.0
297.0
264.0
261.0
227.0
248.0
254.0
306.0
284.0
285.0
244.0
234.0
249.0
263.0
275.0
217.0
226.0
251.0
277.0
276.0
254.0
245.0
282.0
237.0
283.0
294.0
278.0
250.0
273.0
302.0
275.0
274.0
249.0
300.0
246.0
243.0
267.0
277.0
271.0
281.0
261.0
279.0
265.0
285.0
281.0
243.0
235.0
255.0
252.0
238.0
254.0
266.0
276.0
WT17
94.0
153.0
213.0
220.0
269.0
226.0
230.0
241.0
260.0
248.0
278.0
257.0
264.0
247.0
254.0
245.0
243.0
261.0
258.0
243.0
268.0
253.0
247.0
258.0
243.0
267.0
215.0
230.0
306.0
257.0
301.0
215.0
257.0
240.0
275.0
270.0
289.0
234.0
241.0
278.0
271.0
269.0
209.0
239.0
237.0
264.0
260.0
278.0
244.0
274.0
236.0
269.0
281.0
265.0
247.0
271.0
291.0
286.0
280.0
251.0
277.0
284.0
274.0
278.0
274.0
286.0
267.0
271.0
261.0
256.0
269.0
263.0
264.0
251.0
276.0
262.0
251.0
258.0
267.0
279.0
WT18
102.0
158.0
208.0
245.0
265.0
182.0
233.0
311.0
271.0
242.0
296.0
287.0
241.0
207.0
323.0
191.0
328.0
275.0
193.0
306.0
298.0
268.0
233.0
289.0
160.0
403.0
91.0
278.0
307.0
230.0
310.0
368.0
216.0
150.0
430.0
264.0
303.0
247.0
215.0
279.0
181.0
257.0
420.0
215.0
429.0
174.0
257.0
464.0
298.0
284.0
459.0
202.0
291.0
295.0
225.0
311.0
522.0
239.0
183.0
258.0
565.0
248.0
461.0
201.0
438.0
312.0
257.0
274.0
238.0
490.0
285.0
250.0
246.0
308.0
477.0
204.0
217.0
509.0
234.0
331.0
WT19
104.0
156.0
230.0
167.0
282.0
266.0
228.0
248.0
297.0
263.0
264.0
220.0
311.0
279.0
219.0
333.0
204.0
223.0
327.0
203.0
270.0
285.0
225.0
249.0
372.0
133.0
377.0
243.0
313.0
269.0
252.0
107.0
253.0
374.0
229.0
279.0
278.0
231.0
236.0
249.0
423.0
271.0
200.0
420.0
215.0
494.0
267.0
205.0
441.0
263.0
222.0
307.0
271.0
209.0
554.0
201.0
226.0
308.0
522.0
270.0
146.0
484.0
228.0
508.0
235.0
250.0
261.0
291.0
510.0
231.0
268.0
498.0
293.0
225.0
227.0
485.0
307.0
262.0
532.0
256.0
WT20
101.0
134.0
227.0
207.0
262.0
205.0
243.0
276.0
285.0
258.0
267.0
250.0
265.0
259.0
265.0
263.0
277.0
270.0
283.0
247.0
268.0
301.0
251.0
269.0
250.0
283.0
229.0
252.0
295.0
280.0
273.0
218.0
245.0
259.0
290.0
261.0
313.0
278.0
238.0
279.0
253.0
273.0
215.0
242.0
260.0
255.0
283.0
245.0
255.0
275.0
221.0
263.0
280.0
256.0
258.0
297.0
301.0
287.0
283.0
251.0
288.0
274.0
265.0
295.0
260.0
295.0
250.0
278.0
271.0
268.0
269.0
271.0
237.0
247.0
267.0
237.0
231.0
255.0
244.0
319.0
WT21
96.0
166.0
222.0
212.0
266.0
225.0
216.0
271.0
292.0
258.0
259.0
246.0
283.0
249.0
267.0
249.0
246.0
252.0
267.0
258.0
273.0
266.0
241.0
269.0
280.0
271.0
212.0
243.0
316.0
252.0
283.0
222.0
264.0
244.0
304.0
280.0
291.0
253.0
244.0
240.0
246.0
271.0
195.0
234.0
257.0
282.0
258.0
260.0
286.0
273.0
239.0
276.0
290.0
252.0
238.0
267.0
294.0
267.0
298.0
258.0
284.0
256.0
256.0
286.0
257.0
267.0
263.0
264.0
241.0
256.0
291.0
265.0
258.0
284.0
284.0
264.0
241.0
244.0
233.0
298.0
WT22
100.0
131.0
213.0
213.0
296.0
222.0
166.0
271.0
280.0
236.0
314.0
193.0
304.0
256.0
266.0
318.0
280.0
252.0
215.0
177.0
280.0
334.0
322.0
122.0
265.0
380.0
141.0
262.0
263.0
291.0
416.0
187.0
156.0
441.0
279.0
129.0
295.0
417.0
167.0
246.0
419.0
249.0
204.0
231.0
393.0
280.0
306.0
260.0
118.0
435.0
299.0
85.0
465.0
110.0
411.0
124.0
433.0
278.0
288.0
130.0
287.0
507.0
283.0
147.0
186.0
547.0
259.0
116.0
529.0
144.0
340.0
224.0
420.0
176.0
384.0
154.0
328.0
145.0
257.0
165.0
WT23
84.0
149.0
225.0
192.0
275.0
198.0
275.0
272.0
255.0
289.0
234.0
293.0
221.0
228.0
287.0
188.0
284.0
242.0
336.0
314.0
272.0
213.0
170.0
415.0
275.0
158.0
280.0
275.0
334.0
257.0
123.0
253.0
389.0
107.0
349.0
406.0
299.0
174.0
383.0
256.0
208.0
241.0
217.0
387.0
187.0
284.0
251.0
251.0
472.0
170.0
186.0
466.0
108.0
465.0
187.0
421.0
155.0
282.0
291.0
403.0
294.0
93.0
261.0
376.0
426.0
91.0
247.0
522.0
118.0
412.0
230.0
349.0
190.0
381.0
162.0
365.0
148.0
355.0
262.0
457.0
WT24
77.0
139.0
208.0
198.0
257.0
210.0
220.0
283.0
267.0
251.0
283.0
267.0
282.0
239.0
262.0
265.0
252.0
233.0
298.0
250.0
280.0
311.0
249.0
276.0
275.0
301.0
215.0
254.0
301.0
258.0
272.0
206.0
244.0
255.0
306.0
289.0
292.0
253.0
226.0
250.0
245.0
238.0
226.0
245.0
263.0
285.0
297.0
245.0
273.0
276.0
255.0
254.0
289.0
246.0
261.0
287.0
289.0
288.0
269.0
252.0
281.0
262.0
247.0
303.0
291.0
290.0
262.0
248.0
273.0
259.0
266.0
253.0
225.0
286.0
278.0
257.0
256.0
275.0
270.0
288.0
WT25
85.0
129.0
210.0
190.0
261.0
229.0
233.0
257.0
283.0
263.0
282.0
248.0
249.0
255.0
277.0
251.0
303.0
238.0
280.0
264.0
250.0
286.0
235.0
267.0
254.0
279.0
229.0
247.0
294.0
254.0
291.0
246.0
232.0
257.0
308.0
275.0
283.0
247.0
234.0
245.0
267.0
267.0
230.0
251.0
276.0
283.0
273.0
265.0
245.0
249.0
241.0
257.0
290.0
260.0
231.0
251.0
294.0
289.0
275.0
239.0
282.0
271.0
251.0
290.0
289.0
269.0
262.0
310.0
270.0
259.0
267.0
275.0
253.0
270.0
279.0
235.0
243.0
247.0
257.0
284.0
WT26
84.0
157.0
228.0
224.0
242.0
221.0
217.0
258.0
304.0
255.0
274.0
225.0
258.0
258.0
271.0
251.0
282.0
248.0
310.0
253.0
262.0
291.0
240.0
261.0
261.0
262.0
233.0
250.0
302.0
251.0
294.0
234.0
261.0
251.0
281.0
281.0
289.0
276.0
227.0
260.0
239.0
263.0
213.0
219.0
241.0
255.0
268.0
249.0
251.0
279.0
229.0
271.0
283.0
264.0
226.0
282.0
286.0
290.0
287.0
239.0
275.0
248.0
260.0
271.0
263.0
288.0
296.0
263.0
274.0
287.0
270.0
243.0
255.0
269.0
277.0
261.0
289.0
237.0
244.0
324.0
WT27
102.0
147.0
201.0
211.0
268.0
211.0
260.0
266.0
279.0
259.0
273.0
244.0
267.0
252.0
260.0
251.0
248.0
243.0
268.0
262.0
280.0
290.0
241.0
282.0
272.0
268.0
198.0
251.0
293.0
233.0
271.0
228.0
227.0
260.0
310.0
270.0
312.0
258.0
216.0
256.0
244.0
257.0
223.0
235.0
252.0
302.0
266.0
248.0
269.0
280.0
212.0
245.0
274.0
257.0
259.0
277.0
277.0
274.0
299.0
250.0
282.0
252.0
267.0
314.0
278.0
280.0
253.0
274.0
261.0
271.0
274.0
273.0
242.0
293.0
272.0
263.0
237.0
240.0
251.0
270.0
WT28
89.0
124.0
233.0
246.0
247.0
217.0
217.0
276.0
326.0
217.0
327.0
243.0
263.0
257.0
287.0
292.0
274.0
262.0
239.0
250.0
325.0
279.0
227.0
234.0
184.0
265.0
272.0
321.0
212.0
342.0
181.0
228.0
302.0
271.0
176.0
446.0
172.0
230.0
337.0
145.0
390.0
235.0
243.0
228.0
154.0
336.0
426.0
155.0
353.0
79.0
387.0
189.0
397.0
277.0
121.0
392.0
294.0
119.0
322.0
338.0
172.0
256.0
266.0
447.0
199.0
307.0
247.0
339.0
275.0
190.0
274.0
348.0
97.0
418.0
189.0
317.0
201.0
229.0
259.0
360.0
WT29
92.0
184.0
219.0
171.0
322.0
215.0
233.0
271.0
241.0
297.0
233.0
274.0
280.0
253.0
263.0
213.0
300.0
241.0
318.0
254.0
235.0
282.0
219.0
292.0
333.0
290.0
159.0
171.0
354.0
188.0
364.0
238.0
200.0
260.0
417.0
123.0
392.0
257.0
141.0
378.0
132.0
252.0
224.0
263.0
429.0
213.0
151.0
317.0
196.0
484.0
172.0
333.0
141.0
270.0
361.0
153.0
302.0
438.0
255.0
193.0
384.0
273.0
266.0
123.0
357.0
291.0
270.0
189.0
269.0
326.0
287.0
200.0
401.0
130.0
341.0
186.0
307.0
255.0
255.0
194.0
WT30
85.0
182.0
230.0
218.0
272.0
212.0
236.0
269.0
292.0
264.0
257.0
258.0
295.0
262.0
265.0
265.0
273.0
265.0
289.0
231.0
301.0
287.0
221.0
269.0
284.0
272.0
211.0
240.0
302.0
274.0
305.0
224.0
228.0
253.0
317.0
303.0
290.0
255.0
237.0
270.0
239.0
240.0
233.0
251.0
244.0
274.0
262.0
262.0
267.0
260.0
249.0
261.0
284.0
261.0
249.0
268.0
297.0
296.0
289.0
252.0
271.0
258.0
256.0
273.0
273.0
281.0
253.0
305.0
265.0
254.0
274.0
243.0
243.0
258.0
263.0
255.0
242.0
249.0
262.0
283.0
WT31
78.0
146.0
248.0
183.0
288.0
210.0
261.0
276.0
245.0
329.0
225.0
327.0
157.0
278.0
269.0
309.0
169.0
274.0
374.0
132.0
270.0
370.0
145.0
361.0
192.0
272.0
274.0
188.0
289.0
315.0
178.0
242.0
296.0
254.0
212.0
274.0
298.0
332.0
214.0
266.0
172.0
270.0
257.0
257.0
193.0
326.0
267.0
253.0
299.0
284.0
204.0
200.0
335.0
256.0
262.0
226.0
299.0
348.0
170.0
322.0
252.0
360.0
153.0
205.0
471.0
147.0
396.0
119.0
269.0
279.0
394.0
268.0
150.0
240.0
439.0
201.0
268.0
257.0
215.0
460.0
WT32
91.0
152.0
209.0
217.0
264.0
232.0
216.0
269.0
319.0
215.0
358.0
185.0
356.0
230.0
261.0
204.0
379.0
206.0
138.0
368.0
265.0
182.0
327.0
158.0
340.0
296.0
129.0
309.0
309.0
165.0
356.0
218.0
149.0
256.0
368.0
265.0
291.0
178.0
228.0
264.0
344.0
218.0
160.0
245.0
301.0
209.0
270.0
262.0
270.0
290.0
250.0
316.0
248.0
283.0
206.0
307.0
296.0
185.0
387.0
196.0
317.0
169.0
360.0
339.0
121.0
436.0
150.0
453.0
230.0
259.0
182.0
277.0
393.0
267.0
172.0
437.0
227.0
245.0
265.0
178.0
