WT1
43.0
65.0
85.0
87.0
95.0
116.0
123.0
137.0
138.0
130.0
113.0
132.0
138.0
125.0
137.0
130.0
112.0
117.0
141.0
136.0
125.0
119.0
129.0
132.0
137.0
107.0
125.0
92.0
140.0
113.0
139.0
124.0
123.0
84.0
98.0
130.0
130.0
119.0
130.0
111.0
120.0
109.0
133.0
122.0
112.0
130.0
149.0
125.0
126.0
113.0
100.0
139.0
136.0
129.0
106.0
107.0
129.0
130.0
121.0
83.0
112.0
115.0
131.0
133.0
133.0
130.0
135.0
130.0
141.0
131.0
127.0
129.0
110.0
126.0
143.0
130.0
125.0
117.0
137.0
132.0
WT2
30.0
51.0
95.0
86.0
112.0
103.0
139.0
133.0
132.0
140.0
120.0
121.0
145.0
142.0
119.0
110.0
111.0
112.0
141.0
113.0
127.0
103.0
119.0
144.0
125.0
129.0
115.0
98.0
112.0
113.0
136.0
128.0
109.0
79.0
96.0
125.0
129.0
130.0
128.0
104.0
119.0
109.0
116.0
129.0
108.0
149.0
148.0
135.0
145.0
128.0
96.0
139.0
124.0
129.0
103.0
123.0
120.0
111.0
104.0
76.0
112.0
116.0
137.0
148.0
127.0
110.0
123.0
120.0
133.0
130.0
105.0
138.0
139.0
125.0
144.0
135.0
131.0
122.0
123.0
122.0
WT3
37.0
56.0
85.0
110.0
98.0
85.0
129.0
135.0
158.0
116.0
110.0
126.0
173.0
133.0
132.0
129.0
125.0
111.0
127.0
134.0
111.0
113.0
116.0
123.0
118.0
122.0
130.0
94.0
133.0
123.0
136.0
114.0
125.0
71.0
107.0
103.0
152.0
130.0
121.0
119.0
119.0
128.0
105.0
105.0
130.0
122.0
152.0
119.0
126.0
124.0
112.0
125.0
124.0
142.0
126.0
113.0
115.0
104.0
127.0
71.0
110.0
117.0
125.0
118.0
110.0
126.0
121.0
119.0
133.0
119.0
131.0
119.0
149.0
116.0
132.0
114.0
113.0
143.0
123.0
117.0
WT4
34.0
64.0
88.0
90.0
106.0
101.0
119.0
143.0
141.0
134.0
109.0
117.0
151.0
135.0
153.0
119.0
124.0
108.0
131.0
128.0
112.0
117.0
132.0
126.0
129.0
119.0
129.0
108.0
130.0
102.0
140.0
116.0
133.0
64.0
96.0
114.0
148.0
142.0
118.0
108.0
127.0
132.0
122.0
117.0
122.0
130.0
129.0
118.0
143.0
121.0
113.0
131.0
139.0
115.0
110.0
123.0
135.0
125.0
118.0
93.0
112.0
109.0
122.0
124.0
133.0
124.0
127.0
123.0
136.0
121.0
129.0
121.0
130.0
137.0
120.0
125.0
124.0
136.0
128.0
114.0
WT5
41.0
76.0
96.0
73.0
130.0
111.0
130.0
99.0
130.0
108.0
147.0
129.0
130.0
104.0
213.0
72.0
154.0
76.0
106.0
205.0
32.0
161.0
143.0
75.0
203.0
136.0
54.0
165.0
80.0
116.0
97.0
190.0
103.0
43.0
149.0
112.0
142.0
73.0
124.0
170.0
134.0
94.0
157.0
60.0
189.0
136.0
147.0
157.0
63.0
170.0
49.0
189.0
138.0
184.0
97.0
10.0
135.0
147.0
125.0
193.0
109.0
119.0
42.0
282.0
90.0
183.0
122.0
199.0
105.0
265.0
124.0
119.0
242.0
99.0
160.0
94.0
126.0
221.0
151.0
86.0
WT6
37.0
53.0
101.0
88.0
98.0
118.0
139.0
158.0
130.0
139.0
86.0
111.0
143.0
189.0
41.0
158.0
101.0
154.0
150.0
61.0
180.0
63.0
112.0
183.0
62.0
126.0
190.0
45.0
162.0
109.0
152.0
46.0
153.0
118.0
50.0
125.0
137.0
196.0
131.0
76.0
104.0
136.0
115.0
178.0
77.0
141.0
138.0
98.0
202.0
124.0
186.0
79.0
143.0
68.0
105.0
227.0
126.0
91.0
136.0
69.0
103.0
118.0
271.0
57.0
177.0
75.0
236.0
143.0
216.0
85.0
126.0
254.0
115.0
214.0
110.0
158.0
126.0
98.0
107.0
261.0
WT7
35.0
61.0
84.0
89.0
111.0
110.0
136.0
122.0
128.0
132.0
103.0
134.0
139.0
147.0
133.0
122.0
140.0
122.0
138.0
122.0
120.0
127.0
124.0
114.0
127.0
118.0
126.0
98.0
137.0
114.0
128.0
127.0
129.0
75.0
94.0
132.0
126.0
144.0
121.0
109.0
118.0
125.0
121.0
127.0
123.0
129.0
166.0
129.0
135.0
126.0
99.0
138.0
141.0
111.0
110.0
107.0
127.0
131.0
126.0
82.0
115.0
135.0
124.0
120.0
112.0
121.0
125.0
140.0
130.0
120.0
134.0
127.0
139.0
130.0
134.0
111.0
109.0
132.0
133.0
121.0
WT8
44.0
53.0
83.0
96.0
117.0
89.0
118.0
133.0
143.0
125.0
115.0
116.0
138.0
150.0
118.0
116.0
133.0
113.0
146.0
130.0
103.0
120.0
139.0
123.0
116.0
120.0
129.0
100.0
111.0
107.0
132.0
113.0
127.0
77.0
128.0
121.0
132.0
122.0
106.0
102.0
111.0
109.0
146.0
116.0
124.0
147.0
134.0
131.0
138.0
132.0
101.0
133.0
115.0
111.0
138.0
110.0
127.0
137.0
117.0
92.0
116.0
111.0
144.0
128.0
121.0
114.0
117.0
141.0
133.0
127.0
120.0
137.0
123.0
143.0
137.0
125.0
111.0
128.0
137.0
127.0
WT9
36.0
65.0
85.0
90.0
140.0
66.0
131.0
167.0
147.0
108.0
75.0
125.0
194.0
116.0
198.0
111.0
57.0
109.0
212.0
76.0
176.0
74.0
175.0
164.0
91.0
152.0
118.0
20.0
172.0
112.0
120.0
148.0
95.0
99.0
81.0
151.0
127.0
78.0
112.0
198.0
117.0
99.0
79.0
179.0
87.0
171.0
139.0
66.0
137.0
140.0
101.0
111.0
231.0
114.0
46.0
100.0
239.0
135.0
94.0
167.0
26.0
108.0
114.0
197.0
71.0
111.0
118.0
209.0
121.0
133.0
150.0
195.0
74.0
130.0
138.0
120.0
207.0
92.0
172.0
101.0
WT10
40.0
55.0
89.0
102.0
99.0
125.0
140.0
96.0
125.0
146.0
147.0
133.0
102.0
180.0
71.0
131.0
217.0
106.0
63.0
200.0
68.0
185.0
96.0
93.0
157.0
71.0
132.0
179.0
72.0
104.0
138.0
99.0
154.0
90.0
105.0
92.0
151.0
182.0
131.0
71.0
131.0
131.0
176.0
61.0
188.0
87.0
149.0
182.0
123.0
110.0
103.0
144.0
86.0
121.0
213.0
113.0
58.0
142.0
202.0
102.0
229.0
114.0
132.0
82.0
183.0
109.0
133.0
91.0
109.0
132.0
158.0
76.0
197.0
139.0
134.0
122.0
80.0
211.0
184.0
218.0
WT11
33.0
68.0
104.0
99.0
116.0
94.0
135.0
130.0
133.0
113.0
114.0
127.0
137.0
118.0
131.0
136.0
141.0
126.0
122.0
133.0
111.0
125.0
124.0
126.0
116.0
126.0
131.0
104.0
126.0
100.0
126.0
120.0
105.0
68.0
87.0
127.0
137.0
138.0
120.0
109.0
118.0
123.0
123.0
131.0
146.0
141.0
141.0
135.0
130.0
127.0
96.0
124.0
130.0
108.0
104.0
111.0
104.0
117.0
110.0
102.0
118.0
121.0
126.0
132.0
132.0
115.0
113.0
148.0
140.0
137.0
119.0
124.0
123.0
124.0
129.0
117.0
133.0
121.0
128.0
118.0
WT12
34.0
56.0
115.0
58.0
138.0
104.0
110.0
129.0
164.0
120.0
100.0
128.0
122.0
140.0
151.0
123.0
62.0
120.0
161.0
154.0
67.0
111.0
175.0
119.0
84.0
155.0
98.0
95.0
141.0
94.0
125.0
137.0
142.0
90.0
136.0
93.0
128.0
185.0
138.0
42.0
197.0
75.0
201.0
107.0
195.0
137.0
101.0
213.0
161.0
121.0
55.0
115.0
196.0
124.0
105.0
126.0
50.0
193.0
71.0
109.0
204.0
82.0
114.0
138.0
76.0
119.0
123.0
129.0
258.0
76.0
110.0
122.0
128.0
179.0
144.0
70.0
206.0
94.0
123.0
121.0
WT13
30.0
72.0
71.0
119.0
93.0
108.0
142.0
144.0
114.0
134.0
112.0
101.0
161.0
135.0
103.0
108.0
161.0
124.0
85.0
115.0
171.0
112.0
66.0
137.0
167.0
94.0
141.0
104.0
102.0
113.0
126.0
102.0
116.0
106.0
74.0
153.0
151.0
87.0
139.0
181.0
40.0
198.0
89.0
187.0
98.0
123.0
256.0
91.0
109.0
120.0
189.0
128.0
77.0
128.0
121.0
114.0
197.0
67.0
205.0
67.0
82.0
200.0
109.0
141.0
153.0
121.0
130.0
118.0
35.0
170.0
107.0
160.0
135.0
108.0
98.0
201.0
105.0
212.0
124.0
137.0
WT14
45.0
47.0
85.0
104.0
119.0
118.0
96.0
165.0
152.0
77.0
115.0
87.0
141.0
174.0
93.0
95.0
155.0
110.0
203.0
133.0
59.0
118.0
61.0
162.0
200.0
119.0
23.0
174.0
91.0
158.0
137.0
116.0
168.0
103.0
97.0
63.0
137.0
199.0
110.0
73.0
129.0
95.0
159.0
128.0
81.0
182.0
100.0
113.0
117.0
151.0
114.0
125.0
189.0
122.0
80.0
101.0
133.0
121.0
124.0
81.0
189.0
132.0
112.0
92.0
231.0
130.0
128.0
141.0
243.0
142.0
200.0
284.0
135.0
142.0
117.0
174.0
281.0
130.0
149.0
303.0
WT15
37.0
60.0
92.0
97.0
132.0
76.0
159.0
103.0
126.0
171.0
85.0
134.0
142.0
92.0
180.0
108.0
91.0
125.0
74.0
123.0
174.0
119.0
154.0
68.0
70.0
119.0
248.0
64.0
184.0
69.0
136.0
122.0
102.0
89.0
97.0
198.0
150.0
67.0
114.0
167.0
125.0
122.0
75.0
115.0
147.0
83.0
212.0
119.0
141.0
129.0
100.0
145.0
83.0
101.0
191.0
136.0
100.0
131.0
113.0
94.0
86.0
99.0
134.0
242.0
115.0
140.0
134.0
225.0
138.0
127.0
272.0
168.0
139.0
122.0
145.0
276.0
177.0
122.0
312.0
167.0
WT16
47.0
56.0
103.0
97.0
117.0
100.0
122.0
130.0
130.0
116.0
126.0
126.0
135.0
146.0
125.0
116.0
120.0
107.0
130.0
127.0
110.0
110.0
123.0
123.0
141.0
141.0
127.0
90.0
116.0
110.0
133.0
114.0
138.0
78.0
83.0
142.0
133.0
139.0
117.0
117.0
113.0
124.0
120.0
134.0
129.0
122.0
131.0
114.0
128.0
127.0
116.0
143.0
130.0
110.0
104.0
129.0
126.0
117.0
124.0
91.0
101.0
108.0
125.0
124.0
115.0
121.0
96.0
149.0
130.0
130.0
119.0
111.0
122.0
121.0
130.0
116.0
143.0
124.0
122.0
123.0
WT17
36.0
62.0
95.0
100.0
122.0
98.0
121.0
140.0
133.0
121.0
110.0
110.0
151.0
145.0
127.0
99.0
127.0
121.0
132.0
141.0
116.0
121.0
122.0
120.0
139.0
127.0
113.0
95.0
129.0
100.0
129.0
116.0
124.0
75.0
83.0
123.0
136.0
130.0
134.0
117.0
112.0
109.0
122.0
130.0
127.0
131.0
138.0
124.0
126.0
127.0
122.0
140.0
136.0
124.0
111.0
115.0
102.0
137.0
130.0
103.0
108.0
109.0
130.0
155.0
119.0
127.0
112.0
129.0
129.0
138.0
121.0
113.0
133.0
127.0
134.0
112.0
113.0
125.0
124.0
139.0
WT18
37.0
53.0
82.0
96.0
117.0
102.0
131.0
133.0
126.0
122.0
110.0
123.0
135.0
152.0
140.0
126.0
105.0
100.0
118.0
127.0
143.0
117.0
133.0
125.0
135.0
112.0
132.0
102.0
129.0
98.0
137.0
106.0
120.0
91.0
102.0
119.0
136.0
120.0
117.0
104.0
113.0
118.0
124.0
137.0
143.0
127.0
135.0
132.0
143.0
128.0
115.0
136.0
132.0
107.0
113.0
118.0
129.0
116.0
112.0
85.0
114.0
116.0
133.0
133.0
117.0
125.0
138.0
116.0
133.0
130.0
128.0
129.0
145.0
123.0
142.0
111.0
124.0
110.0
169.0
117.0
WT19
35.0
55.0
100.0
99.0
107.0
111.0
132.0
145.0
151.0
133.0
110.0
115.0
128.0
139.0
137.0
130.0
131.0
123.0
117.0
124.0
118.0
115.0
115.0
125.0
123.0
108.0
121.0
97.0
134.0
103.0
121.0
100.0
126.0
65.0
107.0
117.0
145.0
139.0
120.0
115.0
122.0
117.0
109.0
121.0
131.0
142.0
157.0
141.0
140.0
113.0
101.0
129.0
145.0
119.0
104.0
124.0
133.0
126.0
126.0
92.0
108.0
121.0
118.0
120.0
110.0
112.0
123.0
128.0
119.0
129.0
129.0
120.0
124.0
126.0
118.0
120.0
132.0
134.0
156.0
121.0
WT20
41.0
54.0
92.0
89.0
109.0
91.0
114.0
142.0
144.0
122.0
116.0
102.0
126.0
188.0
98.0
154.0
113.0
94.0
138.0
105.0
145.0
116.0
118.0
97.0
159.0
143.0
95.0
90.0
116.0
163.0
83.0
205.0
78.0
160.0
38.0
194.0
89.0
204.0
70.0
110.0
207.0
121.0
83.0
113.0
122.0
229.0
96.0
205.0
142.0
65.0
152.0
139.0
73.0
168.0
124.0
52.0
181.0
141.0
153.0
87.0
109.0
82.0
104.0
102.0
182.0
118.0
173.0
91.0
150.0
118.0
126.0
180.0
146.0
71.0
131.0
170.0
118.0
185.0
159.0
44.0
WT21
31.0
69.0
88.0
70.0
104.0
111.0
132.0
118.0
147.0
122.0
111.0
138.0
138.0
125.0
166.0
78.0
125.0
141.0
101.0
151.0
88.0
141.0
117.0
145.0
95.0
87.0
157.0
117.0
130.0
58.0
219.0
88.0
215.0
13.0
174.0
71.0
207.0
76.0
179.0
122.0
57.0
98.0
228.0
147.0
135.0
94.0
222.0
74.0
128.0
185.0
64.0
124.0
184.0
63.0
100.0
191.0
91.0
127.0
89.0
92.0
120.0
140.0
159.0
177.0
83.0
163.0
96.0
190.0
118.0
129.0
120.0
85.0
125.0
190.0
122.0
83.0
173.0
97.0
98.0
227.0
WT22
46.0
50.0
91.0
120.0
113.0
106.0
134.0
100.0
129.0
140.0
98.0
123.0
146.0
135.0
140.0
143.0
97.0
127.0
118.0
132.0
134.0
118.0
130.0
109.0
113.0
123.0
153.0
69.0
124.0
115.0
144.0
98.0
127.0
66.0
78.0
162.0
114.0
136.0
84.0
111.0
154.0
113.0
127.0
129.0
125.0
124.0
149.0
108.0
142.0
124.0
120.0
122.0
113.0
147.0
101.0
101.0
134.0
95.0
131.0
67.0
160.0
38.0
204.0
68.0
159.0
116.0
89.0
165.0
135.0
81.0
218.0
24.0
188.0
71.0
180.0
122.0
97.0
173.0
161.0
83.0
WT23
39.0
71.0
94.0
83.0
104.0
106.0
138.0
160.0
115.0
117.0
130.0
114.0
139.0
161.0
126.0
89.0
149.0
96.0
137.0
127.0
123.0
136.0
106.0
127.0
137.0
106.0
104.0
135.0
126.0
105.0
114.0
143.0
92.0
100.0
114.0
69.0
143.0
121.0
161.0
103.0
82.0
114.0
137.0
122.0
116.0
140.0
153.0
169.0
124.0
122.0
92.0
134.0
132.0
103.0
107.0
134.0
91.0
143.0
121.0
101.0
46.0
176.0
63.0
206.0
94.0
115.0
157.0
104.0
115.0
199.0
29.0
205.0
68.0
185.0
104.0
116.0
162.0
59.0
92.0
193.0
WT24
44.0
53.0
105.0
101.0
103.0
116.0
137.0
135.0
148.0
124.0
107.0
119.0
137.0
131.0
136.0
110.0
118.0
113.0
143.0
148.0
113.0
118.0
126.0
113.0
116.0
120.0
141.0
105.0
124.0
89.0
124.0
130.0
133.0
66.0
83.0
112.0
134.0
123.0
134.0
109.0
129.0
106.0
116.0
118.0
111.0
136.0
151.0
115.0
129.0
115.0
100.0
124.0
146.0
118.0
108.0
117.0
120.0
114.0
108.0
89.0
104.0
114.0
103.0
130.0
129.0
121.0
130.0
131.0
125.0
128.0
116.0
121.0
126.0
130.0
117.0
103.0
124.0
120.0
142.0
117.0
WT25
36.0
60.0
114.0
88.0
122.0
98.0
140.0
150.0
135.0
132.0
113.0
111.0
147.0
149.0
135.0
140.0
113.0
124.0
134.0
131.0
113.0
123.0
127.0
123.0
137.0
124.0
133.0
101.0
129.0
108.0
132.0
109.0
145.0
71.0
90.0
130.0
151.0
128.0
117.0
96.0
132.0
114.0
136.0
128.0
125.0
117.0
152.0
125.0
130.0
140.0
100.0
129.0
130.0
118.0
117.0
107.0
114.0
122.0
111.0
84.0
110.0
121.0
112.0
156.0
123.0
136.0
153.0
133.0
133.0
127.0
110.0
112.0
124.0
122.0
127.0
115.0
120.0
144.0
138.0
114.0
WT26
40.0
62.0
99.0
95.0
107.0
104.0
126.0
130.0
140.0
118.0
119.0
122.0
157.0
143.0
134.0
125.0
123.0
126.0
147.0
139.0
127.0
129.0
110.0
118.0
129.0
124.0
123.0
104.0
114.0
103.0
139.0
116.0
121.0
75.0
104.0
110.0
123.0
125.0
118.0
106.0
127.0
108.0
122.0
124.0
119.0
131.0
136.0
129.0
139.0
136.0
99.0
123.0
138.0
116.0
106.0
123.0
108.0
115.0
121.0
90.0
118.0
119.0
125.0
132.0
123.0
125.0
110.0
126.0
128.0
133.0
140.0
106.0
124.0
118.0
134.0
122.0
116.0
116.0
124.0
134.0
WT27
37.0
63.0
108.0
94.0
111.0
93.0
132.0
125.0
148.0
122.0
104.0
135.0
142.0
125.0
146.0
112.0
128.0
107.0
144.0
121.0
122.0
124.0
102.0
133.0
138.0
127.0
126.0
100.0
122.0
105.0
121.0
127.0
122.0
67.0
97.0
121.0
126.0
127.0
115.0
117.0
124.0
113.0
120.0
117.0
122.0
127.0
143.0
115.0
125.0
115.0
105.0
116.0
146.0
121.0
107.0
110.0
119.0
116.0
122.0
80.0
105.0
114.0
133.0
131.0
120.0
133.0
123.0
130.0
138.0
126.0
114.0
121.0
124.0
131.0
122.0
111.0
107.0
145.0
139.0
125.0
WT28
32.0
73.0
84.0
95.0
101.0
108.0
115.0
142.0
141.0
113.0
104.0
113.0
142.0
143.0
110.0
121.0
117.0
113.0
122.0
126.0
118.0
128.0
119.0
129.0
130.0
112.0
132.0
104.0
111.0
109.0
136.0
115.0
132.0
65.0
100.0
126.0
140.0
118.0
143.0
110.0
123.0
105.0
135.0
132.0
132.0
149.0
129.0
124.0
121.0
132.0
105.0
136.0
136.0
114.0
112.0
125.0
129.0
131.0
130.0
76.0
97.0
111.0
109.0
135.0
103.0
129.0
129.0
124.0
131.0
115.0
125.0
115.0
134.0
123.0
130.0
111.0
118.0
125.0
127.0
141.0
WT29
50.0
66.0
121.0
96.0
135.0
34.0
169.0
169.0
169.0
66.0
100.0
159.0
151.0
126.0
62.0
129.0
139.0
88.0
170.0
131.0
81.0
119.0
150.0
102.0
167.0
195.0
94.0
75.0
119.0
234.0
19.0
170.0
170.0
217.0
50.0
220.0
92.0
255.0
165.0
232.0
113.0
223.0
67.0
259.0
138.0
335.0
69.0
336.0
86.0
140.0
187.0
126.0
95.0
259.0
211.0
83.0
262.0
120.0
218.0
86.0
136.0
236.0
107.0
121.0
118.0
261.0
136.0
264.0
142.0
122.0
105.0
76.0
339.0
125.0
129.0
230.0
125.0
218.0
235.0
221.0
WT30
37.0
95.0
55.0
100.0
87.0
193.0
111.0
105.0
123.0
183.0
111.0
76.0
122.0
136.0
187.0
126.0
92.0
141.0
77.0
124.0
175.0
117.0
107.0
163.0
95.0
74.0
163.0
179.0
128.0
34.0
268.0
66.0
156.0
114.0
159.0
99.0
251.0
122.0
197.0
99.0
253.0
118.0
321.0
128.0
255.0
59.0
349.0
85.0
343.0
127.0
54.0
121.0
224.0
124.0
259.0
206.0
157.0
118.0
97.0
85.0
269.0
127.0
248.0
140.0
126.0
127.0
250.0
107.0
130.0
128.0
122.0
330.0
88.0
258.0
132.0
223.0
107.0
227.0
213.0
229.0
WT31
31.0
73.0
91.0
91.0
127.0
125.0
87.0
131.0
170.0
104.0
121.0
114.0
125.0
154.0
124.0
114.0
114.0
120.0
136.0
120.0
118.0
137.0
111.0
143.0
123.0
109.0
127.0
117.0
112.0
103.0
126.0
125.0
99.0
63.0
138.0
73.0
172.0
143.0
104.0
120.0
118.0
112.0
141.0
125.0
121.0
123.0
141.0
118.0
144.0
135.0
103.0
110.0
139.0
125.0
98.0
112.0
100.0
113.0
127.0
85.0
165.0
110.0
69.0
130.0
148.0
168.0
140.0
82.0
179.0
119.0
124.0
136.0
80.0
112.0
121.0
253.0
103.0
108.0
257.0
128.0
WT32
33.0
63.0
90.0
108.0
121.0
79.0
174.0
121.0
93.0
159.0
84.0
118.0
141.0
124.0
127.0
135.0
131.0
121.0
137.0
129.0
127.0
113.0
123.0
124.0
119.0
139.0
123.0
80.0
141.0
104.0
115.0
113.0
156.0
74.0
48.0
144.0
108.0
145.0
131.0
114.0
117.0
119.0
111.0
125.0
129.0
132.0
152.0
127.0
126.0
130.0
103.0
156.0
109.0
115.0
109.0
118.0
143.0
124.0
133.0
86.0
55.0
129.0
192.0
122.0
87.0
103.0
118.0
179.0
86.0
123.0
113.0
111.0
218.0
140.0
128.0
100.0
134.0
240.0
95.0
138.0
WT33
39.0
100.0
85.0
93.0
111.0
107.0
131.0
129.0
140.0
125.0
108.0
120.0
129.0
164.0
113.0
124.0
110.0
109.0
124.0
132.0
106.0
134.0
133.0
121.0
126.0
116.0
128.0
103.0
114.0
115.0
153.0
126.0
130.0
67.0
126.0
114.0
141.0
148.0
114.0
118.0
116.0
105.0
124.0
108.0
122.0
135.0
130.0
118.0
113.0
134.0
120.0
117.0
131.0
104.0
114.0
120.0
124.0
142.0
115.0
85.0
115.0
119.0
114.0
123.0
128.0
134.0
126.0
131.0
143.0
123.0
122.0
115.0
124.0
123.0
146.0
118.0
112.0
129.0
126.0
131.0
WT34
39.0
76.0
87.0
97.0
108.0
107.0
123.0
140.0
136.0
131.0
109.0
118.0
142.0
149.0
128.0
128.0
115.0
114.0
118.0
144.0
132.0
124.0
123.0
130.0
120.0
111.0
118.0
110.0
125.0
104.0
139.0
110.0
126.0
67.0
98.0
118.0
144.0
148.0
114.0
104.0
125.0
106.0
137.0
131.0
131.0
113.0
147.0
131.0
132.0
137.0
100.0
125.0
118.0
126.0
112.0
128.0
112.0
119.0
111.0
73.0
95.0
125.0
133.0
135.0
126.0
118.0
135.0
121.0
135.0
126.0
117.0
115.0
120.0
119.0
140.0
113.0
122.0
139.0
124.0
123.0
WT35
36.0
73.0
88.0
88.0
101.0
93.0
156.0
129.0
153.0
135.0
104.0
120.0
123.0
134.0
118.0
127.0
112.0
109.0
138.0
132.0
124.0
130.0
126.0
123.0
134.0
130.0
121.0
102.0
119.0
105.0
132.0
125.0
119.0
67.0
88.0
121.0
144.0
143.0
115.0
112.0
129.0
107.0
115.0
122.0
119.0
141.0
152.0
111.0
122.0
122.0
93.0
121.0
146.0
106.0
123.0
117.0
108.0
112.0
122.0
83.0
105.0
122.0
118.0
145.0
127.0
132.0
118.0
128.0
131.0
133.0
133.0
124.0
129.0
139.0
134.0
115.0
121.0
121.0
147.0
136.0
WT36
47.0
55.0
94.0
104.0
117.0
82.0
128.0
133.0
137.0
118.0
99.0
114.0
137.0
152.0
130.0
122.0
119.0
114.0
132.0
129.0
129.0
124.0
126.0
121.0
127.0
106.0
116.0
99.0
118.0
121.0
138.0
112.0
137.0
75.0
85.0
120.0
139.0
146.0
128.0
113.0
123.0
114.0
127.0
121.0
127.0
142.0
153.0
126.0
134.0
128.0
101.0
115.0
130.0
103.0
108.0
126.0
151.0
126.0
115.0
87.0
102.0
118.0
129.0
130.0
124.0
119.0
132.0
136.0
145.0
123.0
139.0
119.0
123.0
122.0
134.0
115.0
119.0
130.0
119.0
117.0
WT37
32.0
51.0
86.0
94.0
100.0
97.0
113.0
130.0
118.0
125.0
116.0
118.0
143.0
125.0
123.0
126.0
122.0
113.0
122.0
143.0
117.0
108.0
131.0
119.0
152.0
130.0
126.0
92.0
122.0
101.0
129.0
124.0
136.0
73.0
96.0
125.0
137.0
141.0
121.0
120.0
119.0
119.0
129.0
118.0
126.0
155.0
145.0
109.0
120.0
124.0
96.0
145.0
133.0
117.0
108.0
124.0
106.0
131.0
116.0
97.0
95.0
111.0
140.0
145.0
139.0
113.0
132.0
124.0
144.0
135.0
137.0
118.0
139.0
119.0
141.0
127.0
120.0
123.0
154.0
126.0
WT38
35.0
67.0
92.0
103.0
114.0
99.0
124.0
140.0
142.0
121.0
107.0
118.0
132.0
155.0
126.0
109.0
111.0
102.0
120.0
123.0
108.0
111.0
137.0
118.0
125.0
131.0
124.0
97.0
127.0
104.0
140.0
111.0
131.0
89.0
93.0
115.0
136.0
138.0
120.0
120.0
107.0
121.0
151.0
127.0
125.0
153.0
144.0
127.0
127.0
137.0
107.0
115.0
138.0
123.0
112.0
128.0
123.0
106.0
127.0
85.0
112.0
116.0
116.0
144.0
135.0
140.0
130.0
120.0
119.0
135.0
112.0
129.0
128.0
116.0
137.0
117.0
133.0
131.0
125.0
113.0
WT39
41.0
74.0
71.0
95.0
136.0
96.0
129.0
134.0
102.0
152.0
66.0
129.0
142.0
196.0
121.0
72.0
118.0
111.0
121.0
168.0
142.0
94.0
110.0
118.0
152.0
117.0
125.0
74.0
97.0
156.0
130.0
99.0
111.0
89.0
80.0
102.0
158.0
144.0
106.0
136.0
108.0
138.0
124.0
95.0
110.0
141.0
155.0
137.0
121.0
109.0
105.0
164.0
90.0
164.0
84.0
140.0
71.0
184.0
130.0
11.0
198.0
91.0
67.0
149.0
229.0
94.0
117.0
102.0
214.0
86.0
90.0
181.0
146.0
74.0
208.0
88.0
110.0
113.0
141.0
136.0
WT40
50.0
75.0
88.0
94.0
91.0
100.0
129.0
106.0
175.0
92.0
137.0
117.0
160.0
87.0
137.0
158.0
124.0
113.0
121.0
81.0
104.0
124.0
134.0
144.0
92.0
126.0
126.0
134.0
144.0
69.0
145.0
128.0
131.0
62.0
99.0
128.0
109.0
148.0
151.0
78.0
150.0
73.0
113.0
146.0
121.0
127.0
124.0
116.0
126.0
147.0
123.0
95.0
182.0
79.0
145.0
96.0
166.0
70.0
102.0
159.0
37.0
144.0
202.0
156.0
39.0
203.0
118.0
145.0
50.0
143.0
153.0
78.0
136.0
195.0
81.0
214.0
101.0
137.0
124.0
130.0
WT41
39.0
67.0
73.0
94.0
130.0
97.0
114.0
147.0
133.0
123.0
100.0
130.0
134.0
143.0
115.0
93.0
129.0
112.0
129.0
137.0
120.0
119.0
124.0
143.0
127.0
130.0
116.0
109.0
114.0
104.0
128.0
111.0
143.0
82.0
102.0
120.0
130.0
128.0
102.0
118.0
120.0
125.0
131.0
111.0
124.0
142.0
148.0
118.0
132.0
136.0
110.0
130.0
144.0
149.0
109.0
104.0
117.0
123.0
123.0
94.0
106.0
118.0
132.0
128.0
118.0
116.0
109.0
119.0
125.0
126.0
124.0
133.0
130.0
119.0
124.0
127.0
135.0
123.0
119.0
136.0
WT42
41.0
67.0
78.0
99.0
132.0
102.0
140.0
132.0
137.0
120.0
105.0
136.0
136.0
139.0
123.0
125.0
126.0
106.0
119.0
124.0
145.0
124.0
144.0
115.0
135.0
126.0
119.0
108.0
115.0
105.0
127.0
117.0
125.0
75.0
89.0
118.0
150.0
145.0
131.0
113.0
124.0
97.0
126.0
134.0
126.0
134.0
138.0
115.0
141.0
118.0
113.0
134.0
143.0
120.0
100.0
133.0
123.0
132.0
127.0
81.0
106.0
113.0
122.0
127.0
115.0
114.0
117.0
154.0
132.0
134.0
117.0
122.0
144.0
140.0
138.0
130.0
118.0
128.0
139.0
126.0
WT43
44.0
65.0
86.0
90.0
120.0
106.0
119.0
139.0
140.0
114.0
105.0
113.0
154.0
135.0
136.0
118.0
130.0
108.0
117.0
123.0
119.0
131.0
133.0
128.0
113.0
127.0
123.0
89.0
130.0
101.0
129.0
116.0
131.0
66.0
101.0
118.0
143.0
146.0
124.0
111.0
120.0
107.0
112.0
127.0
119.0
152.0
136.0
121.0
113.0
131.0
95.0
127.0
131.0
118.0
116.0
116.0
120.0
117.0
128.0
95.0
110.0
119.0
130.0
169.0
117.0
126.0
125.0
109.0
131.0
114.0
132.0
132.0
144.0
122.0
124.0
126.0
132.0
111.0
106.0
125.0
WT44
32.0
89.0
78.0
87.0
120.0
105.0
124.0
131.0
150.0
134.0
97.0
133.0
149.0
152.0
121.0
121.0
119.0
110.0
135.0
144.0
120.0
123.0
124.0
123.0
131.0
122.0
128.0
91.0
113.0
100.0
138.0
116.0
117.0
88.0
93.0
109.0
132.0
136.0
123.0
129.0
110.0
128.0
143.0
140.0
143.0
131.0
156.0
112.0
123.0
126.0
94.0
131.0
123.0
115.0
117.0
111.0
130.0
106.0
111.0
81.0
113.0
102.0
125.0
144.0
115.0
124.0
127.0
125.0
109.0
126.0
108.0
127.0
141.0
117.0
124.0
120.0
129.0
107.0
142.0
127.0
WT45
40.0
42.0
78.0
112.0
103.0
105.0
124.0
138.0
140.0
124.0
112.0
141.0
126.0
139.0
124.0
120.0
131.0
114.0
136.0
135.0
110.0
117.0
124.0
115.0
142.0
115.0
142.0
99.0
127.0
99.0
111.0
117.0
109.0
90.0
93.0
112.0
132.0
131.0
113.0
117.0
128.0
115.0
122.0
120.0
118.0
135.0
134.0
111.0
129.0
130.0
101.0
135.0
129.0
123.0
111.0
110.0
121.0
115.0
116.0
79.0
104.0
124.0
107.0
131.0
119.0
137.0
127.0
129.0
121.0
134.0
120.0
124.0
141.0
119.0
134.0
126.0
134.0
121.0
143.0
126.0
WT46
34.0
57.0
92.0
94.0
134.0
98.0
133.0
149.0
152.0
132.0
113.0
120.0
129.0
144.0
133.0
133.0
127.0
113.0
135.0
143.0
127.0
115.0
118.0
129.0
141.0
136.0
121.0
91.0
119.0
114.0
123.0
110.0
128.0
64.0
93.0
114.0
134.0
117.0
118.0
126.0
127.0
111.0
135.0
109.0
132.0
127.0
161.0
117.0
134.0
139.0
123.0
125.0
130.0
115.0
99.0
117.0
124.0
115.0
114.0
81.0
103.0
112.0
140.0
139.0
135.0
118.0
128.0
131.0
130.0
139.0
115.0
128.0
121.0
134.0
129.0
132.0
122.0
128.0
167.0
116.0
WT47
38.0
53.0
84.0
87.0
111.0
85.0
120.0
145.0
136.0
128.0
97.0
121.0
136.0
156.0
119.0
122.0
122.0
107.0
127.0
124.0
122.0
115.0
110.0
114.0
129.0
126.0
120.0
106.0
137.0
118.0
131.0
120.0
119.0
76.0
101.0
131.0
135.0
136.0
110.0
115.0
145.0
127.0
122.0
121.0
135.0
125.0
140.0
116.0
128.0
133.0
121.0
115.0
129.0
120.0
108.0
117.0
133.0
113.0
106.0
84.0
114.0
117.0
114.0
129.0
115.0
117.0
163.0
115.0
133.0
130.0
113.0
121.0
124.0
107.0
121.0
128.0
125.0
134.0
133.0
141.0
WT48
39.0
73.0
84.0
87.0
107.0
96.0
124.0
138.0
135.0
126.0
96.0
122.0
132.0
139.0
124.0
122.0
128.0
108.0
137.0
133.0
115.0
105.0
132.0
122.0
122.0
131.0
124.0
112.0
109.0
118.0
116.0
109.0
123.0
72.0
90.0
106.0
138.0
125.0
126.0
116.0
118.0
123.0
128.0
117.0
114.0
129.0
137.0
121.0
120.0
122.0
104.0
133.0
147.0
106.0
103.0
117.0
124.0
122.0
127.0
79.0
114.0
119.0
122.0
123.0
128.0
133.0
137.0
116.0
119.0
129.0
110.0
121.0
133.0
123.0
131.0
118.0
130.0
134.0
118.0
112.0
WT49
39.0
62.0
86.0
96.0
111.0
106.0
132.0
136.0
121.0
113.0
117.0
118.0
142.0
154.0
102.0
130.0
122.0
111.0
133.0
119.0
119.0
118.0
125.0
130.0
122.0
121.0
116.0
96.0
125.0
100.0
129.0
112.0
122.0
78.0
92.0
118.0
141.0
122.0
139.0
106.0
132.0
101.0
121.0
129.0
142.0
144.0
146.0
125.0
135.0
127.0
99.0
130.0
148.0
120.0
117.0
125.0
115.0
124.0
132.0
86.0
120.0
105.0
134.0
123.0
130.0
120.0
123.0
121.0
149.0
126.0
122.0
129.0
134.0
147.0
136.0
121.0
121.0
132.0
138.0
133.0
WT50
32.0
69.0
88.0
86.0
126.0
100.0
137.0
147.0
141.0
110.0
104.0
123.0
146.0
153.0
132.0
127.0
137.0
114.0
129.0
116.0
122.0
136.0
130.0
120.0
122.0
100.0
117.0
103.0
129.0
94.0
125.0
126.0
123.0
74.0
114.0
133.0
137.0
131.0
115.0
107.0
118.0
107.0
133.0
127.0
130.0
146.0
155.0
128.0
127.0
117.0
102.0
134.0
116.0
105.0
100.0
119.0
111.0
118.0
116.0
81.0
121.0
129.0
129.0
127.0
103.0
130.0
134.0
137.0
135.0
118.0
127.0
128.0
142.0
146.0
141.0
112.0
109.0
115.0
119.0
133.0
WT51
38.0
60.0
90.0
104.0
109.0
96.0
132.0
129.0
146.0
130.0
112.0
118.0
127.0
136.0
130.0
119.0
118.0
128.0
110.0
138.0
123.0
117.0
129.0
124.0
126.0
112.0
122.0
99.0
115.0
103.0
130.0
127.0
121.0
78.0
102.0
120.0
143.0
141.0
112.0
121.0
114.0
111.0
117.0
106.0
122.0
132.0
139.0
147.0
107.0
119.0
102.0
131.0
149.0
108.0
104.0
125.0
117.0
127.0
129.0
85.0
101.0
113.0
115.0
140.0
119.0
128.0
127.0
110.0
131.0
116.0
140.0
137.0
130.0
125.0
122.0
118.0
122.0
118.0
141.0
136.0
WT52
37.0
61.0
81.0
96.0
117.0
99.0
126.0
138.0
136.0
107.0
95.0
124.0
132.0
157.0
141.0
113.0
118.0
103.0
115.0
117.0
116.0
131.0
128.0
112.0
123.0
119.0
129.0
97.0
135.0
105.0
123.0
133.0
114.0
72.0
91.0
97.0
131.0
121.0
127.0
117.0
119.0
115.0
123.0
129.0
129.0
148.0
154.0
115.0
127.0
123.0
96.0
110.0
148.0
128.0
109.0
121.0
129.0
120.0
128.0
96.0
100.0
129.0
126.0
138.0
126.0
129.0
127.0
130.0
137.0
125.0
128.0
121.0
129.0
124.0
125.0
119.0
137.0
131.0
122.0
123.0
WT53
33.0
75.0
91.0
88.0
118.0
109.0
133.0
131.0
127.0
123.0
105.0
124.0
138.0
137.0
131.0
114.0
121.0
106.0
134.0
142.0
116.0
103.0
117.0
114.0
129.0
115.0
126.0
109.0
133.0
106.0
122.0
121.0
125.0
78.0
99.0
135.0
134.0
132.0
121.0
111.0
124.0
122.0
135.0
107.0
121.0
132.0
151.0
112.0
140.0
145.0
92.0
118.0
141.0
137.0
97.0
125.0
121.0
124.0
125.0
76.0
123.0
131.0
123.0
127.0
127.0
133.0
133.0
147.0
129.0
136.0
124.0
120.0
132.0
122.0
126.0
126.0
131.0
127.0
137.0
116.0
WT54
39.0
58.0
83.0
94.0
107.0
115.0
137.0
137.0
138.0
124.0
90.0
110.0
164.0
140.0
119.0
108.0
131.0
112.0
128.0
139.0
117.0
113.0
125.0
124.0
127.0
130.0
128.0
110.0
114.0
120.0
137.0
118.0
121.0
76.0
90.0
120.0
128.0
136.0
137.0
107.0
123.0
126.0
130.0
114.0
149.0
132.0
153.0
114.0
121.0
129.0
109.0
136.0
129.0
131.0
99.0
113.0
121.0
114.0
140.0
79.0
113.0
119.0
121.0
137.0
122.0
121.0
116.0
130.0
119.0
143.0
120.0
142.0
150.0
130.0
145.0
122.0
133.0
114.0
130.0
127.0
WT55
45.0
69.0
83.0
101.0
110.0
112.0
139.0
136.0
145.0
142.0
100.0
114.0
127.0
118.0
121.0
114.0
116.0
113.0
137.0
123.0
123.0
105.0
141.0
121.0
120.0
120.0
122.0
104.0
126.0
102.0
124.0
127.0
116.0
75.0
90.0
123.0
137.0
132.0
106.0
110.0
116.0
107.0
146.0
128.0
108.0
132.0
156.0
119.0
132.0
126.0
99.0
111.0
115.0
128.0
115.0
115.0
111.0
121.0
127.0
109.0
109.0
123.0
126.0
132.0
144.0
126.0
119.0
109.0
149.0
118.0
110.0
126.0
142.0
130.0
144.0
114.0
126.0
115.0
120.0
133.0
WT56
36.0
62.0
116.0
103.0
116.0
96.0
146.0
123.0
123.0
136.0
92.0
118.0
142.0
137.0
144.0
106.0
133.0
118.0
127.0
127.0
127.0
124.0
109.0
110.0
152.0
133.0
100.0
81.0
120.0
120.0
136.0
110.0
154.0
68.0
63.0
133.0
151.0
166.0
61.0
117.0
189.0
101.0
132.0
79.0
78.0
136.0
232.0
68.0
185.0
103.0
119.0
51.0
210.0
35.0
189.0
63.0
133.0
100.0
158.0
67.0
105.0
151.0
94.0
103.0
117.0
120.0
229.0
56.0
168.0
100.0
200.0
104.0
152.0
65.0
112.0
124.0
195.0
72.0
179.0
99.0
WT57
37.0
90.0
63.0
105.0
124.0
127.0
112.0
121.0
150.0
119.0
126.0
105.0
129.0
156.0
115.0
132.0
123.0
114.0
121.0
129.0
136.0
121.0
122.0
116.0
110.0
130.0
137.0
125.0
113.0
110.0
116.0
133.0
87.0
71.0
134.0
100.0
129.0
105.0
182.0
123.0
65.0
119.0
113.0
154.0
165.0
127.0
55.0
178.0
82.0
158.0
89.0
209.0
43.0
212.0
16.0
157.0
96.0
137.0
86.0
105.0
113.0
88.0
161.0
177.0
131.0
140.0
45.0
236.0
92.0
149.0
49.0
141.0
104.0
192.0
121.0
104.0
69.0
196.0
106.0
142.0
WT58
35.0
53.0
76.0
93.0
119.0
99.0
122.0
119.0
139.0
125.0
105.0
125.0
137.0
156.0
135.0
123.0
117.0
112.0
112.0
117.0
124.0
124.0
119.0
121.0
141.0
117.0
126.0
103.0
129.0
95.0
146.0
133.0
114.0
65.0
93.0
122.0
136.0
130.0
129.0
112.0
112.0
124.0
153.0
111.0
121.0
147.0
142.0
147.0
122.0
142.0
90.0
135.0
129.0
115.0
99.0
112.0
126.0
115.0
122.0
83.0
104.0
103.0
131.0
125.0
109.0
113.0
141.0
127.0
151.0
126.0
141.0
123.0
136.0
116.0
128.0
125.0
145.0
125.0
125.0
112.0
WT59
33.0
88.0
77.0
104.0
121.0
99.0
171.0
149.0
135.0
120.0
117.0
121.0
150.0
137.0
122.0
109.0
116.0
97.0
119.0
131.0
119.0
117.0
131.0
124.0
133.0
130.0
129.0
105.0
117.0
105.0
131.0
129.0
142.0
81.0
89.0
131.0
145.0
135.0
133.0
127.0
120.0
104.0
116.0
123.0
118.0
137.0
151.0
109.0
145.0
109.0
94.0
156.0
143.0
128.0
99.0
120.0
121.0
108.0
111.0
93.0
96.0
114.0
143.0
132.0
136.0
130.0
125.0
137.0
127.0
134.0
129.0
116.0
143.0
112.0
139.0
130.0
129.0
124.0
153.0
133.0
WT60
40.0
62.0
86.0
77.0
135.0
81.0
140.0
127.0
134.0
127.0
106.0
128.0
146.0
87.0
158.0
75.0
174.0
111.0
108.0
152.0
103.0
106.0
72.0
193.0
89.0
88.0
133.0
110.0
125.0
104.0
204.0
115.0
159.0
11.0
149.0
112.0
193.0
100.0
195.0
92.0
92.0
198.0
96.0
132.0
114.0
106.0
222.0
139.0
71.0
136.0
101.0
210.0
67.0
129.0
101.0
112.0
131.0
180.0
55.0
163.0
114.0
123.0
95.0
124.0
214.0
126.0
240.0
132.0
126.0
118.0
142.0
235.0
104.0
134.0
113.0
151.0
135.0
134.0
82.0
180.0
WT61
39.0
63.0
75.0
115.0
91.0
113.0
126.0
129.0
128.0
130.0
104.0
111.0
126.0
182.0
86.0
149.0
62.0
103.0
149.0
101.0
121.0
143.0
157.0
65.0
163.0
149.0
133.0
114.0
143.0
99.0
92.0
120.0
85.0
154.0
86.0
162.0
126.0
192.0
66.0
108.0
170.0
100.0
136.0
98.0
134.0
214.0
107.0
103.0
237.0
121.0
102.0
65.0
196.0
102.0
108.0
141.0
116.0
73.0
185.0
51.0
125.0
119.0
191.0
134.0
118.0
219.0
104.0
122.0
127.0
139.0
229.0
120.0
138.0
103.0
159.0
92.0
132.0
113.0
179.0
192.0
WT62
44.0
87.0
90.0
97.0
118.0
105.0
143.0
130.0
141.0
126.0
112.0
120.0
140.0
146.0
145.0
109.0
118.0
103.0
115.0
141.0
128.0
131.0
116.0
117.0
140.0
124.0
135.0
111.0
118.0
98.0
125.0
111.0
132.0
63.0
84.0
126.0
132.0
137.0
134.0
126.0
114.0
113.0
107.0
120.0
125.0
130.0
133.0
114.0
121.0
129.0
108.0
130.0
132.0
126.0
118.0
113.0
115.0
129.0
109.0
97.0
110.0
118.0
130.0
136.0
113.0
126.0
129.0
110.0
127.0
120.0
115.0
123.0
134.0
125.0
128.0
118.0
118.0
134.0
123.0
134.0
WT63
36.0
69.0
91.0
86.0
106.0
99.0
127.0
142.0
128.0
120.0
104.0
131.0
141.0
142.0
127.0
121.0
131.0
112.0
135.0
130.0
127.0
118.0
113.0
137.0
132.0
106.0
140.0
100.0
125.0
111.0
142.0
127.0
128.0
69.0
97.0
134.0
140.0
128.0
114.0
106.0
116.0
109.0
130.0
114.0
135.0
135.0
137.0
131.0
133.0
132.0
94.0
141.0
126.0
118.0
123.0
122.0
123.0
110.0
107.0
85.0
98.0
124.0
131.0
127.0
132.0
137.0
132.0
140.0
128.0
123.0
124.0
128.0
121.0
115.0
135.0
105.0
125.0
121.0
134.0
123.0
WT64
33.0
58.0
88.0
119.0
91.0
107.0
123.0
131.0
157.0
160.0
110.0
119.0
137.0
148.0
110.0
114.0
121.0
125.0
125.0
142.0
120.0
131.0
140.0
125.0
132.0
118.0
137.0
108.0
123.0
91.0
138.0
123.0
122.0
64.0
87.0
115.0
140.0
140.0
132.0
124.0
116.0
108.0
129.0
118.0
110.0
152.0
143.0
115.0
116.0
149.0
111.0
132.0
134.0
107.0
118.0
119.0
125.0
96.0
106.0
81.0
100.0
119.0
122.0
140.0
114.0
128.0
126.0
135.0
128.0
139.0
106.0
112.0
143.0
120.0
140.0
111.0
108.0
115.0
135.0
132.0
