WT1
274.0
378.0
533.0
450.0
538.0
563.0
692.0
510.0
664.0
675.0
722.0
694.0
692.0
746.0
693.0
606.0
674.0
628.0
664.0
697.0
754.0
638.0
709.0
684.0
731.0
768.0
637.0
723.0
744.0
676.0
676.0
708.0
680.0
712.0
731.0
670.0
688.0
746.0
743.0
658.0
665.0
643.0
655.0
717.0
670.0
720.0
668.0
664.0
682.0
688.0
681.0
600.0
559.0
762.0
686.0
789.0
871.0
770.0
656.0
425.0
549.0
764.0
714.0
614.0
728.0
794.0
743.0
647.0
785.0
800.0
863.0
716.0
712.0
773.0
687.0
701.0
732.0
743.0
763.0
749.0
WT2
251.0
386.0
520.0
475.0
559.0
664.0
727.0
511.0
733.0
730.0
606.0
698.0
721.0
755.0
734.0
651.0
648.0
585.0
664.0
770.0
809.0
629.0
700.0
705.0
703.0
737.0
713.0
741.0
711.0
723.0
653.0
684.0
816.0
799.0
693.0
742.0
749.0
765.0
721.0
700.0
729.0
725.0
646.0
653.0
684.0
735.0
688.0
612.0
725.0
649.0
662.0
637.0
539.0
729.0
660.0
840.0
817.0
754.0
741.0
506.0
569.0
776.0
672.0
705.0
750.0
801.0
809.0
666.0
672.0
773.0
859.0
761.0
697.0
733.0
709.0
739.0
768.0
683.0
739.0
687.0
WT3
250.0
350.0
436.0
478.0
591.0
634.0
685.0
571.0
638.0
638.0
654.0
756.0
711.0
699.0
706.0
737.0
672.0
633.0
689.0
727.0
733.0
605.0
729.0
649.0
638.0
753.0
714.0
711.0
693.0
721.0
697.0
733.0
759.0
767.0
721.0
776.0
730.0
769.0
783.0
674.0
701.0
722.0
679.0
658.0
698.0
670.0
590.0
628.0
664.0
708.0
661.0
674.0
555.0
757.0
652.0
817.0
780.0
826.0
761.0
457.0
634.0
827.0
673.0
684.0
742.0
821.0
683.0
659.0
741.0
834.0
792.0
721.0
713.0
726.0
736.0
704.0
743.0
668.0
765.0
670.0
WT4
263.0
424.0
532.0
489.0
579.0
631.0
680.0
511.0
678.0
672.0
753.0
664.0
699.0
716.0
698.0
664.0
665.0
644.0
727.0
743.0
710.0
640.0
685.0
714.0
736.0
746.0
733.0
725.0
795.0
713.0
718.0
656.0
656.0
755.0
745.0
691.0
734.0
743.0
726.0
712.0
660.0
713.0
641.0
698.0
677.0
648.0
684.0
660.0
721.0
631.0
709.0
586.0
515.0
653.0
625.0
821.0
848.0
775.0
741.0
517.0
633.0
767.0
742.0
744.0
791.0
797.0
735.0
687.0
767.0
722.0
778.0
730.0
734.0
731.0
720.0
698.0
781.0
719.0
725.0
711.0
WT5
248.0
356.0
550.0
480.0
524.0
629.0
629.0
491.0
669.0
709.0
683.0
753.0
742.0
767.0
696.0
602.0
695.0
650.0
708.0
661.0
742.0
587.0
738.0
754.0
706.0
698.0
741.0
713.0
766.0
733.0
669.0
729.0
772.0
765.0
755.0
702.0
757.0
773.0
750.0
702.0
702.0
728.0
692.0
665.0
612.0
718.0
707.0
641.0
724.0
678.0
679.0
621.0
497.0
735.0
690.0
715.0
787.0
771.0
745.0
490.0
581.0
766.0
685.0
722.0
797.0
754.0
703.0
687.0
707.0
777.0
751.0
716.0
781.0
693.0
660.0
641.0
852.0
742.0
741.0
735.0
WT6
257.0
351.0
488.0
497.0
507.0
633.0
643.0
536.0
709.0
696.0
627.0
760.0
712.0
720.0
690.0
687.0
613.0
628.0
699.0
735.0
776.0
598.0
645.0
705.0
740.0
710.0
717.0
755.0
724.0
741.0
688.0
710.0
765.0
749.0
697.0
694.0
769.0
713.0
752.0
650.0
636.0
652.0
698.0
689.0
645.0
783.0
677.0
646.0
710.0
662.0
641.0
602.0
558.0
755.0
699.0
782.0
811.0
782.0
683.0
505.0
596.0
784.0
764.0
698.0
846.0
775.0
801.0
646.0
704.0
701.0
814.0
749.0
725.0
692.0
739.0
735.0
733.0
760.0
775.0
724.0
WT7
256.0
367.0
544.0
486.0
536.0
677.0
701.0
551.0
696.0
700.0
642.0
690.0
682.0
708.0
665.0
662.0
643.0
657.0
661.0
677.0
740.0
600.0
714.0
659.0
633.0
795.0
688.0
700.0
756.0
706.0
695.0
719.0
767.0
690.0
654.0
754.0
659.0
710.0
744.0
641.0
706.0
686.0
684.0
639.0
741.0
726.0
662.0
666.0
734.0
766.0
722.0
587.0
473.0
738.0
755.0
752.0
819.0
799.0
733.0
567.0
646.0
804.0
777.0
676.0
761.0
848.0
811.0
588.0
832.0
781.0
793.0
765.0
729.0
712.0
702.0
703.0
760.0
724.0
745.0
762.0
WT8
243.0
375.0
560.0
478.0
529.0
631.0
624.0
532.0
731.0
669.0
587.0
720.0
705.0
748.0
641.0
684.0
710.0
638.0
722.0
685.0
716.0
617.0
702.0
722.0
730.0
722.0
755.0
792.0
759.0
730.0
640.0
687.0
804.0
741.0
699.0
829.0
756.0
750.0
705.0
709.0
688.0
688.0
692.0
660.0
684.0
734.0
636.0
648.0
694.0
688.0
670.0
692.0
593.0
738.0
747.0
758.0
798.0
799.0
777.0
524.0
662.0
760.0
711.0
656.0
756.0
839.0
789.0
722.0
842.0
835.0
803.0
786.0
699.0
735.0
742.0
720.0
791.0
751.0
753.0
750.0
