WT1
269.0
388.0
552.0
590.0
658.0
605.0
648.0
781.0
668.0
725.0
716.0
761.0
676.0
629.0
643.0
747.0
716.0
679.0
774.0
754.0
786.0
614.0
784.0
784.0
699.0
802.0
794.0
752.0
780.0
858.0
778.0
658.0
707.0
624.0
717.0
790.0
747.0
786.0
754.0
834.0
703.0
735.0
746.0
726.0
775.0
740.0
704.0
779.0
674.0
692.0
807.0
661.0
667.0
737.0
713.0
710.0
711.0
717.0
776.0
793.0
658.0
753.0
759.0
816.0
744.0
675.0
662.0
810.0
814.0
706.0
802.0
836.0
759.0
684.0
789.0
750.0
718.0
772.0
674.0
384.0
123.0
329.0
518.0
488.0
582.0
643.0
622.0
695.0
712.0
730.0
648.0
701.0
763.0
680.0
627.0
621.0
705.0
776.0
832.0
625.0
728.0
686.0
815.0
781.0
761.0
831.0
741.0
729.0
819.0
754.0
644.0
770.0
769.0
679.0
822.0
813.0
707.0
736.0
802.0
784.0
814.0
798.0
706.0
716.0
748.0
825.0
753.0
744.0
745.0
785.0
780.0
724.0
616.0
846.0
718.0
708.0
818.0
732.0
683.0
732.0
605.0
751.0
716.0
757.0
695.0
791.0
708.0
753.0
817.0
726.0
802.0
827.0
880.0
685.0
780.0
864.0
693.0
758.0
728.0
388.0
563.0
208.0
383.0
470.0
497.0
615.0
698.0
678.0
751.0
730.0
700.0
687.0
692.0
739.0
777.0
673.0
619.0
720.0
738.0
765.0
694.0
747.0
793.0
810.0
748.0
815.0
798.0
760.0
690.0
733.0
717.0
719.0
798.0
569.0
802.0
789.0
694.0
768.0
742.0
694.0
761.0
801.0
781.0
798.0
776.0
775.0
899.0
761.0
701.0
775.0
727.0
698.0
741.0
685.0
773.0
703.0
730.0
657.0
759.0
841.0
618.0
786.0
755.0
675.0
667.0
766.0
720.0
778.0
793.0
777.0
797.0
838.0
793.0
785.0
813.0
713.0
829.0
728.0
719.0
362.0
552.0
601.0
285.0
367.0
544.0
563.0
530.0
675.0
587.0
674.0
641.0
706.0
686.0
737.0
764.0
740.0
599.0
640.0
780.0
665.0
767.0
724.0
722.0
764.0
762.0
763.0
871.0
744.0
774.0
766.0
725.0
739.0
736.0
569.0
773.0
764.0
717.0
724.0
825.0
803.0
737.0
749.0
731.0
748.0
740.0
749.0
704.0
833.0
674.0
774.0
772.0
832.0
731.0
734.0
640.0
761.0
755.0
709.0
767.0
673.0
585.0
784.0
716.0
690.0
636.0
739.0
739.0
787.0
714.0
714.0
826.0
789.0
748.0
702.0
759.0
846.0
682.0
818.0
761.0
377.0
531.0
575.0
721.0
301.0
424.0
564.0
559.0
593.0
651.0
545.0
642.0
687.0
696.0
716.0
749.0
808.0
737.0
732.0
645.0
755.0
730.0
733.0
686.0
720.0
745.0
842.0
804.0
734.0
781.0
750.0
691.0
747.0
760.0
548.0
743.0
787.0
819.0
792.0
739.0
782.0
769.0
738.0
834.0
755.0
662.0
815.0
763.0
809.0
667.0
810.0
728.0
785.0
732.0
640.0
661.0
685.0
700.0
751.0
706.0
757.0
646.0
806.0
673.0
767.0
630.0
700.0
700.0
737.0
804.0
753.0
679.0
827.0
727.0
729.0
744.0
896.0
817.0
743.0
875.0
327.0
526.0
516.0
663.0
715.0
302.0
418.0
562.0
611.0
640.0
620.0
524.0
655.0
758.0
774.0
741.0
796.0
752.0
815.0
590.0
590.0
718.0
659.0
862.0
781.0
711.0
800.0
820.0
804.0
875.0
680.0
733.0
742.0
790.0
622.0
779.0
835.0
730.0
809.0
755.0
701.0
758.0
869.0
754.0
749.0
758.0
804.0
746.0
744.0
730.0
801.0
843.0
720.0
769.0
706.0
699.0
758.0
726.0
841.0
799.0
683.0
645.0
759.0
707.0
737.0
770.0
773.0
641.0
726.0
826.0
753.0
697.0
778.0
734.0
718.0
792.0
791.0
821.0
800.0
772.0
459.0
544.0
549.0
656.0
611.0
703.0
322.0
448.0
551.0
549.0
596.0
652.0
640.0
778.0
700.0
807.0
759.0
710.0
754.0
768.0
637.0
565.0
710.0
732.0
807.0
719.0
823.0
817.0
776.0
767.0
749.0
688.0
780.0
765.0
622.0
750.0
823.0
768.0
775.0
827.0
787.0
684.0
756.0
751.0
762.0
717.0
778.0
816.0
777.0
704.0
711.0
725.0
728.0
711.0
726.0
642.0
761.0
811.0
667.0
779.0
880.0
678.0
720.0
755.0
761.0
719.0
735.0
713.0
759.0
802.0
726.0
749.0
702.0
742.0
821.0
722.0
739.0
787.0
865.0
701.0
362.0
584.0
609.0
690.0
573.0
691.0
800.0
377.0
515.0
580.0
528.0
601.0
650.0
624.0
761.0
824.0
699.0
676.0
737.0
868.0
756.0
652.0
551.0
721.0
719.0
802.0
792.0
763.0
806.0
734.0
753.0
642.0
650.0
800.0
621.0
757.0
866.0
726.0
750.0
803.0
786.0
741.0
747.0
747.0
784.0
752.0
845.0
689.0
791.0
779.0
782.0
767.0
788.0
737.0
727.0
816.0
688.0
764.0
726.0
701.0
792.0
656.0
793.0
723.0
769.0
660.0
733.0
772.0
774.0
752.0
674.0
804.0
816.0
737.0
725.0
794.0
750.0
761.0
700.0
842.0
