WT 0
141.0
208.0
257.0
333.0
227.0
310.0
312.0
367.0
401.0
345.0
353.0
386.0
449.0
372.0
400.0
407.0
377.0
368.0
393.0
370.0
394.0
397.0
384.0
364.0
354.0
421.0
358.0
386.0
382.0
426.0
380.0
420.0
427.0
421.0
359.0
377.0
391.0
485.0
407.0
427.0
404.0
383.0
394.0
370.0
447.0
429.0
391.0
378.0
434.0
399.0
435.0
425.0
380.0
398.0
434.0
346.0
390.0
365.0
351.0
404.0
418.0
342.0
385.0
427.0
379.0
297.0
400.0
425.0
414.0
377.0
330.0
412.0
378.0
378.0
404.0
399.0
364.0
390.0
454.0
340.0
WT 1
154.0
215.0
252.0
311.0
173.0
285.0
375.0
344.0
364.0
411.0
418.0
339.0
368.0
383.0
377.0
402.0
390.0
410.0
446.0
403.0
436.0
410.0
362.0
427.0
354.0
425.0
366.0
442.0
377.0
415.0
415.0
402.0
425.0
406.0
356.0
420.0
404.0
424.0
349.0
417.0
401.0
409.0
407.0
326.0
407.0
360.0
390.0
431.0
434.0
378.0
427.0
422.0
345.0
370.0
414.0
381.0
372.0
368.0
360.0
394.0
363.0
383.0
410.0
413.0
385.0
301.0
343.0
425.0
411.0
423.0
350.0
409.0
349.0
338.0
434.0
392.0
382.0
400.0
400.0
357.0
WT 2
150.0
236.0
260.0
271.0
203.0
257.0
426.0
288.0
358.0
379.0
403.0
362.0
430.0
404.0
383.0
376.0
371.0
353.0
405.0
452.0
425.0
424.0
426.0
375.0
403.0
439.0
331.0
494.0
365.0
387.0
425.0
450.0
441.0
370.0
345.0
410.0
369.0
435.0
420.0
452.0
420.0
392.0
480.0
327.0
423.0
411.0
371.0
437.0
468.0
388.0
442.0
400.0
353.0
364.0
409.0
341.0
368.0
385.0
378.0
391.0
409.0
333.0
422.0
363.0
424.0
290.0
382.0
444.0
353.0
367.0
378.0
376.0
333.0
370.0
432.0
422.0
371.0
407.0
405.0
350.0
WT 3
151.0
204.0
256.0
344.0
193.0
301.0
364.0
425.0
420.0
348.0
386.0
360.0
399.0
349.0
419.0
411.0
408.0
343.0
459.0
433.0
417.0
460.0
378.0
398.0
393.0
396.0
339.0
424.0
363.0
382.0
394.0
410.0
427.0
359.0
358.0
415.0
403.0
435.0
360.0
415.0
422.0
384.0
440.0
380.0
413.0
401.0
384.0
391.0
433.0
384.0
453.0
425.0
376.0
412.0
380.0
348.0
400.0
384.0
381.0
443.0
385.0
306.0
407.0
405.0
410.0
301.0
386.0
406.0
444.0
392.0
376.0
381.0
362.0
384.0
371.0
359.0
377.0
397.0
387.0
348.0
WT 4
151.0
200.0
240.0
316.0
180.0
309.0
321.0
373.0
363.0
371.0
405.0
329.0
435.0
373.0
374.0
401.0
376.0
423.0
413.0
413.0
420.0
442.0
355.0
377.0
385.0
408.0
311.0
439.0
389.0
402.0
395.0
394.0
400.0
417.0
396.0
375.0
435.0
446.0
406.0
389.0
426.0
397.0
405.0
334.0
449.0
402.0
371.0
432.0
425.0
387.0
410.0
414.0
386.0
430.0
405.0
377.0
371.0
404.0
340.0
420.0
388.0
357.0
365.0
442.0
391.0
279.0
425.0
436.0
402.0
395.0
385.0
430.0
362.0
370.0
397.0
370.0
370.0
370.0
427.0
357.0
WT 5
147.0
192.0
239.0
316.0
207.0
309.0
365.0
358.0
405.0
350.0
386.0
294.0
412.0
373.0
385.0
412.0
415.0
389.0
445.0
398.0
401.0
465.0
389.0
354.0
373.0
420.0
337.0
440.0
382.0
420.0
417.0
451.0
397.0
366.0
360.0
364.0
404.0
426.0
417.0
422.0
398.0
406.0
452.0
339.0
470.0
355.0
386.0
463.0
433.0
352.0
429.0
376.0
377.0
407.0
385.0
376.0
367.0
393.0
310.0
364.0
375.0
324.0
379.0
387.0
375.0
291.0
374.0
398.0
397.0
371.0
322.0
433.0
382.0
395.0
421.0
427.0
380.0
424.0
402.0
363.0
WT 6
140.0
237.0
220.0
307.0
195.0
313.0
362.0
374.0
344.0
384.0
406.0
319.0
412.0
418.0
419.0
396.0
419.0
405.0
414.0
377.0
408.0
402.0
374.0
378.0
362.0
400.0
359.0
463.0
412.0
374.0
429.0
402.0
411.0
401.0
419.0
410.0
435.0
393.0
350.0
374.0
423.0
419.0
419.0
355.0
392.0
374.0
382.0
455.0
446.0
391.0
443.0
407.0
405.0
396.0
375.0
377.0
368.0
371.0
313.0
422.0
403.0
332.0
397.0
433.0
386.0
328.0
400.0
391.0
407.0
385.0
384.0
341.0
377.0
415.0
412.0
412.0
365.0
374.0
415.0
370.0
WT 7
147.0
232.0
275.0
302.0
208.0
303.0
343.0
343.0
410.0
390.0
377.0
309.0
370.0
416.0
378.0
402.0
397.0
382.0
466.0
384.0
462.0
470.0
365.0
375.0
375.0
398.0
345.0
425.0
366.0
425.0
428.0
460.0
411.0
397.0
409.0
401.0
396.0
397.0
389.0
452.0
394.0
341.0
364.0
366.0
423.0
374.0
343.0
399.0
418.0
380.0
440.0
427.0
401.0
384.0
423.0
347.0
316.0
389.0
386.0
400.0
412.0
336.0
391.0
402.0
404.0
292.0
357.0
363.0
379.0
374.0
361.0
362.0
343.0
410.0
393.0
411.0
368.0
384.0
425.0
342.0
