WT 0
14.0
28.0
29.0
34.0
36.0
36.0
46.0
57.0
50.0
46.0
49.0
48.0
47.0
51.0
59.0
45.0
44.0
44.0
52.0
43.0
41.0
47.0
55.0
56.0
51.0
49.0
51.0
42.0
45.0
46.0
51.0
57.0
45.0
45.0
31.0
40.0
45.0
52.0
54.0
39.0
43.0
46.0
44.0
44.0
39.0
48.0
50.0
60.0
47.0
44.0
43.0
53.0
51.0
44.0
43.0
34.0
44.0
61.0
57.0
37.0
37.0
41.0
47.0
33.0
55.0
31.0
60.0
40.0
32.0
55.0
57.0
53.0
27.0
55.0
42.0
49.0
44.0
68.0
39.0
WT 1
18.0
25.0
32.0
36.0
28.0
34.0
35.0
49.0
58.0
43.0
49.0
51.0
51.0
47.0
48.0
40.0
46.0
45.0
45.0
49.0
35.0
52.0
46.0
44.0
48.0
42.0
49.0
47.0
36.0
52.0
43.0
44.0
35.0
56.0
32.0
34.0
48.0
39.0
38.0
48.0
38.0
40.0
37.0
45.0
43.0
50.0
39.0
41.0
43.0
40.0
45.0
49.0
44.0
51.0
44.0
44.0
41.0
57.0
50.0
42.0
44.0
44.0
52.0
41.0
56.0
36.0
48.0
47.0
49.0
61.0
44.0
52.0
38.0
55.0
44.0
49.0
52.0
49.0
59.0
WT 2
17.0
36.0
34.0
35.0
31.0
48.0
48.0
54.0
46.0
42.0
38.0
55.0
45.0
47.0
52.0
43.0
51.0
51.0
49.0
52.0
46.0
53.0
46.0
53.0
52.0
46.0
45.0
52.0
43.0
44.0
44.0
44.0
34.0
54.0
31.0
29.0
42.0
43.0
42.0
62.0
37.0
40.0
42.0
44.0
45.0
40.0
45.0
43.0
56.0
46.0
41.0
53.0
45.0
45.0
40.0
33.0
43.0
58.0
53.0
37.0
37.0
51.0
51.0
31.0
59.0
30.0
49.0
37.0
43.0
62.0
58.0
48.0
29.0
60.0
51.0
52.0
57.0
59.0
54.0
WT 3
16.0
21.0
27.0
34.0
44.0
32.0
49.0
52.0
54.0
45.0
48.0
44.0
44.0
39.0
52.0
46.0
54.0
52.0
51.0
46.0
41.0
44.0
49.0
54.0
45.0
50.0
55.0
48.0
41.0
48.0
48.0
46.0
46.0
52.0
28.0
36.0
59.0
42.0
39.0
69.0
35.0
45.0
42.0
44.0
50.0
45.0
45.0
46.0
41.0
44.0
40.0
43.0
40.0
45.0
42.0
48.0
51.0
49.0
59.0
36.0
45.0
51.0
52.0
33.0
77.0
31.0
38.0
44.0
45.0
72.0
40.0
46.0
39.0
55.0
46.0
53.0
51.0
69.0
44.0
WT 4
19.0
32.0
29.0
40.0
28.0
45.0
41.0
55.0
55.0
34.0
63.0
43.0
58.0
53.0
41.0
40.0
54.0
38.0
42.0
61.0
43.0
47.0
45.0
55.0
54.0
62.0
39.0
58.0
39.0
41.0
47.0
45.0
39.0
42.0
24.0
42.0
48.0
54.0
36.0
49.0
34.0
50.0
50.0
45.0
42.0
44.0
38.0
34.0
50.0
42.0
39.0
47.0
40.0
47.0
45.0
33.0
48.0
45.0
47.0
35.0
34.0
71.0
31.0
34.0
60.0
38.0
36.0
39.0
68.0
32.0
75.0
50.0
36.0
8.0
106.0
12.0
107.0
54.0
6.0
WT 5
14.0
21.0
39.0
33.0
35.0
55.0
40.0
44.0
53.0
57.0
38.0
61.0
46.0
46.0
59.0
46.0
38.0
47.0
56.0
29.0
51.0
59.0
40.0
62.0
46.0
48.0
67.0
36.0
45.0
45.0
47.0
42.0
36.0
42.0
35.0
32.0
60.0
37.0
36.0
55.0
35.0
48.0
39.0
44.0
41.0
37.0
51.0
51.0
40.0
40.0
44.0
42.0
48.0
45.0
46.0
41.0
55.0
42.0
45.0
32.0
48.0
32.0
65.0
29.0
53.0
24.0
61.0
43.0
14.0
101.0
5.0
44.0
39.0
93.0
7.0
108.0
0.0
67.0
84.0
WT 6
15.0
20.0
39.0
46.0
36.0
39.0
41.0
43.0
43.0
47.0
47.0
50.0
57.0
50.0
43.0
50.0
55.0
46.0
52.0
45.0
46.0
51.0
51.0
47.0
46.0
48.0
49.0
45.0
42.0
45.0
46.0
47.0
32.0
47.0
36.0
34.0
51.0
43.0
35.0
57.0
41.0
61.0
34.0
44.0
46.0
46.0
47.0
46.0
48.0
41.0
46.0
48.0
45.0
42.0
41.0
43.0
39.0
41.0
51.0
31.0
40.0
48.0
53.0
38.0
64.0
31.0
36.0
45.0
49.0
67.0
54.0
38.0
35.0
58.0
39.0
50.0
49.0
61.0
47.0
WT 7
16.0
22.0
30.0
30.0
32.0
33.0
46.0
50.0
52.0
46.0
45.0
45.0
53.0
51.0
50.0
40.0
37.0
46.0
52.0
55.0
34.0
50.0
42.0
48.0
49.0
67.0
59.0
48.0
43.0
43.0
46.0
51.0
39.0
45.0
34.0
36.0
42.0
37.0
52.0
48.0
39.0
54.0
47.0
46.0
37.0
48.0
42.0
40.0
49.0
41.0
42.0
53.0
49.0
40.0
44.0
31.0
42.0
43.0
45.0
41.0
45.0
51.0
42.0
28.0
59.0
30.0
39.0
45.0
44.0
63.0
36.0
39.0
33.0
49.0
48.0
52.0
59.0
65.0
41.0
WT 8
21.0
19.0
29.0
41.0
35.0
46.0
28.0
65.0
45.0
23.0
50.0
72.0
46.0
41.0
50.0
56.0
48.0
44.0
43.0
55.0
59.0
55.0
21.0
62.0
43.0
50.0
83.0
50.0
14.0
63.0
49.0
30.0
60.0
32.0
50.0
42.0
24.0
40.0
60.0
51.0
24.0
48.0
40.0
40.0
57.0
19.0
82.0
1.0
83.0
7.0
39.0
52.0
40.0
46.0
47.0
31.0
53.0
80.0
52.0
3.0
51.0
74.0
29.0
35.0
73.0
17.0
42.0
34.0
43.0
57.0
118.0
42.0
37.0
58.0
127.0
49.0
50.0
8.0
61.0
WT 9
15.0
29.0
32.0
30.0
25.0
42.0
63.0
29.0
44.0
64.0
49.0
40.0
47.0
65.0
53.0
36.0
59.0
40.0
46.0
43.0
44.0
53.0
68.0
52.0
55.0
45.0
30.0
47.0
77.0
20.0
44.0
68.0
30.0
66.0
5.0
37.0
76.0
39.0
25.0
46.0
57.0
44.0
42.0
43.0
19.0
73.0
11.0
79.0
4.0
73.0
37.0
52.0
46.0
44.0
45.0
32.0
56.0
14.0
47.0
79.0
33.0
25.0
71.0
29.0
42.0
55.0
48.0
47.0
51.0
79.0
25.0
51.0
108.0
64.0
35.0
50.0
55.0
132.0
43.0
WT 10
16.0
26.0
29.0
34.0
38.0
33.0
45.0
53.0
41.0
47.0
51.0
43.0
58.0
49.0
53.0
47.0
43.0
55.0
48.0
51.0
45.0
54.0
45.0
49.0
40.0
40.0
59.0
46.0
41.0
38.0
47.0
44.0
40.0
60.0
38.0
50.0
47.0
46.0
41.0
57.0
44.0
53.0
41.0
50.0
37.0
46.0
45.0
51.0
53.0
46.0
45.0
39.0
45.0
44.0
42.0
36.0
41.0
46.0
50.0
35.0
36.0
43.0
44.0
46.0
61.0
33.0
54.0
52.0
44.0
59.0
42.0
47.0
29.0
47.0
50.0
44.0
55.0
68.0
50.0
WT 11
15.0
28.0
31.0
44.0
28.0
33.0
52.0
40.0
54.0
34.0
61.0
37.0
47.0
55.0
58.0
36.0
54.0
28.0
44.0
59.0
43.0
54.0
41.0
57.0
51.0
49.0
51.0
52.0
35.0
55.0
41.0
62.0
44.0
32.0
41.0
36.0
52.0
47.0
30.0
57.0
39.0
63.0
45.0
37.0
35.0
42.0
67.0
15.0
72.0
41.0
11.0
81.0
10.0
47.0
70.0
16.0
76.0
19.0
42.0
33.0
86.0
16.0
86.0
38.0
57.0
38.0
43.0
58.0
7.0
121.0
41.0
7.0
100.0
55.0
40.0
8.0
98.0
27.0
46.0
WT 12
19.0
35.0
29.0
37.0
36.0
36.0
37.0
43.0
47.0
52.0
32.0
65.0
46.0
42.0
49.0
39.0
50.0
50.0
54.0
39.0
44.0
51.0
56.0
48.0
50.0
47.0
55.0
46.0
44.0
35.0
66.0
43.0
38.0
58.0
18.0
43.0
46.0
57.0
38.0
56.0
33.0
46.0
50.0
56.0
40.0
51.0
21.0
64.0
18.0
45.0
68.0
14.0
74.0
46.0
17.0
68.0
18.0
87.0
49.0
34.0
6.0
87.0
12.0
31.0
55.0
36.0
48.0
48.0
101.0
6.0
52.0
99.0
14.0
64.0
46.0
93.0
17.0
87.0
48.0
WT 13
17.0
22.0
22.0
48.0
29.0
28.0
63.0
48.0
49.0
30.0
52.0
49.0
45.0
82.0
17.0
80.0
47.0
54.0
15.0
79.0
60.0
49.0
60.0
50.0
17.0
116.0
25.0
131.0
41.0
42.0
135.0
52.0
54.0
133.0
64.0
39.0
131.0
43.0
34.0
28.0
111.0
39.0
10.0
97.0
12.0
43.0
92.0
46.0
45.0
22.0
104.0
0.0
42.0
98.0
45.0
31.0
44.0
9.0
87.0
33.0
38.0
27.0
42.0
65.0
51.0
22.0
49.0
41.0
62.0
35.0
72.0
15.0
39.0
64.0
47.0
69.0
46.0
63.0
38.0
WT 14
17.0
25.0
31.0
28.0
42.0
44.0
20.0
51.0
49.0
64.0
53.0
54.0
52.0
23.0
79.0
19.0
46.0
43.0
91.0
20.0
42.0
50.0
46.0
45.0
110.0
22.0
120.0
26.0
124.0
53.0
41.0
41.0
129.0
46.0
118.0
35.0
44.0
38.0
52.0
128.0
43.0
55.0
104.0
18.0
96.0
45.0
12.0
44.0
40.0
96.0
4.0
100.0
45.0
4.0
41.0
32.0
61.0
82.0
10.0
31.0
53.0
70.0
59.0
5.0
60.0
45.0
37.0
54.0
34.0
81.0
11.0
79.0
39.0
52.0
52.0
27.0
58.0
69.0
40.0
WT 15
18.0
27.0
28.0
31.0
34.0
30.0
42.0
52.0
47.0
39.0
49.0
52.0
43.0
46.0
55.0
41.0
41.0
44.0
51.0
54.0
54.0
50.0
41.0
50.0
41.0
47.0
46.0
45.0
39.0
51.0
43.0
41.0
40.0
57.0
26.0
42.0
53.0
45.0
35.0
60.0
42.0
43.0
42.0
46.0
44.0
40.0
42.0
46.0
46.0
41.0
44.0
47.0
44.0
43.0
43.0
33.0
61.0
42.0
43.0
34.0
42.0
50.0
52.0
30.0
48.0
36.0
45.0
45.0
47.0
48.0
43.0
43.0
39.0
59.0
52.0
58.0
51.0
58.0
57.0
WT 16
18.0
21.0
19.0
37.0
26.0
36.0
46.0
45.0
43.0
40.0
53.0
52.0
51.0
52.0
46.0
48.0
38.0
42.0
50.0
61.0
44.0
56.0
41.0
39.0
51.0
43.0
54.0
44.0
40.0
49.0
48.0
44.0
40.0
46.0
34.0
38.0
55.0
45.0
43.0
57.0
36.0
46.0
53.0
38.0
41.0
59.0
44.0
37.0
52.0
46.0
40.0
47.0
44.0
37.0
52.0
41.0
54.0
54.0
47.0
44.0
42.0
47.0
48.0
36.0
58.0
31.0
42.0
40.0
48.0
55.0
43.0
47.0
40.0
57.0
50.0
43.0
45.0
68.0
47.0
WT 17
18.0
28.0
27.0
44.0
30.0
38.0
51.0
53.0
51.0
42.0
50.0
53.0
46.0
46.0
52.0
49.0
41.0
48.0
41.0
47.0
51.0
51.0
55.0
46.0
47.0
40.0
46.0
48.0
43.0
41.0
45.0
46.0
42.0
47.0
30.0
36.0
65.0
49.0
47.0
55.0
36.0
48.0
46.0
46.0
39.0
47.0
47.0
49.0
48.0
38.0
42.0
43.0
44.0
42.0
37.0
39.0
48.0
47.0
47.0
32.0
54.0
50.0
42.0
31.0
56.0
33.0
42.0
53.0
39.0
63.0
43.0
46.0
37.0
69.0
46.0
47.0
59.0
66.0
52.0
WT 18
18.0
25.0
39.0
28.0
28.0
31.0
47.0
51.0
52.0
47.0
40.0
64.0
50.0
54.0
52.0
41.0
41.0
42.0
50.0
46.0
42.0
48.0
43.0
53.0
41.0
44.0
55.0
44.0
44.0
42.0
48.0
42.0
29.0
45.0
28.0
39.0
46.0
43.0
39.0
51.0
39.0
43.0
48.0
50.0
43.0
42.0
45.0
50.0
43.0
39.0
43.0
53.0
50.0
52.0
41.0
35.0
46.0
42.0
45.0
38.0
40.0
47.0
52.0
32.0
60.0
25.0
46.0
43.0
38.0
57.0
53.0
40.0
31.0
54.0
55.0
47.0
58.0
59.0
46.0
WT 19
12.0
27.0
53.0
25.0
40.0
35.0
46.0
47.0
56.0
75.0
26.0
71.0
45.0
48.0
50.0
48.0
50.0
51.0
51.0
48.0
37.0
54.0
52.0
48.0
37.0
48.0
56.0
74.0
12.0
65.0
24.0
48.0
34.0
78.0
30.0
29.0
23.0
52.0
67.0
48.0
33.0
30.0
47.0
52.0
38.0
41.0
41.0
56.0
51.0
40.0
50.0
47.0
40.0
27.0
36.0
33.0
76.0
13.0
45.0
40.0
38.0
90.0
6.0
33.0
108.0
13.0
41.0
93.0
9.0
50.0
51.0
41.0
34.0
48.0
38.0
50.0
72.0
51.0
99.0
WT 20
16.0
31.0
40.0
49.0
37.0
32.0
51.0
57.0
58.0
17.0
75.0
43.0
48.0
54.0
52.0
43.0
56.0
39.0
52.0
46.0
52.0
46.0
52.0
46.0
68.0
52.0
53.0
20.0
60.0
15.0
67.0
52.0
38.0
24.0
28.0
38.0
73.0
46.0
18.0
62.0
38.0
60.0
37.0
37.0
44.0
44.0
49.0
27.0
46.0
46.0
47.0
41.0
41.0
71.0
42.0
39.0
9.0
83.0
54.0
39.0
38.0
2.0
96.0
42.0
6.0
81.0
40.0
5.0
89.0
63.0
49.0
40.0
31.0
46.0
40.0
55.0
55.0
73.0
7.0
WT 21
18.0
31.0
46.0
15.0
64.0
1.0
44.0
48.0
78.0
43.0
41.0
53.0
49.0
51.0
46.0
36.0
47.0
44.0
49.0
47.0
49.0
42.0
49.0
43.0
50.0
51.0
57.0
52.0
35.0
49.0
43.0
45.0
42.0
43.0
28.0
24.0
62.0
33.0
39.0
63.0
26.0
51.0
52.0
27.0
60.0
31.0
43.0
60.0
43.0
29.0
41.0
53.0
21.0
45.0
68.0
35.0
39.0
42.0
34.0
34.0
41.0
75.0
53.0
37.0
40.0
36.0
49.0
36.0
50.0
69.0
28.0
44.0
58.0
28.0
71.0
24.0
93.0
27.0
78.0
WT 22
18.0
24.0
37.0
49.0
9.0
71.0
47.0
36.0
34.0
50.0
52.0
44.0
50.0
46.0
48.0
59.0
37.0
46.0
42.0
44.0
46.0
63.0
41.0
47.0
49.0
51.0
48.0
54.0
41.0
42.0
41.0
49.0
35.0
43.0
26.0
48.0
35.0
59.0
46.0
34.0
38.0
37.0
47.0
65.0
17.0
62.0
51.0
22.0
46.0
49.0
46.0
27.0
69.0
43.0
11.0
40.0
39.0
55.0
62.0
39.0
42.0
25.0
57.0
39.0
67.0
33.0
38.0
44.0
34.0
67.0
65.0
46.0
15.0
74.0
18.0
76.0
30.0
96.0
15.0
WT 23
14.0
26.0
20.0
38.0
34.0
44.0
52.0
49.0
44.0
48.0
45.0
55.0
43.0
47.0
52.0
46.0
48.0
46.0
58.0
38.0
54.0
53.0
41.0
54.0
53.0
51.0
47.0
46.0
46.0
43.0
48.0
45.0
36.0
43.0
26.0
35.0
51.0
42.0
36.0
47.0
32.0
55.0
42.0
48.0
36.0
47.0
38.0
42.0
48.0
40.0
47.0
46.0
40.0
49.0
45.0
34.0
49.0
36.0
49.0
34.0
43.0
43.0
52.0
28.0
55.0
26.0
53.0
46.0
41.0
55.0
45.0
37.0
32.0
61.0
49.0
46.0
45.0
58.0
51.0
WT 24
18.0
25.0
43.0
38.0
28.0
34.0
41.0
37.0
48.0
42.0
43.0
49.0
53.0
48.0
54.0
46.0
52.0
48.0
45.0
51.0
53.0
50.0
44.0
50.0
55.0
44.0
54.0
55.0
38.0
51.0
46.0
61.0
32.0
40.0
38.0
35.0
45.0
44.0
43.0
50.0
39.0
52.0
48.0
49.0
43.0
44.0
39.0
38.0
45.0
40.0
39.0
45.0
45.0
48.0
44.0
37.0
53.0
49.0
48.0
34.0
42.0
50.0
41.0
30.0
51.0
26.0
39.0
48.0
51.0
59.0
42.0
39.0
31.0
49.0
43.0
64.0
48.0
51.0
43.0
WT 25
20.0
28.0
35.0
43.0
30.0
38.0
45.0
44.0
48.0
51.0
40.0
53.0
46.0
45.0
54.0
56.0
44.0
52.0
49.0
44.0
49.0
47.0
50.0
53.0
50.0
50.0
49.0
41.0
43.0
48.0
53.0
55.0
39.0
49.0
34.0
34.0
46.0
40.0
41.0
58.0
41.0
44.0
48.0
40.0
40.0
63.0
41.0
41.0
40.0
41.0
47.0
44.0
49.0
46.0
40.0
36.0
38.0
55.0
47.0
33.0
41.0
55.0
41.0
27.0
58.0
27.0
41.0
40.0
46.0
55.0
43.0
46.0
32.0
59.0
41.0
50.0
50.0
59.0
41.0
WT 26
19.0
25.0
25.0
48.0
37.0
36.0
45.0
47.0
48.0
47.0
45.0
50.0
49.0
48.0
45.0
41.0
58.0
60.0
48.0
41.0
45.0
56.0
44.0
57.0
44.0
49.0
52.0
46.0
47.0
38.0
42.0
55.0
36.0
50.0
26.0
34.0
42.0
46.0
39.0
46.0
38.0
47.0
34.0
49.0
38.0
53.0
54.0
40.0
44.0
39.0
53.0
46.0
39.0
43.0
46.0
43.0
46.0
51.0
50.0
34.0
41.0
49.0
41.0
29.0
63.0
34.0
42.0
38.0
40.0
63.0
45.0
42.0
37.0
55.0
44.0
46.0
55.0
59.0
44.0
WT 27
18.0
22.0
28.0
31.0
40.0
40.0
46.0
53.0
61.0
39.0
46.0
48.0
54.0
46.0
48.0
39.0
45.0
44.0
59.0
56.0
47.0
50.0
44.0
52.0
46.0
59.0
56.0
46.0
46.0
47.0
39.0
43.0
34.0
48.0
30.0
40.0
49.0
41.0
37.0
50.0
40.0
49.0
41.0
41.0
43.0
43.0
48.0
56.0
45.0
37.0
44.0
41.0
45.0
53.0
42.0
31.0
57.0
49.0
48.0
39.0
44.0
49.0
46.0
29.0
53.0
36.0
48.0
42.0
49.0
65.0
42.0
42.0
28.0
60.0
48.0
48.0
57.0
65.0
51.0
WT 28
16.0
30.0
31.0
43.0
47.0
33.0
48.0
45.0
22.0
39.0
50.0
84.0
53.0
56.0
57.0
6.0
83.0
42.0
42.0
34.0
56.0
35.0
64.0
37.0
76.0
42.0
58.0
32.0
46.0
45.0
47.0
57.0
39.0
47.0
24.0
44.0
48.0
31.0
42.0
50.0
34.0
56.0
40.0
46.0
41.0
21.0
51.0
48.0
49.0
47.0
36.0
72.0
45.0
16.0
46.0
67.0
12.0
48.0
52.0
69.0
49.0
18.0
67.0
21.0
61.0
25.0
46.0
42.0
47.0
50.0
47.0
51.0
28.0
57.0
44.0
58.0
39.0
83.0
43.0
WT 29
16.0
23.0
24.0
41.0
35.0
48.0
40.0
41.0
76.0
41.0
48.0
15.0
54.0
50.0
55.0
87.0
17.0
45.0
45.0
74.0
30.0
68.0
28.0
73.0
28.0
54.0
54.0
67.0
45.0
44.0
43.0
38.0
40.0
51.0
36.0
23.0
54.0
46.0
25.0
50.0
49.0
36.0
40.0
42.0
40.0
71.0
51.0
48.0
51.0
37.0
43.0
13.0
45.0
74.0
49.0
4.0
77.0
48.0
53.0
1.0
57.0
68.0
24.0
53.0
57.0
24.0
48.0
37.0
37.0
60.0
47.0
42.0
38.0
54.0
46.0
45.0
65.0
57.0
45.0
WT 30
22.0
18.0
29.0
32.0
33.0
38.0
49.0
39.0
42.0
43.0
46.0
52.0
52.0
54.0
54.0
74.0
22.0
44.0
76.0
24.0
43.0
55.0
66.0
28.0
47.0
45.0
74.0
26.0
65.0
13.0
73.0
12.0
39.0
30.0
26.0
91.0
55.0
18.0
31.0
127.0
33.0
116.0
50.0
36.0
14.0
86.0
44.0
1.0
87.0
2.0
96.0
3.0
48.0
47.0
92.0
34.0
51.0
55.0
8.0
98.0
27.0
45.0
153.0
54.0
143.0
29.0
44.0
47.0
50.0
159.0
45.0
48.0
35.0
54.0
44.0
50.0
38.0
63.0
47.0
WT 31
16.0
23.0
35.0
39.0
32.0
36.0
44.0
54.0
45.0
46.0
53.0
56.0
49.0
51.0
55.0
18.0
76.0
46.0
20.0
71.0
51.0
49.0
25.0
67.0
47.0
41.0
32.0
72.0
19.0
69.0
11.0
70.0
39.0
48.0
31.0
21.0
50.0
114.0
38.0
18.0
107.0
21.0
51.0
42.0
95.0
3.0
41.0
88.0
4.0
89.0
1.0
92.0
49.0
49.0
1.0
34.0
37.0
43.0
130.0
36.0
119.0
62.0
37.0
120.0
23.0
30.0
47.0
40.0
138.0
42.0
45.0
43.0
37.0
54.0
51.0
54.0
162.0
67.0
51.0
WT 32
21.0
27.0
25.0
41.0
30.0
31.0
47.0
43.0
61.0
44.0
45.0
55.0
58.0
57.0
49.0
47.0
52.0
48.0
49.0
44.0
48.0
44.0
57.0
48.0
51.0
52.0
42.0
50.0
44.0
39.0
48.0
50.0
38.0
46.0
34.0
48.0
46.0
42.0
47.0
49.0
39.0
49.0
42.0
48.0
40.0
46.0
41.0
38.0
45.0
47.0
45.0
34.0
42.0
47.0
54.0
37.0
42.0
39.0
52.0
37.0
51.0
43.0
50.0
42.0
60.0
27.0
47.0
42.0
40.0
61.0
33.0
54.0
30.0
51.0
43.0
52.0
57.0
78.0
40.0
WT 33
14.0
23.0
22.0
33.0
25.0
41.0
47.0
45.0
45.0
46.0
42.0
49.0
46.0
59.0
59.0
47.0
49.0
50.0
53.0
46.0
47.0
51.0
54.0
52.0
44.0
46.0
54.0
52.0
41.0
43.0
52.0
41.0
40.0
45.0
29.0
32.0
48.0
40.0
36.0
54.0
42.0
46.0
50.0
43.0
35.0
42.0
47.0
38.0
48.0
43.0
40.0
51.0
46.0
46.0
42.0
34.0
44.0
40.0
45.0
37.0
45.0
39.0
45.0
36.0
57.0
31.0
38.0
45.0
41.0
66.0
40.0
42.0
30.0
63.0
47.0
48.0
46.0
68.0
48.0
WT 34
17.0
32.0
34.0
29.0
37.0
46.0
45.0
40.0
45.0
41.0
42.0
47.0
58.0
51.0
45.0
51.0
56.0
53.0
47.0
54.0
49.0
44.0
57.0
53.0
52.0
54.0
52.0
42.0
43.0
47.0
41.0
43.0
41.0
47.0
32.0
30.0
53.0
38.0
39.0
53.0
34.0
43.0
43.0
45.0
41.0
43.0
39.0
48.0
44.0
40.0
52.0
46.0
40.0
47.0
42.0
36.0
50.0
43.0
50.0
37.0
58.0
56.0
51.0
33.0
59.0
31.0
48.0
39.0
48.0
60.0
48.0
42.0
32.0
57.0
45.0
48.0
58.0
64.0
49.0
WT 35
16.0
22.0
32.0
52.0
32.0
36.0
53.0
38.0
54.0
50.0
56.0
51.0
66.0
50.0
53.0
47.0
48.0
53.0
47.0
50.0
49.0
51.0
41.0
49.0
53.0
48.0
46.0
45.0
33.0
39.0
45.0
43.0
35.0
50.0
20.0
36.0
43.0
43.0
35.0
53.0
52.0
49.0
38.0
49.0
31.0
43.0
47.0
41.0
48.0
44.0
52.0
49.0
38.0
42.0
41.0
40.0
52.0
41.0
57.0
34.0
42.0
50.0
47.0
34.0
58.0
28.0
42.0
50.0
45.0
52.0
50.0
57.0
32.0
52.0
63.0
54.0
57.0
62.0
50.0
WT 36
11.0
32.0
31.0
37.0
36.0
44.0
42.0
54.0
48.0
41.0
45.0
50.0
46.0
44.0
51.0
41.0
40.0
53.0
56.0
55.0
48.0
48.0
45.0
44.0
44.0
40.0
51.0
46.0
35.0
44.0
55.0
53.0
35.0
35.0
35.0
35.0
49.0
43.0
38.0
48.0
41.0
45.0
46.0
50.0
41.0
41.0
47.0
38.0
41.0
36.0
45.0
47.0
49.0
45.0
46.0
39.0
38.0
45.0
55.0
36.0
41.0
50.0
40.0
33.0
51.0
32.0
45.0
44.0
51.0
77.0
51.0
51.0
38.0
46.0
54.0
45.0
46.0
62.0
40.0
WT 37
15.0
17.0
32.0
35.0
38.0
38.0
42.0
68.0
57.0
46.0
52.0
54.0
53.0
44.0
46.0
42.0
47.0
47.0
52.0
52.0
45.0
54.0
43.0
56.0
41.0
47.0
45.0
40.0
40.0
44.0
57.0
47.0
32.0
47.0
26.0
38.0
54.0
42.0
50.0
47.0
34.0
43.0
60.0
48.0
38.0
43.0
37.0
43.0
40.0
45.0
42.0
49.0
48.0
39.0
46.0
32.0
44.0
49.0
53.0
32.0
41.0
49.0
49.0
33.0
58.0
37.0
39.0
44.0
45.0
65.0
46.0
44.0
37.0
53.0
36.0
52.0
49.0
66.0
58.0
WT 38
21.0
23.0
31.0
25.0
36.0
41.0
51.0
49.0
48.0
47.0
42.0
51.0
39.0
59.0
45.0
59.0
49.0
35.0
56.0
43.0
41.0
57.0
35.0
51.0
60.0
47.0
48.0
58.0
37.0
33.0
44.0
73.0
41.0
45.0
26.0
32.0
60.0
40.0
22.0
78.0
40.0
14.0
76.0
14.0
75.0
47.0
19.0
68.0
50.0
13.0
43.0
48.0
75.0
20.0
48.0
46.0
50.0
55.0
47.0
36.0
47.0
24.0
55.0
63.0
40.0
35.0
56.0
57.0
40.0
68.0
47.0
47.0
25.0
62.0
51.0
51.0
50.0
73.0
43.0
WT 39
19.0
28.0
29.0
30.0
39.0
38.0
48.0
43.0
54.0
45.0
38.0
45.0
57.0
44.0
60.0
35.0
54.0
55.0
37.0
43.0
57.0
40.0
51.0
51.0
59.0
48.0
51.0
50.0
51.0
41.0
44.0
25.0
43.0
58.0
31.0
43.0
38.0
40.0
64.0
21.0
44.0
69.0
19.0
76.0
10.0
60.0
65.0
23.0
45.0
69.0
41.0
50.0
14.0
73.0
46.0
36.0
38.0
44.0
45.0
31.0
41.0
72.0
53.0
15.0
88.0
32.0
48.0
41.0
43.0
70.0
38.0
40.0
51.0
48.0
57.0
44.0
61.0
71.0
40.0
WT 40
19.0
23.0
29.0
32.0
33.0
32.0
41.0
44.0
57.0
56.0
44.0
53.0
51.0
53.0
53.0
47.0
58.0
50.0
53.0
50.0
39.0
51.0
43.0
55.0
46.0
42.0
51.0
54.0
42.0
49.0
49.0
48.0
37.0
44.0
24.0
38.0
51.0
38.0
33.0
46.0
42.0
42.0
42.0
50.0
36.0
48.0
43.0
38.0
50.0
40.0
41.0
47.0
44.0
46.0
47.0
30.0
47.0
42.0
47.0
33.0
41.0
47.0
45.0
32.0
68.0
25.0
46.0
44.0
42.0
64.0
39.0
41.0
28.0
56.0
46.0
50.0
46.0
62.0
42.0
WT 41
14.0
23.0
27.0
25.0
38.0
35.0
45.0
39.0
45.0
40.0
51.0
55.0
50.0
52.0
45.0
46.0
46.0
44.0
50.0
55.0
45.0
54.0
41.0
56.0
51.0
46.0
50.0
44.0
50.0
43.0
43.0
45.0
37.0
37.0
35.0
34.0
54.0
42.0
40.0
51.0
37.0
43.0
45.0
46.0
37.0
53.0
42.0
44.0
47.0
40.0
37.0
43.0
38.0
54.0
44.0
35.0
47.0
58.0
51.0
37.0
44.0
56.0
44.0
35.0
53.0
34.0
51.0
47.0
39.0
64.0
46.0
41.0
34.0
58.0
45.0
50.0
51.0
64.0
58.0
WT 42
20.0
24.0
25.0
44.0
28.0
36.0
50.0
42.0
49.0
46.0
38.0
61.0
53.0
46.0
54.0
59.0
44.0
46.0
43.0
51.0
45.0
50.0
51.0
46.0
47.0
48.0
56.0
46.0
42.0
45.0
40.0
47.0
41.0
45.0
31.0
34.0
43.0
45.0
40.0
51.0
43.0
44.0
48.0
44.0
44.0
41.0
43.0
41.0
54.0
37.0
39.0
50.0
48.0
51.0
46.0
40.0
40.0
49.0
54.0
37.0
46.0
50.0
50.0
35.0
58.0
32.0
54.0
48.0
53.0
51.0
54.0
46.0
30.0
59.0
50.0
55.0
49.0
54.0
47.0
WT 43
12.0
25.0
25.0
33.0
43.0
39.0
47.0
52.0
45.0
36.0
51.0
44.0
40.0
44.0
52.0
46.0
52.0
46.0
53.0
50.0
48.0
54.0
51.0
47.0
51.0
51.0
48.0
41.0
41.0
44.0
52.0
42.0
50.0
45.0
26.0
38.0
50.0
42.0
35.0
49.0
39.0
42.0
40.0
46.0
51.0
52.0
42.0
44.0
45.0
39.0
44.0
43.0
34.0
50.0
56.0
38.0
46.0
33.0
52.0
31.0
50.0
58.0
42.0
43.0
57.0
27.0
38.0
44.0
46.0
66.0
38.0
40.0
34.0
62.0
34.0
52.0
53.0
65.0
44.0
WT 44
20.0
29.0
32.0
39.0
36.0
38.0
47.0
52.0
56.0
44.0
44.0
53.0
58.0
49.0
50.0
34.0
56.0
50.0
57.0
53.0
47.0
53.0
47.0
47.0
50.0
53.0
59.0
47.0
47.0
38.0
45.0
42.0
41.0
44.0
30.0
41.0
48.0
40.0
37.0
50.0
36.0
43.0
44.0
54.0
43.0
49.0
42.0
45.0
48.0
43.0
54.0
45.0
45.0
43.0
44.0
34.0
50.0
55.0
54.0
48.0
48.0
46.0
44.0
34.0
46.0
34.0
44.0
38.0
44.0
56.0
50.0
41.0
38.0
59.0
47.0
62.0
51.0
70.0
44.0
WT 45
18.0
22.0
35.0
39.0
27.0
39.0
49.0
48.0
49.0
44.0
54.0
45.0
44.0
51.0
58.0
44.0
47.0
44.0
49.0
54.0
44.0
59.0
41.0
58.0
48.0
50.0
48.0
52.0
40.0
39.0
53.0
45.0
34.0
38.0
31.0
33.0
47.0
40.0
40.0
52.0
35.0
40.0
46.0
43.0
35.0
51.0
44.0
47.0
47.0
42.0
37.0
46.0
44.0
39.0
43.0
38.0
42.0
48.0
48.0
35.0
45.0
46.0
44.0
27.0
59.0
33.0
38.0
45.0
47.0
57.0
45.0
42.0
32.0
49.0
50.0
60.0
54.0
68.0
41.0
WT 46
15.0
29.0
34.0
40.0
33.0
42.0
40.0
51.0
51.0
43.0
45.0
54.0
41.0
48.0
53.0
47.0
45.0
46.0
58.0
48.0
46.0
54.0
42.0
53.0
54.0
46.0
59.0
43.0
35.0
44.0
47.0
52.0
43.0
38.0
26.0
30.0
54.0
44.0
41.0
47.0
47.0
50.0
40.0
49.0
42.0
58.0
44.0
37.0
45.0
44.0
48.0
46.0
43.0
45.0
44.0
34.0
48.0
56.0
51.0
37.0
42.0
49.0
40.0
28.0
62.0
28.0
39.0
44.0
54.0
70.0
50.0
48.0
36.0
56.0
50.0
42.0
44.0
74.0
51.0
WT 47
14.0
22.0
28.0
27.0
32.0
31.0
42.0
74.0
46.0
48.0
55.0
53.0
48.0
46.0
53.0
52.0
45.0
47.0
47.0
58.0
47.0
47.0
43.0
56.0
43.0
49.0
57.0
54.0
51.0
50.0
45.0
50.0
34.0
41.0
31.0
38.0
60.0
41.0
42.0
44.0
45.0
43.0
50.0
41.0
40.0
53.0
43.0
43.0
53.0
45.0
51.0
49.0
47.0
48.0
45.0
42.0
46.0
47.0
44.0
36.0
43.0
45.0
59.0
32.0
61.0
25.0
45.0
49.0
42.0
61.0
60.0
50.0
25.0
52.0
34.0
48.0
55.0
69.0
52.0
WT 48
20.0
31.0
29.0
36.0
26.0
34.0
43.0
39.0
54.0
40.0
52.0
57.0
54.0
42.0
40.0
45.0
46.0
46.0
50.0
47.0
43.0
49.0
37.0
45.0
56.0
57.0
48.0
46.0
53.0
37.0
47.0
44.0
43.0
50.0
22.0
32.0
43.0
36.0
39.0
56.0
44.0
44.0
55.0
40.0
40.0
54.0
45.0
41.0
47.0
39.0
42.0
44.0
42.0
44.0
44.0
33.0
46.0
41.0
55.0
34.0
40.0
47.0
52.0
29.0
51.0
34.0
41.0
52.0
38.0
64.0
44.0
45.0
27.0
58.0
45.0
54.0
53.0
56.0
51.0
WT 49
18.0
28.0
38.0
37.0
32.0
41.0
44.0
52.0
46.0
46.0
56.0
46.0
48.0
46.0
49.0
36.0
53.0
46.0
49.0
49.0
54.0
50.0
50.0
49.0
52.0
47.0
51.0
52.0
34.0
41.0
53.0
46.0
33.0
40.0
24.0
38.0
44.0
43.0
45.0
48.0
43.0
50.0
49.0
42.0
44.0
55.0
37.0
40.0
48.0
39.0
43.0
39.0
47.0
44.0
47.0
37.0
35.0
46.0
48.0
35.0
41.0
48.0
54.0
36.0
64.0
25.0
60.0
46.0
37.0
65.0
48.0
48.0
38.0
46.0
38.0
49.0
54.0
61.0
45.0
WT 50
15.0
28.0
37.0
39.0
33.0
32.0
46.0
47.0
42.0
47.0
60.0
45.0
48.0
48.0
50.0
41.0
50.0
47.0
45.0
47.0
49.0
51.0
42.0
44.0
49.0
53.0
55.0
51.0
43.0
44.0
44.0
43.0
41.0
48.0
31.0
34.0
56.0
49.0
37.0
53.0
46.0
45.0
43.0
44.0
44.0
48.0
38.0
38.0
51.0
40.0
46.0
47.0
47.0
54.0
31.0
38.0
44.0
44.0
60.0
37.0
49.0
51.0
42.0
42.0
47.0
29.0
42.0
51.0
42.0
59.0
44.0
49.0
36.0
49.0
52.0
53.0
46.0
66.0
50.0
WT 51
20.0
24.0
31.0
39.0
34.0
41.0
52.0
45.0
54.0
46.0
46.0
49.0
52.0
53.0
60.0
46.0
59.0
47.0
51.0
48.0
43.0
50.0
50.0
42.0
42.0
55.0
52.0
62.0
37.0
44.0
50.0
50.0
42.0
46.0
28.0
32.0
56.0
48.0
39.0
45.0
39.0
49.0
47.0
42.0
64.0
42.0
36.0
50.0
51.0
38.0
35.0
53.0
40.0
42.0
46.0
37.0
44.0
50.0
49.0
39.0
37.0
41.0
46.0
33.0
60.0
29.0
37.0
49.0
48.0
75.0
49.0
44.0
29.0
51.0
40.0
43.0
52.0
54.0
53.0
WT 52
13.0
27.0
24.0
33.0
33.0
38.0
41.0
44.0
47.0
42.0
44.0
54.0
48.0
48.0
49.0
45.0
37.0
43.0
55.0
52.0
40.0
51.0
54.0
53.0
50.0
54.0
52.0
53.0
41.0
46.0
50.0
45.0
47.0
43.0
28.0
31.0
51.0
47.0
35.0
51.0
41.0
50.0
46.0
38.0
41.0
58.0
43.0
40.0
43.0
49.0
44.0
42.0
41.0
51.0
45.0
39.0
44.0
43.0
47.0
33.0
45.0
46.0
47.0
33.0
56.0
35.0
45.0
44.0
45.0
71.0
43.0
40.0
34.0
63.0
53.0
48.0
52.0
55.0
57.0
WT 53
11.0
23.0
26.0
36.0
36.0
27.0
43.0
52.0
55.0
40.0
54.0
46.0
46.0
41.0
47.0
43.0
47.0
49.0
48.0
51.0
39.0
48.0
43.0
47.0
50.0
58.0
56.0
47.0
44.0
44.0
46.0
47.0
37.0
45.0
31.0
35.0
45.0
44.0
38.0
45.0
36.0
49.0
44.0
40.0
42.0
46.0
41.0
51.0
46.0
46.0
36.0
46.0
34.0
49.0
44.0
41.0
49.0
45.0
56.0
41.0
53.0
54.0
56.0
38.0
60.0
28.0
43.0
39.0
44.0
49.0
54.0
44.0
33.0
52.0
51.0
54.0
50.0
77.0
43.0
WT 54
16.0
27.0
38.0
35.0
33.0
34.0
43.0
42.0
51.0
46.0
41.0
61.0
45.0
45.0
52.0
44.0
48.0
47.0
51.0
45.0
41.0
48.0
41.0
51.0
48.0
57.0
59.0
64.0
41.0
41.0
47.0
47.0
45.0
55.0
31.0
44.0
44.0
56.0
34.0
50.0
43.0
48.0
49.0
43.0
46.0
43.0
37.0
45.0
51.0
42.0
45.0
46.0
41.0
44.0
47.0
43.0
47.0
45.0
51.0
33.0
45.0
52.0
53.0
35.0
66.0
35.0
46.0
48.0
39.0
78.0
42.0
41.0
57.0
53.0
39.0
53.0
51.0
58.0
43.0
WT 55
19.0
28.0
24.0
46.0
31.0
45.0
48.0
52.0
53.0
46.0
54.0
17.0
88.0
54.0
4.0
80.0
44.0
42.0
53.0
56.0
0.0
92.0
13.0
47.0
46.0
49.0
52.0
78.0
41.0
48.0
45.0
1.0
93.0
13.0
27.0
36.0
52.0
86.0
35.0
22.0
67.0
40.0
53.0
43.0
5.0
53.0
76.0
42.0
43.0
19.0
66.0
20.0
71.0
51.0
12.0
78.0
43.0
50.0
1.0
85.0
48.0
8.0
43.0
37.0
51.0
31.0
115.0
44.0
22.0
58.0
39.0
127.0
52.0
130.0
9.0
90.0
60.0
66.0
57.0
WT 56
16.0
30.0
32.0
40.0
39.0
36.0
47.0
43.0
40.0
39.0
47.0
89.0
11.0
45.0
98.0
3.0
44.0
45.0
52.0
50.0
88.0
16.0
77.0
49.0
51.0
49.0
48.0
9.0
39.0
45.0
48.0
93.0
27.0
100.0
32.0
35.0
52.0
10.0
46.0
76.0
13.0
48.0
47.0
35.0
80.0
46.0
14.0
43.0
45.0
72.0
16.0
75.0
11.0
45.0
87.0
9.0
43.0
44.0
101.0
15.0
38.0
107.0
52.0
40.0
58.0
33.0
22.0
41.0
114.0
63.0
44.0
40.0
119.0
17.0
101.0
7.0
56.0
71.0
42.0
WT 57
11.0
32.0
23.0
31.0
34.0
33.0
49.0
39.0
43.0
39.0
43.0
50.0
57.0
58.0
52.0
47.0
58.0
48.0
54.0
43.0
51.0
49.0
43.0
54.0
42.0
51.0
47.0
47.0
38.0
48.0
50.0
45.0
33.0
54.0
33.0
35.0
49.0
45.0
38.0
45.0
39.0
41.0
46.0
50.0
49.0
52.0
40.0
40.0
41.0
40.0
40.0
41.0
39.0
45.0
40.0
37.0
52.0
50.0
56.0
38.0
50.0
49.0
43.0
31.0
62.0
30.0
46.0
43.0
40.0
60.0
43.0
43.0
30.0
59.0
43.0
45.0
55.0
58.0
44.0
WT 58
13.0
24.0
32.0
35.0
29.0
41.0
52.0
43.0
52.0
45.0
49.0
45.0
63.0
49.0
63.0
43.0
59.0
44.0
53.0
48.0
52.0
45.0
49.0
40.0
45.0
48.0
48.0
50.0
37.0
40.0
43.0
41.0
30.0
43.0
28.0
37.0
47.0
42.0
33.0
52.0
45.0
48.0
44.0
46.0
45.0
46.0
50.0
44.0
47.0
39.0
52.0
53.0
41.0
45.0
35.0
36.0
44.0
61.0
46.0
36.0
42.0
46.0
65.0
31.0
62.0
32.0
42.0
41.0
46.0
57.0
37.0
43.0
39.0
65.0
47.0
58.0
44.0
60.0
54.0
WT 59
17.0
21.0
43.0
40.0
19.0
62.0
45.0
16.0
41.0
69.0
18.0
56.0
73.0
49.0
42.0
72.0
27.0
65.0
44.0
48.0
45.0
44.0
48.0
55.0
47.0
41.0
54.0
63.0
46.0
42.0
26.0
43.0
35.0
77.0
31.0
35.0
27.0
64.0
40.0
20.0
59.0
55.0
11.0
41.0
76.0
43.0
7.0
45.0
103.0
46.0
37.0
17.0
40.0
120.0
25.0
38.0
105.0
16.0
58.0
37.0
102.0
50.0
7.0
90.0
10.0
96.0
49.0
33.0
39.0
0.0
125.0
38.0
26.0
148.0
47.0
50.0
73.0
67.0
51.0
WT 60
19.0
34.0
29.0
30.0
43.0
18.0
44.0
74.0
48.0
8.0
71.0
56.0
32.0
61.0
69.0
24.0
68.0
32.0
49.0
50.0
50.0
56.0
40.0
46.0
64.0
52.0
53.0
27.0
41.0
45.0
69.0
42.0
37.0
19.0
25.0
37.0
80.0
23.0
35.0
77.0
9.0
44.0
79.0
39.0
10.0
46.0
79.0
49.0
4.0
41.0
43.0
116.0
44.0
26.0
115.0
32.0
16.0
106.0
49.0
37.0
11.0
45.0
108.0
22.0
118.0
41.0
40.0
45.0
42.0
129.0
14.0
122.0
29.0
42.0
50.0
145.0
59.0
64.0
40.0
WT 61
19.0
41.0
42.0
29.0
31.0
34.0
48.0
51.0
49.0
54.0
54.0
38.0
59.0
40.0
56.0
36.0
51.0
48.0
50.0
52.0
39.0
43.0
38.0
52.0
47.0
55.0
56.0
44.0
45.0
41.0
51.0
53.0
45.0
44.0
26.0
39.0
46.0
46.0
43.0
50.0
46.0
44.0
46.0
37.0
39.0
47.0
38.0
43.0
45.0
36.0
46.0
49.0
55.0
46.0
43.0
39.0
44.0
43.0
48.0
39.0
44.0
51.0
48.0
30.0
59.0
25.0
48.0
38.0
42.0
67.0
46.0
49.0
40.0
53.0
53.0
50.0
55.0
57.0
44.0
WT 62
14.0
30.0
23.0
30.0
30.0
46.0
41.0
48.0
51.0
45.0
48.0
45.0
42.0
47.0
51.0
46.0
50.0
47.0
49.0
54.0
44.0
49.0
45.0
55.0
47.0
46.0
50.0
56.0
31.0
40.0
47.0
45.0
35.0
58.0
33.0
38.0
49.0
48.0
39.0
42.0
33.0
41.0
41.0
39.0
43.0
38.0
44.0
52.0
40.0
41.0
46.0
47.0
41.0
46.0
49.0
38.0
41.0
42.0
52.0
36.0
37.0
45.0
45.0
42.0
59.0
31.0
43.0
57.0
47.0
64.0
44.0
40.0
38.0
53.0
50.0
52.0
44.0
68.0
47.0
WT 63
15.0
19.0
36.0
25.0
34.0
35.0
41.0
43.0
47.0
45.0
44.0
45.0
42.0
49.0
52.0
46.0
53.0
41.0
51.0
54.0
50.0
56.0
48.0
42.0
45.0
49.0
56.0
49.0
48.0
50.0
56.0
41.0
33.0
49.0
31.0
45.0
53.0
43.0
37.0
49.0
47.0
50.0
48.0
47.0
47.0
47.0
44.0
44.0
44.0
42.0
50.0
54.0
41.0
51.0
39.0
38.0
44.0
48.0
56.0
36.0
49.0
48.0
50.0
29.0
62.0
26.0
49.0
40.0
50.0
64.0
40.0
46.0
34.0
50.0
49.0
49.0
46.0
62.0
46.0
