WT 0
17.0
30.0
37.0
39.0
39.0
52.0
56.0
50.0
55.0
59.0
52.0
61.0
57.0
42.0
52.0
65.0
62.0
54.0
51.0
48.0
55.0
60.0
56.0
58.0
64.0
46.0
60.0
56.0
54.0
53.0
50.0
57.0
62.0
61.0
57.0
61.0
53.0
69.0
53.0
52.0
52.0
57.0
58.0
59.0
61.0
65.0
56.0
60.0
51.0
51.0
48.0
49.0
69.0
59.0
61.0
70.0
54.0
56.0
75.0
50.0
53.0
63.0
45.0
55.0
74.0
64.0
64.0
66.0
66.0
71.0
45.0
44.0
53.0
66.0
40.0
60.0
58.0
63.0
63.0
WT 1
17.0
28.0
50.0
46.0
40.0
53.0
66.0
47.0
53.0
54.0
42.0
55.0
54.0
43.0
49.0
59.0
56.0
56.0
64.0
54.0
52.0
60.0
55.0
58.0
74.0
53.0
54.0
45.0
67.0
66.0
65.0
58.0
63.0
62.0
77.0
59.0
59.0
52.0
43.0
58.0
58.0
62.0
63.0
68.0
52.0
57.0
57.0
60.0
53.0
50.0
50.0
46.0
59.0
57.0
62.0
58.0
57.0
65.0
67.0
68.0
58.0
60.0
59.0
57.0
44.0
48.0
52.0
63.0
66.0
58.0
52.0
52.0
60.0
63.0
55.0
55.0
54.0
69.0
55.0
WT 2
19.0
26.0
47.0
38.0
58.0
50.0
51.0
48.0
62.0
68.0
58.0
54.0
53.0
48.0
59.0
63.0
51.0
63.0
51.0
48.0
63.0
54.0
42.0
48.0
60.0
55.0
49.0
59.0
56.0
66.0
51.0
48.0
65.0
60.0
56.0
62.0
48.0
59.0
47.0
58.0
78.0
69.0
62.0
67.0
52.0
61.0
47.0
55.0
48.0
62.0
59.0
54.0
53.0
65.0
60.0
45.0
66.0
67.0
66.0
66.0
54.0
57.0
50.0
65.0
41.0
56.0
62.0
60.0
53.0
52.0
47.0
58.0
70.0
67.0
48.0
53.0
70.0
59.0
57.0
WT 3
18.0
30.0
57.0
48.0
51.0
52.0
48.0
49.0
52.0
54.0
51.0
50.0
50.0
51.0
51.0
60.0
58.0
54.0
67.0
59.0
55.0
50.0
50.0
65.0
54.0
64.0
55.0
56.0
58.0
56.0
60.0
49.0
63.0
48.0
46.0
63.0
62.0
58.0
51.0
60.0
51.0
53.0
62.0
57.0
62.0
65.0
56.0
58.0
46.0
53.0
53.0
56.0
57.0
58.0
59.0
54.0
62.0
56.0
69.0
67.0
50.0
44.0
57.0
56.0
52.0
53.0
59.0
57.0
60.0
61.0
52.0
49.0
57.0
67.0
41.0
48.0
72.0
54.0
56.0
WT 4
22.0
27.0
55.0
29.0
66.0
50.0
47.0
41.0
79.0
51.0
57.0
16.0
78.0
41.0
24.0
88.0
53.0
38.0
66.0
57.0
57.0
59.0
59.0
66.0
61.0
36.0
85.0
67.0
62.0
59.0
63.0
45.0
52.0
7.0
109.0
57.0
10.0
111.0
15.0
60.0
65.0
52.0
61.0
55.0
66.0
103.0
55.0
53.0
55.0
33.0
53.0
50.0
66.0
46.0
75.0
38.0
52.0
65.0
82.0
57.0
24.0
52.0
47.0
90.0
51.0
38.0
65.0
60.0
53.0
55.0
52.0
46.0
70.0
61.0
47.0
51.0
60.0
38.0
60.0
WT 5
24.0
22.0
38.0
70.0
32.0
56.0
68.0
48.0
29.0
63.0
45.0
78.0
11.0
45.0
80.0
38.0
59.0
77.0
56.0
42.0
59.0
54.0
52.0
59.0
65.0
77.0
23.0
49.0
55.0
58.0
62.0
47.0
63.0
108.0
3.0
55.0
112.0
16.0
92.0
65.0
62.0
55.0
62.0
64.0
51.0
28.0
59.0
57.0
54.0
75.0
41.0
53.0
41.0
70.0
50.0
70.0
65.0
57.0
43.0
52.0
83.0
52.0
45.0
28.0
53.0
82.0
51.0
48.0
65.0
50.0
54.0
46.0
59.0
60.0
46.0
45.0
61.0
67.0
62.0
WT 6
14.0
31.0
52.0
57.0
59.0
63.0
51.0
42.0
57.0
64.0
61.0
45.0
55.0
40.0
51.0
81.0
51.0
60.0
73.0
66.0
63.0
55.0
52.0
58.0
57.0
51.0
53.0
58.0
63.0
70.0
54.0
53.0
60.0
63.0
55.0
50.0
57.0
66.0
45.0
65.0
60.0
52.0
51.0
58.0
60.0
78.0
55.0
53.0
45.0
50.0
55.0
57.0
48.0
59.0
54.0
53.0
64.0
61.0
68.0
51.0
66.0
49.0
55.0
66.0
55.0
54.0
54.0
58.0
55.0
62.0
50.0
47.0
58.0
53.0
56.0
61.0
64.0
56.0
49.0
WT 7
24.0
22.0
47.0
44.0
42.0
54.0
53.0
42.0
47.0
52.0
57.0
49.0
52.0
48.0
54.0
62.0
49.0
54.0
64.0
48.0
56.0
50.0
58.0
61.0
60.0
45.0
54.0
57.0
68.0
49.0
67.0
57.0
64.0
65.0
58.0
58.0
51.0
61.0
50.0
66.0
63.0
57.0
56.0
60.0
44.0
58.0
57.0
61.0
42.0
50.0
55.0
55.0
48.0
59.0
60.0
56.0
51.0
62.0
58.0
55.0
62.0
55.0
50.0
62.0
59.0
62.0
57.0
76.0
64.0
52.0
49.0
50.0
57.0
63.0
37.0
42.0
61.0
49.0
54.0
WT 8
16.0
35.0
54.0
16.0
86.0
50.0
18.0
43.0
62.0
56.0
103.0
13.0
53.0
47.0
63.0
108.0
8.0
52.0
71.0
54.0
53.0
125.0
25.0
139.0
17.0
52.0
134.0
12.0
140.0
64.0
34.0
48.0
161.0
31.0
143.0
58.0
35.0
155.0
48.0
27.0
63.0
51.0
147.0
57.0
36.0
168.0
49.0
163.0
58.0
164.0
59.0
176.0
61.0
57.0
80.0
200.0
58.0
84.0
189.0
46.0
67.0
53.0
174.0
47.0
166.0
70.0
193.0
76.0
195.0
51.0
56.0
63.0
68.0
56.0
43.0
52.0
70.0
56.0
61.0
WT 9
19.0
21.0
39.0
71.0
18.0
55.0
89.0
38.0
66.0
64.0
13.0
109.0
71.0
42.0
47.0
3.0
118.0
65.0
61.0
47.0
54.0
8.0
116.0
16.0
141.0
56.0
23.0
138.0
17.0
65.0
147.0
52.0
33.0
160.0
38.0
62.0
134.0
34.0
45.0
161.0
61.0
62.0
43.0
62.0
151.0
27.0
153.0
51.0
167.0
62.0
174.0
71.0
50.0
48.0
210.0
102.0
57.0
208.0
69.0
44.0
179.0
51.0
60.0
180.0
62.0
182.0
83.0
203.0
71.0
51.0
58.0
53.0
56.0
69.0
48.0
50.0
191.0
58.0
56.0
WT 10
20.0
26.0
42.0
52.0
39.0
54.0
51.0
41.0
57.0
65.0
62.0
56.0
48.0
46.0
51.0
51.0
51.0
76.0
52.0
60.0
68.0
57.0
52.0
60.0
51.0
52.0
52.0
59.0
64.0
58.0
47.0
53.0
66.0
63.0
54.0
65.0
50.0
50.0
48.0
60.0
61.0
59.0
58.0
62.0
48.0
63.0
61.0
55.0
54.0
53.0
66.0
56.0
67.0
46.0
66.0
55.0
55.0
65.0
57.0
53.0
64.0
50.0
49.0
61.0
52.0
57.0
57.0
59.0
64.0
45.0
49.0
41.0
67.0
69.0
37.0
54.0
71.0
53.0
53.0
WT 11
16.0
25.0
41.0
53.0
33.0
71.0
45.0
66.0
49.0
54.0
50.0
57.0
71.0
21.0
62.0
65.0
58.0
33.0
84.0
69.0
60.0
58.0
55.0
64.0
19.0
98.0
56.0
47.0
34.0
85.0
54.0
33.0
63.0
60.0
60.0
43.0
67.0
64.0
57.0
20.0
105.0
8.0
104.0
20.0
44.0
60.0
51.0
110.0
53.0
58.0
49.0
42.0
51.0
17.0
117.0
45.0
53.0
59.0
55.0
18.0
48.0
49.0
91.0
20.0
87.0
39.0
89.0
21.0
56.0
107.0
48.0
17.0
52.0
106.0
45.0
51.0
46.0
57.0
61.0
WT 12
15.0
28.0
35.0
51.0
47.0
46.0
83.0
29.0
50.0
65.0
67.0
63.0
30.0
66.0
51.0
42.0
50.0
74.0
40.0
61.0
53.0
55.0
48.0
64.0
110.0
12.0
65.0
58.0
80.0
34.0
65.0
67.0
56.0
58.0
38.0
71.0
34.0
64.0
43.0
90.0
13.0
108.0
10.0
108.0
53.0
61.0
57.0
0.0
54.0
48.0
57.0
56.0
52.0
104.0
6.0
50.0
63.0
75.0
48.0
95.0
44.0
55.0
11.0
93.0
27.0
98.0
23.0
99.0
64.0
3.0
53.0
91.0
67.0
21.0
45.0
50.0
57.0
56.0
57.0
WT 13
14.0
28.0
45.0
56.0
25.0
51.0
78.0
27.0
61.0
55.0
44.0
94.0
19.0
81.0
22.0
64.0
59.0
65.0
60.0
63.0
50.0
62.0
53.0
60.0
66.0
58.0
50.0
73.0
56.0
57.0
51.0
65.0
45.0
72.0
66.0
60.0
52.0
64.0
49.0
54.0
11.0
50.0
116.0
15.0
110.0
14.0
52.0
112.0
56.0
11.0
44.0
62.0
52.0
103.0
48.0
21.0
107.0
19.0
70.0
52.0
81.0
12.0
96.0
50.0
52.0
15.0
55.0
92.0
54.0
52.0
36.0
56.0
63.0
59.0
34.0
55.0
60.0
50.0
52.0
WT 14
15.0
32.0
31.0
45.0
68.0
47.0
36.0
75.0
50.0
58.0
65.0
24.0
87.0
13.0
83.0
52.0
51.0
51.0
71.0
54.0
60.0
56.0
48.0
72.0
62.0
56.0
57.0
43.0
75.0
70.0
64.0
27.0
76.0
41.0
48.0
70.0
45.0
59.0
33.0
56.0
114.0
55.0
6.0
118.0
2.0
109.0
56.0
17.0
44.0
119.0
46.0
54.0
50.0
2.0
63.0
84.0
30.0
94.0
58.0
51.0
27.0
83.0
11.0
57.0
49.0
93.0
52.0
23.0
60.0
62.0
67.0
38.0
67.0
57.0
47.0
47.0
58.0
54.0
57.0
WT 15
21.0
27.0
30.0
48.0
48.0
48.0
55.0
37.0
70.0
61.0
61.0
52.0
46.0
45.0
47.0
57.0
58.0
64.0
60.0
58.0
53.0
56.0
46.0
60.0
62.0
47.0
54.0
60.0
63.0
61.0
47.0
54.0
50.0
61.0
50.0
51.0
61.0
63.0
44.0
61.0
62.0
57.0
52.0
59.0
48.0
78.0
58.0
63.0
53.0
46.0
52.0
56.0
50.0
58.0
53.0
57.0
55.0
61.0
55.0
60.0
52.0
42.0
51.0
54.0
58.0
51.0
56.0
57.0
63.0
55.0
54.0
55.0
54.0
52.0
50.0
50.0
58.0
53.0
61.0
WT 16
17.0
25.0
47.0
52.0
40.0
58.0
54.0
48.0
48.0
61.0
57.0
59.0
55.0
39.0
53.0
70.0
51.0
53.0
60.0
54.0
58.0
67.0
51.0
56.0
65.0
55.0
63.0
59.0
64.0
56.0
58.0
51.0
58.0
55.0
61.0
65.0
49.0
65.0
46.0
58.0
52.0
49.0
60.0
72.0
47.0
54.0
62.0
58.0
47.0
49.0
52.0
60.0
54.0
51.0
64.0
50.0
62.0
52.0
62.0
56.0
50.0
58.0
50.0
55.0
59.0
50.0
62.0
61.0
64.0
51.0
53.0
50.0
67.0
55.0
40.0
56.0
52.0
65.0
64.0
WT 17
22.0
35.0
32.0
51.0
59.0
50.0
55.0
32.0
58.0
60.0
55.0
55.0
47.0
43.0
62.0
74.0
55.0
61.0
61.0
55.0
57.0
53.0
43.0
55.0
59.0
57.0
53.0
66.0
63.0
61.0
51.0
51.0
75.0
54.0
56.0
66.0
50.0
75.0
44.0
66.0
65.0
56.0
62.0
63.0
51.0
53.0
73.0
57.0
46.0
56.0
55.0
54.0
62.0
52.0
64.0
55.0
69.0
53.0
68.0
58.0
59.0
56.0
53.0
56.0
49.0
65.0
48.0
68.0
64.0
50.0
68.0
45.0
56.0
63.0
45.0
52.0
63.0
62.0
51.0
WT 18
17.0
25.0
33.0
42.0
39.0
60.0
62.0
44.0
48.0
57.0
47.0
59.0
51.0
41.0
48.0
55.0
57.0
53.0
51.0
58.0
65.0
62.0
55.0
67.0
65.0
69.0
50.0
65.0
64.0
72.0
72.0
56.0
62.0
56.0
56.0
62.0
51.0
69.0
49.0
58.0
63.0
54.0
64.0
75.0
47.0
61.0
43.0
68.0
51.0
62.0
58.0
52.0
47.0
62.0
55.0
58.0
62.0
64.0
63.0
53.0
56.0
47.0
56.0
52.0
47.0
50.0
51.0
57.0
58.0
63.0
57.0
51.0
70.0
55.0
36.0
56.0
63.0
53.0
56.0
WT 19
15.0
31.0
33.0
54.0
38.0
54.0
45.0
56.0
46.0
74.0
50.0
48.0
50.0
38.0
53.0
105.0
2.0
111.0
4.0
121.0
21.0
134.0
31.0
145.0
26.0
135.0
55.0
56.0
16.0
51.0
159.0
49.0
37.0
147.0
50.0
25.0
50.0
65.0
135.0
31.0
56.0
134.0
9.0
133.0
65.0
50.0
17.0
141.0
26.0
50.0
136.0
61.0
18.0
60.0
61.0
141.0
29.0
54.0
163.0
49.0
167.0
66.0
60.0
170.0
54.0
55.0
60.0
56.0
157.0
49.0
42.0
9.0
124.0
2.0
41.0
46.0
122.0
52.0
48.0
WT 20
17.0
24.0
44.0
45.0
42.0
49.0
64.0
26.0
73.0
51.0
57.0
58.0
69.0
53.0
56.0
9.0
117.0
5.0
114.0
19.0
136.0
23.0
125.0
15.0
138.0
32.0
60.0
59.0
149.0
62.0
46.0
48.0
157.0
34.0
57.0
145.0
51.0
62.0
40.0
147.0
53.0
26.0
146.0
27.0
55.0
67.0
139.0
18.0
136.0
56.0
32.0
65.0
129.0
66.0
58.0
18.0
144.0
59.0
33.0
170.0
70.0
175.0
53.0
56.0
55.0
164.0
55.0
53.0
41.0
68.0
58.0
119.0
4.0
120.0
44.0
56.0
13.0
49.0
60.0
WT 21
17.0
25.0
31.0
66.0
46.0
70.0
56.0
51.0
61.0
48.0
51.0
61.0
54.0
46.0
45.0
76.0
37.0
77.0
32.0
56.0
61.0
49.0
94.0
54.0
64.0
52.0
36.0
75.0
29.0
111.0
63.0
49.0
58.0
57.0
52.0
13.0
102.0
60.0
3.0
56.0
51.0
116.0
4.0
126.0
49.0
16.0
97.0
12.0
117.0
14.0
135.0
24.0
136.0
15.0
60.0
126.0
8.0
57.0
60.0
103.0
56.0
51.0
0.0
106.0
50.0
75.0
6.0
67.0
113.0
0.0
55.0
50.0
58.0
69.0
123.0
43.0
2.0
60.0
63.0
WT 22
16.0
23.0
46.0
34.0
50.0
65.0
58.0
55.0
56.0
59.0
59.0
66.0
41.0
46.0
43.0
61.0
86.0
34.0
70.0
58.0
62.0
57.0
34.0
60.0
58.0
62.0
69.0
40.0
89.0
21.0
49.0
58.0
64.0
55.0
54.0
108.0
13.0
61.0
97.0
59.0
61.0
2.0
116.0
2.0
66.0
101.0
12.0
112.0
7.0
127.0
15.0
130.0
22.0
132.0
69.0
16.0
127.0
56.0
59.0
1.0
43.0
60.0
109.0
3.0
46.0
69.0
108.0
65.0
6.0
112.0
70.0
52.0
63.0
62.0
27.0
55.0
123.0
52.0
59.0
WT 23
19.0
32.0
39.0
42.0
45.0
59.0
55.0
44.0
64.0
55.0
54.0
59.0
56.0
44.0
62.0
59.0
48.0
51.0
72.0
50.0
63.0
64.0
45.0
63.0
63.0
49.0
53.0
79.0
65.0
51.0
42.0
44.0
54.0
62.0
45.0
58.0
55.0
49.0
47.0
67.0
59.0
51.0
54.0
63.0
57.0
71.0
54.0
61.0
48.0
48.0
57.0
54.0
55.0
60.0
74.0
51.0
70.0
59.0
63.0
51.0
57.0
54.0
60.0
52.0
46.0
55.0
56.0
52.0
64.0
57.0
54.0
45.0
59.0
66.0
45.0
44.0
64.0
63.0
54.0
WT 24
21.0
24.0
48.0
54.0
47.0
53.0
54.0
47.0
58.0
48.0
54.0
53.0
49.0
50.0
51.0
64.0
64.0
66.0
69.0
46.0
59.0
61.0
51.0
52.0
62.0
60.0
50.0
64.0
58.0
53.0
56.0
45.0
68.0
66.0
70.0
65.0
54.0
60.0
56.0
62.0
58.0
58.0
61.0
64.0
62.0
71.0
61.0
50.0
55.0
51.0
51.0
53.0
45.0
46.0
55.0
53.0
63.0
47.0
61.0
50.0
55.0
72.0
45.0
50.0
51.0
45.0
52.0
57.0
62.0
48.0
45.0
54.0
60.0
57.0
27.0
55.0
55.0
55.0
52.0
WT 25
19.0
28.0
36.0
49.0
57.0
47.0
48.0
45.0
60.0
60.0
50.0
64.0
55.0
49.0
59.0
61.0
57.0
54.0
59.0
57.0
55.0
53.0
53.0
54.0
58.0
52.0
54.0
74.0
68.0
49.0
58.0
46.0
58.0
60.0
56.0
68.0
51.0
62.0
54.0
53.0
60.0
51.0
49.0
59.0
59.0
69.0
67.0
60.0
53.0
53.0
41.0
48.0
54.0
69.0
52.0
42.0
60.0
56.0
63.0
58.0
55.0
51.0
49.0
57.0
51.0
66.0
61.0
56.0
72.0
51.0
42.0
50.0
51.0
62.0
47.0
53.0
48.0
64.0
63.0
WT 26
21.0
28.0
35.0
48.0
40.0
60.0
61.0
49.0
59.0
49.0
52.0
59.0
50.0
52.0
41.0
68.0
55.0
59.0
68.0
58.0
53.0
52.0
42.0
53.0
58.0
57.0
59.0
61.0
62.0
57.0
63.0
38.0
60.0
69.0
68.0
48.0
55.0
58.0
47.0
57.0
60.0
63.0
68.0
60.0
55.0
84.0
48.0
58.0
49.0
49.0
46.0
53.0
59.0
58.0
60.0
53.0
63.0
59.0
66.0
64.0
62.0
50.0
58.0
50.0
50.0
65.0
55.0
50.0
60.0
57.0
52.0
67.0
59.0
60.0
46.0
57.0
69.0
54.0
53.0
WT 27
23.0
27.0
49.0
56.0
42.0
60.0
52.0
42.0
52.0
61.0
61.0
59.0
50.0
57.0
58.0
67.0
61.0
60.0
67.0
58.0
54.0
52.0
49.0
62.0
51.0
58.0
59.0
67.0
64.0
59.0
57.0
43.0
49.0
59.0
58.0
62.0
57.0
62.0
46.0
61.0
55.0
62.0
61.0
61.0
62.0
71.0
63.0
60.0
50.0
57.0
58.0
61.0
57.0
55.0
52.0
54.0
64.0
64.0
62.0
61.0
68.0
48.0
52.0
57.0
54.0
56.0
50.0
65.0
50.0
62.0
58.0
61.0
72.0
59.0
44.0
50.0
63.0
50.0
64.0
WT 28
20.0
26.0
25.0
68.0
36.0
46.0
59.0
49.0
80.0
55.0
43.0
60.0
67.0
37.0
35.0
62.0
50.0
54.0
78.0
70.0
52.0
49.0
48.0
60.0
67.0
34.0
54.0
85.0
48.0
77.0
49.0
58.0
60.0
62.0
38.0
77.0
55.0
52.0
47.0
62.0
56.0
64.0
56.0
64.0
65.0
42.0
80.0
42.0
53.0
71.0
62.0
39.0
58.0
50.0
54.0
58.0
57.0
52.0
63.0
59.0
72.0
53.0
56.0
43.0
55.0
60.0
75.0
57.0
61.0
29.0
55.0
48.0
57.0
76.0
36.0
54.0
40.0
88.0
16.0
WT 29
14.0
18.0
54.0
32.0
49.0
61.0
60.0
53.0
43.0
61.0
81.0
52.0
31.0
46.0
68.0
59.0
60.0
61.0
59.0
44.0
54.0
67.0
46.0
53.0
44.0
74.0
61.0
40.0
87.0
59.0
55.0
52.0
55.0
55.0
71.0
33.0
59.0
80.0
48.0
55.0
64.0
56.0
58.0
48.0
56.0
95.0
29.0
91.0
42.0
40.0
56.0
66.0
49.0
46.0
66.0
47.0
61.0
68.0
59.0
58.0
52.0
59.0
55.0
72.0
53.0
63.0
29.0
65.0
53.0
74.0
55.0
45.0
55.0
44.0
42.0
44.0
82.0
27.0
90.0
WT 30
16.0
17.0
30.0
71.0
23.0
75.0
61.0
14.0
91.0
24.0
79.0
38.0
54.0
53.0
54.0
52.0
49.0
68.0
52.0
54.0
75.0
44.0
60.0
57.0
59.0
52.0
60.0
53.0
59.0
65.0
57.0
19.0
99.0
57.0
64.0
63.0
13.0
68.0
44.0
104.0
55.0
68.0
7.0
110.0
47.0
32.0
93.0
54.0
36.0
50.0
54.0
58.0
76.0
54.0
53.0
57.0
53.0
78.0
61.0
52.0
59.0
57.0
41.0
58.0
74.0
52.0
36.0
61.0
73.0
20.0
48.0
87.0
24.0
87.0
30.0
48.0
38.0
87.0
64.0
WT 31
21.0
26.0
38.0
15.0
86.0
22.0
57.0
78.0
19.0
82.0
29.0
87.0
50.0
22.0
47.0
66.0
66.0
50.0
63.0
61.0
47.0
69.0
47.0
61.0
60.0
56.0
49.0
64.0
60.0
44.0
52.0
77.0
21.0
69.0
54.0
58.0
96.0
65.0
52.0
17.0
54.0
58.0
122.0
4.0
55.0
102.0
24.0
65.0
86.0
55.0
55.0
48.0
37.0
55.0
74.0
53.0
75.0
39.0
63.0
61.0
57.0
54.0
67.0
70.0
21.0
55.0
73.0
41.0
51.0
81.0
49.0
12.0
105.0
16.0
39.0
50.0
82.0
37.0
61.0
WT 32
16.0
23.0
39.0
42.0
52.0
53.0
45.0
46.0
60.0
59.0
56.0
59.0
52.0
42.0
53.0
51.0
63.0
57.0
52.0
55.0
57.0
52.0
44.0
54.0
58.0
71.0
47.0
56.0
68.0
45.0
48.0
40.0
64.0
68.0
56.0
58.0
56.0
66.0
44.0
73.0
59.0
54.0
61.0
66.0
53.0
69.0
48.0
54.0
48.0
59.0
51.0
49.0
50.0
57.0
60.0
44.0
62.0
59.0
53.0
57.0
60.0
56.0
56.0
55.0
55.0
62.0
48.0
63.0
58.0
57.0
56.0
57.0
68.0
55.0
40.0
44.0
64.0
58.0
63.0
WT 33
22.0
22.0
64.0
52.0
43.0
61.0
55.0
44.0
62.0
57.0
60.0
52.0
55.0
36.0
48.0
74.0
60.0
66.0
52.0
65.0
58.0
56.0
55.0
60.0
57.0
44.0
58.0
55.0
61.0
64.0
62.0
37.0
69.0
55.0
49.0
55.0
58.0
56.0
50.0
74.0
70.0
69.0
55.0
65.0
53.0
58.0
66.0
73.0
48.0
55.0
67.0
63.0
56.0
67.0
61.0
55.0
59.0
53.0
58.0
59.0
56.0
54.0
50.0
64.0
48.0
52.0
45.0
59.0
64.0
53.0
57.0
51.0
53.0
62.0
38.0
58.0
65.0
55.0
57.0
WT 34
17.0
26.0
30.0
53.0
34.0
52.0
63.0
42.0
62.0
64.0
58.0
59.0
49.0
44.0
49.0
65.0
51.0
59.0
60.0
51.0
59.0
59.0
50.0
59.0
49.0
53.0
55.0
55.0
63.0
58.0
64.0
49.0
61.0
63.0
57.0
60.0
53.0
68.0
48.0
58.0
60.0
65.0
63.0
75.0
53.0
66.0
64.0
52.0
54.0
57.0
48.0
64.0
48.0
57.0
60.0
62.0
66.0
54.0
64.0
49.0
51.0
43.0
58.0
61.0
43.0
49.0
48.0
57.0
59.0
70.0
52.0
44.0
51.0
58.0
36.0
55.0
59.0
47.0
62.0
WT 35
23.0
22.0
35.0
50.0
48.0
57.0
57.0
54.0
62.0
56.0
47.0
64.0
55.0
43.0
50.0
70.0
60.0
63.0
52.0
62.0
70.0
49.0
52.0
58.0
58.0
53.0
55.0
53.0
56.0
62.0
70.0
44.0
61.0
56.0
56.0
61.0
50.0
63.0
51.0
61.0
58.0
61.0
60.0
55.0
63.0
65.0
59.0
63.0
62.0
63.0
56.0
61.0
50.0
70.0
70.0
49.0
52.0
60.0
53.0
60.0
50.0
51.0
54.0
66.0
60.0
55.0
55.0
53.0
64.0
55.0
59.0
56.0
54.0
81.0
51.0
54.0
63.0
59.0
48.0
WT 36
20.0
26.0
44.0
37.0
39.0
61.0
51.0
41.0
61.0
53.0
69.0
53.0
54.0
46.0
58.0
57.0
41.0
58.0
50.0
60.0
58.0
58.0
54.0
62.0
62.0
58.0
59.0
59.0
59.0
69.0
55.0
50.0
51.0
63.0
51.0
53.0
52.0
63.0
47.0
58.0
66.0
48.0
60.0
63.0
57.0
51.0
55.0
60.0
37.0
53.0
44.0
45.0
59.0
65.0
54.0
46.0
61.0
63.0
54.0
52.0
63.0
45.0
51.0
66.0
47.0
61.0
48.0
61.0
60.0
52.0
45.0
51.0
49.0
62.0
46.0
61.0
57.0
90.0
50.0
WT 37
17.0
39.0
44.0
47.0
54.0
49.0
56.0
56.0
53.0
67.0
54.0
60.0
52.0
43.0
49.0
58.0
62.0
63.0
55.0
48.0
59.0
60.0
48.0
52.0
71.0
62.0
55.0
65.0
68.0
51.0
50.0
60.0
66.0
62.0
52.0
59.0
52.0
59.0
49.0
59.0
60.0
54.0
61.0
69.0
67.0
60.0
60.0
56.0
52.0
52.0
50.0
55.0
56.0
58.0
59.0
48.0
68.0
60.0
69.0
63.0
58.0
47.0
53.0
59.0
50.0
59.0
54.0
65.0
59.0
53.0
48.0
47.0
56.0
64.0
40.0
60.0
56.0
81.0
56.0
WT 38
16.0
22.0
43.0
51.0
50.0
67.0
45.0
59.0
31.0
93.0
21.0
61.0
78.0
26.0
49.0
56.0
51.0
102.0
67.0
56.0
48.0
23.0
73.0
57.0
40.0
81.0
55.0
65.0
26.0
89.0
51.0
43.0
53.0
65.0
53.0
58.0
62.0
49.0
40.0
75.0
64.0
47.0
59.0
60.0
59.0
71.0
62.0
41.0
40.0
49.0
94.0
46.0
43.0
55.0
78.0
56.0
42.0
61.0
83.0
43.0
72.0
32.0
53.0
97.0
18.0
59.0
100.0
60.0
13.0
116.0
49.0
59.0
11.0
121.0
20.0
116.0
61.0
12.0
119.0
WT 39
13.0
23.0
56.0
49.0
33.0
66.0
57.0
40.0
81.0
29.0
86.0
55.0
26.0
66.0
61.0
67.0
56.0
14.0
59.0
55.0
62.0
85.0
24.0
55.0
92.0
29.0
51.0
59.0
92.0
32.0
49.0
54.0
64.0
67.0
53.0
77.0
40.0
66.0
45.0
45.0
62.0
74.0
54.0
60.0
49.0
72.0
57.0
76.0
48.0
56.0
18.0
59.0
87.0
53.0
40.0
51.0
88.0
55.0
50.0
71.0
44.0
72.0
56.0
41.0
104.0
61.0
7.0
50.0
105.0
6.0
48.0
62.0
122.0
12.0
107.0
15.0
56.0
122.0
4.0
WT 40
19.0
28.0
34.0
47.0
40.0
48.0
48.0
46.0
53.0
51.0
61.0
68.0
53.0
42.0
54.0
60.0
53.0
49.0
62.0
56.0
60.0
53.0
62.0
55.0
60.0
71.0
58.0
47.0
60.0
50.0
53.0
49.0
63.0
58.0
50.0
54.0
53.0
60.0
54.0
57.0
53.0
57.0
51.0
62.0
39.0
62.0
48.0
59.0
45.0
52.0
49.0
51.0
51.0
62.0
54.0
56.0
52.0
55.0
61.0
47.0
61.0
56.0
48.0
57.0
58.0
52.0
56.0
56.0
71.0
59.0
51.0
57.0
56.0
67.0
52.0
45.0
50.0
58.0
73.0
WT 41
25.0
39.0
55.0
50.0
45.0
66.0
52.0
36.0
68.0
64.0
58.0
60.0
45.0
41.0
49.0
67.0
55.0
66.0
52.0
43.0
53.0
60.0
51.0
57.0
61.0
49.0
55.0
58.0
53.0
61.0
58.0
68.0
64.0
68.0
56.0
58.0
54.0
62.0
36.0
65.0
54.0
51.0
54.0
59.0
55.0
58.0
59.0
62.0
46.0
55.0
49.0
65.0
60.0
59.0
49.0
47.0
58.0
53.0
65.0
52.0
48.0
52.0
56.0
62.0
49.0
61.0
49.0
51.0
68.0
52.0
57.0
52.0
57.0
62.0
44.0
59.0
65.0
56.0
47.0
WT 42
20.0
21.0
47.0
54.0
43.0
54.0
49.0
44.0
59.0
59.0
63.0
53.0
45.0
41.0
52.0
59.0
59.0
69.0
64.0
52.0
58.0
62.0
51.0
58.0
53.0
57.0
53.0
60.0
69.0
55.0
65.0
46.0
69.0
58.0
49.0
60.0
62.0
65.0
53.0
66.0
53.0
56.0
53.0
58.0
52.0
59.0
62.0
59.0
53.0
50.0
54.0
65.0
68.0
67.0
52.0
71.0
55.0
58.0
67.0
57.0
53.0
59.0
54.0
52.0
51.0
52.0
59.0
56.0
54.0
57.0
48.0
44.0
60.0
60.0
44.0
43.0
58.0
54.0
56.0
WT 43
18.0
21.0
36.0
44.0
37.0
51.0
60.0
50.0
45.0
52.0
47.0
47.0
43.0
44.0
56.0
71.0
50.0
54.0
56.0
48.0
54.0
43.0
45.0
63.0
58.0
55.0
64.0
59.0
70.0
53.0
46.0
45.0
67.0
64.0
53.0
62.0
67.0
59.0
45.0
58.0
61.0
49.0
63.0
67.0
52.0
57.0
59.0
62.0
46.0
53.0
52.0
50.0
52.0
54.0
48.0
43.0
63.0
57.0
59.0
53.0
62.0
58.0
49.0
59.0
53.0
58.0
59.0
57.0
66.0
55.0
59.0
57.0
65.0
63.0
41.0
55.0
52.0
64.0
66.0
WT 44
25.0
22.0
33.0
51.0
46.0
49.0
57.0
45.0
56.0
50.0
74.0
61.0
52.0
56.0
50.0
64.0
61.0
59.0
52.0
51.0
56.0
46.0
48.0
61.0
50.0
45.0
56.0
55.0
58.0
53.0
61.0
58.0
53.0
57.0
66.0
65.0
43.0
62.0
46.0
58.0
57.0
65.0
55.0
55.0
55.0
64.0
68.0
62.0
47.0
60.0
49.0
48.0
60.0
56.0
63.0
49.0
60.0
57.0
47.0
45.0
61.0
65.0
44.0
59.0
49.0
52.0
60.0
64.0
61.0
55.0
53.0
46.0
55.0
68.0
45.0
46.0
53.0
57.0
56.0
WT 45
20.0
31.0
36.0
51.0
43.0
68.0
56.0
40.0
59.0
51.0
54.0
52.0
48.0
47.0
68.0
56.0
51.0
55.0
59.0
56.0
48.0
52.0
51.0
45.0
65.0
52.0
50.0
51.0
60.0
66.0
61.0
61.0
65.0
63.0
53.0
60.0
59.0
62.0
46.0
76.0
64.0
65.0
59.0
57.0
52.0
61.0
53.0
53.0
52.0
45.0
53.0
48.0
54.0
64.0
52.0
64.0
61.0
67.0
50.0
43.0
58.0
56.0
51.0
47.0
49.0
60.0
59.0
56.0
49.0
56.0
53.0
51.0
56.0
61.0
46.0
49.0
66.0
74.0
70.0
WT 46
34.0
27.0
56.0
44.0
35.0
54.0
57.0
38.0
53.0
48.0
68.0
57.0
54.0
47.0
41.0
48.0
66.0
57.0
55.0
57.0
55.0
68.0
46.0
49.0
68.0
43.0
50.0
59.0
59.0
50.0
68.0
52.0
46.0
64.0
48.0
63.0
63.0
61.0
51.0
60.0
59.0
60.0
63.0
73.0
67.0
64.0
56.0
50.0
53.0
55.0
49.0
68.0
50.0
61.0
57.0
50.0
58.0
59.0
63.0
63.0
48.0
49.0
53.0
64.0
49.0
59.0
54.0
52.0
63.0
61.0
49.0
42.0
73.0
49.0
43.0
55.0
66.0
57.0
54.0
WT 47
16.0
22.0
42.0
44.0
38.0
63.0
48.0
53.0
57.0
56.0
62.0
56.0
54.0
42.0
55.0
52.0
48.0
64.0
63.0
56.0
68.0
51.0
56.0
57.0
65.0
62.0
54.0
59.0
65.0
56.0
56.0
56.0
48.0
51.0
57.0
64.0
51.0
58.0
50.0
79.0
67.0
57.0
58.0
58.0
67.0
57.0
54.0
52.0
49.0
55.0
58.0
57.0
62.0
56.0
81.0
50.0
67.0
54.0
69.0
69.0
58.0
58.0
58.0
63.0
56.0
66.0
49.0
45.0
66.0
58.0
43.0
51.0
50.0
61.0
37.0
41.0
49.0
63.0
57.0
WT 48
19.0
32.0
37.0
41.0
54.0
60.0
64.0
54.0
60.0
67.0
49.0
62.0
60.0
48.0
60.0
58.0
54.0
61.0
54.0
69.0
58.0
62.0
50.0
63.0
65.0
53.0
61.0
49.0
70.0
55.0
59.0
58.0
57.0
53.0
49.0
61.0
52.0
55.0
54.0
62.0
64.0
47.0
51.0
70.0
57.0
62.0
60.0
62.0
45.0
48.0
57.0
59.0
52.0
59.0
52.0
56.0
49.0
63.0
70.0
60.0
61.0
57.0
49.0
56.0
51.0
54.0
61.0
68.0
56.0
51.0
55.0
54.0
58.0
61.0
34.0
43.0
55.0
63.0
51.0
WT 49
21.0
23.0
35.0
48.0
69.0
62.0
50.0
47.0
50.0
57.0
48.0
65.0
59.0
43.0
59.0
55.0
56.0
63.0
53.0
50.0
63.0
57.0
63.0
54.0
68.0
55.0
57.0
65.0
61.0
53.0
47.0
55.0
56.0
61.0
60.0
52.0
53.0
50.0
52.0
59.0
64.0
53.0
56.0
63.0
63.0
64.0
67.0
54.0
51.0
57.0
48.0
56.0
49.0
66.0
53.0
45.0
59.0
62.0
65.0
52.0
54.0
46.0
57.0
59.0
54.0
69.0
62.0
59.0
57.0
62.0
62.0
54.0
65.0
65.0
43.0
60.0
65.0
74.0
53.0
WT 50
24.0
22.0
33.0
56.0
43.0
60.0
63.0
45.0
61.0
52.0
59.0
67.0
56.0
41.0
61.0
60.0
56.0
62.0
55.0
52.0
48.0
50.0
56.0
61.0
59.0
67.0
53.0
44.0
62.0
63.0
61.0
48.0
58.0
62.0
52.0
64.0
57.0
57.0
43.0
63.0
65.0
51.0
49.0
64.0
56.0
70.0
73.0
48.0
50.0
55.0
59.0
55.0
48.0
64.0
66.0
55.0
47.0
60.0
70.0
51.0
55.0
58.0
58.0
58.0
56.0
58.0
49.0
62.0
69.0
58.0
48.0
66.0
59.0
68.0
39.0
48.0
60.0
59.0
59.0
WT 51
14.0
24.0
48.0
49.0
40.0
54.0
54.0
48.0
62.0
59.0
59.0
57.0
50.0
48.0
53.0
64.0
54.0
58.0
58.0
59.0
59.0
54.0
40.0
60.0
64.0
48.0
52.0
57.0
68.0
63.0
47.0
48.0
58.0
62.0
54.0
58.0
51.0
62.0
46.0
68.0
71.0
62.0
63.0
55.0
63.0
63.0
48.0
56.0
47.0
66.0
56.0
55.0
55.0
57.0
55.0
64.0
62.0
56.0
60.0
54.0
53.0
55.0
54.0
51.0
56.0
67.0
57.0
70.0
62.0
53.0
53.0
34.0
52.0
53.0
35.0
50.0
51.0
84.0
51.0
WT 52
23.0
23.0
44.0
42.0
36.0
55.0
49.0
57.0
55.0
52.0
55.0
63.0
46.0
49.0
55.0
65.0
62.0
61.0
54.0
60.0
52.0
58.0
45.0
53.0
68.0
54.0
56.0
55.0
64.0
55.0
52.0
53.0
60.0
63.0
56.0
68.0
65.0
53.0
50.0
64.0
64.0
58.0
56.0
65.0
54.0
60.0
56.0
72.0
42.0
62.0
52.0
56.0
64.0
55.0
58.0
47.0
62.0
58.0
54.0
50.0
61.0
57.0
58.0
56.0
45.0
58.0
58.0
57.0
71.0
62.0
55.0
50.0
56.0
57.0
40.0
56.0
65.0
61.0
48.0
WT 53
20.0
21.0
36.0
42.0
41.0
58.0
51.0
48.0
73.0
72.0
67.0
53.0
58.0
45.0
51.0
60.0
51.0
49.0
54.0
50.0
63.0
54.0
42.0
58.0
61.0
58.0
48.0
54.0
67.0
60.0
68.0
43.0
50.0
63.0
64.0
54.0
59.0
68.0
43.0
53.0
53.0
65.0
61.0
54.0
55.0
72.0
62.0
62.0
52.0
58.0
55.0
63.0
63.0
58.0
60.0
59.0
56.0
57.0
62.0
57.0
60.0
62.0
57.0
58.0
44.0
51.0
48.0
68.0
60.0
57.0
49.0
60.0
59.0
86.0
43.0
60.0
60.0
64.0
64.0
WT 54
28.0
20.0
42.0
43.0
42.0
64.0
55.0
39.0
56.0
61.0
50.0
69.0
57.0
41.0
53.0
55.0
55.0
53.0
57.0
60.0
56.0
62.0
48.0
56.0
52.0
52.0
51.0
48.0
55.0
61.0
46.0
41.0
59.0
71.0
60.0
64.0
60.0
57.0
51.0
78.0
64.0
64.0
65.0
76.0
59.0
73.0
63.0
52.0
59.0
46.0
56.0
56.0
59.0
49.0
63.0
54.0
61.0
57.0
51.0
49.0
59.0
55.0
53.0
59.0
56.0
54.0
59.0
56.0
64.0
54.0
43.0
46.0
54.0
72.0
48.0
60.0
60.0
60.0
53.0
WT 55
13.0
33.0
34.0
43.0
59.0
36.0
54.0
51.0
80.0
17.0
104.0
10.0
100.0
45.0
12.0
98.0
18.0
60.0
62.0
52.0
59.0
58.0
63.0
47.0
67.0
48.0
57.0
45.0
69.0
63.0
65.0
31.0
84.0
67.0
63.0
22.0
42.0
96.0
19.0
58.0
55.0
54.0
66.0
109.0
54.0
52.0
20.0
106.0
56.0
51.0
5.0
122.0
49.0
57.0
4.0
109.0
56.0
63.0
29.0
93.0
21.0
80.0
50.0
63.0
48.0
35.0
50.0
68.0
54.0
48.0
51.0
55.0
82.0
52.0
29.0
73.0
42.0
58.0
62.0
WT 56
18.0
23.0
45.0
51.0
29.0
81.0
53.0
49.0
26.0
87.0
17.0
107.0
3.0
53.0
101.0
15.0
89.0
51.0
58.0
58.0
55.0
53.0
30.0
79.0
37.0
55.0
60.0
66.0
59.0
43.0
49.0
82.0
36.0
54.0
63.0
90.0
43.0
32.0
90.0
61.0
64.0
50.0
67.0
18.0
52.0
61.0
107.0
5.0
50.0
53.0
118.0
14.0
56.0
57.0
115.0
10.0
66.0
68.0
98.0
12.0
100.0
26.0
51.0
52.0
50.0
76.0
54.0
36.0
63.0
76.0
55.0
51.0
41.0
63.0
56.0
43.0
62.0
51.0
70.0
WT 57
19.0
23.0
57.0
40.0
34.0
60.0
50.0
50.0
61.0
57.0
56.0
58.0
59.0
50.0
62.0
68.0
55.0
63.0
56.0
59.0
70.0
53.0
48.0
56.0
53.0
67.0
53.0
58.0
68.0
59.0
57.0
48.0
65.0
61.0
46.0
60.0
53.0
60.0
49.0
60.0
60.0
66.0
49.0
67.0
57.0
57.0
60.0
62.0
51.0
47.0
54.0
49.0
52.0
59.0
63.0
54.0
70.0
51.0
56.0
47.0
58.0
53.0
55.0
56.0
50.0
48.0
68.0
54.0
61.0
60.0
52.0
43.0
58.0
63.0
40.0
61.0
67.0
62.0
60.0
WT 58
19.0
29.0
36.0
42.0
50.0
59.0
54.0
52.0
64.0
57.0
58.0
58.0
54.0
48.0
53.0
62.0
51.0
64.0
56.0
62.0
66.0
56.0
44.0
57.0
52.0
59.0
61.0
61.0
58.0
60.0
47.0
52.0
59.0
56.0
56.0
56.0
46.0
63.0
51.0
64.0
74.0
57.0
61.0
59.0
55.0
63.0
49.0
61.0
53.0
58.0
46.0
74.0
53.0
54.0
68.0
52.0
57.0
62.0
66.0
51.0
65.0
48.0
53.0
62.0
71.0
56.0
60.0
54.0
60.0
59.0
52.0
52.0
56.0
54.0
44.0
52.0
71.0
49.0
57.0
WT 59
20.0
39.0
17.0
70.0
21.0
60.0
54.0
45.0
83.0
36.0
74.0
46.0
44.0
51.0
48.0
64.0
39.0
73.0
72.0
57.0
52.0
59.0
49.0
68.0
65.0
58.0
54.0
48.0
65.0
57.0
60.0
68.0
34.0
93.0
19.0
105.0
23.0
85.0
28.0
90.0
31.0
87.0
60.0
28.0
99.0
62.0
58.0
55.0
58.0
60.0
26.0
53.0
96.0
20.0
107.0
57.0
64.0
56.0
14.0
95.0
48.0
32.0
82.0
55.0
14.0
95.0
58.0
42.0
85.0
53.0
27.0
43.0
98.0
49.0
45.0
26.0
66.0
61.0
66.0
WT 60
16.0
31.0
44.0
34.0
63.0
62.0
55.0
42.0
39.0
80.0
32.0
59.0
53.0
44.0
51.0
58.0
55.0
65.0
62.0
54.0
66.0
60.0
54.0
58.0
59.0
61.0
48.0
69.0
62.0
65.0
52.0
40.0
84.0
30.0
92.0
29.0
85.0
40.0
75.0
36.0
87.0
32.0
60.0
98.0
10.0
65.0
59.0
66.0
56.0
59.0
96.0
58.0
17.0
101.0
19.0
49.0
65.0
62.0
103.0
23.0
52.0
85.0
27.0
50.0
78.0
26.0
56.0
98.0
40.0
62.0
73.0
51.0
29.0
66.0
42.0
69.0
52.0
53.0
56.0
WT 61
17.0
23.0
40.0
52.0
43.0
65.0
50.0
51.0
60.0
67.0
59.0
54.0
59.0
40.0
52.0
61.0
52.0
53.0
42.0
54.0
54.0
66.0
43.0
55.0
57.0
59.0
46.0
56.0
55.0
59.0
61.0
53.0
64.0
54.0
55.0
54.0
52.0
60.0
44.0
54.0
60.0
51.0
61.0
71.0
49.0
63.0
55.0
58.0
52.0
71.0
54.0
51.0
54.0
54.0
54.0
50.0
59.0
66.0
74.0
45.0
54.0
49.0
53.0
59.0
59.0
66.0
64.0
50.0
69.0
70.0
48.0
55.0
60.0
58.0
44.0
57.0
60.0
66.0
62.0
WT 62
18.0
34.0
48.0
48.0
59.0
55.0
54.0
35.0
60.0
51.0
50.0
61.0
63.0
51.0
58.0
58.0
54.0
65.0
66.0
55.0
74.0
64.0
56.0
51.0
54.0
50.0
56.0
73.0
68.0
48.0
47.0
48.0
60.0
69.0
61.0
50.0
57.0
63.0
52.0
54.0
57.0
47.0
62.0
71.0
56.0
66.0
65.0
46.0
55.0
65.0
65.0
51.0
55.0
52.0
54.0
56.0
68.0
56.0
59.0
52.0
54.0
54.0
58.0
62.0
51.0
64.0
49.0
60.0
58.0
59.0
48.0
50.0
67.0
59.0
50.0
42.0
57.0
64.0
56.0
WT 63
19.0
25.0
57.0
50.0
45.0
54.0
59.0
42.0
59.0
62.0
41.0
57.0
60.0
39.0
63.0
45.0
45.0
53.0
63.0
66.0
56.0
59.0
51.0
68.0
62.0
54.0
57.0
58.0
67.0
53.0
44.0
45.0
55.0
57.0
57.0
56.0
54.0
53.0
54.0
60.0
59.0
61.0
65.0
65.0
66.0
74.0
51.0
58.0
45.0
55.0
52.0
58.0
53.0
56.0
56.0
61.0
55.0
58.0
49.0
58.0
64.0
62.0
57.0
66.0
50.0
50.0
56.0
70.0
53.0
52.0
60.0
51.0
58.0
66.0
51.0
60.0
67.0
57.0
52.0
