WT 0
46.0
64.0
90.0
108.0
95.0
187.0
125.0
72.0
165.0
135.0
127.0
103.0
78.0
197.0
84.0
128.0
147.0
108.0
132.0
123.0
168.0
135.0
113.0
114.0
154.0
141.0
98.0
120.0
108.0
162.0
83.0
207.0
131.0
94.0
143.0
48.0
181.0
142.0
29.0
209.0
102.0
78.0
169.0
151.0
127.0
106.0
54.0
233.0
121.0
36.0
232.0
32.0
160.0
63.0
126.0
119.0
127.0
155.0
299.0
7.0
207.0
34.0
265.0
124.0
42.0
62.0
189.0
74.0
174.0
199.0
61.0
87.0
163.0
104.0
150.0
96.0
143.0
107.0
123.0
WT 1
37.0
81.0
73.0
106.0
127.0
114.0
87.0
127.0
140.0
177.0
96.0
114.0
129.0
138.0
125.0
122.0
138.0
132.0
123.0
146.0
178.0
94.0
125.0
129.0
119.0
125.0
118.0
150.0
118.0
111.0
189.0
54.0
158.0
175.0
91.0
127.0
72.0
111.0
175.0
64.0
148.0
138.0
85.0
183.0
50.0
228.0
132.0
35.0
129.0
232.0
83.0
182.0
111.0
114.0
95.0
182.0
85.0
145.0
64.0
199.0
208.0
122.0
48.0
52.0
246.0
61.0
185.0
54.0
192.0
82.0
97.0
101.0
160.0
101.0
135.0
123.0
115.0
141.0
125.0
WT 2
31.0
77.0
70.0
98.0
105.0
129.0
158.0
167.0
85.0
117.0
165.0
62.0
181.0
100.0
171.0
114.0
97.0
156.0
135.0
147.0
111.0
161.0
121.0
118.0
93.0
136.0
160.0
140.0
122.0
150.0
63.0
143.0
94.0
109.0
114.0
232.0
115.0
85.0
142.0
96.0
152.0
108.0
127.0
51.0
182.0
53.0
221.0
121.0
120.0
128.0
73.0
168.0
73.0
174.0
183.0
94.0
193.0
156.0
58.0
203.0
3.0
189.0
36.0
192.0
63.0
243.0
16.0
218.0
50.0
150.0
184.0
74.0
79.0
173.0
116.0
127.0
113.0
89.0
110.0
WT 3
59.0
65.0
89.0
101.0
106.0
127.0
125.0
119.0
128.0
141.0
135.0
83.0
116.0
148.0
137.0
120.0
112.0
126.0
129.0
147.0
154.0
133.0
117.0
114.0
126.0
119.0
120.0
141.0
116.0
135.0
122.0
106.0
127.0
121.0
118.0
141.0
114.0
116.0
139.0
134.0
128.0
120.0
124.0
125.0
107.0
125.0
144.0
110.0
131.0
121.0
122.0
150.0
141.0
137.0
129.0
124.0
136.0
158.0
129.0
114.0
114.0
120.0
115.0
134.0
128.0
130.0
140.0
100.0
157.0
138.0
115.0
103.0
146.0
122.0
119.0
110.0
117.0
111.0
124.0
WT 4
47.0
59.0
89.0
108.0
115.0
127.0
121.0
139.0
137.0
149.0
146.0
98.0
107.0
147.0
144.0
118.0
138.0
130.0
124.0
146.0
167.0
131.0
120.0
120.0
120.0
140.0
138.0
148.0
123.0
134.0
115.0
121.0
139.0
138.0
118.0
144.0
129.0
99.0
119.0
123.0
128.0
122.0
115.0
131.0
109.0
127.0
140.0
122.0
134.0
126.0
137.0
119.0
115.0
124.0
134.0
135.0
130.0
151.0
151.0
133.0
125.0
119.0
116.0
127.0
121.0
128.0
132.0
109.0
134.0
146.0
112.0
101.0
143.0
134.0
114.0
101.0
149.0
108.0
127.0
WT 5
49.0
62.0
77.0
120.0
116.0
130.0
113.0
107.0
134.0
132.0
129.0
82.0
113.0
146.0
133.0
112.0
114.0
121.0
151.0
139.0
153.0
123.0
128.0
109.0
119.0
137.0
130.0
127.0
122.0
136.0
100.0
128.0
137.0
125.0
124.0
141.0
128.0
100.0
114.0
118.0
127.0
104.0
120.0
133.0
118.0
112.0
146.0
120.0
127.0
126.0
111.0
129.0
108.0
132.0
115.0
116.0
149.0
146.0
124.0
119.0
126.0
121.0
112.0
118.0
116.0
121.0
134.0
114.0
143.0
152.0
114.0
93.0
150.0
137.0
146.0
115.0
129.0
111.0
131.0
WT 6
37.0
68.0
92.0
84.0
118.0
166.0
130.0
112.0
135.0
164.0
135.0
86.0
132.0
143.0
129.0
136.0
126.0
104.0
146.0
117.0
169.0
128.0
117.0
117.0
147.0
105.0
133.0
157.0
110.0
124.0
111.0
136.0
131.0
115.0
128.0
135.0
122.0
90.0
154.0
91.0
139.0
107.0
134.0
122.0
107.0
129.0
145.0
133.0
127.0
132.0
123.0
133.0
102.0
148.0
104.0
121.0
176.0
129.0
108.0
156.0
140.0
117.0
111.0
92.0
143.0
116.0
150.0
121.0
128.0
119.0
130.0
110.0
137.0
128.0
135.0
114.0
110.0
103.0
99.0
WT 7
38.0
72.0
75.0
120.0
110.0
134.0
127.0
147.0
150.0
115.0
149.0
83.0
126.0
157.0
135.0
106.0
130.0
145.0
106.0
149.0
140.0
137.0
130.0
128.0
105.0
136.0
117.0
132.0
126.0
133.0
124.0
136.0
116.0
110.0
121.0
140.0
128.0
125.0
91.0
162.0
121.0
103.0
131.0
129.0
121.0
137.0
125.0
120.0
131.0
116.0
123.0
122.0
135.0
120.0
139.0
145.0
89.0
150.0
160.0
97.0
128.0
127.0
116.0
149.0
80.0
123.0
133.0
123.0
145.0
168.0
107.0
94.0
153.0
125.0
135.0
103.0
124.0
86.0
137.0
WT 8
39.0
59.0
79.0
104.0
105.0
138.0
119.0
119.0
130.0
143.0
146.0
93.0
135.0
135.0
136.0
122.0
123.0
140.0
130.0
138.0
155.0
126.0
128.0
130.0
124.0
142.0
130.0
138.0
125.0
134.0
137.0
119.0
119.0
130.0
118.0
127.0
114.0
105.0
119.0
124.0
114.0
101.0
128.0
120.0
121.0
135.0
131.0
117.0
135.0
120.0
120.0
135.0
115.0
121.0
115.0
147.0
144.0
146.0
127.0
139.0
148.0
128.0
106.0
111.0
116.0
117.0
126.0
110.0
145.0
157.0
120.0
83.0
133.0
126.0
118.0
114.0
108.0
115.0
113.0
WT 9
38.0
78.0
88.0
108.0
113.0
119.0
111.0
116.0
129.0
148.0
139.0
85.0
132.0
167.0
135.0
116.0
106.0
130.0
130.0
146.0
153.0
123.0
118.0
127.0
125.0
137.0
133.0
134.0
125.0
130.0
119.0
138.0
137.0
126.0
127.0
131.0
119.0
98.0
101.0
106.0
137.0
127.0
118.0
140.0
121.0
132.0
145.0
116.0
130.0
119.0
126.0
125.0
132.0
137.0
132.0
111.0
110.0
158.0
134.0
110.0
137.0
123.0
127.0
125.0
117.0
129.0
136.0
105.0
134.0
134.0
109.0
82.0
145.0
128.0
137.0
106.0
129.0
106.0
103.0
WT 10
37.0
82.0
80.0
103.0
106.0
128.0
134.0
122.0
137.0
132.0
138.0
80.0
124.0
136.0
139.0
128.0
111.0
127.0
138.0
155.0
153.0
123.0
127.0
118.0
127.0
138.0
132.0
149.0
119.0
140.0
118.0
131.0
131.0
138.0
119.0
132.0
129.0
114.0
133.0
114.0
120.0
116.0
122.0
117.0
107.0
112.0
138.0
136.0
124.0
129.0
119.0
128.0
128.0
122.0
126.0
134.0
121.0
140.0
131.0
113.0
142.0
133.0
123.0
109.0
104.0
111.0
130.0
123.0
129.0
118.0
113.0
97.0
141.0
131.0
124.0
111.0
117.0
112.0
99.0
WT 11
44.0
61.0
81.0
111.0
105.0
133.0
121.0
127.0
129.0
156.0
138.0
88.0
109.0
139.0
139.0
125.0
139.0
126.0
133.0
131.0
161.0
129.0
114.0
118.0
135.0
108.0
114.0
149.0
117.0
122.0
110.0
131.0
128.0
130.0
97.0
144.0
119.0
115.0
119.0
113.0
126.0
112.0
138.0
123.0
123.0
116.0
142.0
104.0
129.0
144.0
141.0
129.0
133.0
128.0
130.0
132.0
130.0
158.0
133.0
125.0
146.0
126.0
122.0
107.0
122.0
115.0
124.0
120.0
119.0
139.0
121.0
95.0
133.0
131.0
127.0
113.0
121.0
123.0
121.0
WT 12
48.0
59.0
100.0
97.0
100.0
159.0
91.0
174.0
135.0
69.0
137.0
167.0
44.0
231.0
137.0
103.0
77.0
141.0
159.0
126.0
153.0
139.0
121.0
106.0
128.0
132.0
132.0
143.0
103.0
157.0
106.0
119.0
147.0
119.0
124.0
120.0
142.0
88.0
138.0
135.0
77.0
106.0
191.0
44.0
115.0
130.0
140.0
125.0
118.0
180.0
68.0
115.0
169.0
127.0
91.0
162.0
118.0
155.0
137.0
126.0
134.0
119.0
133.0
80.0
107.0
182.0
90.0
155.0
144.0
69.0
183.0
107.0
142.0
65.0
125.0
109.0
200.0
28.0
189.0
WT 13
38.0
79.0
77.0
101.0
115.0
117.0
170.0
75.0
120.0
223.0
134.0
16.0
199.0
73.0
139.0
134.0
162.0
127.0
106.0
163.0
151.0
124.0
125.0
128.0
120.0
126.0
113.0
149.0
131.0
113.0
133.0
129.0
111.0
138.0
112.0
137.0
116.0
125.0
96.0
119.0
166.0
115.0
66.0
181.0
122.0
118.0
137.0
112.0
128.0
62.0
174.0
125.0
70.0
130.0
165.0
115.0
142.0
154.0
131.0
123.0
140.0
121.0
90.0
158.0
119.0
77.0
172.0
70.0
142.0
215.0
21.0
118.0
138.0
189.0
149.0
115.0
24.0
190.0
51.0
WT 14
50.0
87.0
80.0
95.0
117.0
130.0
118.0
119.0
132.0
145.0
130.0
96.0
139.0
144.0
148.0
123.0
117.0
126.0
116.0
136.0
150.0
123.0
115.0
116.0
127.0
137.0
129.0
135.0
114.0
125.0
124.0
124.0
125.0
129.0
122.0
132.0
118.0
104.0
121.0
127.0
132.0
118.0
137.0
122.0
110.0
134.0
123.0
122.0
134.0
132.0
124.0
150.0
130.0
126.0
131.0
129.0
119.0
162.0
140.0
125.0
132.0
117.0
115.0
110.0
106.0
119.0
150.0
117.0
146.0
135.0
117.0
83.0
138.0
122.0
130.0
117.0
129.0
121.0
123.0
WT 15
32.0
79.0
86.0
95.0
105.0
129.0
123.0
109.0
135.0
137.0
142.0
90.0
140.0
153.0
135.0
117.0
128.0
119.0
145.0
138.0
147.0
142.0
127.0
117.0
132.0
135.0
123.0
144.0
135.0
141.0
113.0
129.0
137.0
128.0
118.0
132.0
126.0
107.0
118.0
121.0
126.0
114.0
132.0
123.0
108.0
123.0
142.0
122.0
119.0
119.0
129.0
137.0
117.0
129.0
132.0
121.0
133.0
151.0
131.0
129.0
126.0
125.0
118.0
110.0
111.0
127.0
124.0
130.0
141.0
157.0
114.0
88.0
129.0
132.0
134.0
106.0
124.0
103.0
120.0
WT 16
41.0
103.0
86.0
100.0
104.0
126.0
121.0
117.0
137.0
143.0
151.0
98.0
146.0
139.0
123.0
110.0
130.0
139.0
130.0
149.0
143.0
121.0
125.0
109.0
124.0
131.0
144.0
142.0
125.0
123.0
114.0
112.0
124.0
133.0
109.0
131.0
127.0
117.0
104.0
121.0
127.0
119.0
121.0
118.0
127.0
158.0
138.0
140.0
128.0
137.0
132.0
120.0
125.0
120.0
122.0
115.0
117.0
129.0
135.0
126.0
139.0
124.0
113.0
119.0
103.0
116.0
120.0
119.0
141.0
148.0
120.0
83.0
138.0
132.0
133.0
110.0
103.0
117.0
135.0
WT 17
47.0
63.0
81.0
108.0
103.0
125.0
133.0
97.0
120.0
198.0
75.0
135.0
126.0
107.0
140.0
169.0
71.0
172.0
143.0
66.0
166.0
181.0
119.0
59.0
121.0
215.0
118.0
134.0
130.0
58.0
99.0
129.0
217.0
26.0
195.0
51.0
202.0
110.0
121.0
58.0
179.0
117.0
86.0
154.0
130.0
106.0
133.0
107.0
153.0
84.0
119.0
152.0
96.0
122.0
162.0
126.0
72.0
147.0
141.0
134.0
135.0
210.0
124.0
125.0
99.0
53.0
129.0
202.0
61.0
153.0
108.0
88.0
144.0
128.0
110.0
112.0
213.0
18.0
210.0
WT 18
43.0
72.0
95.0
88.0
115.0
133.0
99.0
136.0
138.0
92.0
196.0
29.0
118.0
212.0
145.0
73.0
160.0
69.0
125.0
224.0
146.0
49.0
130.0
197.0
123.0
47.0
130.0
139.0
111.0
214.0
109.0
129.0
43.0
208.0
28.0
214.0
45.0
112.0
117.0
182.0
65.0
134.0
175.0
87.0
121.0
120.0
142.0
141.0
96.0
161.0
111.0
100.0
142.0
131.0
80.0
121.0
202.0
156.0
132.0
132.0
151.0
28.0
117.0
127.0
117.0
200.0
134.0
48.0
215.0
122.0
115.0
89.0
146.0
134.0
124.0
119.0
34.0
207.0
18.0
WT 19
36.0
66.0
82.0
106.0
131.0
131.0
115.0
119.0
129.0
144.0
139.0
97.0
111.0
132.0
142.0
108.0
125.0
128.0
134.0
147.0
148.0
115.0
117.0
127.0
115.0
128.0
129.0
146.0
107.0
118.0
107.0
133.0
120.0
137.0
123.0
123.0
130.0
94.0
109.0
114.0
129.0
135.0
131.0
120.0
123.0
127.0
140.0
118.0
135.0
147.0
124.0
119.0
131.0
117.0
133.0
122.0
137.0
150.0
126.0
124.0
127.0
125.0
115.0
128.0
124.0
125.0
130.0
114.0
130.0
146.0
114.0
81.0
134.0
130.0
126.0
109.0
117.0
96.0
115.0
WT 20
36.0
75.0
95.0
112.0
107.0
138.0
111.0
124.0
134.0
137.0
134.0
85.0
140.0
149.0
126.0
122.0
126.0
129.0
132.0
137.0
141.0
121.0
132.0
116.0
120.0
113.0
140.0
139.0
113.0
140.0
122.0
126.0
116.0
127.0
112.0
149.0
112.0
109.0
118.0
114.0
135.0
112.0
136.0
131.0
114.0
133.0
136.0
137.0
121.0
140.0
131.0
119.0
126.0
135.0
140.0
118.0
137.0
154.0
138.0
114.0
135.0
121.0
121.0
120.0
100.0
138.0
135.0
129.0
156.0
155.0
98.0
94.0
137.0
134.0
128.0
103.0
121.0
108.0
126.0
WT 21
41.0
85.0
75.0
94.0
100.0
155.0
106.0
136.0
132.0
148.0
144.0
83.0
125.0
138.0
134.0
143.0
111.0
126.0
136.0
142.0
144.0
147.0
102.0
118.0
173.0
130.0
121.0
139.0
114.0
127.0
115.0
137.0
120.0
105.0
140.0
106.0
135.0
105.0
132.0
119.0
125.0
109.0
126.0
131.0
111.0
122.0
131.0
150.0
133.0
130.0
128.0
106.0
130.0
126.0
134.0
130.0
116.0
141.0
138.0
165.0
140.0
141.0
60.0
183.0
53.0
132.0
171.0
114.0
92.0
142.0
143.0
67.0
149.0
129.0
115.0
111.0
146.0
105.0
105.0
WT 22
45.0
76.0
84.0
95.0
112.0
119.0
126.0
133.0
136.0
148.0
135.0
98.0
109.0
164.0
132.0
117.0
135.0
119.0
135.0
139.0
156.0
123.0
127.0
142.0
98.0
125.0
136.0
147.0
118.0
136.0
118.0
127.0
126.0
135.0
86.0
162.0
123.0
107.0
107.0
123.0
123.0
135.0
134.0
117.0
120.0
120.0
133.0
98.0
128.0
137.0
124.0
147.0
122.0
131.0
128.0
127.0
143.0
140.0
150.0
93.0
130.0
131.0
168.0
58.0
188.0
122.0
84.0
111.0
170.0
135.0
87.0
126.0
141.0
132.0
120.0
109.0
94.0
109.0
135.0
WT 23
34.0
63.0
79.0
109.0
94.0
147.0
127.0
136.0
134.0
143.0
120.0
91.0
130.0
147.0
129.0
118.0
133.0
134.0
139.0
140.0
161.0
135.0
132.0
133.0
133.0
143.0
142.0
146.0
126.0
137.0
118.0
140.0
141.0
135.0
104.0
137.0
129.0
105.0
122.0
120.0
126.0
110.0
134.0
116.0
127.0
140.0
154.0
112.0
140.0
128.0
132.0
135.0
125.0
122.0
125.0
125.0
120.0
129.0
150.0
129.0
140.0
123.0
120.0
121.0
132.0
136.0
131.0
114.0
142.0
149.0
103.0
95.0
155.0
131.0
144.0
118.0
110.0
106.0
110.0
WT 24
45.0
85.0
87.0
103.0
103.0
122.0
121.0
125.0
128.0
137.0
136.0
80.0
126.0
142.0
136.0
119.0
123.0
137.0
128.0
146.0
161.0
135.0
141.0
119.0
119.0
134.0
129.0
139.0
116.0
149.0
133.0
134.0
116.0
119.0
116.0
148.0
138.0
110.0
121.0
111.0
143.0
126.0
130.0
126.0
137.0
124.0
134.0
110.0
120.0
142.0
131.0
121.0
124.0
121.0
114.0
125.0
126.0
151.0
141.0
139.0
140.0
124.0
117.0
125.0
116.0
140.0
141.0
106.0
148.0
145.0
114.0
98.0
150.0
125.0
118.0
117.0
128.0
110.0
109.0
WT 25
34.0
71.0
81.0
114.0
106.0
121.0
123.0
119.0
134.0
150.0
141.0
101.0
109.0
142.0
140.0
120.0
117.0
129.0
112.0
145.0
149.0
127.0
128.0
124.0
140.0
155.0
128.0
140.0
107.0
137.0
108.0
137.0
133.0
119.0
103.0
120.0
134.0
116.0
112.0
124.0
129.0
110.0
132.0
139.0
117.0
132.0
129.0
120.0
123.0
133.0
131.0
135.0
116.0
123.0
127.0
130.0
128.0
138.0
134.0
130.0
129.0
115.0
119.0
131.0
122.0
138.0
121.0
118.0
135.0
142.0
105.0
104.0
126.0
128.0
134.0
105.0
115.0
122.0
117.0
WT 26
43.0
59.0
81.0
94.0
101.0
120.0
130.0
120.0
126.0
137.0
141.0
86.0
118.0
155.0
154.0
132.0
126.0
115.0
125.0
141.0
168.0
122.0
115.0
138.0
134.0
120.0
120.0
131.0
108.0
138.0
122.0
139.0
126.0
118.0
121.0
141.0
110.0
103.0
118.0
123.0
117.0
128.0
152.0
117.0
124.0
131.0
130.0
118.0
122.0
138.0
133.0
128.0
112.0
137.0
123.0
129.0
136.0
151.0
143.0
130.0
127.0
134.0
105.0
108.0
93.0
126.0
125.0
107.0
138.0
134.0
112.0
102.0
137.0
142.0
106.0
108.0
128.0
123.0
125.0
WT 27
43.0
77.0
80.0
102.0
116.0
117.0
154.0
124.0
120.0
155.0
139.0
92.0
130.0
164.0
155.0
116.0
106.0
132.0
122.0
135.0
147.0
156.0
101.0
141.0
114.0
125.0
123.0
165.0
78.0
179.0
129.0
75.0
138.0
133.0
125.0
153.0
116.0
157.0
49.0
113.0
205.0
118.0
122.0
43.0
118.0
131.0
202.0
34.0
238.0
134.0
2.0
251.0
5.0
247.0
15.0
266.0
15.0
146.0
143.0
254.0
10.0
123.0
243.0
123.0
23.0
266.0
6.0
248.0
4.0
271.0
103.0
72.0
142.0
308.0
128.0
62.0
115.0
304.0
82.0
WT 28
37.0
74.0
76.0
106.0
116.0
166.0
82.0
137.0
148.0
140.0
148.0
89.0
127.0
157.0
129.0
118.0
161.0
101.0
139.0
149.0
156.0
99.0
145.0
109.0
141.0
136.0
134.0
107.0
133.0
115.0
115.0
179.0
137.0
117.0
122.0
135.0
131.0
63.0
165.0
134.0
40.0
122.0
124.0
205.0
120.0
123.0
33.0
230.0
11.0
138.0
258.0
4.0
244.0
2.0
255.0
8.0
251.0
148.0
136.0
2.0
244.0
136.0
4.0
123.0
258.0
25.0
265.0
31.0
278.0
8.0
89.0
254.0
143.0
29.0
112.0
304.0
116.0
78.0
316.0
WT 29
44.0
71.0
88.0
130.0
109.0
133.0
112.0
117.0
130.0
134.0
140.0
91.0
123.0
149.0
137.0
125.0
133.0
105.0
126.0
141.0
154.0
127.0
116.0
113.0
133.0
132.0
137.0
131.0
121.0
125.0
117.0
110.0
139.0
127.0
115.0
137.0
130.0
107.0
121.0
134.0
125.0
112.0
124.0
127.0
126.0
126.0
146.0
125.0
127.0
139.0
130.0
116.0
126.0
127.0
141.0
119.0
124.0
163.0
147.0
122.0
128.0
128.0
124.0
123.0
120.0
127.0
137.0
127.0
132.0
131.0
119.0
103.0
144.0
139.0
124.0
118.0
107.0
108.0
126.0
WT 30
37.0
90.0
67.0
92.0
120.0
111.0
122.0
134.0
135.0
136.0
141.0
87.0
124.0
162.0
133.0
114.0
129.0
167.0
98.0
181.0
155.0
73.0
177.0
112.0
143.0
61.0
138.0
203.0
120.0
104.0
109.0
131.0
159.0
131.0
118.0
105.0
194.0
100.0
103.0
72.0
201.0
121.0
128.0
128.0
12.0
129.0
247.0
142.0
9.0
261.0
18.0
115.0
291.0
117.0
40.0
113.0
132.0
313.0
130.0
122.0
11.0
257.0
113.0
8.0
260.0
124.0
129.0
121.0
134.0
130.0
16.0
222.0
5.0
128.0
141.0
202.0
113.0
100.0
115.0
WT 31
42.0
62.0
83.0
112.0
91.0
157.0
117.0
117.0
125.0
135.0
139.0
99.0
123.0
150.0
132.0
137.0
132.0
109.0
177.0
91.0
154.0
173.0
80.0
105.0
126.0
203.0
123.0
94.0
131.0
179.0
120.0
125.0
87.0
112.0
125.0
210.0
59.0
134.0
113.0
173.0
52.0
121.0
120.0
122.0
209.0
121.0
36.0
125.0
265.0
10.0
273.0
118.0
43.0
133.0
275.0
132.0
135.0
29.0
144.0
127.0
271.0
12.0
112.0
259.0
24.0
125.0
155.0
107.0
143.0
141.0
229.0
31.0
254.0
124.0
115.0
16.0
137.0
107.0
120.0
