WT 0
75.0
111.0
101.0
247.0
174.0
187.0
196.0
210.0
222.0
136.0
252.0
271.0
255.0
210.0
208.0
205.0
237.0
143.0
250.0
211.0
238.0
232.0
338.0
229.0
99.0
222.0
230.0
244.0
248.0
261.0
199.0
259.0
230.0
302.0
152.0
252.0
245.0
233.0
209.0
217.0
265.0
150.0
286.0
245.0
140.0
324.0
210.0
161.0
178.0
217.0
242.0
225.0
196.0
241.0
216.0
224.0
185.0
230.0
349.0
231.0
198.0
81.0
362.0
91.0
254.0
347.0
214.0
240.0
190.0
208.0
229.0
146.0
292.0
169.0
170.0
220.0
272.0
190.0
144.0
224.0
WT 1
73.0
116.0
129.0
184.0
189.0
240.0
193.0
204.0
139.0
247.0
265.0
158.0
217.0
233.0
191.0
202.0
232.0
337.0
273.0
194.0
216.0
228.0
137.0
232.0
329.0
224.0
203.0
220.0
195.0
211.0
272.0
202.0
267.0
219.0
256.0
207.0
241.0
265.0
208.0
244.0
147.0
262.0
207.0
217.0
285.0
155.0
238.0
260.0
173.0
185.0
231.0
223.0
187.0
266.0
265.0
266.0
231.0
194.0
124.0
209.0
212.0
345.0
84.0
377.0
245.0
64.0
221.0
241.0
195.0
237.0
284.0
255.0
155.0
311.0
202.0
199.0
118.0
201.0
271.0
267.0
WT 2
61.0
115.0
123.0
221.0
183.0
259.0
214.0
189.0
179.0
206.0
256.0
219.0
179.0
226.0
213.0
162.0
228.0
224.0
226.0
259.0
230.0
225.0
258.0
204.0
215.0
204.0
241.0
228.0
212.0
273.0
274.0
208.0
246.0
221.0
228.0
225.0
248.0
226.0
242.0
242.0
221.0
207.0
211.0
242.0
213.0
269.0
266.0
196.0
177.0
226.0
212.0
204.0
228.0
214.0
240.0
214.0
226.0
199.0
253.0
253.0
200.0
238.0
229.0
224.0
261.0
189.0
232.0
274.0
201.0
222.0
254.0
198.0
244.0
246.0
188.0
189.0
217.0
211.0
234.0
238.0
WT 3
69.0
116.0
101.0
220.0
205.0
238.0
210.0
229.0
180.0
200.0
280.0
217.0
183.0
206.0
164.0
203.0
223.0
260.0
200.0
223.0
255.0
212.0
261.0
210.0
240.0
232.0
252.0
249.0
246.0
226.0
199.0
192.0
240.0
218.0
231.0
240.0
272.0
253.0
222.0
203.0
212.0
190.0
227.0
200.0
217.0
248.0
243.0
231.0
155.0
231.0
224.0
245.0
222.0
242.0
238.0
273.0
238.0
185.0
187.0
268.0
209.0
235.0
235.0
261.0
234.0
196.0
232.0
232.0
199.0
225.0
234.0
213.0
237.0
214.0
182.0
231.0
234.0
215.0
203.0
249.0
WT 4
62.0
109.0
106.0
196.0
204.0
205.0
201.0
244.0
172.0
196.0
251.0
205.0
206.0
245.0
230.0
186.0
197.0
242.0
195.0
233.0
214.0
210.0
218.0
220.0
211.0
191.0
251.0
233.0
201.0
222.0
254.0
194.0
254.0
251.0
227.0
218.0
238.0
256.0
252.0
244.0
180.0
236.0
243.0
212.0
252.0
252.0
233.0
199.0
192.0
199.0
244.0
229.0
206.0
252.0
215.0
250.0
233.0
195.0
203.0
209.0
252.0
232.0
213.0
241.0
264.0
238.0
213.0
262.0
224.0
256.0
290.0
212.0
201.0
238.0
189.0
229.0
206.0
212.0
222.0
227.0
WT 5
76.0
110.0
125.0
201.0
217.0
237.0
231.0
220.0
205.0
185.0
276.0
238.0
200.0
205.0
253.0
175.0
246.0
255.0
228.0
254.0
228.0
197.0
217.0
228.0
222.0
228.0
265.0
254.0
249.0
259.0
225.0
199.0
236.0
225.0
230.0
234.0
257.0
241.0
227.0
223.0
219.0
220.0
224.0
222.0
247.0
244.0
241.0
213.0
176.0
200.0
184.0
260.0
187.0
245.0
238.0
227.0
236.0
219.0
216.0
231.0
213.0
211.0
209.0
237.0
273.0
207.0
214.0
242.0
205.0
233.0
250.0
215.0
188.0
269.0
178.0
195.0
184.0
210.0
220.0
242.0
WT 6
60.0
125.0
106.0
203.0
223.0
227.0
200.0
217.0
175.0
200.0
266.0
205.0
183.0
212.0
196.0
172.0
259.0
241.0
243.0
220.0
243.0
230.0
231.0
241.0
208.0
188.0
250.0
195.0
257.0
265.0
231.0
208.0
251.0
223.0
204.0
228.0
242.0
241.0
232.0
227.0
197.0
232.0
198.0
237.0
238.0
263.0
226.0
213.0
191.0
195.0
218.0
218.0
187.0
249.0
207.0
234.0
213.0
215.0
234.0
264.0
212.0
236.0
190.0
234.0
217.0
242.0
209.0
250.0
189.0
261.0
265.0
247.0
234.0
205.0
192.0
201.0
230.0
179.0
193.0
243.0
WT 7
71.0
103.0
135.0
248.0
193.0
232.0
206.0
175.0
171.0
202.0
260.0
226.0
226.0
208.0
233.0
192.0
225.0
239.0
209.0
248.0
217.0
220.0
236.0
234.0
224.0
230.0
247.0
219.0
257.0
264.0
234.0
257.0
249.0
235.0
236.0
185.0
254.0
227.0
188.0
203.0
199.0
244.0
233.0
236.0
230.0
243.0
228.0
188.0
188.0
188.0
236.0
224.0
221.0
246.0
233.0
237.0
227.0
236.0
235.0
226.0
225.0
219.0
210.0
270.0
280.0
203.0
264.0
235.0
209.0
225.0
220.0
234.0
233.0
265.0
181.0
219.0
195.0
199.0
226.0
272.0
WT 8
60.0
106.0
109.0
216.0
199.0
212.0
203.0
221.0
197.0
189.0
262.0
236.0
203.0
220.0
216.0
186.0
252.0
251.0
228.0
271.0
240.0
250.0
180.0
220.0
202.0
218.0
248.0
300.0
262.0
226.0
243.0
210.0
250.0
222.0
215.0
208.0
228.0
220.0
201.0
225.0
191.0
204.0
256.0
227.0
249.0
239.0
216.0
230.0
142.0
179.0
234.0
190.0
193.0
229.0
234.0
275.0
213.0
227.0
234.0
219.0
222.0
242.0
201.0
248.0
256.0
214.0
226.0
247.0
211.0
206.0
207.0
259.0
231.0
245.0
215.0
213.0
215.0
230.0
220.0
232.0
WT 9
81.0
120.0
136.0
201.0
180.0
214.0
182.0
216.0
204.0
202.0
253.0
215.0
205.0
215.0
229.0
171.0
244.0
251.0
202.0
205.0
258.0
177.0
307.0
132.0
222.0
334.0
241.0
179.0
245.0
281.0
217.0
204.0
222.0
275.0
203.0
224.0
211.0
247.0
241.0
200.0
231.0
221.0
268.0
221.0
247.0
238.0
204.0
188.0
161.0
209.0
262.0
189.0
199.0
263.0
258.0
200.0
236.0
234.0
239.0
160.0
305.0
233.0
216.0
139.0
335.0
215.0
146.0
248.0
209.0
301.0
166.0
272.0
168.0
231.0
291.0
195.0
208.0
100.0
206.0
255.0
WT 10
70.0
146.0
138.0
198.0
192.0
203.0
178.0
214.0
194.0
199.0
238.0
222.0
208.0
231.0
230.0
178.0
239.0
254.0
191.0
211.0
227.0
263.0
182.0
309.0
235.0
80.0
275.0
291.0
224.0
264.0
218.0
255.0
227.0
194.0
200.0
224.0
294.0
240.0
172.0
239.0
180.0
252.0
264.0
269.0
219.0
240.0
246.0
174.0
186.0
197.0
195.0
243.0
214.0
256.0
175.0
291.0
239.0
172.0
219.0
288.0
119.0
237.0
215.0
307.0
165.0
211.0
311.0
243.0
215.0
156.0
307.0
149.0
295.0
263.0
70.0
204.0
202.0
333.0
216.0
243.0
WT 11
67.0
106.0
107.0
234.0
173.0
253.0
196.0
225.0
184.0
185.0
263.0
217.0
208.0
230.0
216.0
207.0
231.0
273.0
226.0
181.0
227.0
192.0
231.0
243.0
218.0
206.0
229.0
226.0
240.0
245.0
240.0
241.0
241.0
211.0
205.0
199.0
229.0
245.0
204.0
224.0
220.0
238.0
245.0
245.0
248.0
242.0
206.0
193.0
196.0
217.0
209.0
238.0
202.0
272.0
237.0
229.0
274.0
200.0
229.0
237.0
237.0
198.0
208.0
241.0
258.0
227.0
227.0
260.0
185.0
236.0
245.0
217.0
209.0
256.0
183.0
234.0
196.0
211.0
192.0
250.0
WT 12
55.0
117.0
94.0
214.0
210.0
231.0
245.0
208.0
194.0
160.0
261.0
213.0
205.0
214.0
219.0
178.0
250.0
235.0
243.0
242.0
282.0
203.0
235.0
262.0
220.0
190.0
222.0
252.0
241.0
261.0
259.0
221.0
233.0
261.0
195.0
249.0
236.0
238.0
212.0
258.0
218.0
227.0
238.0
208.0
235.0
250.0
232.0
212.0
166.0
207.0
187.0
197.0
192.0
277.0
251.0
278.0
241.0
223.0
226.0
261.0
223.0
232.0
204.0
245.0
252.0
189.0
214.0
262.0
199.0
220.0
266.0
248.0
236.0
216.0
172.0
217.0
201.0
207.0
214.0
240.0
WT 13
53.0
138.0
123.0
185.0
189.0
208.0
203.0
219.0
191.0
178.0
286.0
213.0
193.0
203.0
236.0
248.0
129.0
351.0
89.0
392.0
87.0
355.0
93.0
206.0
216.0
392.0
284.0
7.0
509.0
264.0
239.0
46.0
240.0
488.0
41.0
215.0
226.0
569.0
77.0
241.0
205.0
245.0
511.0
2.0
495.0
257.0
234.0
220.0
177.0
45.0
246.0
234.0
199.0
543.0
32.0
228.0
543.0
65.0
201.0
542.0
106.0
528.0
79.0
251.0
230.0
226.0
213.0
468.0
201.0
0.0
495.0
42.0
481.0
21.0
164.0
221.0
419.0
2.0
222.0
245.0
WT 14
78.0
95.0
105.0
239.0
182.0
207.0
203.0
192.0
211.0
203.0
213.0
230.0
264.0
214.0
235.0
107.0
321.0
148.0
315.0
122.0
383.0
64.0
393.0
212.0
216.0
36.0
250.0
490.0
14.0
275.0
241.0
480.0
234.0
27.0
449.0
255.0
249.0
78.0
563.0
226.0
216.0
216.0
19.0
510.0
12.0
280.0
236.0
213.0
168.0
472.0
247.0
190.0
217.0
16.0
534.0
244.0
25.0
471.0
220.0
57.0
526.0
105.0
503.0
254.0
252.0
202.0
198.0
32.0
218.0
486.0
36.0
517.0
43.0
457.0
185.0
211.0
19.0
382.0
212.0
246.0
WT 15
87.0
89.0
123.0
205.0
191.0
252.0
199.0
219.0
172.0
203.0
270.0
207.0
205.0
232.0
201.0
173.0
225.0
254.0
223.0
237.0
220.0
217.0
206.0
218.0
232.0
199.0
243.0
266.0
224.0
239.0
261.0
213.0
254.0
271.0
198.0
229.0
273.0
255.0
217.0
211.0
205.0
213.0
238.0
241.0
252.0
255.0
195.0
213.0
184.0
188.0
231.0
228.0
183.0
277.0
229.0
236.0
216.0
208.0
220.0
223.0
247.0
258.0
212.0
231.0
249.0
202.0
199.0
233.0
213.0
222.0
240.0
254.0
227.0
268.0
199.0
206.0
196.0
180.0
193.0
263.0
