WT 0
116.0
189.0
223.0
273.0
348.0
231.0
294.0
379.0
306.0
326.0
360.0
389.0
347.0
245.0
237.0
341.0
303.0
308.0
313.0
345.0
407.0
296.0
402.0
377.0
338.0
342.0
392.0
302.0
364.0
408.0
374.0
336.0
365.0
370.0
313.0
339.0
395.0
351.0
360.0
380.0
370.0
324.0
409.0
329.0
404.0
381.0
315.0
398.0
336.0
321.0
375.0
313.0
343.0
366.0
351.0
329.0
369.0
335.0
374.0
347.0
362.0
319.0
335.0
375.0
395.0
293.0
321.0
398.0
395.0
382.0
419.0
456.0
380.0
328.0
377.0
351.0
340.0
363.0
352.0
384.0
WT 1
108.0
191.0
227.0
254.0
312.0
280.0
279.0
360.0
360.0
340.0
361.0
372.0
290.0
270.0
218.0
368.0
312.0
422.0
263.0
354.0
359.0
388.0
378.0
384.0
360.0
358.0
306.0
391.0
408.0
305.0
406.0
386.0
415.0
376.0
347.0
332.0
355.0
375.0
404.0
377.0
407.0
342.0
354.0
359.0
392.0
382.0
378.0
400.0
358.0
336.0
351.0
314.0
460.0
331.0
348.0
357.0
331.0
357.0
333.0
355.0
388.0
297.0
345.0
366.0
398.0
300.0
356.0
425.0
380.0
370.0
462.0
455.0
314.0
339.0
435.0
313.0
386.0
294.0
388.0
416.0
WT 2
108.0
211.0
191.0
243.0
337.0
245.0
370.0
405.0
358.0
303.0
326.0
312.0
384.0
277.0
259.0
332.0
319.0
408.0
360.0
374.0
417.0
372.0
376.0
367.0
361.0
316.0
290.0
359.0
323.0
353.0
399.0
347.0
393.0
339.0
362.0
347.0
360.0
297.0
388.0
366.0
385.0
392.0
375.0
426.0
445.0
356.0
352.0
367.0
320.0
322.0
395.0
304.0
400.0
344.0
334.0
310.0
351.0
394.0
339.0
399.0
342.0
307.0
382.0
397.0
387.0
326.0
359.0
412.0
397.0
393.0
404.0
458.0
387.0
318.0
422.0
359.0
385.0
362.0
406.0
404.0
WT 3
116.0
220.0
200.0
219.0
287.0
220.0
309.0
303.0
353.0
336.0
359.0
376.0
385.0
251.0
248.0
365.0
322.0
380.0
317.0
306.0
344.0
366.0
325.0
401.0
377.0
353.0
340.0
376.0
349.0
319.0
337.0
363.0
365.0
334.0
328.0
404.0
406.0
337.0
347.0
367.0
348.0
362.0
361.0
305.0
381.0
338.0
387.0
365.0
402.0
381.0
409.0
283.0
406.0
359.0
319.0
355.0
329.0
341.0
381.0
317.0
288.0
319.0
291.0
418.0
349.0
296.0
385.0
415.0
385.0
389.0
361.0
375.0
403.0
303.0
435.0
375.0
377.0
348.0
365.0
455.0
WT 4
109.0
192.0
212.0
193.0
297.0
220.0
306.0
326.0
337.0
336.0
367.0
365.0
368.0
259.0
224.0
352.0
317.0
378.0
306.0
318.0
328.0
379.0
374.0
353.0
303.0
357.0
327.0
379.0
393.0
306.0
358.0
330.0
354.0
372.0
293.0
383.0
383.0
367.0
412.0
389.0
332.0
438.0
376.0
391.0
323.0
386.0
363.0
422.0
353.0
295.0
360.0
277.0
330.0
376.0
299.0
340.0
408.0
405.0
307.0
380.0
295.0
339.0
369.0
360.0
397.0
338.0
333.0
417.0
341.0
380.0
368.0
466.0
431.0
332.0
443.0
327.0
347.0
320.0
368.0
459.0
WT 5
91.0
231.0
215.0
286.0
296.0
231.0
322.0
354.0
339.0
380.0
406.0
359.0
402.0
227.0
236.0
350.0
290.0
448.0
378.0
357.0
396.0
367.0
350.0
419.0
324.0
382.0
386.0
392.0
382.0
326.0
372.0
385.0
361.0
290.0
355.0
407.0
418.0
383.0
371.0
376.0
428.0
337.0
314.0
396.0
430.0
405.0
382.0
402.0
354.0
314.0
382.0
301.0
406.0
406.0
298.0
362.0
378.0
326.0
370.0
409.0
330.0
274.0
328.0
440.0
369.0
291.0
342.0
341.0
384.0
369.0
400.0
430.0
380.0
363.0
459.0
363.0
327.0
334.0
354.0
370.0
WT 6
105.0
161.0
217.0
225.0
315.0
278.0
374.0
324.0
373.0
370.0
364.0
364.0
340.0
256.0
217.0
339.0
322.0
394.0
324.0
337.0
373.0
353.0
369.0
379.0
313.0
420.0
367.0
414.0
346.0
380.0
393.0
351.0
359.0
357.0
380.0
344.0
437.0
372.0
384.0
377.0
396.0
365.0
374.0
313.0
344.0
366.0
369.0
389.0
299.0
396.0
400.0
293.0
354.0
427.0
389.0
325.0
358.0
399.0
385.0
350.0
394.0
308.0
403.0
377.0
343.0
292.0
323.0
430.0
338.0
361.0
388.0
481.0
381.0
362.0
437.0
397.0
356.0
332.0
344.0
421.0
WT 7
125.0
215.0
198.0
262.0
301.0
244.0
333.0
365.0
290.0
323.0
342.0
412.0
369.0
252.0
227.0
380.0
328.0
413.0
335.0
318.0
372.0
327.0
369.0
314.0
274.0
379.0
399.0
344.0
392.0
362.0
342.0
332.0
377.0
377.0
326.0
404.0
413.0
365.0
421.0
297.0
399.0
408.0
404.0
344.0
419.0
367.0
360.0
418.0
294.0
311.0
317.0
288.0
421.0
373.0
408.0
335.0
368.0
329.0
388.0
409.0
404.0
338.0
328.0
400.0
386.0
297.0
347.0
371.0
329.0
377.0
369.0
446.0
430.0
364.0
413.0
357.0
345.0
339.0
371.0
456.0
