WT 0
23.0
26.0
56.0
52.0
69.0
54.0
73.0
78.0
80.0
70.0
64.0
70.0
61.0
64.0
62.0
63.0
66.0
61.0
77.0
77.0
76.0
72.0
74.0
69.0
58.0
67.0
63.0
66.0
64.0
70.0
62.0
73.0
80.0
71.0
43.0
94.0
76.0
62.0
96.0
65.0
53.0
59.0
70.0
70.0
69.0
73.0
88.0
83.0
70.0
54.0
73.0
60.0
95.0
73.0
93.0
61.0
59.0
71.0
77.0
74.0
84.0
53.0
78.0
80.0
78.0
80.0
81.0
66.0
62.0
70.0
70.0
81.0
78.0
86.0
76.0
36.0
84.0
68.0
70.0
WT 1
21.0
28.0
53.0
44.0
60.0
56.0
76.0
78.0
74.0
75.0
76.0
69.0
68.0
63.0
69.0
50.0
76.0
62.0
76.0
73.0
61.0
62.0
70.0
73.0
59.0
86.0
65.0
81.0
57.0
86.0
72.0
76.0
86.0
65.0
45.0
87.0
79.0
66.0
75.0
93.0
72.0
82.0
68.0
76.0
60.0
87.0
79.0
84.0
73.0
68.0
74.0
71.0
75.0
60.0
83.0
68.0
61.0
63.0
83.0
60.0
86.0
56.0
81.0
86.0
75.0
95.0
67.0
74.0
67.0
77.0
69.0
79.0
83.0
78.0
74.0
47.0
71.0
61.0
73.0
WT 2
15.0
30.0
43.0
54.0
68.0
50.0
65.0
79.0
75.0
75.0
71.0
69.0
62.0
77.0
61.0
58.0
64.0
70.0
77.0
82.0
73.0
65.0
76.0
65.0
55.0
72.0
65.0
73.0
63.0
79.0
73.0
83.0
85.0
55.0
47.0
72.0
79.0
72.0
73.0
71.0
67.0
58.0
73.0
69.0
65.0
72.0
89.0
80.0
81.0
65.0
77.0
68.0
76.0
67.0
81.0
73.0
60.0
57.0
73.0
62.0
80.0
55.0
82.0
82.0
79.0
77.0
73.0
66.0
62.0
61.0
79.0
92.0
85.0
75.0
72.0
39.0
88.0
78.0
77.0
WT 3
20.0
43.0
56.0
54.0
75.0
49.0
75.0
75.0
72.0
69.0
77.0
73.0
64.0
78.0
65.0
59.0
74.0
68.0
81.0
88.0
81.0
59.0
70.0
67.0
57.0
69.0
56.0
78.0
70.0
82.0
56.0
72.0
83.0
71.0
54.0
73.0
71.0
71.0
71.0
68.0
65.0
57.0
63.0
68.0
59.0
84.0
97.0
69.0
75.0
56.0
63.0
62.0
75.0
70.0
87.0
67.0
65.0
80.0
85.0
64.0
80.0
56.0
79.0
75.0
83.0
85.0
75.0
84.0
64.0
61.0
64.0
83.0
78.0
83.0
71.0
38.0
87.0
70.0
69.0
WT 4
15.0
61.0
35.0
55.0
85.0
53.0
72.0
67.0
71.0
85.0
56.0
94.0
40.0
90.0
59.0
69.0
71.0
68.0
78.0
77.0
67.0
63.0
89.0
66.0
36.0
62.0
90.0
56.0
85.0
80.0
53.0
81.0
87.0
57.0
76.0
42.0
101.0
71.0
90.0
78.0
66.0
31.0
72.0
93.0
56.0
107.0
70.0
88.0
78.0
58.0
90.0
56.0
76.0
59.0
98.0
76.0
63.0
71.0
55.0
65.0
75.0
55.0
121.0
64.0
48.0
108.0
73.0
77.0
74.0
52.0
59.0
81.0
83.0
80.0
69.0
36.0
80.0
63.0
66.0
WT 5
19.0
43.0
62.0
57.0
67.0
56.0
68.0
85.0
63.0
62.0
84.0
65.0
79.0
54.0
86.0
58.0
64.0
67.0
74.0
78.0
92.0
63.0
56.0
63.0
85.0
66.0
29.0
102.0
49.0
87.0
83.0
80.0
89.0
66.0
13.0
109.0
44.0
79.0
88.0
73.0
69.0
78.0
79.0
46.0
102.0
51.0
105.0
79.0
79.0
69.0
59.0
68.0
85.0
68.0
86.0
69.0
78.0
54.0
92.0
64.0
92.0
46.0
44.0
75.0
105.0
85.0
73.0
58.0
69.0
54.0
82.0
77.0
81.0
82.0
63.0
47.0
67.0
79.0
70.0
WT 6
19.0
29.0
52.0
56.0
65.0
64.0
66.0
67.0
76.0
73.0
78.0
73.0
67.0
59.0
64.0
60.0
72.0
76.0
79.0
64.0
68.0
69.0
78.0
69.0
54.0
65.0
72.0
66.0
69.0
66.0
63.0
79.0
83.0
66.0
53.0
88.0
72.0
79.0
84.0
70.0
63.0
58.0
73.0
61.0
70.0
81.0
82.0
77.0
91.0
71.0
70.0
61.0
77.0
73.0
89.0
62.0
63.0
57.0
70.0
71.0
78.0
55.0
87.0
66.0
82.0
83.0
71.0
67.0
76.0
58.0
68.0
82.0
84.0
81.0
69.0
40.0
68.0
76.0
69.0
WT 7
21.0
48.0
53.0
47.0
67.0
61.0
69.0
79.0
84.0
82.0
76.0
67.0
65.0
70.0
69.0
62.0
79.0
62.0
77.0
75.0
70.0
63.0
68.0
75.0
62.0
68.0
76.0
70.0
73.0
72.0
60.0
78.0
80.0
81.0
50.0
69.0
68.0
64.0
74.0
68.0
73.0
62.0
66.0
63.0
63.0
74.0
88.0
74.0
74.0
59.0
67.0
74.0
81.0
73.0
91.0
82.0
61.0
65.0
80.0
63.0
81.0
59.0
84.0
85.0
84.0
89.0
69.0
72.0
77.0
58.0
70.0
82.0
83.0
87.0
66.0
37.0
73.0
77.0
76.0
WT 8
17.0
37.0
58.0
52.0
68.0
74.0
55.0
106.0
82.0
47.0
96.0
75.0
32.0
62.0
99.0
31.0
83.0
66.0
75.0
80.0
57.0
68.0
71.0
90.0
54.0
29.0
105.0
74.0
21.0
78.0
58.0
82.0
122.0
74.0
46.0
34.0
74.0
135.0
16.0
72.0
67.0
64.0
133.0
10.0
64.0
150.0
90.0
75.0
8.0
61.0
84.0
138.0
67.0
10.0
83.0
68.0
67.0
117.0
49.0
108.0
84.0
9.0
128.0
79.0
85.0
27.0
128.0
3.0
72.0
70.0
65.0
163.0
77.0
84.0
6.0
37.0
169.0
66.0
18.0
WT 9
17.0
30.0
56.0
60.0
84.0
38.0
99.0
63.0
75.0
104.0
36.0
72.0
91.0
72.0
37.0
80.0
62.0
65.0
77.0
63.0
98.0
63.0
70.0
46.0
52.0
95.0
25.0
79.0
99.0
75.0
64.0
79.0
35.0
64.0
53.0
150.0
74.0
1.0
159.0
77.0
64.0
57.0
1.0
135.0
65.0
15.0
91.0
71.0
144.0
68.0
72.0
5.0
72.0
134.0
89.0
58.0
67.0
22.0
118.0
35.0
86.0
103.0
28.0
81.0
78.0
138.0
9.0
142.0
72.0
74.0
62.0
6.0
87.0
80.0
147.0
50.0
21.0
72.0
155.0
WT 10
25.0
34.0
53.0
49.0
64.0
56.0
75.0
86.0
71.0
76.0
68.0
67.0
67.0
74.0
65.0
56.0
67.0
75.0
77.0
76.0
80.0
61.0
68.0
59.0
62.0
60.0
62.0
74.0
61.0
73.0
66.0
77.0
69.0
60.0
45.0
83.0
72.0
70.0
74.0
70.0
76.0
59.0
75.0
66.0
56.0
72.0
90.0
74.0
74.0
70.0
63.0
66.0
85.0
75.0
91.0
78.0
71.0
66.0
77.0
68.0
76.0
55.0
77.0
78.0
79.0
88.0
75.0
74.0
67.0
64.0
60.0
98.0
89.0
75.0
71.0
48.0
78.0
76.0
77.0
WT 11
21.0
36.0
65.0
54.0
61.0
49.0
71.0
90.0
68.0
70.0
79.0
61.0
68.0
75.0
26.0
102.0
26.0
62.0
76.0
121.0
79.0
30.0
81.0
82.0
45.0
68.0
69.0
69.0
83.0
78.0
59.0
93.0
80.0
54.0
47.0
52.0
77.0
68.0
76.0
98.0
41.0
99.0
74.0
28.0
106.0
67.0
87.0
74.0
78.0
73.0
78.0
27.0
117.0
70.0
66.0
111.0
63.0
18.0
74.0
135.0
92.0
18.0
155.0
82.0
14.0
92.0
135.0
10.0
128.0
6.0
67.0
80.0
79.0
169.0
81.0
48.0
78.0
69.0
64.0
WT 12
24.0
31.0
57.0
56.0
62.0
64.0
71.0
76.0
78.0
56.0
74.0
66.0
61.0
59.0
98.0
17.0
113.0
62.0
82.0
28.0
88.0
103.0
75.0
42.0
68.0
72.0
58.0
72.0
72.0
94.0
63.0
62.0
71.0
59.0
48.0
111.0
69.0
72.0
75.0
33.0
100.0
29.0
71.0
107.0
27.0
81.0
86.0
73.0
77.0
66.0
76.0
113.0
42.0
70.0
124.0
32.0
65.0
116.0
83.0
8.0
83.0
124.0
21.0
73.0
162.0
89.0
10.0
131.0
2.0
131.0
70.0
94.0
84.0
14.0
69.0
44.0
77.0
69.0
68.0
WT 13
21.0
48.0
42.0
56.0
75.0
54.0
73.0
71.0
80.0
53.0
65.0
83.0
65.0
57.0
66.0
61.0
67.0
72.0
53.0
97.0
57.0
74.0
68.0
63.0
70.0
68.0
72.0
65.0
60.0
76.0
58.0
78.0
81.0
77.0
47.0
48.0
71.0
103.0
49.0
85.0
77.0
66.0
62.0
64.0
55.0
96.0
69.0
99.0
68.0
49.0
73.0
63.0
70.0
67.0
82.0
79.0
68.0
70.0
83.0
78.0
84.0
38.0
76.0
62.0
111.0
83.0
69.0
69.0
43.0
72.0
63.0
99.0
64.0
81.0
78.0
50.0
77.0
63.0
67.0
WT 14
28.0
35.0
51.0
55.0
59.0
63.0
77.0
73.0
66.0
85.0
63.0
55.0
60.0
75.0
66.0
62.0
61.0
60.0
92.0
54.0
85.0
60.0
80.0
59.0
53.0
81.0
60.0
79.0
72.0
78.0
58.0
79.0
78.0
40.0
50.0
93.0
80.0
43.0
100.0
72.0
56.0
66.0
71.0
66.0
67.0
71.0
102.0
53.0
80.0
68.0
62.0
66.0
78.0
73.0
83.0
65.0
56.0
82.0
86.0
65.0
78.0
73.0
76.0
76.0
52.0
77.0
81.0
68.0
86.0
48.0
76.0
71.0
97.0
78.0
64.0
47.0
69.0
82.0
72.0
WT 15
20.0
30.0
58.0
50.0
60.0
64.0
68.0
82.0
73.0
84.0
82.0
60.0
67.0
66.0
63.0
52.0
67.0
69.0
83.0
79.0
79.0
74.0
73.0
62.0
47.0
72.0
72.0
72.0
60.0
73.0
74.0
72.0
67.0
60.0
49.0
79.0
76.0
73.0
65.0
71.0
66.0
56.0
65.0
71.0
70.0
79.0
80.0
70.0
70.0
69.0
73.0
67.0
63.0
61.0
91.0
68.0
64.0
56.0
77.0
59.0
88.0
59.0
93.0
72.0
80.0
91.0
77.0
76.0
67.0
73.0
66.0
78.0
82.0
85.0
75.0
44.0
74.0
82.0
67.0
WT 16
24.0
36.0
56.0
56.0
57.0
53.0
76.0
88.0
76.0
69.0
74.0
71.0
72.0
77.0
62.0
57.0
65.0
68.0
79.0
69.0
70.0
69.0
75.0
58.0
47.0
71.0
54.0
81.0
66.0
91.0
53.0
74.0
75.0
61.0
47.0
82.0
74.0
73.0
83.0
83.0
61.0
63.0
65.0
64.0
61.0
85.0
88.0
75.0
73.0
62.0
71.0
68.0
67.0
69.0
85.0
70.0
70.0
65.0
84.0
63.0
74.0
59.0
88.0
71.0
76.0
80.0
81.0
79.0
76.0
63.0
65.0
99.0
77.0
77.0
75.0
40.0
90.0
72.0
72.0
WT 17
27.0
23.0
59.0
51.0
63.0
46.0
73.0
92.0
68.0
81.0
69.0
75.0
72.0
82.0
67.0
63.0
69.0
69.0
75.0
76.0
68.0
85.0
69.0
65.0
58.0
69.0
73.0
72.0
69.0
83.0
57.0
80.0
77.0
56.0
51.0
76.0
87.0
71.0
85.0
72.0
73.0
58.0
68.0
70.0
71.0
85.0
106.0
78.0
72.0
67.0
68.0
58.0
67.0
65.0
98.0
68.0
69.0
74.0
86.0
63.0
85.0
51.0
77.0
82.0
70.0
84.0
75.0
67.0
70.0
61.0
70.0
76.0
83.0
79.0
79.0
51.0
82.0
75.0
63.0
WT 18
20.0
43.0
42.0
62.0
73.0
52.0
66.0
90.0
69.0
71.0
94.0
88.0
69.0
61.0
75.0
63.0
77.0
62.0
80.0
77.0
72.0
68.0
66.0
70.0
65.0
72.0
69.0
74.0
65.0
73.0
63.0
88.0
80.0
59.0
44.0
77.0
83.0
78.0
66.0
75.0
61.0
67.0
74.0
83.0
76.0
87.0
93.0
79.0
86.0
65.0
60.0
64.0
83.0
66.0
92.0
73.0
65.0
67.0
79.0
73.0
74.0
57.0
90.0
84.0
94.0
89.0
63.0
71.0
72.0
69.0
70.0
78.0
82.0
80.0
68.0
38.0
84.0
73.0
69.0
WT 19
26.0
32.0
66.0
76.0
38.0
95.0
95.0
76.0
70.0
35.0
65.0
115.0
43.0
89.0
46.0
70.0
82.0
40.0
71.0
111.0
79.0
29.0
69.0
65.0
114.0
14.0
76.0
110.0
31.0
76.0
66.0
100.0
75.0
36.0
46.0
107.0
71.0
42.0
92.0
67.0
75.0
50.0
64.0
62.0
65.0
72.0
91.0
72.0
87.0
51.0
68.0
72.0
78.0
96.0
92.0
69.0
35.0
59.0
80.0
61.0
115.0
58.0
48.0
64.0
131.0
32.0
129.0
76.0
9.0
67.0
65.0
93.0
85.0
147.0
68.0
44.0
81.0
81.0
67.0
WT 20
20.0
67.0
50.0
42.0
91.0
31.0
68.0
75.0
75.0
130.0
73.0
41.0
93.0
46.0
85.0
65.0
49.0
82.0
83.0
37.0
76.0
114.0
65.0
71.0
10.0
132.0
54.0
40.0
92.0
75.0
55.0
59.0
77.0
75.0
57.0
49.0
68.0
101.0
52.0
91.0
59.0
58.0
58.0
63.0
63.0
86.0
78.0
78.0
75.0
83.0
78.0
69.0
72.0
47.0
89.0
66.0
98.0
58.0
74.0
73.0
47.0
59.0
114.0
84.0
28.0
131.0
11.0
69.0
145.0
56.0
64.0
78.0
93.0
16.0
82.0
47.0
84.0
64.0
97.0
WT 21
25.0
52.0
54.0
55.0
61.0
60.0
58.0
91.0
67.0
71.0
72.0
62.0
64.0
60.0
65.0
61.0
78.0
58.0
83.0
75.0
68.0
71.0
79.0
69.0
56.0
63.0
71.0
77.0
66.0
79.0
53.0
91.0
65.0
79.0
52.0
56.0
105.0
87.0
78.0
25.0
121.0
62.0
17.0
63.0
110.0
27.0
139.0
11.0
83.0
60.0
133.0
68.0
76.0
6.0
145.0
11.0
117.0
6.0
136.0
61.0
81.0
50.0
45.0
108.0
84.0
43.0
81.0
107.0
66.0
61.0
26.0
120.0
81.0
39.0
120.0
49.0
20.0
124.0
61.0
WT 22
21.0
37.0
63.0
69.0
63.0
44.0
77.0
68.0
68.0
61.0
80.0
85.0
49.0
78.0
63.0
58.0
72.0
61.0
77.0
76.0
70.0
74.0
76.0
65.0
66.0
60.0
64.0
81.0
68.0
71.0
71.0
62.0
99.0
47.0
46.0
98.0
48.0
67.0
78.0
136.0
17.0
62.0
116.0
60.0
19.0
126.0
23.0
141.0
69.0
68.0
15.0
68.0
76.0
120.0
26.0
127.0
9.0
115.0
24.0
86.0
74.0
56.0
101.0
42.0
78.0
131.0
82.0
27.0
63.0
66.0
100.0
45.0
86.0
123.0
14.0
47.0
134.0
7.0
73.0
WT 23
21.0
31.0
63.0
66.0
64.0
49.0
75.0
78.0
68.0
61.0
64.0
67.0
64.0
63.0
72.0
64.0
77.0
68.0
71.0
87.0
73.0
66.0
72.0
65.0
61.0
75.0
63.0
73.0
67.0
74.0
62.0
76.0
86.0
62.0
46.0
79.0
70.0
67.0
77.0
73.0
76.0
56.0
70.0
67.0
61.0
76.0
80.0
74.0
75.0
62.0
67.0
74.0
75.0
66.0
79.0
69.0
58.0
57.0
91.0
66.0
74.0
60.0
88.0
74.0
75.0
89.0
79.0
67.0
71.0
62.0
62.0
82.0
81.0
80.0
65.0
51.0
74.0
88.0
62.0
WT 24
15.0
51.0
62.0
53.0
58.0
52.0
61.0
92.0
70.0
68.0
66.0
68.0
57.0
59.0
72.0
60.0
62.0
74.0
72.0
84.0
80.0
72.0
91.0
63.0
54.0
64.0
69.0
73.0
62.0
79.0
48.0
80.0
90.0
67.0
53.0
80.0
76.0
68.0
76.0
74.0
71.0
59.0
69.0
68.0
62.0
85.0
82.0
73.0
76.0
70.0
68.0
64.0
65.0
71.0
83.0
69.0
71.0
64.0
75.0
66.0
75.0
63.0
82.0
82.0
84.0
85.0
70.0
71.0
60.0
71.0
74.0
84.0
97.0
86.0
69.0
48.0
71.0
73.0
71.0
WT 25
26.0
36.0
52.0
49.0
67.0
50.0
61.0
80.0
79.0
70.0
70.0
75.0
72.0
67.0
75.0
61.0
65.0
84.0
74.0
81.0
75.0
62.0
79.0
69.0
52.0
68.0
85.0
79.0
60.0
78.0
63.0
88.0
73.0
62.0
47.0
75.0
74.0
70.0
64.0
77.0
66.0
81.0
68.0
64.0
63.0
80.0
81.0
75.0
77.0
70.0
68.0
67.0
73.0
63.0
77.0
73.0
70.0
68.0
65.0
70.0
74.0
57.0
77.0
71.0
81.0
81.0
79.0
67.0
69.0
53.0
70.0
82.0
101.0
73.0
62.0
35.0
84.0
79.0
73.0
WT 26
26.0
47.0
73.0
45.0
62.0
48.0
65.0
82.0
78.0
67.0
70.0
64.0
65.0
60.0
59.0
61.0
70.0
67.0
75.0
72.0
68.0
69.0
86.0
70.0
51.0
76.0
70.0
72.0
67.0
73.0
61.0
73.0
90.0
71.0
42.0
77.0
72.0
65.0
75.0
81.0
67.0
55.0
76.0
73.0
64.0
80.0
80.0
73.0
83.0
59.0
69.0
71.0
87.0
74.0
85.0
79.0
59.0
60.0
78.0
69.0
78.0
56.0
82.0
86.0
81.0
78.0
70.0
71.0
64.0
59.0
68.0
76.0
82.0
74.0
71.0
41.0
68.0
62.0
66.0
WT 27
26.0
47.0
50.0
53.0
72.0
54.0
67.0
76.0
78.0
76.0
71.0
62.0
59.0
62.0
59.0
50.0
73.0
62.0
72.0
78.0
71.0
62.0
69.0
73.0
61.0
65.0
62.0
75.0
64.0
82.0
66.0
75.0
78.0
73.0
40.0
74.0
72.0
69.0
70.0
78.0
69.0
66.0
64.0
66.0
69.0
81.0
85.0
81.0
78.0
74.0
80.0
67.0
65.0
76.0
95.0
61.0
61.0
62.0
76.0
74.0
89.0
54.0
72.0
85.0
75.0
85.0
68.0
66.0
70.0
75.0
77.0
70.0
79.0
86.0
65.0
48.0
69.0
66.0
63.0
WT 28
21.0
42.0
56.0
30.0
107.0
55.0
70.0
51.0
100.0
68.0
71.0
72.0
38.0
91.0
46.0
85.0
72.0
58.0
59.0
71.0
84.0
71.0
51.0
69.0
50.0
75.0
62.0
79.0
77.0
67.0
58.0
86.0
84.0
54.0
50.0
93.0
70.0
85.0
65.0
65.0
62.0
64.0
60.0
77.0
62.0
77.0
82.0
82.0
78.0
80.0
65.0
64.0
101.0
70.0
81.0
34.0
85.0
41.0
81.0
69.0
89.0
59.0
74.0
72.0
81.0
96.0
81.0
65.0
74.0
56.0
60.0
88.0
74.0
82.0
64.0
62.0
83.0
49.0
66.0
WT 29
21.0
28.0
49.0
81.0
36.0
54.0
75.0
126.0
32.0
63.0
89.0
67.0
87.0
47.0
82.0
37.0
77.0
63.0
98.0
70.0
43.0
67.0
97.0
64.0
59.0
75.0
61.0
65.0
61.0
82.0
59.0
90.0
59.0
76.0
43.0
72.0
91.0
65.0
82.0
69.0
67.0
49.0
74.0
54.0
61.0
87.0
87.0
80.0
91.0
63.0
87.0
71.0
44.0
73.0
85.0
85.0
43.0
77.0
82.0
73.0
54.0
61.0
82.0
76.0
83.0
102.0
62.0
86.0
57.0
64.0
71.0
71.0
82.0
84.0
74.0
26.0
75.0
95.0
73.0
WT 30
22.0
38.0
58.0
43.0
72.0
51.0
95.0
79.0
70.0
75.0
57.0
101.0
68.0
64.0
55.0
46.0
69.0
58.0
88.0
84.0
74.0
74.0
70.0
62.0
50.0
74.0
61.0
79.0
71.0
51.0
92.0
82.0
48.0
86.0
20.0
66.0
78.0
77.0
115.0
38.0
66.0
102.0
44.0
68.0
87.0
80.0
76.0
50.0
77.0
63.0
76.0
68.0
99.0
68.0
61.0
87.0
54.0
80.0
79.0
65.0
90.0
42.0
94.0
63.0
78.0
98.0
54.0
72.0
70.0
65.0
78.0
81.0
82.0
75.0
67.0
29.0
73.0
98.0
65.0
WT 31
19.0
36.0
54.0
61.0
74.0
60.0
54.0
82.0
70.0
76.0
104.0
52.0
62.0
63.0
69.0
69.0
65.0
59.0
62.0
97.0
75.0
66.0
82.0
58.0
55.0
63.0
59.0
87.0
55.0
101.0
28.0
92.0
98.0
33.0
80.0
81.0
81.0
64.0
40.0
106.0
72.0
38.0
91.0
71.0
35.0
84.0
86.0
88.0
87.0
63.0
71.0
71.0
29.0
75.0
111.0
52.0
85.0
52.0
85.0
69.0
82.0
63.0
77.0
86.0
79.0
68.0
85.0
71.0
75.0
61.0
54.0
82.0
83.0
75.0
65.0
52.0
84.0
35.0
59.0
WT 32
18.0
32.0
66.0
57.0
91.0
76.0
68.0
76.0
76.0
73.0
67.0
74.0
64.0
75.0
56.0
58.0
69.0
68.0
71.0
78.0
70.0
65.0
72.0
80.0
49.0
66.0
61.0
78.0
58.0
79.0
61.0
84.0
73.0
66.0
47.0
84.0
77.0
67.0
76.0
69.0
63.0
59.0
76.0
67.0
66.0
72.0
96.0
70.0
80.0
53.0
76.0
57.0
100.0
73.0
86.0
81.0
67.0
65.0
74.0
76.0
81.0
53.0
83.0
69.0
77.0
88.0
75.0
62.0
67.0
66.0
67.0
82.0
95.0
75.0
70.0
48.0
70.0
71.0
66.0
WT 33
20.0
35.0
70.0
52.0
50.0
55.0
66.0
91.0
72.0
71.0
69.0
80.0
64.0
77.0
65.0
57.0
62.0
65.0
83.0
74.0
78.0
61.0
93.0
65.0
66.0
81.0
68.0
65.0
63.0
78.0
58.0
79.0
75.0
66.0
46.0
84.0
73.0
67.0
87.0
84.0
65.0
55.0
71.0
64.0
62.0
83.0
91.0
71.0
87.0
69.0
76.0
67.0
74.0
79.0
97.0
64.0
62.0
65.0
87.0
77.0
84.0
68.0
78.0
80.0
81.0
86.0
82.0
66.0
69.0
63.0
62.0
95.0
89.0
75.0
64.0
51.0
70.0
78.0
71.0
WT 34
23.0
33.0
51.0
47.0
54.0
49.0
71.0
88.0
70.0
68.0
73.0
78.0
62.0
59.0
76.0
70.0
67.0
61.0
79.0
74.0
83.0
63.0
75.0
71.0
65.0
62.0
54.0
64.0
63.0
74.0
58.0
74.0
80.0
59.0
52.0
75.0
78.0
63.0
80.0
72.0
63.0
64.0
62.0
65.0
63.0
81.0
95.0
81.0
85.0
68.0
78.0
74.0
89.0
62.0
95.0
79.0
70.0
73.0
68.0
66.0
72.0
55.0
77.0
79.0
95.0
89.0
69.0
77.0
65.0
60.0
67.0
84.0
98.0
77.0
65.0
43.0
79.0
77.0
62.0
WT 35
23.0
33.0
56.0
54.0
68.0
65.0
70.0
80.0
72.0
67.0
81.0
64.0
66.0
66.0
63.0
54.0
71.0
65.0
76.0
74.0
74.0
68.0
70.0
69.0
51.0
69.0
78.0
77.0
60.0
73.0
61.0
78.0
80.0
68.0
55.0
70.0
85.0
77.0
65.0
72.0
81.0
55.0
72.0
59.0
68.0
77.0
82.0
82.0
85.0
63.0
71.0
65.0
77.0
61.0
89.0
81.0
69.0
58.0
74.0
66.0
85.0
57.0
78.0
94.0
73.0
84.0
81.0
66.0
74.0
71.0
62.0
77.0
75.0
80.0
70.0
41.0
70.0
79.0
81.0
WT 36
16.0
34.0
53.0
47.0
57.0
57.0
71.0
88.0
73.0
84.0
81.0
63.0
67.0
73.0
63.0
70.0
64.0
61.0
68.0
80.0
69.0
65.0
74.0
73.0
58.0
73.0
67.0
74.0
78.0
76.0
64.0
85.0
87.0
66.0
41.0
94.0
76.0
78.0
73.0
83.0
73.0
62.0
70.0
70.0
59.0
82.0
86.0
86.0
67.0
61.0
74.0
67.0
78.0
75.0
89.0
69.0
76.0
58.0
83.0
74.0
73.0
53.0
95.0
74.0
78.0
93.0
66.0
66.0
61.0
56.0
73.0
76.0
79.0
83.0
75.0
42.0
87.0
73.0
64.0
WT 37
20.0
38.0
64.0
49.0
62.0
53.0
75.0
77.0
72.0
59.0
69.0
82.0
71.0
73.0
66.0
56.0
71.0
59.0
81.0
78.0
76.0
65.0
87.0
79.0
70.0
68.0
63.0
66.0
67.0
73.0
51.0
89.0
81.0
51.0
50.0
78.0
73.0
74.0
80.0
66.0
68.0
71.0
80.0
66.0
55.0
79.0
79.0
70.0
86.0
63.0
69.0
65.0
73.0
69.0
78.0
69.0
58.0
65.0
90.0
73.0
84.0
48.0
84.0
78.0
78.0
95.0
83.0
70.0
75.0
71.0
62.0
73.0
92.0
77.0
75.0
52.0
77.0
74.0
68.0
WT 38
20.0
18.0
72.0
57.0
62.0
66.0
61.0
96.0
63.0
69.0
103.0
78.0
23.0
115.0
70.0
22.0
103.0
59.0
62.0
50.0
97.0
36.0
84.0
69.0
91.0
38.0
101.0
68.0
61.0
49.0
89.0
74.0
78.0
37.0
71.0
86.0
82.0
77.0
45.0
67.0
100.0
30.0
97.0
29.0
107.0
80.0
82.0
41.0
110.0
70.0
69.0
60.0
64.0
75.0
96.0
81.0
64.0
63.0
73.0
73.0
80.0
54.0
95.0
68.0
89.0
94.0
85.0
67.0
61.0
56.0
62.0
86.0
72.0
78.0
85.0
46.0
80.0
42.0
94.0
WT 39
21.0
41.0
32.0
67.0
75.0
54.0
78.0
71.0
96.0
71.0
46.0
73.0
109.0
30.0
71.0
93.0
30.0
64.0
80.0
89.0
51.0
97.0
83.0
70.0
25.0
110.0
5.0
85.0
62.0
115.0
38.0
76.0
75.0
82.0
23.0
78.0
91.0
68.0
111.0
68.0
31.0
98.0
27.0
108.0
22.0
72.0
92.0
118.0
51.0
67.0
80.0
66.0
83.0
73.0
85.0
79.0
61.0
75.0
70.0
69.0
90.0
55.0
74.0
90.0
75.0
84.0
84.0
66.0
66.0
77.0
63.0
69.0
96.0
77.0
47.0
44.0
68.0
105.0
49.0
WT 40
18.0
48.0
55.0
59.0
59.0
49.0
69.0
84.0
64.0
79.0
74.0
63.0
68.0
77.0
63.0
54.0
69.0
58.0
74.0
81.0
74.0
72.0
83.0
68.0
55.0
69.0
74.0
90.0
75.0
79.0
69.0
79.0
81.0
71.0
50.0
69.0
73.0
67.0
80.0
78.0
63.0
53.0
75.0
71.0
64.0
78.0
82.0
78.0
83.0
57.0
67.0
69.0
80.0
59.0
87.0
83.0
60.0
74.0
76.0
67.0
81.0
54.0
78.0
80.0
79.0
89.0
81.0
76.0
67.0
57.0
66.0
87.0
99.0
74.0
69.0
47.0
69.0
63.0
73.0
WT 41
24.0
36.0
57.0
57.0
64.0
64.0
72.0
66.0
70.0
64.0
62.0
69.0
68.0
74.0
76.0
59.0
76.0
66.0
80.0
69.0
67.0
71.0
70.0
66.0
63.0
57.0
80.0
73.0
66.0
73.0
55.0
75.0
83.0
65.0
49.0
78.0
77.0
64.0
88.0
81.0
58.0
51.0
73.0
69.0
62.0
80.0
88.0
71.0
78.0
62.0
75.0
59.0
75.0
73.0
91.0
78.0
65.0
56.0
77.0
64.0
85.0
54.0
81.0
75.0
87.0
77.0
73.0
73.0
68.0
62.0
73.0
79.0
87.0
89.0
65.0
50.0
87.0
73.0
67.0
WT 42
27.0
39.0
56.0
53.0
69.0
51.0
80.0
88.0
77.0
69.0
70.0
69.0
67.0
63.0
71.0
67.0
56.0
56.0
82.0
76.0
75.0
64.0
74.0
56.0
59.0
70.0
58.0
69.0
67.0
79.0
62.0
85.0
78.0
56.0
50.0
76.0
73.0
62.0
81.0
64.0
68.0
82.0
76.0
76.0
67.0
80.0
81.0
70.0
90.0
54.0
80.0
73.0
72.0
77.0
91.0
71.0
68.0
63.0
80.0
91.0
80.0
53.0
79.0
73.0
90.0
77.0
64.0
61.0
68.0
72.0
62.0
81.0
84.0
82.0
80.0
45.0
80.0
70.0
74.0
WT 43
15.0
38.0
49.0
46.0
70.0
56.0
80.0
80.0
80.0
67.0
59.0
72.0
66.0
61.0
60.0
52.0
60.0
63.0
85.0
80.0
76.0
63.0
76.0
63.0
55.0
83.0
66.0
79.0
60.0
82.0
51.0
79.0
82.0
65.0
48.0
81.0
70.0
70.0
72.0
79.0
68.0
66.0
74.0
68.0
68.0
82.0
86.0
77.0
77.0
68.0
68.0
70.0
72.0
76.0
84.0
63.0
55.0
68.0
74.0
62.0
72.0
53.0
79.0
80.0
71.0
83.0
66.0
68.0
77.0
71.0
65.0
82.0
95.0
82.0
72.0
48.0
77.0
79.0
81.0
WT 44
16.0
37.0
57.0
51.0
57.0
56.0
69.0
81.0
67.0
65.0
67.0
83.0
62.0
61.0
73.0
69.0
65.0
57.0
82.0
81.0
75.0
75.0
86.0
69.0
52.0
66.0
66.0
74.0
72.0
76.0
62.0
75.0
78.0
72.0
48.0
73.0
71.0
82.0
81.0
71.0
70.0
57.0
78.0
83.0
63.0
74.0
90.0
84.0
70.0
55.0
72.0
70.0
96.0
63.0
83.0
70.0
76.0
63.0
82.0
80.0
71.0
62.0
79.0
61.0
71.0
85.0
88.0
67.0
62.0
60.0
69.0
93.0
94.0
79.0
68.0
39.0
69.0
70.0
72.0
WT 45
25.0
28.0
48.0
59.0
56.0
61.0
72.0
90.0
74.0
73.0
82.0
68.0
64.0
76.0
69.0
49.0
83.0
65.0
70.0
81.0
83.0
72.0
72.0
69.0
54.0
69.0
64.0
73.0
65.0
79.0
56.0
81.0
79.0
69.0
46.0
78.0
78.0
70.0
75.0
70.0
75.0
67.0
71.0
63.0
60.0
72.0
86.0
75.0
82.0
52.0
71.0
69.0
68.0
71.0
88.0
70.0
60.0
59.0
69.0
67.0
74.0
50.0
81.0
85.0
86.0
86.0
68.0
72.0
70.0
67.0
61.0
88.0
89.0
80.0
77.0
42.0
79.0
78.0
74.0
WT 46
23.0
27.0
49.0
58.0
59.0
48.0
82.0
77.0
72.0
65.0
79.0
70.0
59.0
61.0
75.0
69.0
70.0
64.0
84.0
75.0
75.0
65.0
81.0
68.0
54.0
75.0
74.0
80.0
61.0
76.0
70.0
78.0
86.0
65.0
44.0
80.0
78.0
80.0
84.0
83.0
70.0
70.0
76.0
76.0
69.0
83.0
91.0
82.0
80.0
60.0
64.0
69.0
70.0
72.0
78.0
68.0
71.0
68.0
88.0
67.0
85.0
54.0
82.0
80.0
86.0
86.0
78.0
74.0
62.0
61.0
63.0
77.0
79.0
86.0
77.0
55.0
78.0
70.0
70.0
WT 47
28.0
33.0
54.0
46.0
69.0
51.0
77.0
77.0
74.0
72.0
88.0
67.0
67.0
64.0
68.0
65.0
67.0
51.0
82.0
69.0
75.0
69.0
71.0
62.0
59.0
71.0
55.0
86.0
68.0
87.0
64.0
87.0
82.0
65.0
49.0
76.0
82.0
71.0
72.0
64.0
78.0
64.0
69.0
71.0
82.0
78.0
85.0
76.0
83.0
75.0
71.0
78.0
72.0
79.0
97.0
63.0
65.0
59.0
64.0
85.0
79.0
50.0
75.0
85.0
85.0
85.0
69.0
77.0
77.0
71.0
59.0
86.0
87.0
83.0
61.0
47.0
82.0
85.0
65.0
WT 48
11.0
23.0
58.0
45.0
66.0
49.0
68.0
82.0
68.0
62.0
72.0
76.0
69.0
73.0
56.0
57.0
69.0
52.0
79.0
69.0
70.0
64.0
72.0
69.0
66.0
66.0
67.0
73.0
58.0
87.0
60.0
89.0
76.0
56.0
43.0
84.0
75.0
73.0
92.0
78.0
72.0
64.0
68.0
73.0
62.0
80.0
91.0
74.0
77.0
57.0
73.0
65.0
71.0
67.0
85.0
77.0
65.0
57.0
88.0
63.0
81.0
56.0
76.0
84.0
75.0
77.0
73.0
63.0
68.0
56.0
69.0
85.0
83.0
81.0
76.0
39.0
69.0
77.0
65.0
WT 49
22.0
45.0
64.0
49.0
63.0
49.0
65.0
79.0
77.0
81.0
62.0
65.0
58.0
80.0
72.0
68.0
82.0
69.0
77.0
79.0
72.0
73.0
72.0
68.0
52.0
75.0
64.0
76.0
63.0
71.0
60.0
95.0
75.0
68.0
45.0
73.0
72.0
74.0
78.0
71.0
64.0
56.0
65.0
68.0
61.0
71.0
89.0
90.0
82.0
67.0
67.0
75.0
68.0
57.0
82.0
74.0
66.0
75.0
73.0
55.0
72.0
54.0
73.0
79.0
88.0
75.0
80.0
71.0
75.0
63.0
58.0
80.0
86.0
75.0
64.0
44.0
66.0
70.0
86.0
WT 50
20.0
25.0
62.0
58.0
67.0
55.0
75.0
72.0
66.0
75.0
80.0
73.0
63.0
65.0
74.0
56.0
63.0
57.0
78.0
71.0
58.0
70.0
83.0
71.0
64.0
63.0
69.0
71.0
66.0
82.0
62.0
81.0
69.0
68.0
47.0
75.0
77.0
75.0
71.0
78.0
81.0
49.0
78.0
64.0
54.0
71.0
94.0
70.0
85.0
57.0
71.0
68.0
66.0
71.0
95.0
73.0
62.0
67.0
73.0
76.0
75.0
58.0
80.0
89.0
76.0
90.0
84.0
71.0
78.0
70.0
59.0
80.0
83.0
72.0
67.0
43.0
85.0
72.0
64.0
WT 51
19.0
34.0
60.0
43.0
64.0
54.0
78.0
83.0
66.0
76.0
58.0
69.0
63.0
71.0
65.0
60.0
66.0
66.0
71.0
70.0
69.0
66.0
77.0
70.0
46.0
66.0
49.0
81.0
76.0
83.0
54.0
73.0
89.0
62.0
42.0
79.0
80.0
68.0
76.0
67.0
64.0
57.0
75.0
67.0
60.0
78.0
106.0
77.0
68.0
58.0
65.0
64.0
70.0
59.0
83.0
67.0
57.0
63.0
81.0
76.0
79.0
53.0
78.0
67.0
82.0
91.0
71.0
76.0
72.0
61.0
70.0
71.0
83.0
83.0
71.0
36.0
78.0
70.0
72.0
WT 52
22.0
37.0
63.0
53.0
72.0
46.0
71.0
77.0
72.0
86.0
72.0
71.0
70.0
70.0
59.0
54.0
71.0
58.0
78.0
79.0
73.0
69.0
71.0
72.0
59.0
74.0
56.0
68.0
63.0
73.0
55.0
79.0
69.0
58.0
51.0
88.0
76.0
70.0
77.0
84.0
72.0
68.0
66.0
68.0
75.0
81.0
91.0
75.0
74.0
68.0
68.0
68.0
80.0
62.0
92.0
66.0
63.0
69.0
79.0
64.0
80.0
53.0
82.0
89.0
83.0
98.0
70.0
72.0
70.0
68.0
73.0
92.0
86.0
87.0
74.0
50.0
75.0
67.0
65.0
WT 53
21.0
35.0
66.0
39.0
67.0
49.0
77.0
80.0
77.0
78.0
66.0
68.0
69.0
65.0
68.0
59.0
80.0
58.0
80.0
71.0
73.0
73.0
72.0
75.0
78.0
82.0
68.0
70.0
66.0
84.0
63.0
77.0
78.0
75.0
53.0
80.0
73.0
67.0
76.0
78.0
71.0
65.0
69.0
66.0
64.0
83.0
92.0
83.0
81.0
75.0
73.0
76.0
82.0
62.0
91.0
72.0
55.0
65.0
87.0
69.0
75.0
58.0
70.0
67.0
83.0
88.0
75.0
80.0
63.0
56.0
74.0
76.0
86.0
86.0
80.0
39.0
82.0
84.0
68.0
WT 54
17.0
40.0
64.0
62.0
54.0
48.0
67.0
80.0
73.0
68.0
84.0
76.0
65.0
75.0
61.0
56.0
71.0
63.0
82.0
69.0
83.0
86.0
81.0
71.0
53.0
63.0
58.0
73.0
65.0
67.0
51.0
81.0
85.0
59.0
42.0
71.0
78.0
76.0
99.0
81.0
71.0
51.0
73.0
67.0
64.0
75.0
85.0
81.0
87.0
63.0
59.0
72.0
75.0
61.0
86.0
81.0
63.0
65.0
78.0
76.0
76.0
51.0
79.0
74.0
84.0
92.0
72.0
58.0
63.0
65.0
60.0
76.0
90.0
78.0
70.0
42.0
70.0
86.0
63.0
WT 55
20.0
33.0
45.0
58.0
66.0
38.0
87.0
62.0
72.0
76.0
54.0
127.0
69.0
74.0
8.0
51.0
66.0
64.0
179.0
81.0
69.0
15.0
53.0
75.0
49.0
74.0
161.0
31.0
181.0
83.0
70.0
81.0
56.0
63.0
41.0
85.0
188.0
37.0
188.0
67.0
51.0
71.0
184.0
71.0
56.0
77.0
218.0
59.0
218.0
74.0
214.0
69.0
210.0
61.0
96.0
172.0
41.0
60.0
207.0
64.0
83.0
191.0
97.0
62.0
245.0
67.0
70.0
215.0
81.0
55.0
227.0
79.0
93.0
83.0
80.0
41.0
78.0
214.0
77.0
WT 56
21.0
30.0
59.0
47.0
54.0
67.0
54.0
103.0
77.0
74.0
74.0
17.0
64.0
67.0
146.0
57.0
75.0
73.0
21.0
76.0
86.0
152.0
71.0
70.0
58.0
63.0
31.0
180.0
53.0
74.0
62.0
80.0
211.0
58.0
49.0
73.0
39.0
173.0
31.0
69.0
189.0
67.0
60.0
84.0
169.0
74.0
26.0
211.0
67.0
213.0
65.0
202.0
56.0
195.0
77.0
33.0
181.0
71.0
53.0
201.0
88.0
84.0
85.0
236.0
66.0
233.0
73.0
76.0
212.0
58.0
91.0
93.0
87.0
86.0
226.0
46.0
69.0
68.0
81.0
WT 57
16.0
30.0
44.0
50.0
74.0
57.0
75.0
90.0
81.0
69.0
82.0
71.0
67.0
70.0
82.0
55.0
59.0
67.0
80.0
76.0
67.0
61.0
75.0
73.0
50.0
57.0
59.0
83.0
73.0
68.0
57.0
76.0
88.0
72.0
51.0
77.0
76.0
70.0
81.0
85.0
62.0
53.0
61.0
63.0
65.0
74.0
76.0
78.0
93.0
58.0
79.0
63.0
66.0
66.0
78.0
59.0
67.0
66.0
79.0
64.0
77.0
64.0
79.0
81.0
79.0
88.0
82.0
60.0
63.0
66.0
61.0
79.0
95.0
80.0
78.0
48.0
71.0
69.0
65.0
WT 58
21.0
31.0
64.0
48.0
63.0
56.0
65.0
79.0
74.0
60.0
80.0
63.0
63.0
66.0
72.0
51.0
68.0
66.0
72.0
77.0
80.0
64.0
68.0
61.0
57.0
64.0
66.0
79.0
63.0
84.0
66.0
77.0
88.0
61.0
52.0
70.0
81.0
80.0
82.0
68.0
61.0
61.0
67.0
59.0
67.0
76.0
70.0
68.0
69.0
58.0
75.0
72.0
73.0
62.0
86.0
83.0
63.0
59.0
72.0
68.0
76.0
55.0
79.0
86.0
72.0
89.0
81.0
74.0
70.0
64.0
60.0
82.0
78.0
86.0
75.0
37.0
77.0
75.0
70.0
WT 59
20.0
43.0
54.0
40.0
100.0
48.0
64.0
87.0
76.0
50.0
95.0
65.0
67.0
74.0
62.0
55.0
63.0
58.0
102.0
40.0
102.0
36.0
67.0
68.0
53.0
123.0
24.0
73.0
83.0
103.0
63.0
85.0
74.0
40.0
52.0
92.0
64.0
80.0
77.0
72.0
76.0
66.0
45.0
91.0
59.0
48.0
82.0
77.0
68.0
64.0
138.0
73.0
74.0
77.0
0.0
148.0
59.0
9.0
83.0
129.0
87.0
52.0
76.0
77.0
81.0
17.0
157.0
3.0
68.0
136.0
68.0
82.0
75.0
27.0
74.0
35.0
75.0
71.0
148.0
WT 60
24.0
25.0
49.0
72.0
67.0
61.0
82.0
64.0
71.0
96.0
59.0
71.0
73.0
59.0
70.0
58.0
71.0
66.0
57.0
103.0
38.0
97.0
65.0
74.0
57.0
35.0
108.0
86.0
66.0
47.0
68.0
78.0
77.0
89.0
43.0
62.0
82.0
74.0
77.0
77.0
59.0
59.0
87.0
39.0
69.0
100.0
87.0
89.0
89.0
61.0
5.0
63.0
73.0
67.0
164.0
5.0
63.0
132.0
66.0
14.0
71.0
57.0
90.0
75.0
85.0
155.0
3.0
153.0
63.0
2.0
67.0
89.0
86.0
136.0
75.0
42.0
76.0
76.0
6.0
WT 61
16.0
33.0
66.0
60.0
64.0
61.0
70.0
80.0
76.0
70.0
76.0
63.0
64.0
76.0
71.0
60.0
73.0
59.0
84.0
70.0
84.0
70.0
76.0
71.0
58.0
71.0
55.0
73.0
62.0
86.0
62.0
82.0
78.0
70.0
46.0
79.0
82.0
67.0
75.0
75.0
61.0
63.0
69.0
74.0
58.0
88.0
82.0
79.0
68.0
55.0
69.0
72.0
75.0
64.0
85.0
63.0
69.0
68.0
82.0
75.0
88.0
55.0
82.0
68.0
84.0
94.0
73.0
67.0
65.0
65.0
59.0
79.0
83.0
80.0
75.0
48.0
76.0
72.0
62.0
WT 62
24.0
30.0
56.0
51.0
76.0
55.0
78.0
76.0
85.0
73.0
72.0
69.0
63.0
69.0
70.0
65.0
76.0
52.0
82.0
82.0
84.0
58.0
74.0
65.0
64.0
73.0
63.0
88.0
67.0
71.0
73.0
75.0
84.0
64.0
55.0
71.0
74.0
76.0
78.0
68.0
67.0
74.0
70.0
66.0
65.0
77.0
93.0
77.0
84.0
67.0
67.0
68.0
71.0
81.0
77.0
65.0
61.0
64.0
71.0
66.0
78.0
54.0
85.0
71.0
77.0
94.0
71.0
82.0
68.0
63.0
57.0
89.0
80.0
83.0
68.0
43.0
70.0
71.0
73.0
WT 63
17.0
49.0
53.0
57.0
57.0
57.0
84.0
86.0
84.0
80.0
69.0
67.0
58.0
62.0
55.0
53.0
74.0
64.0
85.0
73.0
63.0
70.0
66.0
62.0
48.0
61.0
64.0
68.0
75.0
85.0
54.0
80.0
85.0
62.0
47.0
71.0
76.0
72.0
71.0
68.0
70.0
66.0
64.0
59.0
69.0
78.0
81.0
68.0
70.0
70.0
75.0
72.0
73.0
82.0
100.0
67.0
65.0
71.0
84.0
78.0
84.0
57.0
80.0
77.0
78.0
87.0
79.0
75.0
62.0
61.0
62.0
89.0
78.0
74.0
70.0
39.0
69.0
83.0
66.0
