WT 0
45.0
44.0
61.0
71.0
65.0
54.0
88.0
49.0
78.0
63.0
60.0
93.0
67.0
81.0
65.0
83.0
66.0
74.0
68.0
74.0
71.0
73.0
70.0
65.0
70.0
77.0
77.0
71.0
81.0
65.0
68.0
84.0
75.0
48.0
70.0
85.0
58.0
54.0
77.0
87.0
55.0
81.0
69.0
81.0
61.0
88.0
68.0
73.0
72.0
77.0
73.0
47.0
70.0
73.0
76.0
72.0
92.0
66.0
52.0
75.0
79.0
81.0
56.0
69.0
51.0
71.0
84.0
67.0
70.0
73.0
52.0
85.0
65.0
48.0
73.0
95.0
76.0
68.0
69.0
WT 1
45.0
48.0
50.0
65.0
63.0
86.0
59.0
77.0
47.0
71.0
75.0
82.0
72.0
72.0
81.0
63.0
84.0
60.0
75.0
72.0
69.0
73.0
69.0
81.0
68.0
74.0
64.0
86.0
66.0
84.0
71.0
51.0
74.0
88.0
68.0
50.0
91.0
53.0
78.0
53.0
83.0
60.0
89.0
62.0
79.0
70.0
71.0
71.0
74.0
72.0
75.0
67.0
72.0
70.0
77.0
77.0
60.0
68.0
86.0
75.0
72.0
57.0
81.0
38.0
83.0
76.0
42.0
73.0
70.0
71.0
85.0
52.0
65.0
88.0
72.0
57.0
74.0
62.0
69.0
WT 2
50.0
50.0
53.0
59.0
65.0
71.0
79.0
61.0
63.0
67.0
67.0
82.0
68.0
76.0
74.0
74.0
72.0
70.0
70.0
69.0
71.0
73.0
67.0
72.0
69.0
73.0
70.0
79.0
81.0
74.0
73.0
69.0
76.0
69.0
70.0
74.0
82.0
55.0
71.0
73.0
65.0
71.0
78.0
75.0
70.0
73.0
65.0
68.0
79.0
76.0
70.0
58.0
71.0
72.0
74.0
79.0
79.0
68.0
67.0
80.0
73.0
70.0
68.0
55.0
68.0
71.0
66.0
71.0
72.0
71.0
70.0
67.0
65.0
67.0
73.0
76.0
74.0
63.0
67.0
WT 3
48.0
48.0
49.0
68.0
66.0
71.0
77.0
67.0
62.0
63.0
63.0
81.0
65.0
70.0
77.0
74.0
76.0
68.0
66.0
78.0
66.0
74.0
69.0
76.0
69.0
78.0
68.0
77.0
75.0
77.0
69.0
70.0
81.0
68.0
71.0
70.0
76.0
53.0
72.0
74.0
66.0
70.0
82.0
78.0
66.0
81.0
72.0
69.0
74.0
76.0
73.0
57.0
72.0
75.0
74.0
75.0
75.0
68.0
73.0
77.0
74.0
71.0
70.0
56.0
69.0
69.0
70.0
69.0
69.0
71.0
72.0
70.0
70.0
69.0
76.0
73.0
71.0
65.0
67.0
WT 4
44.0
50.0
53.0
61.0
63.0
68.0
78.0
62.0
63.0
61.0
66.0
84.0
70.0
74.0
75.0
77.0
72.0
64.0
73.0
74.0
75.0
76.0
69.0
71.0
68.0
74.0
72.0
80.0
75.0
70.0
69.0
69.0
79.0
71.0
70.0
74.0
70.0
53.0
72.0
73.0
69.0
71.0
80.0
74.0
67.0
78.0
72.0
68.0
79.0
75.0
75.0
54.0
74.0
69.0
72.0
73.0
78.0
71.0
67.0
81.0
74.0
70.0
69.0
56.0
70.0
71.0
67.0
69.0
69.0
73.0
70.0
73.0
67.0
70.0
74.0
78.0
73.0
67.0
70.0
WT 5
46.0
48.0
51.0
61.0
63.0
72.0
78.0
60.0
62.0
66.0
64.0
90.0
72.0
72.0
73.0
75.0
74.0
63.0
71.0
73.0
69.0
74.0
67.0
75.0
69.0
76.0
73.0
78.0
77.0
72.0
74.0
70.0
78.0
70.0
70.0
70.0
77.0
54.0
78.0
70.0
64.0
68.0
76.0
73.0
66.0
73.0
68.0
68.0
76.0
73.0
78.0
57.0
73.0
71.0
72.0
73.0
80.0
67.0
72.0
74.0
74.0
73.0
71.0
56.0
62.0
69.0
67.0
69.0
68.0
71.0
68.0
68.0
65.0
68.0
75.0
76.0
76.0
65.0
70.0
WT 6
48.0
49.0
52.0
68.0
60.0
70.0
73.0
62.0
62.0
67.0
66.0
84.0
69.0
75.0
74.0
75.0
72.0
65.0
75.0
73.0
67.0
76.0
66.0
78.0
70.0
75.0
73.0
85.0
74.0
76.0
71.0
68.0
82.0
65.0
65.0
73.0
74.0
53.0
75.0
71.0
60.0
71.0
79.0
77.0
68.0
80.0
68.0
69.0
75.0
79.0
68.0
56.0
71.0
72.0
75.0
72.0
80.0
68.0
66.0
77.0
74.0
71.0
78.0
54.0
65.0
71.0
67.0
72.0
74.0
69.0
69.0
73.0
66.0
75.0
71.0
78.0
76.0
67.0
69.0
WT 7
42.0
48.0
55.0
64.0
61.0
70.0
70.0
61.0
64.0
65.0
66.0
83.0
69.0
73.0
73.0
73.0
70.0
64.0
72.0
75.0
66.0
73.0
68.0
77.0
68.0
76.0
69.0
82.0
74.0
81.0
69.0
72.0
73.0
69.0
70.0
70.0
78.0
53.0
75.0
71.0
66.0
71.0
82.0
76.0
71.0
75.0
67.0
72.0
77.0
78.0
74.0
58.0
71.0
72.0
71.0
77.0
78.0
67.0
68.0
74.0
75.0
69.0
68.0
53.0
67.0
69.0
66.0
69.0
70.0
75.0
68.0
71.0
65.0
71.0
74.0
77.0
75.0
67.0
70.0
WT 8
47.0
49.0
57.0
64.0
63.0
66.0
74.0
61.0
62.0
67.0
68.0
84.0
73.0
73.0
69.0
75.0
73.0
70.0
74.0
66.0
66.0
75.0
69.0
72.0
68.0
78.0
74.0
73.0
69.0
77.0
72.0
67.0
74.0
69.0
69.0
74.0
75.0
53.0
75.0
73.0
68.0
69.0
76.0
77.0
68.0
77.0
64.0
72.0
79.0
77.0
73.0
57.0
74.0
68.0
73.0
72.0
78.0
67.0
71.0
76.0
70.0
70.0
68.0
58.0
69.0
68.0
66.0
69.0
67.0
72.0
69.0
67.0
65.0
67.0
67.0
82.0
74.0
65.0
65.0
WT 9
45.0
47.0
53.0
75.0
49.0
69.0
76.0
64.0
72.0
63.0
58.0
86.0
67.0
83.0
79.0
64.0
70.0
79.0
65.0
72.0
81.0
66.0
75.0
70.0
71.0
72.0
75.0
79.0
72.0
74.0
74.0
70.0
73.0
77.0
67.0
69.0
85.0
52.0
78.0
70.0
60.0
73.0
83.0
73.0
68.0
79.0
71.0
67.0
85.0
69.0
71.0
64.0
64.0
70.0
83.0
74.0
75.0
67.0
67.0
83.0
64.0
82.0
68.0
54.0
56.0
71.0
70.0
70.0
68.0
71.0
69.0
69.0
65.0
70.0
73.0
79.0
77.0
68.0
61.0
WT 10
47.0
54.0
54.0
50.0
76.0
72.0
70.0
64.0
54.0
64.0
74.0
84.0
71.0
63.0
77.0
91.0
72.0
54.0
84.0
74.0
58.0
84.0
63.0
77.0
71.0
75.0
71.0
77.0
73.0
72.0
74.0
71.0
77.0
64.0
73.0
73.0
80.0
52.0
73.0
75.0
71.0
70.0
76.0
80.0
66.0
80.0
71.0
70.0
72.0
83.0
72.0
49.0
77.0
72.0
64.0
77.0
79.0
70.0
70.0
73.0
84.0
58.0
72.0
54.0
75.0
67.0
61.0
70.0
69.0
70.0
71.0
69.0
66.0
71.0
71.0
78.0
75.0
65.0
74.0
WT 11
46.0
49.0
53.0
67.0
63.0
73.0
76.0
63.0
64.0
68.0
67.0
87.0
70.0
76.0
75.0
76.0
71.0
66.0
73.0
72.0
67.0
76.0
65.0
72.0
71.0
78.0
71.0
77.0
75.0
77.0
68.0
75.0
78.0
66.0
71.0
72.0
76.0
53.0
70.0
69.0
65.0
72.0
76.0
78.0
64.0
77.0
65.0
67.0
73.0
77.0
74.0
58.0
73.0
71.0
75.0
77.0
77.0
67.0
64.0
77.0
80.0
65.0
72.0
53.0
65.0
71.0
67.0
70.0
71.0
76.0
70.0
69.0
64.0
74.0
78.0
75.0
74.0
67.0
71.0
WT 12
51.0
50.0
54.0
64.0
63.0
75.0
78.0
61.0
63.0
67.0
66.0
90.0
70.0
76.0
72.0
74.0
73.0
67.0
72.0
73.0
69.0
70.0
71.0
74.0
72.0
73.0
77.0
79.0
77.0
75.0
72.0
66.0
78.0
68.0
72.0
71.0
75.0
54.0
73.0
73.0
65.0
72.0
81.0
77.0
66.0
79.0
67.0
72.0
77.0
75.0
74.0
54.0
70.0
69.0
71.0
73.0
76.0
64.0
64.0
76.0
75.0
69.0
67.0
54.0
67.0
69.0
67.0
66.0
72.0
71.0
70.0
70.0
65.0
68.0
71.0
76.0
75.0
67.0
72.0
WT 13
43.0
49.0
52.0
65.0
61.0
66.0
74.0
64.0
71.0
59.0
68.0
84.0
71.0
74.0
78.0
77.0
71.0
67.0
70.0
74.0
70.0
75.0
67.0
76.0
64.0
82.0
74.0
81.0
72.0
77.0
70.0
72.0
76.0
70.0
73.0
70.0
78.0
52.0
72.0
71.0
70.0
71.0
70.0
73.0
78.0
79.0
59.0
82.0
63.0
76.0
76.0
66.0
63.0
70.0
83.0
63.0
77.0
67.0
66.0
86.0
71.0
72.0
69.0
58.0
59.0
69.0
66.0
71.0
69.0
73.0
68.0
69.0
69.0
65.0
74.0
75.0
79.0
62.0
73.0
WT 14
43.0
48.0
53.0
61.0
61.0
74.0
77.0
65.0
54.0
73.0
66.0
82.0
70.0
81.0
71.0
75.0
75.0
64.0
74.0
75.0
66.0
75.0
68.0
72.0
73.0
73.0
70.0
83.0
80.0
73.0
76.0
64.0
79.0
69.0
71.0
68.0
76.0
53.0
81.0
72.0
61.0
69.0
88.0
75.0
56.0
78.0
81.0
56.0
86.0
79.0
73.0
47.0
82.0
71.0
62.0
83.0
78.0
67.0
65.0
68.0
83.0
73.0
69.0
49.0
65.0
66.0
70.0
68.0
73.0
67.0
70.0
71.0
70.0
69.0
73.0
74.0
71.0
73.0
63.0
WT 15
50.0
50.0
53.0
60.0
66.0
74.0
77.0
66.0
61.0
70.0
64.0
84.0
68.0
75.0
73.0
76.0
70.0
65.0
68.0
74.0
70.0
70.0
66.0
71.0
71.0
80.0
69.0
81.0
70.0
71.0
74.0
71.0
76.0
69.0
69.0
67.0
73.0
51.0
71.0
73.0
66.0
74.0
77.0
76.0
70.0
77.0
70.0
71.0
68.0
80.0
74.0
56.0
73.0
73.0
70.0
76.0
78.0
67.0
70.0
76.0
75.0
73.0
68.0
58.0
65.0
73.0
65.0
71.0
68.0
71.0
73.0
72.0
65.0
68.0
75.0
76.0
76.0
68.0
70.0
