WT 0
141.0
141.0
206.0
173.0
219.0
240.0
231.0
265.0
317.0
322.0
277.0
275.0
282.0
343.0
278.0
209.0
276.0
251.0
277.0
303.0
261.0
263.0
275.0
240.0
304.0
248.0
195.0
294.0
326.0
310.0
296.0
277.0
309.0
263.0
255.0
324.0
294.0
240.0
293.0
318.0
314.0
313.0
309.0
327.0
282.0
296.0
281.0
342.0
311.0
281.0
356.0
295.0
309.0
304.0
212.0
311.0
231.0
304.0
324.0
296.0
286.0
231.0
307.0
293.0
286.0
291.0
323.0
304.0
357.0
257.0
324.0
190.0
344.0
327.0
332.0
325.0
288.0
309.0
329.0
WT 1
133.0
149.0
175.0
145.0
252.0
234.0
261.0
256.0
291.0
311.0
277.0
268.0
305.0
307.0
277.0
218.0
277.0
258.0
289.0
289.0
297.0
291.0
279.0
235.0
290.0
252.0
255.0
309.0
307.0
313.0
307.0
264.0
287.0
306.0
259.0
326.0
251.0
264.0
277.0
333.0
314.0
301.0
311.0
326.0
349.0
286.0
280.0
317.0
312.0
328.0
314.0
290.0
339.0
296.0
238.0
361.0
241.0
361.0
337.0
299.0
285.0
234.0
294.0
302.0
298.0
285.0
285.0
276.0
324.0
255.0
323.0
212.0
311.0
331.0
337.0
306.0
318.0
267.0
311.0
WT 2
122.0
169.0
170.0
158.0
235.0
230.0
249.0
256.0
295.0
318.0
276.0
285.0
309.0
307.0
316.0
217.0
274.0
238.0
302.0
343.0
254.0
253.0
278.0
285.0
264.0
224.0
216.0
309.0
299.0
290.0
279.0
276.0
278.0
284.0
279.0
323.0
255.0
264.0
297.0
338.0
319.0
337.0
328.0
309.0
313.0
276.0
282.0
282.0
292.0
315.0
304.0
311.0
345.0
285.0
223.0
325.0
230.0
336.0
292.0
274.0
265.0
229.0
277.0
291.0
287.0
301.0
301.0
280.0
320.0
283.0
305.0
197.0
333.0
350.0
322.0
292.0
316.0
331.0
329.0
WT 3
123.0
181.0
187.0
160.0
226.0
250.0
231.0
291.0
276.0
316.0
272.0
298.0
287.0
319.0
306.0
224.0
260.0
266.0
288.0
289.0
321.0
299.0
316.0
259.0
319.0
265.0
228.0
308.0
314.0
277.0
289.0
255.0
282.0
277.0
233.0
323.0
287.0
259.0
259.0
334.0
277.0
324.0
306.0
306.0
336.0
285.0
244.0
319.0
318.0
280.0
341.0
309.0
310.0
294.0
195.0
339.0
229.0
312.0
327.0
314.0
277.0
243.0
248.0
266.0
306.0
303.0
300.0
297.0
346.0
259.0
361.0
202.0
332.0
345.0
327.0
319.0
329.0
307.0
333.0
WT 4
113.0
156.0
184.0
175.0
212.0
221.0
259.0
247.0
308.0
306.0
265.0
323.0
303.0
296.0
278.0
210.0
263.0
292.0
276.0
268.0
284.0
277.0
283.0
259.0
311.0
251.0
218.0
293.0
316.0
309.0
263.0
268.0
309.0
276.0
251.0
306.0
291.0
256.0
255.0
304.0
327.0
322.0
332.0
325.0
295.0
272.0
270.0
327.0
313.0
290.0
282.0
314.0
321.0
323.0
238.0
308.0
255.0
296.0
305.0
307.0
285.0
239.0
321.0
280.0
276.0
274.0
286.0
313.0
369.0
264.0
314.0
221.0
324.0
345.0
317.0
317.0
313.0
311.0
322.0
WT 5
129.0
167.0
188.0
172.0
238.0
254.0
212.0
254.0
304.0
317.0
272.0
305.0
269.0
285.0
292.0
218.0
288.0
265.0
283.0
291.0
291.0
274.0
311.0
275.0
336.0
235.0
206.0
246.0
290.0
290.0
312.0
303.0
289.0
246.0
225.0
313.0
262.0
240.0
280.0
309.0
315.0
322.0
313.0
307.0
320.0
275.0
264.0
352.0
314.0
305.0
334.0
290.0
314.0
315.0
248.0
331.0
244.0
309.0
312.0
309.0
294.0
238.0
339.0
293.0
271.0
292.0
309.0
307.0
331.0
278.0
342.0
199.0
335.0
343.0
324.0
329.0
319.0
313.0
317.0
WT 6
136.0
143.0
204.0
180.0
222.0
234.0
251.0
261.0
297.0
315.0
297.0
262.0
286.0
340.0
293.0
250.0
293.0
296.0
280.0
321.0
261.0
310.0
318.0
266.0
321.0
285.0
203.0
295.0
318.0
273.0
287.0
265.0
307.0
287.0
241.0
311.0
263.0
259.0
299.0
300.0
308.0
325.0
350.0
358.0
328.0
289.0
261.0
294.0
312.0
318.0
359.0
304.0
348.0
304.0
238.0
338.0
250.0
255.0
288.0
283.0
304.0
227.0
307.0
289.0
280.0
306.0
294.0
316.0
327.0
242.0
311.0
209.0
335.0
362.0
315.0
294.0
305.0
315.0
311.0
WT 7
131.0
163.0
205.0
154.0
213.0
233.0
260.0
292.0
300.0
323.0
294.0
272.0
296.0
269.0
279.0
233.0
292.0
286.0
295.0
318.0
267.0
269.0
275.0
258.0
286.0
221.0
193.0
303.0
345.0
293.0
282.0
263.0
283.0
287.0
266.0
289.0
277.0
256.0
292.0
303.0
317.0
314.0
304.0
324.0
326.0
294.0
253.0
348.0
306.0
309.0
318.0
321.0
325.0
272.0
234.0
320.0
239.0
315.0
320.0
321.0
298.0
220.0
317.0
292.0
277.0
259.0
286.0
328.0
352.0
270.0
326.0
206.0
329.0
356.0
342.0
330.0
344.0
310.0
328.0
