WT 0
19.0
15.0
28.0
18.0
22.0
31.0
14.0
32.0
19.0
30.0
29.0
36.0
26.0
26.0
40.0
25.0
24.0
42.0
29.0
28.0
30.0
33.0
32.0
33.0
33.0
30.0
30.0
28.0
22.0
34.0
31.0
35.0
31.0
34.0
11.0
33.0
50.0
31.0
14.0
32.0
44.0
27.0
30.0
29.0
28.0
31.0
14.0
44.0
27.0
26.0
19.0
40.0
19.0
30.0
44.0
24.0
20.0
44.0
30.0
30.0
32.0
26.0
22.0
38.0
31.0
26.0
34.0
22.0
30.0
39.0
33.0
32.0
19.0
34.0
25.0
31.0
35.0
32.0
29.0
38.0
WT 1
14.0
20.0
23.0
23.0
26.0
22.0
28.0
19.0
33.0
23.0
35.0
22.0
26.0
26.0
40.0
25.0
36.0
28.0
31.0
24.0
41.0
31.0
22.0
40.0
30.0
32.0
23.0
32.0
39.0
25.0
33.0
33.0
15.0
32.0
45.0
33.0
33.0
31.0
31.0
30.0
13.0
29.0
31.0
29.0
41.0
29.0
32.0
29.0
13.0
42.0
30.0
15.0
44.0
31.0
24.0
33.0
27.0
37.0
28.0
31.0
31.0
27.0
26.0
23.0
38.0
18.0
42.0
26.0
33.0
26.0
31.0
29.0
36.0
41.0
29.0
28.0
18.0
44.0
31.0
18.0
WT 2
15.0
24.0
18.0
31.0
22.0
15.0
27.0
34.0
16.0
36.0
22.0
24.0
25.0
42.0
22.0
44.0
31.0
14.0
31.0
43.0
19.0
31.0
43.0
21.0
31.0
30.0
41.0
32.0
30.0
13.0
30.0
34.0
46.0
32.0
29.0
34.0
13.0
30.0
50.0
31.0
25.0
27.0
31.0
32.0
12.0
31.0
44.0
17.0
38.0
16.0
42.0
32.0
25.0
30.0
19.0
29.0
45.0
20.0
30.0
31.0
33.0
29.0
36.0
31.0
19.0
37.0
24.0
35.0
30.0
33.0
31.0
30.0
37.0
18.0
32.0
31.0
40.0
20.0
30.0
29.0
WT 3
12.0
19.0
19.0
25.0
23.0
23.0
24.0
29.0
22.0
31.0
29.0
27.0
26.0
31.0
33.0
32.0
31.0
28.0
31.0
32.0
33.0
31.0
31.0
32.0
30.0
32.0
32.0
30.0
31.0
24.0
33.0
33.0
31.0
30.0
27.0
32.0
33.0
29.0
31.0
30.0
27.0
29.0
30.0
31.0
26.0
28.0
31.0
30.0
28.0
28.0
30.0
30.0
29.0
30.0
30.0
28.0
31.0
32.0
28.0
32.0
32.0
29.0
29.0
29.0
30.0
28.0
34.0
26.0
31.0
32.0
33.0
30.0
31.0
30.0
28.0
30.0
30.0
33.0
30.0
28.0
WT 4
14.0
19.0
21.0
24.0
23.0
22.0
23.0
29.0
22.0
30.0
28.0
27.0
22.0
31.0
33.0
32.0
31.0
29.0
30.0
32.0
31.0
33.0
30.0
33.0
31.0
33.0
32.0
30.0
33.0
24.0
31.0
33.0
31.0
31.0
29.0
32.0
32.0
31.0
31.0
29.0
27.0
30.0
29.0
31.0
27.0
32.0
31.0
31.0
27.0
28.0
31.0
29.0
27.0
33.0
29.0
28.0
32.0
33.0
30.0
31.0
32.0
29.0
29.0
30.0
30.0
25.0
35.0
27.0
30.0
32.0
32.0
30.0
32.0
29.0
29.0
31.0
31.0
33.0
30.0
28.0
WT 5
13.0
21.0
21.0
25.0
23.0
23.0
24.0
28.0
22.0
30.0
27.0
27.0
28.0
31.0
33.0
33.0
31.0
28.0
30.0
31.0
31.0
32.0
28.0
34.0
32.0
32.0
30.0
29.0
31.0
25.0
32.0
34.0
32.0
32.0
27.0
32.0
31.0
32.0
31.0
29.0
29.0
27.0
29.0
31.0
26.0
30.0
31.0
29.0
26.0
28.0
32.0
29.0
28.0
30.0
30.0
27.0
32.0
33.0
29.0
32.0
31.0
29.0
28.0
34.0
30.0
28.0
33.0
28.0
29.0
32.0
31.0
30.0
32.0
30.0
31.0
31.0
32.0
36.0
29.0
28.0
WT 6
13.0
21.0
22.0
28.0
19.0
22.0
29.0
26.0
18.0
30.0
28.0
28.0
26.0
39.0
35.0
31.0
30.0
27.0
18.0
44.0
17.0
31.0
47.0
31.0
28.0
31.0
20.0
41.0
31.0
25.0
20.0
33.0
30.0
33.0
38.0
22.0
44.0
31.0
19.0
30.0
27.0
43.0
30.0
16.0
26.0
45.0
15.0
29.0
26.0
44.0
30.0
17.0
28.0
45.0
16.0
28.0
31.0
34.0
41.0
19.0
32.0
29.0
29.0
30.0
29.0
39.0
21.0
25.0
46.0
32.0
32.0
30.0
32.0
30.0
16.0
29.0
47.0
17.0
44.0
27.0
WT 7
13.0
19.0
27.0
22.0
26.0
24.0
16.0
28.0
29.0
31.0
28.0
28.0
27.0
24.0
30.0
31.0
31.0
27.0
42.0
17.0
47.0
32.0
14.0
32.0
31.0
32.0
43.0
17.0
31.0
24.0
44.0
33.0
30.0
31.0
19.0
45.0
19.0
33.0
43.0
30.0
27.0
14.0
31.0
46.0
26.0
14.0
45.0
29.0
26.0
16.0
31.0
41.0
30.0
18.0
42.0
29.0
30.0
33.0
17.0
42.0
32.0
29.0
29.0
30.0
30.0
15.0
47.0
27.0
17.0
32.0
31.0
31.0
30.0
32.0
43.0
31.0
16.0
47.0
13.0
28.0
WT 8
13.0
21.0
21.0
25.0
23.0
23.0
21.0
29.0
22.0
30.0
25.0
26.0
26.0
31.0
37.0
31.0
31.0
28.0
29.0
30.0
33.0
31.0
31.0
33.0
32.0
29.0
31.0
30.0
30.0
23.0
32.0
32.0
31.0
31.0
28.0
32.0
33.0
32.0
33.0
30.0
29.0
28.0
28.0
32.0
27.0
29.0
29.0
31.0
25.0
29.0
30.0
29.0
28.0
30.0
30.0
27.0
30.0
33.0
30.0
31.0
33.0
28.0
31.0
30.0
31.0
27.0
33.0
25.0
30.0
32.0
31.0
30.0
31.0
32.0
31.0
27.0
31.0
32.0
31.0
28.0
WT 9
13.0
21.0
22.0
28.0
23.0
23.0
23.0
28.0
23.0
31.0
28.0
25.0
26.0
31.0
32.0
32.0
27.0
28.0
32.0
34.0
30.0
31.0
30.0
32.0
33.0
35.0
30.0
31.0
31.0
24.0
32.0
32.0
28.0
32.0
29.0
32.0
32.0
31.0
33.0
31.0
29.0
30.0
30.0
29.0
27.0
29.0
31.0
30.0
27.0
29.0
30.0
29.0
29.0
33.0
28.0
28.0
31.0
33.0
28.0
30.0
32.0
29.0
28.0
30.0
29.0
27.0
31.0
27.0
31.0
32.0
29.0
28.0
30.0
30.0
29.0
31.0
32.0
32.0
31.0
28.0
WT 10
15.0
20.0
23.0
25.0
24.0
23.0
21.0
29.0
21.0
30.0
29.0
26.0
27.0
32.0
39.0
31.0
32.0
28.0
28.0
32.0
30.0
32.0
32.0
34.0
32.0
31.0
31.0
28.0
32.0
24.0
29.0
31.0
30.0
32.0
27.0
32.0
29.0
31.0
32.0
31.0
28.0
29.0
30.0
31.0
28.0
29.0
31.0
31.0
27.0
29.0
29.0
29.0
29.0
31.0
29.0
29.0
30.0
31.0
30.0
31.0
34.0
29.0
29.0
30.0
29.0
27.0
32.0
26.0
30.0
32.0
31.0
29.0
31.0
30.0
29.0
31.0
32.0
30.0
31.0
28.0
WT 11
14.0
20.0
21.0
23.0
22.0
23.0
22.0
27.0
23.0
29.0
28.0
27.0
26.0
30.0
35.0
33.0
29.0
28.0
30.0
33.0
31.0
31.0
30.0
32.0
30.0
33.0
31.0
28.0
31.0
23.0
31.0
32.0
32.0
33.0
29.0
32.0
30.0
30.0
31.0
31.0
26.0
28.0
32.0
32.0
26.0
30.0
32.0
30.0
28.0
29.0
29.0
29.0
30.0
31.0
29.0
28.0
29.0
32.0
29.0
32.0
32.0
29.0
29.0
31.0
29.0
27.0
34.0
26.0
32.0
31.0
32.0
29.0
31.0
34.0
30.0
30.0
32.0
32.0
31.0
28.0
WT 12
13.0
22.0
23.0
25.0
21.0
22.0
25.0
28.0
22.0
30.0
27.0
28.0
26.0
32.0
33.0
34.0
30.0
29.0
29.0
33.0
37.0
24.0
37.0
33.0
22.0
38.0
32.0
30.0
31.0
24.0
26.0
32.0
30.0
38.0
29.0
28.0
34.0
31.0
33.0
27.0
35.0
29.0
29.0
29.0
26.0
31.0
31.0
30.0
24.0
32.0
30.0
24.0
28.0
31.0
29.0
35.0
30.0
25.0
29.0
37.0
32.0
29.0
23.0
30.0
28.0
37.0
32.0
26.0
31.0
32.0
31.0
29.0
30.0
33.0
29.0
31.0
31.0
31.0
31.0
28.0
WT 13
16.0
19.0
21.0
24.0
26.0
23.0
20.0
29.0
22.0
31.0
28.0
25.0
25.0
34.0
35.0
31.0
34.0
27.0
33.0
37.0
23.0
36.0
24.0
33.0
36.0
25.0
31.0
30.0
32.0
25.0
36.0
32.0
31.0
26.0
29.0
38.0
27.0
31.0
33.0
36.0
23.0
29.0
32.0
35.0
25.0
29.0
30.0
31.0
27.0
26.0
30.0
32.0
29.0
31.0
29.0
22.0
31.0
38.0
28.0
25.0
32.0
29.0
36.0
30.0
30.0
19.0
35.0
26.0
35.0
33.0
31.0
31.0
34.0
24.0
30.0
30.0
30.0
32.0
30.0
28.0
WT 14
15.0
20.0
21.0
24.0
25.0
22.0
23.0
27.0
23.0
30.0
25.0
27.0
27.0
31.0
34.0
33.0
31.0
28.0
30.0
31.0
30.0
31.0
32.0
33.0
32.0
30.0
32.0
25.0
30.0
25.0
32.0
32.0
31.0
35.0
28.0
34.0
30.0
33.0
30.0
29.0
28.0
27.0
31.0
30.0
26.0
31.0
31.0
31.0
27.0
29.0
32.0
29.0
29.0
30.0
30.0
28.0
32.0
34.0
29.0
31.0
34.0
28.0
29.0
30.0
28.0
29.0
34.0
25.0
29.0
32.0
29.0
30.0
31.0
32.0
29.0
33.0
32.0
31.0
30.0
29.0
WT 15
13.0
22.0
22.0
27.0
22.0
22.0
23.0
30.0
22.0
31.0
28.0
27.0
25.0
31.0
35.0
31.0
32.0
27.0
30.0
32.0
31.0
31.0
33.0
32.0
31.0
30.0
33.0
31.0
30.0
25.0
31.0
32.0
30.0
32.0
30.0
32.0
32.0
30.0
31.0
31.0
28.0
28.0
32.0
29.0
27.0
29.0
30.0
30.0
27.0
29.0
30.0
30.0
28.0
30.0
29.0
28.0
31.0
33.0
29.0
32.0
32.0
28.0
29.0
31.0
29.0
27.0
31.0
26.0
30.0
32.0
31.0
28.0
33.0
30.0
30.0
29.0
32.0
32.0
29.0
31.0
WT 16
12.0
19.0
23.0
25.0
23.0
20.0
23.0
29.0
22.0
32.0
28.0
26.0
26.0
31.0
32.0
32.0
31.0
27.0
29.0
31.0
31.0
31.0
30.0
31.0
31.0
32.0
32.0
30.0
30.0
25.0
32.0
33.0
30.0
32.0
29.0
32.0
32.0
31.0
32.0
30.0
27.0
29.0
30.0
31.0
27.0
29.0
31.0
32.0
25.0
28.0
30.0
29.0
28.0
31.0
28.0
29.0
30.0
34.0
27.0
32.0
31.0
29.0
31.0
30.0
30.0
29.0
33.0
27.0
29.0
33.0
29.0
28.0
33.0
30.0
30.0
29.0
33.0
33.0
30.0
28.0
WT 17
14.0
21.0
22.0
26.0
24.0
22.0
26.0
29.0
16.0
39.0
17.0
39.0
24.0
23.0
44.0
31.0
32.0
19.0
41.0
32.0
20.0
31.0
30.0
47.0
28.0
32.0
19.0
28.0
44.0
23.0
30.0
24.0
30.0
44.0
28.0
33.0
29.0
36.0
32.0
26.0
27.0
34.0
25.0
37.0
25.0
27.0
32.0
30.0
29.0
27.0
30.0
29.0
29.0
29.0
34.0
28.0
28.0
37.0
28.0
31.0
25.0
35.0
23.0
31.0
30.0
33.0
33.0
23.0
36.0
32.0
32.0
22.0
31.0
28.0
30.0
31.0
32.0
33.0
30.0
29.0
WT 18
15.0
19.0
21.0
25.0
24.0
22.0
23.0
29.0
30.0
21.0
39.0
15.0
28.0
41.0
24.0
33.0
31.0
38.0
21.0
31.0
42.0
33.0
31.0
19.0
31.0
31.0
44.0
30.0
16.0
24.0
33.0
42.0
33.0
20.0
28.0
36.0
43.0
23.0
33.0
37.0
28.0
24.0
38.0
24.0
31.0
29.0
31.0
31.0
24.0
31.0
30.0
30.0
29.0
31.0
27.0
29.0
32.0
29.0
27.0
30.0
39.0
23.0
34.0
30.0
30.0
23.0
34.0
31.0
26.0
31.0
31.0
39.0
31.0
32.0
28.0
30.0
32.0
30.0
29.0
28.0
WT 19
16.0
22.0
22.0
26.0
22.0
23.0
23.0
29.0
23.0
26.0
24.0
26.0
25.0
31.0
33.0
31.0
30.0
28.0
32.0
31.0
28.0
32.0
28.0
31.0
32.0
31.0
30.0
30.0
32.0
25.0
33.0
34.0
32.0
33.0
28.0
33.0
33.0
29.0
31.0
32.0
27.0
28.0
28.0
31.0
27.0
29.0
30.0
30.0
27.0
32.0
32.0
29.0
29.0
31.0
29.0
28.0
31.0
32.0
31.0
30.0
33.0
28.0
28.0
31.0
28.0
28.0
32.0
26.0
31.0
31.0
31.0
30.0
32.0
29.0
28.0
31.0
33.0
32.0
29.0
29.0
WT 20
15.0
17.0
22.0
25.0
23.0
24.0
22.0
29.0
22.0
31.0
28.0
28.0
24.0
31.0
32.0
31.0
30.0
27.0
31.0
31.0
32.0
32.0
32.0
32.0
35.0
31.0
30.0
28.0
30.0
27.0
31.0
34.0
30.0
33.0
28.0
34.0
32.0
31.0
31.0
30.0
27.0
29.0
31.0
31.0
29.0
28.0
31.0
31.0
27.0
29.0
29.0
29.0
29.0
30.0
27.0
28.0
32.0
32.0
27.0
32.0
33.0
29.0
29.0
30.0
29.0
27.0
31.0
27.0
32.0
32.0
30.0
31.0
32.0
29.0
29.0
32.0
32.0
34.0
30.0
28.0
WT 21
14.0
21.0
23.0
24.0
21.0
26.0
23.0
30.0
23.0
30.0
28.0
24.0
26.0
31.0
34.0
31.0
32.0
28.0
31.0
31.0
31.0
37.0
26.0
34.0
33.0
30.0
31.0
29.0
32.0
24.0
32.0
33.0
30.0
31.0
28.0
32.0
35.0
29.0
31.0
33.0
25.0
27.0
31.0
31.0
26.0
36.0
23.0
39.0
20.0
36.0
23.0
28.0
27.0
40.0
29.0
28.0
30.0
33.0
28.0
22.0
42.0
29.0
19.0
30.0
40.0
28.0
23.0
27.0
36.0
26.0
32.0
30.0
31.0
31.0
29.0
31.0
31.0
31.0
38.0
19.0
WT 22
14.0
22.0
21.0
24.0
25.0
19.0
23.0
28.0
23.0
31.0
30.0
28.0
25.0
31.0
33.0
32.0
32.0
28.0
30.0
35.0
33.0
27.0
35.0
33.0
29.0
31.0
31.0
30.0
31.0
24.0
31.0
33.0
29.0
32.0
30.0
33.0
31.0
34.0
31.0
27.0
30.0
31.0
30.0
30.0
28.0
23.0
37.0
26.0
32.0
24.0
37.0
28.0
27.0
23.0
29.0
28.0
31.0
32.0
28.0
41.0
21.0
29.0
40.0
30.0
19.0
29.0
41.0
25.0
26.0
36.0
31.0
31.0
33.0
30.0
29.0
31.0
31.0
32.0
22.0
36.0
WT 23
14.0
20.0
23.0
22.0
23.0
21.0
21.0
27.0
24.0
30.0
28.0
27.0
24.0
30.0
33.0
30.0
31.0
28.0
31.0
37.0
31.0
32.0
33.0
31.0
33.0
30.0
32.0
29.0
31.0
23.0
32.0
32.0
30.0
31.0
29.0
32.0
31.0
31.0
32.0
31.0
28.0
25.0
31.0
32.0
26.0
30.0
31.0
28.0
25.0
29.0
29.0
29.0
32.0
31.0
30.0
28.0
31.0
34.0
30.0
29.0
32.0
28.0
29.0
31.0
29.0
27.0
32.0
27.0
31.0
32.0
28.0
30.0
33.0
28.0
29.0
31.0
30.0
33.0
32.0
28.0
WT 24
17.0
20.0
22.0
23.0
22.0
23.0
23.0
29.0
23.0
29.0
26.0
26.0
26.0
32.0
33.0
33.0
29.0
28.0
31.0
33.0
31.0
30.0
30.0
31.0
29.0
30.0
32.0
29.0
31.0
24.0
31.0
34.0
29.0
30.0
27.0
31.0
34.0
30.0
33.0
31.0
28.0
28.0
29.0
32.0
26.0
30.0
30.0
30.0
26.0
29.0
31.0
30.0
29.0
34.0
29.0
27.0
31.0
32.0
30.0
32.0
32.0
30.0
29.0
30.0
30.0
28.0
33.0
26.0
31.0
32.0
31.0
30.0
30.0
30.0
29.0
32.0
30.0
31.0
29.0
29.0
WT 25
16.0
24.0
20.0
26.0
23.0
23.0
22.0
28.0
22.0
29.0
29.0
29.0
26.0
30.0
32.0
32.0
31.0
26.0
31.0
32.0
31.0
33.0
33.0
31.0
29.0
29.0
31.0
30.0
30.0
27.0
31.0
32.0
30.0
34.0
31.0
32.0
31.0
30.0
31.0
31.0
28.0
29.0
32.0
29.0
26.0
28.0
31.0
32.0
27.0
30.0
31.0
29.0
28.0
31.0
29.0
28.0
30.0
37.0
29.0
32.0
32.0
29.0
29.0
31.0
29.0
27.0
36.0
26.0
31.0
31.0
30.0
29.0
33.0
28.0
29.0
31.0
31.0
32.0
30.0
27.0
WT 26
14.0
21.0
23.0
24.0
22.0
25.0
23.0
28.0
22.0
34.0
30.0
26.0
25.0
31.0
34.0
32.0
31.0
27.0
31.0
39.0
31.0
31.0
31.0
33.0
30.0
31.0
30.0
30.0
32.0
24.0
32.0
33.0
31.0
32.0
30.0
28.0
31.0
30.0
32.0
31.0
27.0
29.0
30.0
29.0
26.0
28.0
32.0
31.0
27.0
29.0
30.0
30.0
28.0
30.0
30.0
29.0
30.0
33.0
30.0
31.0
30.0
29.0
29.0
31.0
30.0
27.0
33.0
27.0
30.0
33.0
31.0
31.0
31.0
30.0
27.0
30.0
30.0
33.0
29.0
28.0
WT 27
14.0
23.0
22.0
24.0
19.0
26.0
22.0
31.0
22.0
26.0
30.0
25.0
26.0
35.0
33.0
31.0
27.0
30.0
30.0
33.0
32.0
31.0
34.0
31.0
30.0
32.0
30.0
28.0
30.0
23.0
32.0
29.0
33.0
30.0
29.0
32.0
32.0
28.0
32.0
32.0
28.0
28.0
30.0
33.0
23.0
30.0
34.0
28.0
29.0
28.0
29.0
29.0
27.0
28.0
29.0
28.0
31.0
33.0
36.0
32.0
24.0
29.0
28.0
31.0
28.0
26.0
34.0
33.0
24.0
38.0
29.0
27.0
31.0
33.0
30.0
31.0
27.0
37.0
31.0
24.0
WT 28
14.0
19.0
21.0
24.0
27.0
19.0
25.0
27.0
23.0
35.0
23.0
31.0
26.0
27.0
34.0
32.0
32.0
26.0
34.0
32.0
31.0
30.0
33.0
34.0
27.0
31.0
30.0
30.0
29.0
26.0
29.0
33.0
28.0
34.0
28.0
31.0
31.0
32.0
33.0
26.0
28.0
30.0
32.0
28.0
30.0
30.0
28.0
33.0
25.0
30.0
33.0
27.0
29.0
31.0
29.0
29.0
32.0
31.0
22.0
32.0
36.0
29.0
29.0
31.0
27.0
28.0
34.0
19.0
36.0
26.0
32.0
33.0
31.0
26.0
30.0
32.0
34.0
30.0
31.0
29.0
WT 29
12.0
20.0
22.0
25.0
23.0
23.0
22.0
27.0
22.0
29.0
28.0
25.0
26.0
31.0
38.0
30.0
31.0
28.0
30.0
34.0
30.0
31.0
30.0
33.0
29.0
32.0
31.0
30.0
30.0
24.0
33.0
34.0
31.0
33.0
28.0
31.0
31.0
31.0
32.0
30.0
28.0
29.0
32.0
32.0
26.0
29.0
30.0
31.0
28.0
29.0
30.0
29.0
28.0
31.0
30.0
28.0
31.0
32.0
27.0
32.0
31.0
29.0
30.0
30.0
29.0
28.0
34.0
25.0
29.0
33.0
30.0
27.0
30.0
29.0
29.0
31.0
31.0
32.0
29.0
27.0
WT 30
13.0
19.0
27.0
26.0
22.0
20.0
21.0
30.0
23.0
32.0
26.0
26.0
26.0
32.0
40.0
27.0
32.0
32.0
28.0
33.0
29.0
31.0
32.0
32.0
33.0
30.0
34.0
29.0
28.0
23.0
31.0
35.0
30.0
32.0
25.0
35.0
32.0
30.0
32.0
30.0
31.0
28.0
26.0
36.0
21.0
29.0
31.0
29.0
37.0
29.0
29.0
20.0
28.0
40.0
20.0
37.0
30.0
23.0
29.0
29.0
32.0
29.0
29.0
30.0
41.0
28.0
33.0
26.0
31.0
32.0
31.0
29.0
31.0
30.0
29.0
19.0
41.0
33.0
21.0
29.0
WT 31
13.0
20.0
24.0
24.0
23.0
22.0
24.0
29.0
22.0
31.0
31.0
28.0
25.0
33.0
27.0
39.0
31.0
25.0
29.0
32.0
32.0
32.0
33.0
34.0
28.0
33.0
28.0
30.0
34.0
23.0
31.0
29.0
30.0
33.0
31.0
27.0
31.0
33.0
31.0
29.0
29.0
30.0
36.0
24.0
33.0
29.0
32.0
31.0
18.0
29.0
30.0
38.0
29.0
21.0
39.0
18.0
31.0
41.0
29.0
31.0
32.0
29.0
29.0
29.0
18.0
27.0
30.0
25.0
30.0
33.0
31.0
30.0
32.0
30.0
31.0
43.0
20.0
34.0
40.0
27.0
