WT 0
69.0
123.0
161.0
175.0
249.0
225.0
139.0
198.0
241.0
215.0
181.0
219.0
204.0
197.0
188.0
231.0
227.0
220.0
219.0
222.0
181.0
170.0
282.0
128.0
283.0
241.0
159.0
260.0
223.0
201.0
196.0
196.0
212.0
201.0
189.0
214.0
208.0
227.0
152.0
198.0
240.0
195.0
233.0
141.0
171.0
224.0
217.0
209.0
188.0
230.0
216.0
180.0
234.0
128.0
175.0
102.0
225.0
184.0
183.0
173.0
243.0
192.0
243.0
228.0
189.0
189.0
229.0
154.0
162.0
264.0
106.0
294.0
173.0
135.0
225.0
175.0
187.0
221.0
328.0
107.0
WT 1
90.0
133.0
165.0
179.0
184.0
226.0
194.0
184.0
232.0
194.0
199.0
185.0
217.0
230.0
191.0
225.0
226.0
213.0
218.0
240.0
212.0
194.0
126.0
282.0
136.0
260.0
269.0
170.0
236.0
192.0
250.0
184.0
198.0
196.0
180.0
244.0
212.0
224.0
150.0
187.0
231.0
221.0
196.0
172.0
162.0
217.0
224.0
209.0
196.0
195.0
216.0
244.0
174.0
152.0
154.0
117.0
209.0
189.0
188.0
199.0
210.0
227.0
194.0
262.0
165.0
238.0
177.0
165.0
215.0
161.0
254.0
114.0
172.0
317.0
208.0
184.0
200.0
224.0
137.0
285.0
WT 2
84.0
108.0
119.0
155.0
195.0
227.0
159.0
160.0
206.0
176.0
186.0
184.0
233.0
224.0
175.0
240.0
200.0
236.0
209.0
219.0
200.0
206.0
190.0
210.0
194.0
222.0
224.0
203.0
222.0
222.0
243.0
203.0
221.0
223.0
211.0
190.0
207.0
239.0
175.0
178.0
225.0
185.0
210.0
188.0
174.0
210.0
215.0
209.0
193.0
213.0
228.0
213.0
191.0
120.0
180.0
111.0
248.0
190.0
194.0
194.0
207.0
222.0
234.0
235.0
189.0
204.0
212.0
141.0
185.0
208.0
212.0
207.0
187.0
233.0
208.0
178.0
189.0
222.0
224.0
202.0
WT 3
64.0
120.0
150.0
181.0
212.0
225.0
168.0
193.0
255.0
214.0
197.0
210.0
213.0
212.0
168.0
210.0
196.0
198.0
194.0
246.0
203.0
170.0
199.0
208.0
194.0
242.0
195.0
244.0
229.0
223.0
206.0
216.0
232.0
196.0
186.0
226.0
192.0
216.0
172.0
223.0
250.0
199.0
195.0
198.0
157.0
234.0
230.0
223.0
206.0
179.0
215.0
230.0
196.0
157.0
155.0
120.0
227.0
191.0
187.0
197.0
230.0
213.0
209.0
234.0
196.0
229.0
202.0
159.0
205.0
213.0
168.0
187.0
169.0
221.0
221.0
159.0
200.0
193.0
195.0
196.0
WT 4
66.0
117.0
150.0
192.0
196.0
248.0
171.0
191.0
226.0
220.0
201.0
201.0
212.0
226.0
162.0
227.0
212.0
213.0
222.0
218.0
191.0
196.0
199.0
198.0
216.0
238.0
207.0
211.0
218.0
197.0
247.0
188.0
222.0
204.0
219.0
208.0
217.0
222.0
180.0
217.0
232.0
200.0
208.0
183.0
184.0
212.0
224.0
217.0
193.0
197.0
237.0
201.0
222.0
133.0
176.0
126.0
214.0
183.0
175.0
222.0
227.0
194.0
221.0
230.0
211.0
195.0
212.0
153.0
187.0
184.0
212.0
192.0
154.0
225.0
225.0
189.0
191.0
242.0
237.0
201.0
WT 5
63.0
117.0
139.0
171.0
195.0
190.0
174.0
187.0
222.0
197.0
201.0
218.0
228.0
256.0
172.0
210.0
204.0
225.0
211.0
234.0
201.0
180.0
233.0
210.0
200.0
242.0
194.0
234.0
249.0
194.0
238.0
210.0
231.0
195.0
191.0
225.0
195.0
182.0
166.0
206.0
231.0
196.0
212.0
194.0
164.0
189.0
227.0
208.0
199.0
177.0
220.0
193.0
203.0
127.0
165.0
121.0
212.0
188.0
187.0
181.0
212.0
220.0
210.0
210.0
189.0
187.0
174.0
167.0
207.0
212.0
204.0
191.0
166.0
221.0
217.0
183.0
203.0
235.0
206.0
223.0
WT 6
85.0
110.0
151.0
186.0
214.0
211.0
173.0
165.0
241.0
212.0
199.0
201.0
214.0
219.0
179.0
214.0
206.0
224.0
190.0
224.0
201.0
189.0
201.0
209.0
215.0
259.0
228.0
223.0
238.0
212.0
217.0
203.0
199.0
173.0
204.0
232.0
207.0
224.0
173.0
197.0
227.0
184.0
205.0
194.0
185.0
204.0
227.0
189.0
201.0
179.0
206.0
226.0
197.0
120.0
198.0
117.0
216.0
175.0
175.0
167.0
217.0
218.0
212.0
244.0
185.0
197.0
216.0
138.0
190.0
183.0
187.0
198.0
180.0
198.0
240.0
174.0
190.0
215.0
231.0
207.0
WT 7
67.0
132.0
135.0
181.0
195.0
216.0
151.0
169.0
205.0
202.0
194.0
189.0
226.0
244.0
172.0
188.0
205.0
216.0
211.0
234.0
183.0
180.0
196.0
192.0
208.0
241.0
210.0
218.0
208.0
227.0
236.0
197.0
200.0
193.0
191.0
226.0
210.0
204.0
153.0
202.0
234.0
206.0
211.0
201.0
155.0
215.0
216.0
194.0
197.0
191.0
227.0
210.0
217.0
129.0
153.0
110.0
205.0
179.0
195.0
202.0
211.0
205.0
186.0
239.0
198.0
230.0
191.0
186.0
191.0
206.0
188.0
217.0
174.0
221.0
199.0
175.0
203.0
234.0
235.0
190.0
WT 8
73.0
99.0
154.0
186.0
208.0
219.0
170.0
199.0
215.0
178.0
184.0
223.0
207.0
234.0
169.0
233.0
209.0
220.0
188.0
209.0
217.0
182.0
210.0
196.0
209.0
237.0
193.0
248.0
232.0
206.0
217.0
197.0
220.0
205.0
183.0
243.0
222.0
216.0
148.0
203.0
241.0
202.0
221.0
169.0
193.0
242.0
211.0
210.0
190.0
195.0
215.0
210.0
223.0
133.0
170.0
115.0
210.0
205.0
181.0
192.0
222.0
211.0
222.0
221.0
186.0
225.0
201.0
146.0
183.0
209.0
195.0
222.0
173.0
203.0
197.0
183.0
183.0
214.0
232.0
201.0
WT 9
82.0
103.0
160.0
192.0
160.0
214.0
175.0
257.0
121.0
196.0
260.0
146.0
239.0
234.0
171.0
219.0
217.0
230.0
210.0
194.0
216.0
203.0
194.0
214.0
211.0
239.0
214.0
190.0
246.0
179.0
210.0
167.0
234.0
182.0
174.0
231.0
193.0
225.0
166.0
170.0
324.0
203.0
221.0
165.0
185.0
194.0
65.0
203.0
193.0
203.0
394.0
208.0
51.0
264.0
52.0
217.0
136.0
287.0
188.0
199.0
195.0
215.0
167.0
256.0
158.0
189.0
280.0
96.0
192.0
298.0
90.0
213.0
266.0
245.0
214.0
43.0
352.0
237.0
219.0
82.0
WT 10
59.0
126.0
161.0
183.0
225.0
222.0
179.0
109.0
300.0
163.0
115.0
278.0
156.0
242.0
180.0
240.0
224.0
205.0
193.0
244.0
190.0
184.0
212.0
197.0
196.0
222.0
224.0
259.0
175.0
192.0
246.0
205.0
175.0
187.0
209.0
241.0
208.0
236.0
151.0
212.0
134.0
191.0
209.0
172.0
173.0
208.0
334.0
205.0
205.0
211.0
38.0
211.0
371.0
9.0
266.0
9.0
332.0
89.0
179.0
212.0
231.0
236.0
254.0
195.0
241.0
213.0
130.0
254.0
186.0
131.0
278.0
197.0
65.0
227.0
215.0
317.0
40.0
252.0
243.0
335.0
WT 11
64.0
118.0
140.0
191.0
197.0
211.0
154.0
176.0
240.0
198.0
202.0
196.0
223.0
246.0
193.0
239.0
207.0
229.0
199.0
227.0
208.0
196.0
206.0
208.0
212.0
261.0
200.0
230.0
228.0
190.0
206.0
195.0
236.0
208.0
189.0
241.0
199.0
230.0
158.0
193.0
214.0
202.0
213.0
184.0
170.0
213.0
224.0
201.0
200.0
199.0
198.0
205.0
192.0
127.0
181.0
102.0
214.0
209.0
192.0
194.0
215.0
217.0
222.0
205.0
181.0
209.0
227.0
179.0
190.0
214.0
182.0
200.0
164.0
222.0
220.0
162.0
209.0
221.0
232.0
199.0
WT 12
69.0
124.0
157.0
178.0
205.0
205.0
179.0
175.0
208.0
213.0
173.0
224.0
208.0
267.0
175.0
224.0
209.0
236.0
189.0
230.0
203.0
182.0
183.0
189.0
205.0
250.0
200.0
220.0
223.0
195.0
257.0
180.0
209.0
198.0
201.0
214.0
189.0
223.0
170.0
192.0
231.0
189.0
221.0
194.0
144.0
218.0
215.0
216.0
212.0
206.0
212.0
219.0
206.0
144.0
179.0
125.0
235.0
205.0
197.0
212.0
213.0
207.0
192.0
229.0
170.0
199.0
202.0
177.0
185.0
187.0
180.0
214.0
153.0
236.0
213.0
169.0
191.0
226.0
213.0
189.0
WT 13
78.0
109.0
151.0
170.0
208.0
209.0
178.0
178.0
232.0
222.0
120.0
240.0
220.0
226.0
175.0
206.0
207.0
269.0
138.0
229.0
276.0
111.0
203.0
273.0
138.0
315.0
137.0
324.0
224.0
115.0
321.0
104.0
222.0
177.0
164.0
284.0
226.0
176.0
198.0
186.0
230.0
181.0
232.0
170.0
179.0
226.0
186.0
213.0
202.0
229.0
197.0
201.0
209.0
123.0
164.0
132.0
209.0
217.0
171.0
162.0
192.0
238.0
201.0
232.0
213.0
125.0
291.0
88.0
257.0
150.0
251.0
122.0
253.0
223.0
211.0
76.0
181.0
220.0
342.0
117.0
WT 14
77.0
104.0
155.0
190.0
201.0
215.0
142.0
204.0
238.0
153.0
218.0
182.0
236.0
241.0
175.0
230.0
223.0
162.0
264.0
221.0
134.0
245.0
215.0
142.0
275.0
164.0
296.0
160.0
216.0
281.0
169.0
263.0
183.0
189.0
189.0
156.0
222.0
268.0
150.0
210.0
216.0
188.0
194.0
224.0
158.0
189.0
242.0
211.0
205.0
178.0
198.0
197.0
222.0
150.0
164.0
101.0
250.0
145.0
191.0
201.0
199.0
212.0
230.0
218.0
159.0
257.0
124.0
237.0
131.0
256.0
146.0
262.0
75.0
204.0
230.0
270.0
197.0
208.0
148.0
308.0
WT 15
77.0
112.0
134.0
195.0
215.0
225.0
141.0
198.0
244.0
205.0
199.0
230.0
208.0
235.0
171.0
235.0
218.0
218.0
206.0
237.0
219.0
191.0
180.0
225.0
217.0
238.0
207.0
213.0
209.0
198.0
230.0
197.0
192.0
181.0
203.0
212.0
197.0
233.0
153.0
197.0
238.0
188.0
223.0
192.0
178.0
223.0
225.0
215.0
181.0
211.0
208.0
213.0
214.0
139.0
165.0
128.0
200.0
195.0
190.0
183.0
204.0
222.0
201.0
229.0
186.0
219.0
208.0
189.0
180.0
220.0
174.0
184.0
148.0
231.0
221.0
188.0
196.0
207.0
231.0
191.0
