WT 0
33.0
45.0
42.0
51.0
52.0
50.0
48.0
55.0
54.0
60.0
51.0
53.0
55.0
59.0
60.0
61.0
61.0
62.0
61.0
51.0
78.0
44.0
59.0
61.0
78.0
41.0
81.0
39.0
57.0
81.0
58.0
45.0
76.0
54.0
65.0
49.0
68.0
58.0
47.0
58.0
58.0
78.0
61.0
39.0
80.0
58.0
38.0
56.0
81.0
60.0
59.0
38.0
62.0
56.0
76.0
66.0
36.0
60.0
83.0
36.0
57.0
52.0
89.0
26.0
86.0
60.0
61.0
34.0
90.0
29.0
87.0
40.0
79.0
56.0
62.0
62.0
58.0
59.0
37.0
WT 1
36.0
46.0
42.0
46.0
53.0
50.0
54.0
57.0
54.0
47.0
51.0
53.0
69.0
61.0
58.0
61.0
41.0
61.0
61.0
79.0
44.0
80.0
58.0
62.0
43.0
74.0
47.0
76.0
58.0
42.0
61.0
76.0
47.0
57.0
67.0
68.0
49.0
56.0
69.0
59.0
61.0
47.0
59.0
74.0
45.0
58.0
76.0
58.0
40.0
62.0
56.0
79.0
60.0
59.0
30.0
65.0
87.0
58.0
36.0
81.0
60.0
54.0
34.0
82.0
28.0
59.0
64.0
89.0
36.0
82.0
38.0
84.0
39.0
58.0
57.0
59.0
58.0
64.0
80.0
WT 2
33.0
44.0
39.0
50.0
54.0
53.0
48.0
56.0
55.0
54.0
50.0
52.0
64.0
63.0
55.0
63.0
53.0
62.0
63.0
63.0
60.0
59.0
58.0
62.0
58.0
64.0
63.0
58.0
62.0
59.0
57.0
59.0
60.0
56.0
65.0
55.0
59.0
59.0
58.0
58.0
60.0
63.0
59.0
58.0
62.0
55.0
57.0
58.0
61.0
60.0
57.0
58.0
64.0
62.0
57.0
66.0
61.0
62.0
56.0
57.0
56.0
54.0
62.0
55.0
60.0
59.0
66.0
61.0
64.0
54.0
60.0
63.0
59.0
59.0
65.0
61.0
57.0
63.0
58.0
WT 3
33.0
43.0
43.0
47.0
50.0
52.0
51.0
56.0
60.0
53.0
50.0
53.0
61.0
61.0
62.0
59.0
51.0
62.0
62.0
63.0
57.0
59.0
60.0
59.0
59.0
60.0
63.0
58.0
59.0
61.0
60.0
59.0
59.0
53.0
64.0
53.0
61.0
61.0
59.0
60.0
58.0
61.0
56.0
59.0
62.0
59.0
56.0
59.0
59.0
60.0
57.0
61.0
58.0
60.0
54.0
65.0
63.0
59.0
58.0
58.0
57.0
51.0
62.0
55.0
57.0
57.0
63.0
62.0
61.0
56.0
65.0
62.0
60.0
62.0
64.0
61.0
58.0
64.0
61.0
WT 4
31.0
45.0
42.0
49.0
52.0
51.0
50.0
58.0
55.0
52.0
50.0
55.0
63.0
60.0
61.0
62.0
49.0
62.0
61.0
63.0
59.0
62.0
60.0
60.0
59.0
60.0
63.0
58.0
59.0
59.0
60.0
59.0
60.0
55.0
68.0
57.0
62.0
59.0
56.0
60.0
60.0
60.0
59.0
57.0
64.0
59.0
56.0
56.0
58.0
61.0
58.0
59.0
61.0
59.0
56.0
67.0
60.0
59.0
58.0
59.0
56.0
52.0
58.0
54.0
55.0
59.0
64.0
60.0
62.0
56.0
62.0
63.0
60.0
60.0
64.0
60.0
56.0
66.0
59.0
WT 5
33.0
46.0
44.0
51.0
55.0
54.0
50.0
60.0
55.0
53.0
51.0
54.0
63.0
59.0
59.0
64.0
51.0
62.0
59.0
67.0
57.0
57.0
61.0
61.0
60.0
57.0
60.0
56.0
59.0
60.0
59.0
60.0
60.0
56.0
64.0
59.0
59.0
60.0
54.0
58.0
60.0
64.0
59.0
56.0
64.0
58.0
58.0
57.0
60.0
61.0
56.0
59.0
62.0
59.0
55.0
61.0
61.0
58.0
57.0
58.0
58.0
50.0
62.0
55.0
59.0
60.0
63.0
62.0
62.0
55.0
64.0
61.0
60.0
59.0
63.0
57.0
60.0
64.0
60.0
WT 6
32.0
43.0
39.0
49.0
55.0
51.0
52.0
56.0
58.0
57.0
49.0
52.0
61.0
63.0
54.0
61.0
51.0
62.0
62.0
67.0
60.0
62.0
58.0
63.0
58.0
60.0
62.0
56.0
60.0
62.0
56.0
59.0
58.0
58.0
66.0
57.0
61.0
60.0
57.0
59.0
58.0
62.0
60.0
56.0
63.0
59.0
57.0
57.0
59.0
59.0
57.0
61.0
59.0
60.0
55.0
61.0
61.0
58.0
58.0
59.0
60.0
53.0
61.0
54.0
59.0
58.0
64.0
60.0
62.0
56.0
64.0
62.0
58.0
58.0
63.0
61.0
60.0
64.0
60.0
WT 7
34.0
42.0
44.0
47.0
52.0
49.0
51.0
59.0
56.0
55.0
51.0
51.0
62.0
62.0
59.0
59.0
50.0
61.0
61.0
64.0
59.0
57.0
58.0
63.0
60.0
60.0
63.0
58.0
60.0
61.0
59.0
60.0
61.0
56.0
67.0
57.0
63.0
60.0
58.0
61.0
60.0
62.0
58.0
57.0
64.0
59.0
58.0
57.0
60.0
59.0
56.0
60.0
60.0
59.0
55.0
65.0
62.0
59.0
58.0
57.0
58.0
55.0
60.0
54.0
59.0
60.0
65.0
60.0
62.0
56.0
62.0
61.0
60.0
59.0
63.0
60.0
59.0
64.0
58.0
WT 8
33.0
43.0
43.0
49.0
53.0
52.0
48.0
57.0
54.0
54.0
48.0
54.0
61.0
62.0
59.0
60.0
53.0
59.0
62.0
64.0
61.0
59.0
63.0
63.0
60.0
61.0
61.0
56.0
57.0
61.0
59.0
61.0
62.0
56.0
68.0
57.0
61.0
62.0
57.0
59.0
60.0
61.0
59.0
58.0
62.0
54.0
61.0
56.0
57.0
61.0
56.0
61.0
61.0
62.0
54.0
67.0
63.0
59.0
58.0
59.0
58.0
52.0
58.0
55.0
60.0
57.0
63.0
62.0
63.0
56.0
60.0
62.0
61.0
59.0
63.0
59.0
57.0
64.0
61.0
WT 9
32.0
40.0
41.0
53.0
49.0
58.0
47.0
53.0
56.0
55.0
42.0
62.0
58.0
61.0
61.0
67.0
53.0
66.0
63.0
66.0
48.0
58.0
72.0
62.0
58.0
58.0
48.0
71.0
59.0
60.0
57.0
46.0
59.0
56.0
63.0
56.0
79.0
61.0
32.0
59.0
82.0
35.0
59.0
86.0
35.0
84.0
56.0
57.0
58.0
37.0
80.0
31.0
91.0
24.0
91.0
66.0
63.0
21.0
96.0
59.0
57.0
19.0
60.0
53.0
97.0
21.0
65.0
94.0
28.0
56.0
100.0
28.0
93.0
58.0
32.0
59.0
94.0
61.0
27.0
WT 10
32.0
44.0
42.0
45.0
58.0
43.0
52.0
62.0
48.0
51.0
58.0
46.0
69.0
61.0
63.0
57.0
50.0
62.0
63.0
64.0
74.0
61.0
43.0
61.0
57.0
60.0
75.0
43.0
59.0
61.0
58.0
71.0
60.0
59.0
63.0
56.0
41.0
58.0
79.0
60.0
34.0
87.0
58.0
31.0
91.0
30.0
58.0
57.0
58.0
85.0
31.0
85.0
31.0
92.0
18.0
64.0
63.0
96.0
20.0
59.0
58.0
92.0
59.0
56.0
22.0
96.0
64.0
26.0
95.0
55.0
32.0
95.0
29.0
59.0
95.0
62.0
23.0
64.0
93.0
WT 11
34.0
42.0
43.0
52.0
53.0
53.0
52.0
59.0
56.0
53.0
49.0
56.0
62.0
60.0
57.0
62.0
50.0
62.0
64.0
61.0
61.0
60.0
56.0
60.0
60.0
58.0
60.0
59.0
58.0
59.0
57.0
60.0
60.0
56.0
63.0
59.0
59.0
60.0
55.0
59.0
58.0
59.0
59.0
58.0
61.0
58.0
59.0
56.0
58.0
59.0
57.0
59.0
62.0
59.0
57.0
62.0
62.0
59.0
58.0
57.0
58.0
57.0
60.0
55.0
60.0
58.0
64.0
62.0
63.0
56.0
65.0
63.0
58.0
58.0
64.0
61.0
59.0
63.0
58.0
WT 12
33.0
44.0
40.0
49.0
54.0
53.0
53.0
59.0
54.0
54.0
48.0
53.0
61.0
57.0
58.0
60.0
49.0
65.0
59.0
63.0
61.0
60.0
59.0
61.0
60.0
59.0
64.0
57.0
57.0
62.0
57.0
59.0
60.0
55.0
65.0
55.0
59.0
59.0
59.0
61.0
59.0
59.0
59.0
57.0
64.0
57.0
57.0
55.0
60.0
59.0
56.0
59.0
61.0
60.0
53.0
64.0
60.0
59.0
56.0
58.0
57.0
51.0
61.0
55.0
61.0
59.0
64.0
61.0
62.0
55.0
64.0
63.0
61.0
59.0
64.0
61.0
59.0
59.0
61.0
WT 13
30.0
44.0
42.0
48.0
56.0
50.0
50.0
54.0
53.0
54.0
52.0
50.0
66.0
58.0
60.0
62.0
57.0
63.0
54.0
67.0
69.0
60.0
59.0
52.0
59.0
59.0
73.0
58.0
50.0
64.0
58.0
71.0
50.0
63.0
60.0
62.0
61.0
61.0
57.0
50.0
70.0
51.0
57.0
59.0
61.0
70.0
57.0
44.0
73.0
61.0
56.0
45.0
60.0
73.0
43.0
78.0
49.0
71.0
45.0
58.0
73.0
40.0
75.0
54.0
58.0
59.0
63.0
54.0
71.0
43.0
79.0
64.0
61.0
59.0
43.0
82.0
55.0
62.0
60.0
WT 14
32.0
40.0
46.0
48.0
51.0
55.0
43.0
56.0
60.0
52.0
46.0
56.0
60.0
66.0
62.0
62.0
44.0
62.0
70.0
68.0
51.0
59.0
60.0
69.0
60.0
60.0
52.0
58.0
73.0
62.0
59.0
48.0
71.0
48.0
73.0
48.0
59.0
61.0
57.0
69.0
49.0
73.0
59.0
57.0
64.0
44.0
57.0
71.0
44.0
59.0
58.0
72.0
60.0
47.0
68.0
53.0
75.0
45.0
72.0
59.0
43.0
69.0
49.0
53.0
61.0
60.0
64.0
70.0
52.0
66.0
53.0
59.0
60.0
59.0
84.0
42.0
59.0
65.0
60.0
WT 15
33.0
42.0
41.0
48.0
53.0
52.0
50.0
59.0
54.0
52.0
50.0
53.0
61.0
62.0
63.0
62.0
49.0
62.0
61.0
64.0
59.0
61.0
59.0
62.0
61.0
58.0
62.0
56.0
58.0
59.0
58.0
59.0
61.0
56.0
62.0
56.0
59.0
58.0
59.0
61.0
58.0
59.0
60.0
58.0
62.0
60.0
54.0
57.0
59.0
61.0
53.0
58.0
62.0
60.0
56.0
64.0
60.0
60.0
61.0
59.0
59.0
54.0
63.0
55.0
58.0
61.0
63.0
61.0
62.0
55.0
66.0
61.0
61.0
58.0
65.0
63.0
59.0
63.0
60.0
