WT 0
9.0
13.0
13.0
12.0
13.0
16.0
13.0
18.0
18.0
20.0
18.0
20.0
19.0
21.0
17.0
18.0
19.0
21.0
20.0
22.0
20.0
19.0
19.0
21.0
21.0
18.0
19.0
19.0
18.0
20.0
21.0
17.0
21.0
19.0
18.0
20.0
18.0
19.0
20.0
19.0
18.0
19.0
17.0
17.0
20.0
20.0
16.0
17.0
18.0
18.0
14.0
19.0
19.0
20.0
20.0
18.0
17.0
18.0
18.0
19.0
18.0
18.0
17.0
19.0
22.0
20.0
16.0
18.0
22.0
20.0
20.0
20.0
20.0
18.0
20.0
15.0
21.0
21.0
20.0
WT 1
11.0
12.0
15.0
12.0
13.0
15.0
14.0
17.0
17.0
19.0
20.0
20.0
21.0
18.0
18.0
19.0
20.0
21.0
20.0
22.0
19.0
19.0
21.0
20.0
18.0
19.0
19.0
18.0
17.0
20.0
22.0
17.0
19.0
20.0
17.0
19.0
19.0
18.0
19.0
20.0
18.0
18.0
18.0
19.0
19.0
19.0
18.0
20.0
18.0
17.0
13.0
20.0
18.0
19.0
18.0
20.0
16.0
18.0
18.0
19.0
18.0
17.0
19.0
19.0
19.0
17.0
19.0
19.0
23.0
20.0
20.0
18.0
19.0
19.0
19.0
15.0
20.0
22.0
20.0
WT 2
8.0
13.0
13.0
12.0
15.0
15.0
13.0
17.0
17.0
17.0
18.0
21.0
23.0
21.0
20.0
20.0
19.0
21.0
20.0
21.0
22.0
17.0
19.0
20.0
20.0
19.0
21.0
17.0
16.0
20.0
21.0
15.0
19.0
19.0
17.0
21.0
19.0
18.0
17.0
22.0
19.0
18.0
17.0
19.0
21.0
19.0
18.0
20.0
20.0
20.0
14.0
19.0
19.0
20.0
17.0
19.0
16.0
17.0
20.0
19.0
20.0
18.0
19.0
19.0
20.0
17.0
17.0
18.0
23.0
19.0
19.0
21.0
19.0
17.0
20.0
15.0
19.0
21.0
19.0
WT 3
8.0
12.0
12.0
12.0
16.0
15.0
13.0
18.0
17.0
19.0
19.0
19.0
21.0
20.0
19.0
18.0
18.0
20.0
20.0
22.0
20.0
19.0
20.0
22.0
19.0
22.0
20.0
16.0
19.0
19.0
22.0
16.0
20.0
19.0
18.0
19.0
19.0
21.0
17.0
19.0
19.0
20.0
17.0
21.0
18.0
21.0
17.0
21.0
20.0
20.0
13.0
20.0
19.0
19.0
18.0
19.0
17.0
17.0
20.0
18.0
18.0
18.0
19.0
20.0
19.0
19.0
17.0
19.0
22.0
20.0
20.0
23.0
17.0
19.0
19.0
15.0
18.0
21.0
19.0
WT 4
8.0
12.0
13.0
12.0
14.0
14.0
14.0
16.0
18.0
18.0
22.0
20.0
21.0
20.0
19.0
20.0
19.0
21.0
20.0
19.0
20.0
18.0
19.0
24.0
16.0
20.0
24.0
18.0
20.0
18.0
22.0
16.0
12.0
19.0
19.0
20.0
28.0
18.0
9.0
20.0
18.0
21.0
16.0
19.0
14.0
25.0
12.0
19.0
24.0
20.0
13.0
22.0
19.0
18.0
9.0
28.0
16.0
18.0
20.0
19.0
5.0
34.0
18.0
19.0
19.0
19.0
18.0
19.0
22.0
20.0
19.0
6.0
19.0
19.0
20.0
16.0
21.0
20.0
36.0
WT 5
10.0
11.0
13.0
12.0
13.0
15.0
11.0
19.0
17.0
18.0
19.0
23.0
21.0
20.0
21.0
19.0
20.0
17.0
20.0
23.0
21.0
19.0
20.0
15.0
22.0
23.0
16.0
17.0
18.0
18.0
20.0
17.0
27.0
19.0
19.0
21.0
9.0
18.0
28.0
17.0
18.0
11.0
17.0
17.0
25.0
14.0
23.0
18.0
13.0
20.0
13.0
20.0
19.0
18.0
26.0
9.0
14.0
18.0
19.0
19.0
31.0
6.0
18.0
19.0
19.0
19.0
17.0
19.0
22.0
21.0
20.0
35.0
19.0
19.0
21.0
15.0
21.0
21.0
5.0
WT 6
8.0
12.0
14.0
12.0
16.0
16.0
10.0
18.0
16.0
18.0
16.0
21.0
21.0
21.0
19.0
19.0
19.0
21.0
20.0
22.0
21.0
18.0
19.0
20.0
20.0
21.0
21.0
17.0
18.0
19.0
22.0
15.0
21.0
19.0
19.0
19.0
20.0
17.0
17.0
17.0
20.0
17.0
17.0
17.0
21.0
18.0
18.0
19.0
18.0
18.0
14.0
19.0
19.0
19.0
16.0
20.0
17.0
16.0
19.0
21.0
18.0
19.0
19.0
19.0
18.0
19.0
17.0
19.0
25.0
20.0
20.0
20.0
20.0
19.0
19.0
14.0
19.0
21.0
19.0
WT 7
6.0
12.0
14.0
11.0
15.0
15.0
12.0
17.0
16.0
17.0
17.0
19.0
21.0
21.0
19.0
20.0
19.0
22.0
21.0
22.0
20.0
21.0
20.0
19.0
20.0
21.0
20.0
18.0
18.0
22.0
22.0
16.0
20.0
20.0
20.0
19.0
20.0
19.0
18.0
19.0
18.0
18.0
16.0
19.0
22.0
21.0
18.0
16.0
19.0
19.0
13.0
19.0
20.0
21.0
17.0
19.0
15.0
18.0
19.0
19.0
18.0
20.0
18.0
19.0
19.0
19.0
17.0
17.0
21.0
21.0
21.0
19.0
19.0
18.0
20.0
16.0
20.0
20.0
22.0
WT 8
10.0
11.0
13.0
13.0
15.0
15.0
13.0
17.0
15.0
19.0
16.0
20.0
20.0
19.0
19.0
27.0
6.0
33.0
19.0
7.0
32.0
18.0
20.0
19.0
20.0
19.0
9.0
29.0
8.0
20.0
22.0
17.0
17.0
29.0
8.0
30.0
10.0
19.0
28.0
19.0
10.0
18.0
17.0
17.0
28.0
12.0
24.0
17.0
13.0
24.0
14.0
20.0
18.0
19.0
17.0
15.0
18.0
18.0
18.0
19.0
17.0
18.0
21.0
18.0
19.0
18.0
18.0
18.0
22.0
19.0
20.0
20.0
18.0
19.0
20.0
15.0
20.0
21.0
20.0
WT 9
7.0
15.0
13.0
11.0
15.0
16.0
14.0
17.0
17.0
21.0
18.0
18.0
20.0
22.0
20.0
7.0
30.0
7.0
19.0
33.0
7.0
18.0
19.0
20.0
19.0
21.0
32.0
7.0
28.0
20.0
21.0
17.0
19.0
9.0
28.0
9.0
29.0
17.0
11.0
20.0
27.0
17.0
17.0
19.0
12.0
25.0
12.0
19.0
23.0
12.0
13.0
23.0
19.0
19.0
18.0
19.0
16.0
15.0
18.0
21.0
20.0
17.0
18.0
17.0
19.0
18.0
18.0
18.0
23.0
19.0
21.0
20.0
19.0
19.0
19.0
15.0
20.0
21.0
18.0
WT 10
8.0
12.0
14.0
12.0
14.0
15.0
13.0
17.0
17.0
17.0
18.0
21.0
22.0
20.0
20.0
19.0
20.0
19.0
20.0
20.0
21.0
20.0
20.0
23.0
21.0
22.0
20.0
18.0
18.0
19.0
21.0
16.0
18.0
20.0
18.0
22.0
20.0
18.0
19.0
19.0
17.0
18.0
18.0
19.0
19.0
19.0
18.0
19.0
19.0
19.0
13.0
20.0
18.0
18.0
18.0
19.0
16.0
18.0
19.0
20.0
18.0
19.0
17.0
19.0
20.0
17.0
17.0
19.0
22.0
20.0
19.0
21.0
18.0
18.0
19.0
17.0
20.0
20.0
19.0
WT 11
9.0
12.0
14.0
14.0
16.0
10.0
13.0
17.0
23.0
19.0
13.0
19.0
20.0
19.0
18.0
20.0
17.0
20.0
19.0
33.0
9.0
19.0
19.0
20.0
20.0
33.0
9.0
19.0
20.0
20.0
21.0
18.0
20.0
17.0
36.0
19.0
3.0
17.0
17.0
39.0
1.0
17.0
17.0
18.0
20.0
20.0
37.0
1.0
18.0
19.0
13.0
19.0
39.0
2.0
19.0
38.0
17.0
17.0
18.0
2.0
18.0
18.0
39.0
19.0
20.0
3.0
17.0
42.0
2.0
43.0
2.0
20.0
18.0
19.0
19.0
15.0
20.0
43.0
2.0
WT 12
15.0
12.0
14.0
5.0
15.0
20.0
13.0
17.0
11.0
19.0
24.0
19.0
20.0
21.0
18.0
19.0
19.0
21.0
21.0
12.0
31.0
20.0
19.0
21.0
19.0
9.0
32.0
19.0
19.0
24.0
21.0
17.0
22.0
19.0
2.0
18.0
37.0
18.0
19.0
0.0
37.0
18.0
16.0
18.0
20.0
21.0
2.0
38.0
18.0
20.0
13.0
19.0
2.0
39.0
18.0
1.0
15.0
17.0
18.0
40.0
18.0
18.0
3.0
19.0
20.0
40.0
18.0
4.0
46.0
4.0
42.0
20.0
17.0
19.0
20.0
15.0
20.0
1.0
43.0
WT 13
10.0
11.0
13.0
13.0
16.0
17.0
11.0
18.0
17.0
19.0
18.0
19.0
22.0
20.0
19.0
19.0
17.0
17.0
19.0
19.0
21.0
18.0
32.0
19.0
19.0
12.0
21.0
18.0
18.0
27.0
21.0
17.0
20.0
10.0
27.0
19.0
19.0
20.0
21.0
18.0
19.0
18.0
16.0
17.0
8.0
19.0
18.0
17.0
32.0
4.0
13.0
20.0
33.0
4.0
17.0
38.0
6.0
18.0
20.0
19.0
18.0
16.0
18.0
41.0
19.0
3.0
17.0
36.0
5.0
19.0
21.0
20.0
33.0
6.0
19.0
14.0
35.0
18.0
8.0
WT 14
10.0
12.0
13.0
11.0
15.0
16.0
13.0
17.0
17.0
19.0
19.0
20.0
21.0
20.0
19.0
17.0
17.0
26.0
20.0
24.0
22.0
19.0
7.0
20.0
19.0
30.0
19.0
19.0
18.0
12.0
21.0
17.0
20.0
26.0
11.0
18.0
19.0
19.0
17.0
19.0
19.0
17.0
17.0
19.0
29.0
19.0
17.0
22.0
5.0
33.0
13.0
19.0
4.0
35.0
19.0
1.0
37.0
17.0
19.0
18.0
18.0
18.0
18.0
3.0
20.0
37.0
18.0
1.0
40.0
19.0
20.0
19.0
2.0
34.0
18.0
16.0
6.0
21.0
32.0
WT 15
7.0
12.0
13.0
11.0
14.0
14.0
12.0
17.0
17.0
19.0
17.0
20.0
20.0
18.0
22.0
19.0
19.0
19.0
20.0
18.0
21.0
19.0
18.0
20.0
19.0
21.0
20.0
17.0
18.0
19.0
21.0
17.0
20.0
20.0
20.0
19.0
17.0
18.0
17.0
18.0
17.0
18.0
17.0
19.0
19.0
18.0
18.0
19.0
19.0
20.0
13.0
20.0
19.0
17.0
17.0
19.0
16.0
18.0
19.0
17.0
18.0
18.0
18.0
19.0
18.0
19.0
17.0
18.0
25.0
19.0
21.0
21.0
18.0
19.0
19.0
15.0
20.0
21.0
19.0
WT 16
8.0
12.0
13.0
12.0
15.0
14.0
15.0
16.0
18.0
20.0
20.0
19.0
22.0
20.0
18.0
19.0
18.0
21.0
19.0
21.0
20.0
18.0
19.0
18.0
20.0
20.0
19.0
17.0
18.0
20.0
21.0
17.0
18.0
20.0
18.0
20.0
19.0
18.0
19.0
20.0
19.0
18.0
18.0
18.0
21.0
19.0
18.0
17.0
18.0
19.0
12.0
19.0
21.0
19.0
18.0
19.0
17.0
17.0
19.0
19.0
18.0
18.0
18.0
19.0
20.0
19.0
17.0
20.0
20.0
18.0
20.0
20.0
20.0
19.0
19.0
15.0
20.0
22.0
20.0
WT 17
9.0
12.0
13.0
12.0
16.0
15.0
13.0
16.0
17.0
19.0
19.0
20.0
21.0
20.0
19.0
18.0
19.0
19.0
21.0
22.0
21.0
21.0
20.0
18.0
19.0
22.0
20.0
17.0
18.0
20.0
21.0
16.0
19.0
19.0
19.0
18.0
18.0
18.0
19.0
19.0
18.0
17.0
17.0
20.0
20.0
19.0
18.0
20.0
17.0
18.0
13.0
20.0
19.0
19.0
17.0
19.0
15.0
19.0
19.0
19.0
18.0
20.0
18.0
19.0
19.0
18.0
17.0
18.0
23.0
19.0
20.0
22.0
19.0
19.0
19.0
16.0
19.0
20.0
19.0
WT 18
8.0
12.0
14.0
12.0
16.0
15.0
13.0
18.0
17.0
19.0
20.0
19.0
21.0
20.0
16.0
18.0
16.0
19.0
20.0
19.0
19.0
19.0
19.0
21.0
21.0
24.0
21.0
17.0
17.0
20.0
21.0
18.0
21.0
19.0
19.0
19.0
20.0
18.0
20.0
20.0
18.0
18.0
17.0
18.0
22.0
19.0
18.0
19.0
19.0
19.0
13.0
20.0
18.0
19.0
16.0
19.0
16.0
18.0
17.0
18.0
17.0
18.0
18.0
19.0
19.0
18.0
16.0
19.0
22.0
20.0
20.0
21.0
19.0
19.0
17.0
15.0
21.0
21.0
19.0
WT 19
8.0
15.0
14.0
9.0
14.0
17.0
13.0
18.0
17.0
18.0
19.0
19.0
21.0
20.0
21.0
17.0
18.0
25.0
22.0
15.0
20.0
19.0
19.0
19.0
27.0
20.0
14.0
19.0
17.0
20.0
21.0
16.0
19.0
18.0
21.0
21.0
19.0
17.0
19.0
17.0
18.0
17.0
17.0
22.0
15.0
23.0
14.0
19.0
21.0
20.0
13.0
19.0
19.0
19.0
17.0
20.0
17.0
18.0
18.0
19.0
18.0
18.0
18.0
19.0
20.0
18.0
18.0
17.0
25.0
19.0
20.0
20.0
19.0
20.0
18.0
16.0
20.0
22.0
19.0
WT 20
10.0
10.0
14.0
14.0
15.0
11.0
13.0
18.0
17.0
19.0
20.0
20.0
20.0
23.0
17.0
18.0
20.0
20.0
20.0
27.0
20.0
19.0
19.0
20.0
13.0
22.0
24.0
17.0
18.0
20.0
19.0
16.0
20.0
19.0
18.0
20.0
19.0
19.0
15.0
21.0
17.0
19.0
17.0
15.0
24.0
14.0
22.0
18.0
18.0
21.0
13.0
19.0
19.0
20.0
17.0
19.0
17.0
17.0
17.0
19.0
19.0
18.0
18.0
20.0
19.0
18.0
17.0
19.0
24.0
20.0
20.0
21.0
19.0
18.0
19.0
14.0
24.0
18.0
21.0
WT 21
8.0
15.0
13.0
13.0
16.0
15.0
11.0
20.0
14.0
17.0
20.0
20.0
21.0
20.0
20.0
20.0
18.0
22.0
19.0
21.0
21.0
19.0
20.0
19.0
21.0
20.0
19.0
19.0
17.0
21.0
21.0
16.0
16.0
25.0
19.0
13.0
19.0
18.0
19.0
20.0
20.0
22.0
11.0
18.0
22.0
20.0
18.0
20.0
20.0
18.0
14.0
19.0
19.0
21.0
17.0
19.0
19.0
11.0
28.0
20.0
15.0
17.0
18.0
13.0
19.0
18.0
24.0
11.0
31.0
11.0
29.0
18.0
13.0
25.0
19.0
14.0
20.0
21.0
16.0
WT 22
9.0
12.0
16.0
12.0
15.0
15.0
13.0
16.0
19.0
19.0
18.0
20.0
21.0
22.0
20.0
18.0
17.0
20.0
22.0
21.0
22.0
17.0
19.0
20.0
18.0
21.0
21.0
17.0
19.0
18.0
21.0
14.0
26.0
13.0
19.0
27.0
19.0
18.0
19.0
18.0
19.0
11.0
24.0
17.0
18.0
19.0
19.0
20.0
17.0
19.0
13.0
18.0
19.0
19.0
16.0
20.0
18.0
25.0
10.0
19.0
18.0
18.0
18.0
25.0
19.0
19.0
10.0
26.0
15.0
28.0
12.0
20.0
24.0
14.0
21.0
15.0
20.0
21.0
19.0
WT 23
8.0
12.0
12.0
12.0
16.0
14.0
13.0
16.0
16.0
18.0
18.0
19.0
22.0
20.0
19.0
20.0
17.0
22.0
20.0
22.0
21.0
18.0
19.0
18.0
20.0
20.0
21.0
17.0
20.0
19.0
20.0
18.0
20.0
19.0
20.0
19.0
20.0
19.0
18.0
17.0
17.0
18.0
19.0
18.0
20.0
17.0
18.0
19.0
17.0
20.0
13.0
20.0
19.0
19.0
17.0
19.0
17.0
17.0
21.0
19.0
18.0
18.0
18.0
20.0
19.0
18.0
19.0
20.0
23.0
19.0
20.0
18.0
19.0
19.0
19.0
15.0
18.0
21.0
19.0
WT 24
6.0
14.0
14.0
13.0
15.0
15.0
12.0
16.0
17.0
19.0
19.0
18.0
20.0
21.0
21.0
20.0
19.0
21.0
21.0
21.0
23.0
18.0
21.0
19.0
19.0
20.0
20.0
18.0
18.0
19.0
21.0
15.0
19.0
18.0
18.0
21.0
19.0
17.0
19.0
21.0
19.0
18.0
17.0
20.0
18.0
21.0
18.0
19.0
18.0
20.0
14.0
19.0
19.0
19.0
17.0
19.0
15.0
18.0
20.0
17.0
18.0
19.0
18.0
19.0
19.0
19.0
17.0
19.0
23.0
21.0
19.0
20.0
19.0
19.0
19.0
15.0
20.0
21.0
20.0
WT 25
9.0
12.0
13.0
10.0
15.0
16.0
13.0
17.0
17.0
19.0
16.0
20.0
20.0
21.0
21.0
19.0
16.0
22.0
20.0
21.0
21.0
19.0
20.0
21.0
21.0
20.0
20.0
20.0
17.0
20.0
21.0
17.0
19.0
19.0
19.0
19.0
19.0
16.0
18.0
19.0
19.0
17.0
18.0
17.0
20.0
22.0
19.0
18.0
18.0
19.0
12.0
19.0
19.0
19.0
18.0
17.0
16.0
17.0
21.0
18.0
18.0
19.0
18.0
19.0
18.0
19.0
18.0
20.0
24.0
18.0
20.0
18.0
20.0
19.0
18.0
15.0
21.0
19.0
20.0
WT 26
8.0
12.0
15.0
12.0
14.0
14.0
12.0
19.0
17.0
18.0
21.0
21.0
22.0
21.0
19.0
19.0
18.0
20.0
22.0
21.0
20.0
19.0
16.0
20.0
21.0
20.0
19.0
18.0
17.0
21.0
21.0
16.0
18.0
20.0
19.0
19.0
19.0
19.0
17.0
18.0
18.0
18.0
17.0
19.0
19.0
20.0
18.0
17.0
18.0
19.0
14.0
19.0
19.0
19.0
16.0
19.0
16.0
15.0
18.0
19.0
17.0
18.0
18.0
19.0
19.0
18.0
19.0
18.0
24.0
20.0
20.0
22.0
20.0
18.0
18.0
16.0
21.0
21.0
19.0
WT 27
12.0
13.0
14.0
12.0
15.0
16.0
13.0
17.0
17.0
20.0
18.0
18.0
22.0
20.0
22.0
19.0
18.0
21.0
19.0
21.0
22.0
19.0
18.0
20.0
19.0
17.0
23.0
16.0
18.0
19.0
23.0
19.0
18.0
17.0
19.0
19.0
19.0
17.0
18.0
18.0
18.0
17.0
18.0
17.0
19.0
16.0
18.0
19.0
17.0
19.0
13.0
18.0
19.0
18.0
18.0
19.0
16.0
17.0
19.0
19.0
18.0
19.0
19.0
19.0
17.0
19.0
17.0
19.0
22.0
20.0
20.0
22.0
18.0
19.0
20.0
14.0
21.0
19.0
20.0
WT 28
9.0
14.0
14.0
11.0
17.0
15.0
14.0
15.0
18.0
19.0
17.0
22.0
18.0
23.0
19.0
17.0
16.0
23.0
20.0
20.0
19.0
22.0
20.0
19.0
19.0
23.0
20.0
16.0
18.0
20.0
23.0
18.0
19.0
19.0
20.0
18.0
20.0
18.0
18.0
20.0
18.0
17.0
18.0
19.0
19.0
21.0
17.0
18.0
17.0
20.0
13.0
19.0
19.0
19.0
18.0
18.0
17.0
18.0
21.0
20.0
20.0
19.0
18.0
19.0
20.0
20.0
16.0
20.0
22.0
19.0
20.0
20.0
19.0
18.0
21.0
14.0
20.0
21.0
21.0
WT 29
9.0
13.0
14.0
14.0
15.0
15.0
13.0
17.0
16.0
18.0
21.0
19.0
22.0
17.0
20.0
17.0
21.0
17.0
21.0
22.0
23.0
16.0
20.0
21.0
22.0
17.0
21.0
19.0
19.0
21.0
18.0
20.0
20.0
20.0
17.0
21.0
20.0
18.0
18.0
19.0
16.0
20.0
17.0
18.0
19.0
20.0
19.0
18.0
18.0
21.0
13.0
19.0
18.0
19.0
19.0
20.0
19.0
18.0
19.0
19.0
18.0
18.0
18.0
20.0
20.0
17.0
19.0
19.0
23.0
20.0
19.0
20.0
18.0
19.0
18.0
16.0
21.0
21.0
18.0
WT 30
9.0
11.0
13.0
11.0
15.0
16.0
12.0
16.0
20.0
20.0
18.0
14.0
25.0
15.0
19.0
23.0
13.0
25.0
19.0
22.0
22.0
8.0
29.0
7.0
35.0
3.0
22.0
19.0
18.0
20.0
21.0
16.0
20.0
19.0
21.0
18.0
19.0
18.0
18.0
18.0
37.0
1.0
19.0
19.0
19.0
20.0
37.0
19.0
17.0
2.0
13.0
41.0
19.0
19.0
17.0
20.0
15.0
18.0
2.0
41.0
18.0
18.0
18.0
2.0
43.0
5.0
42.0
19.0
24.0
8.0
46.0
22.0
19.0
17.0
19.0
15.0
20.0
19.0
6.0
WT 31
7.0
12.0
14.0
12.0
15.0
15.0
12.0
18.0
14.0
18.0
20.0
23.0
15.0
24.0
20.0
13.0
24.0
15.0
20.0
20.0
19.0
26.0
8.0
31.0
6.0
37.0
19.0
18.0
19.0
20.0
21.0
20.0
21.0
18.0
21.0
20.0
19.0
18.0
17.0
18.0
2.0
35.0
19.0
20.0
20.0
20.0
3.0
18.0
17.0
41.0
14.0
3.0
18.0
19.0
18.0
20.0
16.0
18.0
40.0
2.0
19.0
18.0
19.0
42.0
4.0
43.0
8.0
19.0
23.0
45.0
7.0
20.0
19.0
18.0
19.0
15.0
20.0
21.0
46.0
WT 32
9.0
11.0
13.0
12.0
15.0
16.0
13.0
16.0
17.0
19.0
17.0
19.0
22.0
21.0
20.0
19.0
18.0
21.0
20.0
21.0
21.0
19.0
17.0
21.0
19.0
17.0
19.0
19.0
19.0
23.0
21.0
20.0
20.0
19.0
20.0
19.0
20.0
19.0
20.0
19.0
18.0
18.0
17.0
19.0
21.0
20.0
17.0
19.0
18.0
20.0
14.0
19.0
20.0
18.0
17.0
19.0
16.0
17.0
19.0
19.0
17.0
18.0
17.0
20.0
19.0
19.0
17.0
17.0
23.0
18.0
19.0
19.0
19.0
19.0
18.0
16.0
21.0
21.0
20.0
WT 33
8.0
11.0
13.0
13.0
16.0
15.0
13.0
19.0
17.0
18.0
18.0
19.0
21.0
20.0
18.0
19.0
18.0
20.0
21.0
21.0
19.0
18.0
18.0
19.0
20.0
23.0
22.0
19.0
18.0
21.0
21.0
17.0
19.0
18.0
17.0
17.0
19.0
19.0
19.0
18.0
19.0
18.0
17.0
19.0
20.0
19.0
18.0
17.0
19.0
19.0
13.0
19.0
20.0
20.0
17.0
19.0
17.0
17.0
18.0
20.0
16.0
16.0
19.0
19.0
19.0
18.0
17.0
17.0
23.0
19.0
20.0
20.0
18.0
20.0
20.0
15.0
20.0
20.0
22.0
WT 34
7.0
12.0
13.0
12.0
17.0
16.0
12.0
17.0
16.0
17.0
18.0
18.0
22.0
18.0
19.0
18.0
19.0
21.0
20.0
22.0
21.0
18.0
21.0
19.0
23.0
21.0
20.0
21.0
17.0
20.0
21.0
14.0
20.0
20.0
18.0
19.0
19.0
18.0
17.0
18.0
19.0
19.0
17.0
19.0
20.0
18.0
18.0
19.0
18.0
19.0
13.0
19.0
18.0
21.0
18.0
20.0
18.0
16.0
19.0
19.0
19.0
17.0
18.0
19.0
19.0
18.0
18.0
18.0
23.0
19.0
20.0
21.0
18.0
19.0
19.0
15.0
20.0
22.0
19.0
WT 35
9.0
12.0
14.0
12.0
14.0
15.0
13.0
22.0
16.0
18.0
19.0
20.0
22.0
20.0
19.0
19.0
17.0
20.0
21.0
21.0
19.0
19.0
20.0
20.0
23.0
22.0
21.0
18.0
18.0
17.0
21.0
16.0
20.0
19.0
19.0
20.0
20.0
20.0
20.0
18.0
17.0
18.0
17.0
19.0
20.0
17.0
18.0
19.0
20.0
18.0
14.0
19.0
19.0
20.0
17.0
18.0
17.0
18.0
18.0
19.0
17.0
18.0
17.0
20.0
19.0
15.0
16.0
19.0
21.0
21.0
20.0
20.0
20.0
19.0
19.0
13.0
21.0
20.0
18.0
WT 36
7.0
10.0
15.0
12.0
14.0
14.0
12.0
18.0
17.0
19.0
17.0
20.0
21.0
19.0
18.0
20.0
20.0
20.0
20.0
21.0
21.0
18.0
20.0
19.0
19.0
20.0
20.0
15.0
18.0
21.0
19.0
17.0
20.0
18.0
20.0
19.0
19.0
19.0
19.0
21.0
18.0
19.0
18.0
19.0
20.0
20.0
18.0
19.0
17.0
19.0
13.0
19.0
19.0
17.0
18.0
17.0
17.0
18.0
19.0
19.0
18.0
18.0
18.0
19.0
19.0
19.0
18.0
18.0
23.0
20.0
20.0
20.0
19.0
19.0
20.0
14.0
20.0
20.0
20.0
WT 37
9.0
13.0
13.0
12.0
14.0
15.0
13.0
17.0
17.0
22.0
18.0
20.0
21.0
21.0
18.0
19.0
18.0
21.0
19.0
20.0
20.0
18.0
21.0
18.0
17.0
20.0
21.0
15.0
18.0
20.0
20.0
15.0
21.0
18.0
17.0
20.0
19.0
18.0
18.0
20.0
19.0
17.0
18.0
19.0
19.0
18.0
19.0
20.0
17.0
20.0
11.0
18.0
19.0
19.0
18.0
18.0
17.0
18.0
18.0
19.0
18.0
18.0
18.0
17.0
17.0
20.0
17.0
19.0
22.0
19.0
19.0
20.0
20.0
18.0
20.0
16.0
20.0
19.0
19.0
WT 38
9.0
12.0
14.0
12.0
14.0
16.0
13.0
16.0
17.0
21.0
19.0
15.0
24.0
20.0
18.0
22.0
18.0
16.0
25.0
20.0
19.0
18.0
19.0
18.0
21.0
18.0
27.0
19.0
17.0
22.0
10.0
18.0
21.0
17.0
33.0
7.0
32.0
6.0
29.0
8.0
18.0
30.0
7.0
18.0
31.0
19.0
18.0
18.0
8.0
29.0
12.0
7.0
19.0
30.0
16.0
11.0
22.0
17.0
20.0
18.0
18.0
18.0
18.0
18.0
22.0
19.0
17.0
18.0
24.0
19.0
17.0
26.0
19.0
19.0
19.0
16.0
13.0
27.0
18.0
WT 39
10.0
12.0
13.0
12.0
15.0
14.0
13.0
17.0
17.0
18.0
17.0
24.0
20.0
22.0
20.0
13.0
20.0
24.0
16.0
21.0
20.0
19.0
19.0
21.0
21.0
23.0
11.0
17.0
18.0
20.0
36.0
17.0
20.0
20.0
6.0
32.0
6.0
31.0
5.0
32.0
19.0
6.0
29.0
18.0
9.0
19.0
18.0
19.0
29.0
7.0
12.0
30.0
19.0
8.0
18.0
26.0
11.0
17.0
18.0
20.0
18.0
18.0
20.0
22.0
18.0
19.0
18.0
20.0
23.0
19.0
21.0
16.0
19.0
18.0
20.0
15.0
26.0
14.0
21.0
WT 40
9.0
11.0
13.0
12.0
15.0
14.0
14.0
15.0
18.0
18.0
18.0
23.0
23.0
20.0
19.0
17.0
19.0
18.0
20.0
21.0
20.0
18.0
19.0
18.0
21.0
22.0
20.0
17.0
18.0
19.0
22.0
17.0
19.0
21.0
18.0
21.0
18.0
18.0
19.0
22.0
17.0
19.0
18.0
15.0
20.0
20.0
18.0
19.0
18.0
20.0
13.0
20.0
19.0
18.0
18.0
19.0
16.0
18.0
17.0
18.0
19.0
19.0
18.0
19.0
20.0
19.0
18.0
18.0
22.0
18.0
20.0
20.0
18.0
19.0
19.0
15.0
17.0
20.0
22.0
WT 41
8.0
11.0
15.0
13.0
15.0
14.0
13.0
16.0
17.0
19.0
19.0
20.0
23.0
20.0
19.0
19.0
18.0
20.0
20.0
21.0
22.0
17.0
20.0
17.0
20.0
21.0
20.0
20.0
18.0
20.0
21.0
18.0
19.0
21.0
18.0
21.0
19.0
18.0
17.0
18.0
18.0
19.0
17.0
19.0
20.0
19.0
18.0
19.0
17.0
19.0
13.0
20.0
19.0
18.0
18.0
19.0
16.0
18.0
18.0
19.0
16.0
19.0
18.0
20.0
19.0
19.0
17.0
19.0
22.0
19.0
21.0
20.0
18.0
18.0
19.0
15.0
21.0
21.0
20.0
WT 42
10.0
12.0
14.0
12.0
13.0
14.0
12.0
18.0
17.0
22.0
18.0
23.0
21.0
19.0
19.0
18.0
19.0
21.0
20.0
20.0
22.0
17.0
20.0
20.0
20.0
21.0
21.0
19.0
18.0
20.0
20.0
16.0
20.0
20.0
18.0
20.0
18.0
18.0
18.0
20.0
19.0
18.0
16.0
18.0
18.0
19.0
18.0
18.0
18.0
19.0
13.0
20.0
18.0
20.0
18.0
19.0
17.0
17.0
18.0
18.0
18.0
20.0
18.0
19.0
19.0
19.0
17.0
19.0
21.0
20.0
19.0
21.0
19.0
20.0
19.0
14.0
20.0
21.0
19.0
WT 43
11.0
15.0
15.0
13.0
15.0
14.0
13.0
17.0
18.0
19.0
18.0
18.0
21.0
21.0
20.0
18.0
17.0
22.0
20.0
24.0
19.0
22.0
19.0
18.0
19.0
20.0
21.0
18.0
18.0
20.0
21.0
17.0
20.0
20.0
19.0
18.0
18.0
20.0
18.0
19.0
18.0
17.0
18.0
19.0
20.0
21.0
18.0
17.0
18.0
20.0
12.0
19.0
19.0
20.0
17.0
19.0
18.0
16.0
18.0
18.0
18.0
18.0
19.0
19.0
19.0
18.0
18.0
18.0
23.0
19.0
20.0
21.0
16.0
19.0
19.0
17.0
20.0
20.0
21.0
WT 44
8.0
13.0
13.0
12.0
17.0
13.0
14.0
16.0
17.0
18.0
18.0
21.0
21.0
19.0
18.0
20.0
18.0
20.0
21.0
21.0
21.0
19.0
19.0
22.0
20.0
20.0
20.0
19.0
18.0
19.0
21.0
18.0
20.0
21.0
19.0
19.0
19.0
19.0
19.0
19.0
18.0
20.0
18.0
18.0
20.0
19.0
19.0
17.0
19.0
22.0
13.0
19.0
21.0
19.0
17.0
19.0
16.0
18.0
19.0
20.0
16.0
18.0
21.0
18.0
19.0
19.0
17.0
19.0
22.0
19.0
20.0
19.0
20.0
19.0
19.0
15.0
19.0
19.0
19.0
WT 45
9.0
13.0
13.0
12.0
15.0
15.0
13.0
18.0
17.0
17.0
17.0
21.0
20.0
21.0
19.0
17.0
17.0
21.0
19.0
21.0
21.0
19.0
18.0
20.0
19.0
22.0
20.0
18.0
17.0
20.0
21.0
17.0
20.0
21.0
20.0
19.0
18.0
19.0
18.0
18.0
16.0
18.0
17.0
20.0
19.0
19.0
17.0
19.0
19.0
20.0
12.0
19.0
18.0
18.0
17.0
19.0
15.0
18.0
20.0
20.0
18.0
20.0
18.0
19.0
19.0
19.0
17.0
20.0
23.0
22.0
18.0
22.0
18.0
20.0
19.0
16.0
20.0
19.0
19.0
WT 46
8.0
12.0
13.0
11.0
15.0
16.0
14.0
18.0
19.0
19.0
18.0
20.0
24.0
20.0
19.0
18.0
19.0
20.0
20.0
21.0
19.0
19.0
18.0
20.0
19.0
20.0
22.0
18.0
17.0
20.0
20.0
17.0
20.0
20.0
18.0
20.0
18.0
18.0
18.0
18.0
18.0
18.0
17.0
19.0
18.0
20.0
17.0
19.0
18.0
20.0
12.0
17.0
19.0
19.0
17.0
19.0
17.0
18.0
18.0
19.0
18.0
19.0
17.0
19.0
19.0
19.0
17.0
19.0
21.0
21.0
19.0
20.0
20.0
19.0
19.0
15.0
21.0
22.0
19.0
WT 47
9.0
12.0
14.0
11.0
14.0
14.0
13.0
18.0
17.0
18.0
19.0
20.0
21.0
19.0
19.0
20.0
18.0
21.0
21.0
21.0
20.0
17.0
19.0
21.0
20.0
21.0
20.0
17.0
18.0
20.0
21.0
17.0
20.0
20.0
17.0
20.0
19.0
18.0
18.0
18.0
20.0
17.0
18.0
17.0
25.0
19.0
18.0
18.0
18.0
19.0
14.0
19.0
18.0
18.0
17.0
21.0
17.0
18.0
19.0
18.0
16.0
18.0
19.0
20.0
19.0
18.0
18.0
17.0
23.0
19.0
20.0
21.0
18.0
19.0
19.0
15.0
21.0
20.0
20.0
WT 48
8.0
12.0
15.0
11.0
15.0
15.0
12.0
20.0
17.0
20.0
18.0
18.0
26.0
20.0
19.0
19.0
18.0
18.0
21.0
23.0
19.0
19.0
20.0
20.0
20.0
20.0
18.0
18.0
18.0
20.0
20.0
20.0
21.0
21.0
18.0
19.0
19.0
18.0
19.0
18.0
17.0
17.0
17.0
21.0
21.0
18.0
19.0
19.0
18.0
21.0
13.0
20.0
19.0
18.0
18.0
19.0
15.0
18.0
19.0
18.0
18.0
19.0
18.0
18.0
18.0
19.0
16.0
19.0
22.0
20.0
20.0
20.0
19.0
18.0
19.0
15.0
19.0
20.0
20.0
WT 49
9.0
12.0
13.0
11.0
16.0
16.0
13.0
18.0
18.0
18.0
18.0
21.0
21.0
20.0
19.0
19.0
18.0
22.0
20.0
21.0
21.0
19.0
20.0
19.0
20.0
20.0
19.0
19.0
17.0
21.0
21.0
17.0
21.0
19.0
18.0
19.0
19.0
19.0
19.0
20.0
18.0
18.0
15.0
19.0
20.0
19.0
17.0
18.0
19.0
20.0
13.0
18.0
23.0
19.0
17.0
19.0
17.0
17.0
19.0
19.0
18.0
17.0
17.0
17.0
19.0
19.0
17.0
19.0
20.0
21.0
20.0
21.0
19.0
18.0
20.0
17.0
21.0
21.0
23.0
WT 50
7.0
13.0
11.0
12.0
16.0
14.0
13.0
17.0
17.0
19.0
19.0
20.0
23.0
20.0
18.0
18.0
19.0
20.0
21.0
22.0
21.0
17.0
21.0
20.0
19.0
21.0
20.0
18.0
19.0
20.0
22.0
17.0
20.0
21.0
20.0
18.0
20.0
19.0
18.0
21.0
18.0
18.0
17.0
17.0
19.0
20.0
17.0
18.0
19.0
20.0
14.0
19.0
19.0
18.0
18.0
20.0
17.0
17.0
19.0
17.0
17.0
19.0
19.0
20.0
19.0
19.0
17.0
19.0
22.0
20.0
20.0
19.0
19.0
18.0
19.0
14.0
18.0
20.0
17.0
WT 51
9.0
12.0
14.0
10.0
14.0
16.0
12.0
19.0
16.0
18.0
18.0
18.0
21.0
19.0
18.0
19.0
18.0
20.0
20.0
21.0
19.0
19.0
19.0
19.0
20.0
20.0
20.0
17.0
19.0
20.0
20.0
17.0
20.0
20.0
18.0
18.0
19.0
19.0
18.0
20.0
17.0
18.0
18.0
17.0
18.0
20.0
17.0
20.0
21.0
19.0
14.0
19.0
18.0
19.0
18.0
19.0
17.0
19.0
20.0
19.0
19.0
19.0
19.0
19.0
19.0
18.0
16.0
18.0
23.0
19.0
20.0
19.0
19.0
20.0
19.0
14.0
21.0
20.0
19.0
WT 52
10.0
13.0
14.0
12.0
17.0
13.0
14.0
14.0
17.0
20.0
19.0
20.0
23.0
23.0
17.0
19.0
18.0
20.0
21.0
22.0
19.0
18.0
19.0
18.0
20.0
21.0
16.0
20.0
18.0
20.0
20.0
16.0
22.0
23.0
19.0
20.0
18.0
20.0
17.0
19.0
18.0
18.0
17.0
19.0
20.0
19.0
18.0
18.0
19.0
17.0
14.0
19.0
19.0
18.0
16.0
19.0
17.0
17.0
18.0
19.0
18.0
20.0
18.0
19.0
18.0
18.0
18.0
19.0
22.0
21.0
19.0
21.0
20.0
18.0
20.0
15.0
20.0
20.0
20.0
WT 53
8.0
12.0
16.0
12.0
15.0
15.0
13.0
17.0
19.0
22.0
18.0
21.0
23.0
20.0
19.0
18.0
18.0
23.0
20.0
19.0
20.0
18.0
20.0
19.0
20.0
21.0
21.0
17.0
18.0
20.0
21.0
19.0
19.0
20.0
19.0
20.0
20.0
19.0
18.0
19.0
18.0
18.0
19.0
19.0
20.0
19.0
18.0
18.0
21.0
19.0
13.0
19.0
19.0
20.0
17.0
18.0
16.0
18.0
19.0
19.0
18.0
18.0
17.0
19.0
20.0
18.0
17.0
19.0
24.0
19.0
20.0
20.0
20.0
19.0
19.0
15.0
21.0
21.0
19.0
WT 54
8.0
11.0
14.0
13.0
15.0
15.0
13.0
18.0
17.0
19.0
19.0
19.0
21.0
21.0
21.0
19.0
17.0
18.0
21.0
23.0
20.0
19.0
17.0
19.0
19.0
22.0
19.0
18.0
18.0
18.0
21.0
17.0
18.0
18.0
18.0
19.0
18.0
18.0
17.0
20.0
17.0
18.0
18.0
18.0
19.0
20.0
18.0
18.0
17.0
19.0
13.0
20.0
19.0
19.0
19.0
19.0
16.0
19.0
18.0
19.0
17.0
18.0
17.0
19.0
19.0
19.0
17.0
19.0
21.0
20.0
21.0
20.0
20.0
19.0
19.0
15.0
20.0
21.0
18.0
WT 55
8.0
12.0
11.0
15.0
15.0
14.0
12.0
20.0
16.0
16.0
24.0
19.0
20.0
21.0
20.0
21.0
18.0
19.0
19.0
24.0
20.0
20.0
19.0
20.0
20.0
19.0
20.0
18.0
18.0
20.0
21.0
16.0
23.0
9.0
28.0
18.0
12.0
20.0
23.0
20.0
17.0
18.0
17.0
18.0
17.0
22.0
16.0
19.0
18.0
19.0
13.0
19.0
19.0
19.0
15.0
18.0
15.0
22.0
14.0
19.0
17.0
19.0
18.0
19.0
28.0
9.0
26.0
19.0
21.0
21.0
21.0
21.0
19.0
20.0
18.0
16.0
21.0
21.0
1.0
WT 56
9.0
9.0
16.0
10.0
16.0
14.0
14.0
16.0
17.0
23.0
15.0
22.0
22.0
17.0
20.0
19.0
17.0
19.0
21.0
22.0
21.0
19.0
18.0
20.0
20.0
20.0
20.0
18.0
19.0
18.0
21.0
17.0
20.0
28.0
7.0
20.0
27.0
19.0
13.0
20.0
18.0
18.0
17.0
20.0
22.0
17.0
19.0
18.0
19.0
19.0
13.0
19.0
19.0
18.0
17.0
18.0
18.0
14.0
22.0
19.0
19.0
19.0
19.0
20.0
11.0
26.0
7.0
19.0
23.0
19.0
20.0
19.0
18.0
19.0
19.0
15.0
21.0
21.0
35.0
WT 57
4.0
13.0
16.0
12.0
13.0
14.0
14.0
17.0
17.0
18.0
18.0
19.0
21.0
18.0
19.0
18.0
19.0
20.0
20.0
23.0
20.0
18.0
20.0
17.0
21.0
24.0
21.0
18.0
17.0
20.0
20.0
17.0
22.0
17.0
19.0
19.0
18.0
19.0
18.0
19.0
18.0
18.0
18.0
19.0
18.0
21.0
18.0
19.0
19.0
18.0
11.0
19.0
19.0
19.0
17.0
19.0
17.0
17.0
18.0
18.0
18.0
18.0
19.0
19.0
19.0
18.0
20.0
18.0
23.0
19.0
19.0
21.0
17.0
18.0
20.0
15.0
20.0
20.0
20.0
WT 58
8.0
13.0
13.0
12.0
14.0
16.0
12.0
18.0
18.0
19.0
19.0
23.0
21.0
19.0
20.0
18.0
17.0
19.0
21.0
20.0
20.0
19.0
19.0
22.0
20.0
20.0
22.0
18.0
17.0
23.0
22.0
17.0
20.0
20.0
19.0
19.0
20.0
20.0
17.0
20.0
18.0
19.0
16.0
18.0
19.0
20.0
18.0
19.0
18.0
18.0
13.0
19.0
19.0
18.0
16.0
19.0
17.0
17.0
19.0
18.0
18.0
18.0
19.0
18.0
18.0
19.0
18.0
18.0
22.0
20.0
19.0
21.0
20.0
20.0
21.0
16.0
21.0
20.0
19.0
WT 59
9.0
11.0
12.0
12.0
20.0
15.0
13.0
17.0
17.0
13.0
24.0
21.0
20.0
20.0
18.0
19.0
16.0
20.0
14.0
28.0
20.0
19.0
19.0
20.0
20.0
15.0
27.0
17.0
13.0
23.0
22.0
17.0
17.0
19.0
18.0
19.0
19.0
17.0
18.0
26.0
18.0
9.0
27.0
10.0
20.0
18.0
17.0
28.0
8.0
28.0
13.0
21.0
18.0
17.0
17.0
20.0
16.0
18.0
7.0
20.0
16.0
35.0
3.0
36.0
19.0
18.0
2.0
35.0
6.0
32.0
7.0
21.0
19.0
19.0
19.0
28.0
8.0
21.0
19.0
WT 60
9.0
12.0
15.0
12.0
11.0
15.0
13.0
17.0
17.0
24.0
12.0
19.0
20.0
20.0
19.0
18.0
18.0
21.0
26.0
14.0
20.0
20.0
19.0
22.0
20.0
24.0
16.0
18.0
22.0
17.0
20.0
18.0
23.0
20.0
18.0
20.0
20.0
18.0
18.0
11.0
18.0
27.0
9.0
25.0
21.0
18.0
18.0
10.0
27.0
6.0
13.0
19.0
18.0
18.0
18.0
19.0
16.0
18.0
32.0
19.0
18.0
7.0
34.0
3.0
19.0
19.0
35.0
3.0
36.0
4.0
35.0
20.0
19.0
19.0
19.0
2.0
32.0
21.0
20.0
WT 61
8.0
12.0
14.0
12.0
14.0
15.0
12.0
20.0
17.0
19.0
18.0
21.0
21.0
19.0
19.0
16.0
18.0
20.0
21.0
21.0
21.0
18.0
20.0
19.0
20.0
21.0
18.0
17.0
16.0
20.0
21.0
17.0
20.0
20.0
20.0
19.0
19.0
20.0
17.0
19.0
18.0
19.0
17.0
20.0
19.0
21.0
18.0
18.0
19.0
19.0
14.0
19.0
19.0
19.0
16.0
19.0
16.0
19.0
19.0
19.0
18.0
18.0
17.0
19.0
20.0
18.0
17.0
19.0
23.0
20.0
20.0
21.0
19.0
18.0
19.0
15.0
19.0
20.0
20.0
WT 62
7.0
13.0
14.0
12.0
15.0
15.0
13.0
17.0
16.0
19.0
19.0
21.0
22.0
21.0
20.0
18.0
21.0
20.0
20.0
22.0
21.0
19.0
20.0
18.0
19.0
19.0
20.0
16.0
18.0
20.0
21.0
16.0
19.0
19.0
18.0
18.0
19.0
19.0
17.0
18.0
19.0
19.0
16.0
19.0
17.0
20.0
19.0
19.0
19.0
18.0
13.0
19.0
15.0
18.0
16.0
19.0
18.0
17.0
22.0
20.0
20.0
18.0
20.0
20.0
18.0
17.0
18.0
18.0
23.0
19.0
20.0
21.0
18.0
19.0
18.0
15.0
20.0
20.0
19.0
WT 63
7.0
12.0
13.0
12.0
15.0
15.0
13.0
16.0
16.0
18.0
19.0
20.0
22.0
21.0
19.0
20.0
19.0
18.0
20.0
21.0
21.0
19.0
19.0
19.0
20.0
22.0
20.0
19.0
18.0
19.0
21.0
16.0
19.0
20.0
19.0
20.0
19.0
19.0
18.0
22.0
20.0
18.0
18.0
18.0
19.0
20.0
18.0
18.0
17.0
19.0
13.0
19.0
19.0
18.0
18.0
18.0
17.0
17.0
20.0
18.0
18.0
17.0
20.0
19.0
20.0
18.0
18.0
18.0
23.0
20.0
18.0
21.0
19.0
20.0
19.0
16.0
21.0
20.0
20.0
