626888
127119
82274
61997
75138
64273
73015
84415
94304
47885
44383
59765
50593
56697
82386
72384
55034
59494
42712
76494
60773
70546
65849
61952
50707
58579
50994
79296
42766
50597
81551
56132
80696
58173
62408
63446
67178
52858
57554
44234
64962
74411
62279
73002
57699
59911
68554
62354
50141
56471
63581
54787
79389
80233
55133
47696
53965
66472
57702
64209
49180
54504
60623
56630
67538
75691
78918
69757
50817
55498
65603
51196
64184
53497
76947
76689
57576
60680
47071
44536
34163
AVG: 62540.084507
