482934
534400
487077
328450
258995
630124
195980
135067
325252
329357
124340
180472
126138
203941
208125
121178
231121
1773288
734812
7240126
745316
182171
181743
192396
104471
155950
143605
152443
171173
128215
106763
178950
90519
133673
143818
161837
279255
164811
147261
125655
178706
162001
183809
666459
28838452
13282100
17368904
286077
186085
158286
173055
188746
168205
129113
150411
151335
156660
235772
212201
131835
131315
211007
123647
156543
120589
164224
109757
164758
180599
394976
129106
181670
126997
185207
151302
131916
156196
160730
132805
160335
53723
