596597
710293
256986
217349
246190
273847
149307
250385
284850
150195
165252
146009
182182
221028
166518
201882
165959
179110
168806
286885
124001
152253
154249
154464
143914
155385
133283
231354
174619
140577
118111
175446
174029
108040
162977
236909
165108
168665
123764
225132
201752
195462
215836
171077
132619
112152
145647
208714
104770
151600
149092
155778
120405
172466
142447
153056
162385
174308
138869
190990
188813
220532
236970
114024
166572
180740
143657
205538
132598
127985
168165
131784
179629
172012
182996
195651
313734
141047
109194
191931
