395504
104832
100563
45210
82290
108554
92822
60006
79528
40446
102210
69329
48514
40727
76319
77678
80034
159265
57995
61794
129275
124080
113527
260473
97730
113493
59871
70447
74976
105605
87119
66215
130800
106775
64568
97135
77085
77006
54884
155996
63187
56713
37337
57689
180507
57194
62044
65633
100279
272628
53733
71203
99683
137988
81720
86885
106353
54732
115505
415751
49252
51610
129264
134891
54817
103538
138154
106837
78785
93954
45457
398132
94085
65253
56532
89643
90459
81244
70557
46780
43388
