319457
175469
255867
156217
139277
74698
48978
88459
77789
95425
90465
209230
69066
110771
40133
70148
104191
64108
105940
76398
86932
67707
70105
72791
97562
104661
114602
101715
77341
59771
47718
100590
77313
176259
63329
70031
109892
44754
75120
135032
98082
120467
210951
115308
65088
110205
78902
98612
112750
93602
107050
73514
57155
181412
99653
57921
85110
81955
39755
55056
108109
53763
67758
100936
49330
121021
54430
102581
49745
144073
124897
154961
122611
86186
90142
46261
77378
78553
110032
68624
