1336088
1367141
1270317
1219661
1070991
1111442
1021106
942204
962621
861788
992776
928467
902087
803715
785460
953671
971102
1118172
1012860
996598
754368
841421
933026
954835
1006091
994965
885806
958285
978302
1021616
931304
895796
949231
935041
839297
797516
939903
1051944
862736
949752
930345
847692
896121
946477
990280
812998
1029521
753894
935481
807206
855045
745738
749910
828263
922478
948521
853408
759210
913452
881615
952182
780327
897868
831785
1011699
982269
1096524
1001166
1005420
988293
911779
993761
868840
866708
836969
849991
861023
866582
860122
842412
791640
