2290032
1365369
1237427
1172492
1272537
1143106
1247077
1302258
1041947
1013332
1137564
1127718
950433
1125268
998485
995864
1098297
1325692
1085760
1017271
1139658
1084759
1113203
1050546
924268
1166239
964343
1137455
1043420
1063327
929445
901425
968612
991880
1020904
1036102
1143742
1113981
1056300
992106
1326363
1089486
1707474
1003272
1039004
1198135
1124238
1177824
1215264
1531485
1116283
1335098
1140025
1070196
1005027
1082656
1068616
1148442
950082
1121709
1068232
1006036
1162176
1072943
1049006
1030760
1083569
1097837
980304
1048263
1568812
1035308
1036655
1021816
1043717
1211713
1057493
1079045
977758
1381900
1058428
