856500
145944
319505
208792
121796
128921
195404
173638
198993
267248
98755
159555
161303
239920
166160
126644
148943
163115
149683
106315
100856
133941
141136
167919
246134
156822
82377
118529
110455
107369
142318
139193
148986
165184
158332
178284
102378
292529
247560
143214
131395
136382
96208
136328
137485
156810
144592
111143
133498
86310
121150
146367
206206
140787
112907
170839
164963
167727
196701
269882
569864
341270
92009
296824
107832
117377
417920
172313
253475
415619
174233
188973
133785
181936
142534
186704
235813
185349
185005
203905
31915
