1201830
206910
148075
105427
112695
95924
123142
82227
178923
88838
79070
76254
105897
71083
92470
62824
99686
124605
75679
130740
39065
58740
73207
83427
53605
50210
103252
51439
94251
48335
119360
93802
60157
87171
67111
78647
70428
66627
78401
93254
87072
64870
70590
199397
46318760
19557587
10242404
515188
79057
111513
82046
68709
87738
87320
99934
106760
86527
57804
64925
97427
67065
113654
65616
64144
229897
95130
85965
75082
90286
75096
112656
97260
77377
82414
69331
65744
62048
133258
61031
173944
39058
