5672942
3429318
3527396
3357571
3486718
2987429
2250998
2232218
2347060
2345820
2232291
2911972
2606191
2296815
2521961
2424602
2623942
2568782
2545524
2443376
2301715
2273830
2222811
2476127
2121107
2291802
2677566
2638573
2605837
2411325
2528252
2505661
2528333
2186862
2276657
2302193
2313688
2347763
3752029
3198024
2260205
2491244
2323803
2592934
2575997
2534122
4792926
2611356
2588250
2385341
2802524
2878644
2745854
2403053
2780591
2616062
2487322
2405198
2136763
2355761
2496779
2539746
2282672
4757479
2533888
2615670
2442306
2282295
2215243
2360286
2631167
2362860
2261969
2129298
2466766
2032589
2202303
2053673
2833948
1805100
