3648778
2540887
2645597
2273893
2087249
2216991
1948054
2022397
1621890
1684671
2011963
1628217
1729630
1651422
1697006
1691013
1636162
1629133
2695874
1655018
1680863
1803581
1669966
1736447
1586357
1608946
1733282
1676004
1529603
1491592
1613432
1655733
1710730
2212084
1616106
1630458
1588360
1615471
1770648
1606297
1608758
1718588
1648070
1446621
1961711
1727920
1623540
1642386
1920259
1697246
1649203
1516021
1656369
1644581
1571854
2029124
2288760
1540072
1533239
1555104
1782779
1527770
1819977
1608977
1478296
1655909
1473621
1820270
1688280
1799135
1732684
1580050
1709919
1632967
1597170
1596508
1487516
1447760
1955146
1683841
