6934014
5438390
4998538
3962947
9722244
3989990
4341493
3758574
3900245
3870498
3680245
3590140
3344005
5176624
4070693
4211996
3386454
3869326
3518646
3862231
3957738
4153499
4561209
3988675
3448246
3805581
4342697
4524205
4772826
3833951
3525663
4496548
4848514
3901703
5039288
6655331
4002011
4016549
3877874
3816503
3114161
3189046
4128805
4134270
5912057
3057462
3088572
3614087
3596419
4876295
4622566
4031751
3994739
4139462
3897261
3680823
3455641
3362070
3485909
3907399
3630389
3802647
4196972
4628731
5422406
4072601
3661951
2711222
2988549
3849863
2781354
3770828
3597463
3828191
3871445
4133282
4164877
3883502
3375705
4709161
