2515787
1940060
2181795
1365247
1726612
1433357
1390782
1575556
1405654
1265221
1090564
1177146
1250605
1371849
1294297
1136763
1208845
1355724
1188564
1205684
1208371
1274780
1232503
1196288
1462163
1263615
1188172
1317894
1394191
1482505
1359266
1454792
1230938
1337749
1333864
1255446
1151257
1142829
1116268
1090491
1160225
1358114
1260275
1215895
1309775
1231404
1228794
1258602
1362461
1359566
1243736
1322202
1298884
1429481
1242296
1146243
1321673
1300402
1263772
1315604
1419855
1528453
1408864
1224740
1340558
1256688
1433615
1339032
1165186
1428198
1277538
1218534
1254323
1292598
1658610
1356357
1441168
1442725
1437461
1346405
