8031925
4482059
3663703
3596447
3723906
3519638
3441634
2779708
2895129
2482243
2553818
2788180
2724103
2760722
2577498
2740409
2886305
2524681
3707089
3412451
2788486
2652627
2474544
2443222
3945342
3176787
2316261
2839862
2609370
2514588
2297240
2773323
4343090
2823513
2834717
2582431
2681969
2589877
2506419
2687468
2560495
2689165
2312552
2793797
2774568
2405113
2493753
2479973
2421097
2492655
2591997
2687475
3182420
2673887
2425209
2620484
2228834
2408625
2418454
2591257
2321858
2627913
2405504
2350734
2756781
2552638
2905647
2701421
2781501
2423146
3562150
2591042
3325979
3000366
2562701
2817037
2984458
3202536
2823239
3119753
