1804945
1078765
1442829
989146
1441797
1053719
417375
497362
605860
271772
265875
397970
380732
457584
360559
237465
670077
697083
376799
309524
413268
220776
292056
250305
283082
401387
456269
785472
480399
589500
484794
225728
494821
401836
447220
277933
366817
289766
691825
501225
301967
552473
444276
483036
479217
559639
812971
572054
543673
614583
344083
476264
475929
598205
518914
535315
534175
569822
462193
518054
499585
628798
609283
668808
529465
563448
544275
393430
497799
504769
563852
630535
652385
581008
586029
609200
414386
555083
700797
513675
