369710
230650
431738
228091
157786
236699
318255
191052
128615
161621
170639
152645
169023
176546
210828
110649
105638
174224
264707
245553
308794
255412
256900
173139
196134
176682
168259
182118
158666
178349
127596
106277
192137
241034
198063
201067
238486
146652
124926
205684
214993
136865
210400
139662
168544
260344
167848
127853
142865
144245
182612
207616
246124
139045
205907
199634
185643
191945
169502
205811
202691
165386
221787
230454
188574
241528
225909
137158
176044
128819
178755
158497
119382
162484
220474
162290
244861
229784
164179
131090
