761474
429429
356695
295526
141194
183325
155890
235001
204792
155749
160840
183371
306019
138395
159074
194736
112829
223757
210924
276796
167764
110767
139253
198470
253207
124758
158840
141538
198883
211053
190298
162457
205516
142248
134570
178158
233530
150393
155046
209860
142996
141959
238395
155773
162065
111619
255236
191367
303504
274353
212591
345718
214753
102717
154485
150175
251844
185593
198626
115070
178863
277174
280368
123424
134509
144808
239616
414763
188263
176523
159860
143138
321382
186440
236286
202361
229676
136066
179115
197743
