688934
180853
314856
327767
289733
450098
222198
238095
316336
237455
228003
282452
381522
212298
196380
206396
186256
411008
311142
306854
380201
315591
292921
198234
249984
246128
198660
232266
295461
350406
292858
206279
169586
215388
196932
194848
191151
186676
226118
171371
180842
256924
276630
357621
365154
276437
256625
265065
318187
382115
223115
194891
303188
173122
194980
184077
195132
193409
277306
240343
180725
366690
288724
307385
279871
353848
304397
361588
222422
233095
197592
196120
199744
233951
229149
251892
224317
216551
211700
163249
