652130
204296
328647
262061
341052
303078
266914
329180
340058
251084
388272
262878
245721
296212
341003
277547
248948
293354
231418
286608
345080
253913
321423
468953
356132
349686
329730
351781
284322
272680
261767
316904
249201
308826
216866
263549
272749
306712
201994
275487
193156
216632
180558
268221
257702
180725
266108
223003
234133
239186
233868
232943
402213
230167
416897
341503
315807
404098
561301
281987
353131
444792
321377
304539
358296
271296
335919
220824
777877
325578
215510
363462
297669
270673
276474
469437
427570
326113
390088
307642
