277408
153988
166890
71571
64074
60543
63862
101304
78951
61921
47452
63398
50809
50445
116958
103287
78710
212379
90589
130896
57964
43909
55826
73100
97084
71116
68917
46862
114427
138861
98053
87321
123913
82654
54005
44385
43318
46569
69709
54398
60279
83864
70094
42717
102274
108534
85906
44179
52627
38541
91081
124090
95719
98358
73052
63021
51810
96385
67927
116941
76356
69953
134195
86340
139160
58387
68104
61017
60760
94501
51148
53725
41651
53571
103126
100920
55860
71140
47583
101862
