1750626
1125312
1610242
1330578
1866750
1356568
1291578
1487552
1241802
1274827
1342006
1343559
1236749
1252329
1238711
1336223
1292373
1934056
3761882
1443396
1289469
1293318
1263490
1590865
1369598
1422064
1345289
1540865
1655551
1408753
1721996
1425383
1397972
1631250
1214526
1174672
1415015
1248724
1470527
3054271
2003419
1279061
1445176
1485000
1653353
4381807
1394097
1180636
1440111
1319807
1211895
1559241
1331873
1472291
1486941
1216386
1410051
1445766
1545296
1633146
1612129
1275674
1166923
1253252
1474934
1289298
1293066
1387603
1709554
1385897
1446283
1343867
2291995
1505933
1438166
1524249
1544779
1350682
1508461
1236540
