1740221
1823710
1671194
1505966
1628330
1582193
1413561
1381111
1460486
1456664
1316671
1925131
1482219
1267425
1734042
1325382
1488739
1517459
1416982
1429280
1435733
1384307
1303032
1420228
1261991
1297541
1544843
1321239
1453332
1358093
1459576
1447559
1410887
1310433
1506086
1245474
1369282
1455498
2663049
1584527
1242499
1282839
1433756
1401833
1382459
1478413
3629850
1598015
1452227
1397232
1548820
1612874
1550101
1471393
1665086
1480380
1450040
1376468
1336213
1504767
1509125
1466847
1319315
3763880
1401926
1556725
1463053
1349789
1419205
1516654
1430145
1360310
1410458
1228496
1573203
1313594
1403133
1291894
1963509
1020855
