1259693
1176231
1424230
1817073
2662715
1501681
1422853
1629322
1550804
1514751
1507640
1648362
1622674
1520013
2128391
1607892
1603135
1290603
1542120
1597165
1453235
1602621
1518652
1370297
1578359
1462716
1559619
1617873
1207412
1456150
1633806
1569249
1370007
1626818
1322359
1402806
1711483
1426273
1329658
1573143
1445676
1431027
1403841
1602431
1304154
1495584
1258286
1193467
1494815
1665102
1213509
5605906
1413641
1715377
1569106
1723977
1532210
1450571
1355717
1439256
1616152
1500367
1398236
1883893
1757816
1588333
2214366
1559445
1326527
1366535
1533719
1553790
1599934
1515292
1615510
1405680
1260145
2014369
1610459
1409632
