1550438
1340035
1300666
1057392
1152579
1207642
1010915
993258
1116222
1017658
933989
947188
1030247
1670975
895302
1089341
1107867
1030927
948879
1107449
1025383
1092175
1058554
964421
1036344
1059117
1013896
1092448
859791
982816
845415
1023684
932187
1026103
893347
991296
978313
944260
1141260
1508989
1064915
1054356
1018098
939099
1021045
1025524
1274027
1041115
1003268
1103146
1167981
915511
1047663
990445
915756
902554
1101174
1034346
938669
1423796
1065091
1071234
976221
1039251
1143609
1149265
941190
1176099
1184854
1098370
1101199
1063098
945903
980328
1825856
1212947
1051562
943255
988573
1146453
