680653
211374
257211
201774
203263
291178
236239
195900
175659
189932
191052
229013
233781
163265
176363
253249
149043
172798
307784
194116
242343
150837
166043
323287
311181
197896
179911
206769
254813
277244
229080
177551
188471
200138
225438
175067
185342
213571
185031
249984
174329
194028
276770
199807
132920
168448
262798
295576
394540
267972
178808
304456
226548
252553
168602
173841
206717
218627
254744
191656
209227
311447
298728
151805
253960
247921
498078
440883
197005
194596
263540
229315
478910
261517
228196
187193
231751
217705
181379
289842
