639819
286227
264774
246228
282150
188527
198257
218614
186310
172253
175902
222147
174152
169407
194120
256766
176548
163235
155103
150310
143181
145074
131106
175819
222531
156931
168944
129622
183893
162084
144072
167698
199165
175922
168658
170942
173117
173242
183555
269157
215230
175120
147222
169491
153508
166308
179552
165451
229311
202325
162037
171867
173751
183740
132264
156898
204409
176267
143382
144273
157267
161160
161086
173552
175732
176421
240248
258995
194753
209811
180650
137295
157587
228706
159252
215656
145893
203157
170459
147950
