443037
177597
255664
173471
210258
173176
184480
177200
198015
218478
116513
384571
123123
122523
147336
130375
130323
135786
156440
146422
149066
147576
126131
141423
304155
131952
149363
116993
143731
123097
158723
142088
140513
143372
132493
154022
118503
120842
157702
134839
119424
107229
144463
177984
137240
145705
142111
132293
143351
155199
137727
134031
121862
119311
114371
131660
115851
164198
117792
131923
100198
170581
132932
129481
131034
146304
173273
121156
148279
152522
101745
133862
137751
137780
114322
154446
172025
142963
138137
124645
