8905419
4187493
3976701
2651675
3065232
2706461
2493075
2169450
2564624
2893328
2526656
2167138
2679955
2709115
3199375
2392625
2609731
2125045
1966499
2145851
2932283
3491063
2182128
2574246
2158337
2023307
2077714
2250957
2313167
2337655
3141386
2907830
2025466
2189307
2055971
2474510
2510285
2480424
2356608
2050866
2418676
2392482
2229556
2425077
2551937
2568873
2439853
2305527
2249961
2480501
2358010
2910573
3155491
2145275
2674812
2439261
2524457
3379838
2167871
2246474
2252875
2570745
2236995
2671906
2254773
2515424
3553869
2381776
2487959
2256023
2228099
2387691
2820952
2075745
2192895
2349815
2156627
2491128
2325746
2363287
1395757
AVG: 2467387.11268
