3133318
3329431
3650874
3655398
3028686
2906199
2647172
2457025
3279990
3328395
3079651
2785845
2734404
2746718
3383756
2982300
3106057
3014096
2709975
2797688
2735625
2478523
3116519
3211389
3686516
3087363
2495493
3738887
2882543
2644128
3933747
3335927
2495973
2518505
2528311
3352631
2629896
2699014
2743889
2879530
2715050
2475130
4608014
2632837
2705768
3064903
3240128
3813724
2471363
2709264
3235495
2483986
2668811
3070910
3100452
2764543
2818719
2697341
2907648
4216837
3714294
3599712
2979729
2467282
3310225
4237027
2682571
3532289
3533672
3704899
3634970
3169250
3075639
3765399
3648696
3053837
3580298
3230203
3557871
3129057
AVG: 3065860.81429
