3622114
2247490
2406252
3078866
2454344
2222533
3721807
2057311
2044778
1915969
1981398
2176426
1901627
2383545
2295493
2085844
1952841
2366811
2507369
2313721
2431868
2577698
2055439
3056672
1968171
2062097
2556109
2131702
2301531
3532009
2090436
2164626
2196704
2381080
2783557
2266165
2706104
2214022
2044761
2132588
2139658
2302354
2354394
2498936
2406920
2346247
3631602
2754433
2513427
2378881
2235761
2715964
2375530
2124968
2176620
2235504
2218301
2139079
2642285
2280606
2122431
2160946
2394997
2830651
2261043
2157719
2704193
2022720
3428590
2367897
2208905
2221802
1988488
2478346
2611812
2297555
2048903
2538927
2434411
2470550
AVG: 2371611.74286
