4500329
2800234
4497393
5086022
4632602
5271065
4104912
4130119
4365480
3976366
4922388
4372333
4578960
4649670
3448637
4366460
4045348
3790819
3842324
4736741
4010855
4098542
4719154
4803198
4315215
4308040
4329909
4866842
4609506
3937626
4751260
3453377
4648680
4199528
4763704
5393064
2774498
3889368
4137501
5018104
5265244
4439965
4810963
3609959
4336971
4824721
4052515
3636943
3615834
4678684
7799535
4320922
3729757
4118634
5141527
4198026
4475413
5013486
3462807
3757099
4195665
5804467
4072360
4114411
4547932
4617757
3998447
3747012
4080502
4338933
4223263
4511565
4965858
3567401
4273703
4370178
3631872
5154929
4554021
4219689
AVG: 4371112.48571
