1340759
1185542
1116147
1032139
986102
1134574
1033618
991729
1079611
1180096
971899
957099
945046
899540
996363
972914
923663
979960
947733
963387
1029084
976247
938429
947808
1028681
1014825
844078
892897
988296
895932
969987
1006990
1012957
903934
856940
952278
954216
976410
942000
1003829
856315
969131
873394
840571
866746
858119
906859
1040870
915312
929039
1015436
957954
933542
936178
1073467
936481
938966
936718
900376
880327
937082
1000282
951741
888291
949073
961023
906352
928678
911996
1171234
1047082
963610
950160
925671
948178
904636
1022867
1018044
966607
884664
AVG: 958847.2
