6879723
5861015
5547993
4264337
5613222
4749619
4392805
4025085
4335074
4520422
4278572
4126252
3719665
4068044
4148077
3940489
3838638
3874252
3926746
3810077
5347911
4125256
4086451
4112827
3761882
3385418
4420614
3711373
3718688
3810195
3783079
4489770
4209463
3990643
3889721
3721132
3843379
4528400
4217026
3988265
3651483
3805292
3893655
3561631
3578384
3556409
4542639
4185862
4381632
4145170
3654028
4025465
3889307
3633893
3897358
3785449
3566780
3559080
3442354
3923489
3970887
3578513
3803040
3759832
3529765
3936500
4022309
3866629
4225077
3915173
3865917
4131111
3830889
4004939
4155647
3524912
3548106
3716610
3778458
3773254
