5634171
3880408
4366828
4530599
3626499
3615366
3281043
2759532
2530881
2710879
2973866
3020740
2791441
2481156
3053076
3059481
3082816
2964595
3822361
2928499
2937578
2692158
3166577
2624732
2735243
3243806
3008739
2906452
2942114
3140356
3095417
3077346
3137908
3568849
2758088
3040703
2731937
2898678
2729087
4176319
3332744
3295190
3019962
3194052
3303920
3314182
3156620
3199011
3590038
3085814
3041936
3000398
2996716
2968204
3142760
3341219
3697725
3111190
2998828
3102206
2919207
3095794
3470821
3796830
3020047
2957850
3364682
3388675
3150117
3278164
3609557
3342913
2835586
3537868
3522795
3293540
3415998
3305311
4105508
3601923
