5848583
4545845
4665063
4535880
4700457
4590960
5116562
3861033
3354090
3697400
3485680
3572745
3803164
4206252
3808989
4238503
3663403
3879132
4696866
4173250
3692766
4511327
3727148
4355877
3627775
3808507
3819765
3325541
3823423
5812227
3631898
3474157
3648583
3644544
4065264
5069501
3903709
4010349
3512585
3687971
3469077
3592283
3371344
3314023
3963625
3965381
3891851
4139271
3575755
4109419
4332905
4388004
4165105
3511845
3892428
3568270
3615888
3388970
3977911
3797818
3889057
3575257
3978764
5867149
4219845
3927875
4312493
3651424
3200981
3362128
3300100
3665475
3561346
3919295
4658704
4305706
4479577
4103505
3681563
4819601
