14730853
22621972
18223827
15993424
15336060
12808513
18013189
13928830
13542836
11751210
12845851
13233743
14006578
12370447
11669273
12511693
13911172
17802715
13414358
13311242
13562947
12180026
13018932
12753975
15375741
12452892
12976079
14340646
15843877
13600666
12558206
13968405
12929820
12388835
13230064
13270341
12202199
13858341
11775470
12318042
11971547
13185935
13332422
12186431
12568295
14372599
14166170
12057392
11939541
12977307
12603619
13187214
12186128
12875710
13468232
12393002
11922507
14009549
11729962
12530870
13379015
13680293
12637783
12695016
12568956
12641450
12903241
12093139
17664068
13027988
12036317
12564989
12882101
12530502
15092797
14227323
14086700
12318485
12965656
13116464
