6745940
5616780
6557611
4580833
4862941
4169325
4289299
3597502
3836347
4070695
4735117
4064570
3694989
4385246
4368468
3888503
3537429
5093117
3497155
3933273
3736096
4552325
3727536
3683269
4519268
4290948
3677264
3529802
3968982
3577391
3775202
4512119
4856249
3470084
3355539
3946985
3811106
3346265
3823083
4284384
4464131
4058603
4855078
4875140
5614243
4218399
4923450
4594584
3756599
3952278
3863105
3642630
4078647
4988821
4739153
4021525
4343838
3912236
4872920
4617406
4053295
4418904
5136870
3658079
4033728
5626289
4262328
4881051
4141976
4747363
4525691
3590128
3846339
4030876
4621281
4348871
5474807
5015208
4218923
4002446
