14802329
16963116
14383264
14306225
12717767
12472144
11715113
12381994
12153660
14730199
14532727
12892238
11837986
10025750
11037654
13741602
10602298
10050818
10609983
10603952
11631206
12838922
11090673
11327094
10338111
11423747
12404283
11719333
12726726
11510975
10601503
10893706
11675255
10921684
10635524
10880152
12308338
10395977
9745385
11406642
10727513
10904584
11196708
11306123
12485004
11071868
10787074
10759043
10580766
11118941
11851396
12340717
11119428
10936039
10758015
13759372
10889044
12452594
10677969
12635360
10374794
10601651
10592761
9670712
10612001
10730080
12046625
11443751
11390056
11111648
11378251
12893575
11881800
10893995
11521738
10490804
10705275
13744456
10641087
10015404
