3564012
1858805
1848112
1908666
1770683
1408639
1445575
1484225
1393895
1540510
1496349
1534845
1516053
1610912
1643689
1368600
1409013
1393532
1502728
1457935
1532181
1640541
1429334
1431393
1631350
1569029
1527364
1568662
1823042
1484801
1393835
1649693
1431433
1550571
1401484
1593682
1501512
1655224
1457054
1490390
1403867
1424959
1612994
1624161
1413422
1383587
1472297
1401674
1920997
1404057
1465345
1507369
1346675
1432762
1597308
1394934
1448051
1510604
1700519
1707692
1467660
1581670
1473016
1537518
1448203
1691203
1554887
1443073
1404377
1539676
1405962
1740852
1526145
1618694
1308718
1392809
1427502
1500146
1348939
1405712
