5825579
4756230
4591895
4534790
4208379
3234183
3686883
2822426
2744001
3168080
3751733
3635304
2774320
2938447
3127499
3585015
3552227
3422858
3385969
3074416
3172615
3102522
2764773
2940349
2881884
3422336
3330679
2717108
3112951
3733841
4391313
3484297
4005525
3907424
2958578
2897771
2898944
3108746
3576223
3532258
3306524
3290154
2875682
2930624
2929519
3711686
3454500
3312917
3194626
2955153
2898508
3280770
3020138
2821033
3004579
3826311
3675469
3131434
2937359
3072116
3486110
4899425
3606849
3318281
3004108
3243505
3805644
3070095
3416299
3230331
4404996
3839742
3904674
3824335
3079840
3406906
3522588
3444780
3495778
3131678
