171584
149163
134834
170978
90929
86969
122533
87248
91479
76832
115812
102074
84187
80672
95271
107654
98333
89140
105139
84937
80626
91828
83806
83824
90458
122797
92524
90744
79013
99682
97741
94468
96426
119851
81035
81493
90875
80893
92747
106203
108384
113555
83446
80667
98144
103003
102064
101273
101115
93624
95985
120850
99202
80039
91904
91764
112124
111293
98333
116099
88828
96809
99815
109854
88128
84355
91740
90671
94624
71389
119362
88328
90708
76783
103718
102063
98999
98138
101703
75698
