1440810
1000651
1608647
885273
1311623
1118954
1511435
862945
1266290
1106411
1182973
1005376
1610567
957436
1256349
1311897
904819
990149
825134
921403
980372
1153198
1139042
1235753
1015681
1030880
866860
1120035
1092787
970156
1420353
1192678
1196494
973774
1080121
1088656
1009488
1235177
1299010
813131
1527948
1031179
933920
839841
1046063
1137129
1153126
1102072
1028882
1107057
1132562
1004992
1435840
1102878
899170
894876
868058
999200
860251
940572
1113234
899351
1058383
1129187
1068362
1034113
1132813
1289745
1016014
1120103
783570
942591
1019409
1110658
1176548
1275739
1086578
1022033
956500
1031772
