512141
834536
451125
381984
358796
355910
380068
320557
514702
407802
359631
387070
367444
404580
480536
439871
482317
424659
354359
383173
337124
303857
364784
437611
434768
415988
362235
547323
570727
399527
501252
606864
333780
327180
392194
355516
351941
500717
471964
417487
429299
353069
492912
535514
463848
435107
685184
348486
354116
419419
346514
370257
403109
517866
413986
490163
311405
425455
377186
404760
447903
537601
440684
335077
428863
406410
360548
333807
498068
471387
414359
363979
514938
383939
474639
338307
489774
386504
334124
369274
