500577
826639
809174
768775
884183
1058702
605902
650830
578700
532517
471637
824012
595533
724402
512209
494927
669979
632767
694963
697381
892051
618168
803382
845888
541224
747846
509145
760459
850284
799442
577645
726658
572786
629600
778561
781154
526832
511591
690330
470893
476101
482079
685011
674255
684503
640335
578185
632415
583179
558723
677305
515900
544582
529071
640056
589400
561522
674060
620696
565301
581598
476351
611817
689328
614152
657175
611080
653426
495081
641752
510333
678896
814614
570409
652901
735216
639796
642121
642611
678785
