r=1, wt=8, c=16
7484624
5980081
6367814
4696563
4303597
3336556
3462589
4300853
3995803
4502962
4099724
3635957
3430981
3331577
4855594
3482596
3026911
3731433
3605711
3299423
3863167
3950073
3772022
4238087
3792761
4375414
4106134
3838071
3188631
3545887
3319492
3584873
3431218
3613319
3694033
3222436
3777402
3537913
3566378
3598218
3597894
3771891
3755260
3611599
3346288
3109904
3483129
3924332
4087565
3436221
3368822
3618782
3418611
3860217
3586702
3789498
3564193
3374727
3586332
3969822
3901477
3465275
4942822
3869623
3751063
4817372
3624245
3676031
3970562
3855551
4171173
4113592
4056158
3464436
3411817
3419391
3462891
3349534
3910061
3643732
AVG: 3735245.5

r=2, wt=8, c=16
5720706
5420467
4136850
4136489
3956318
3688517
3653260
4030215
3687489
4746097
4014546
3515685
3602342
3813091
4109577
3930541
3746237
4050971
3956977
3451783
3952116
5200201
3809114
3539205
3545761
4034657
4680274
3333038
3515274
3620347
3548628
3391369
3939088
3815875
3692651
3788016
3202902
3844192
3657948
3634584
3991851
3662967
3923768
3645498
3673886
3409896
3065806
3584671
3883293
5088452
3792449
3691816
4037283
3615527
3582129
4261769
3731442
3887754
3802186
3113051
3700662
3407914
3663739
3491139
3545360
3844627
4136451
3672584
3605484
3553166
4309778
3863427
3584059
3549782
4009450
3286738
3328821
4296003
4394012
3312449
AVG: 3787509.77143

r=3, wt=8, c=16
7525096
5595305
5775599
4757653
5801897
4118389
3931904
4071326
3750245
4040898
3711268
4610813
3561033
3658913
3150368
3503315
3079648
3342620
3589961
3639950
3934966
3351007
3549558
3557246
4124229
3286655
3793063
3176089
3858056
3303400
3418020
2944909
3228894
3505987
3720319
4503719
3562580
3385644
4067770
3689952
3652683
4006333
3744155
3367780
3708501
3439477
3633200
3396381
3871872
3852353
3367255
3212101
3775843
3657800
3578343
3718306
3849540
3858013
3499725
3086525
3398249
3667031
3349687
3544063
4009483
3363820
3255961
3973749
3877010
3551685
3574002
3520033
3906227
3817704
3401752
3722075
3616871
3230154
3855428
3498298
AVG: 3631562.22857

