190198
190681
167219
178726
235734
135726
115124
212313
156435
120666
151708
195812
118843
109619
135041
123831
116384
138272
181182
144615
135931
123428
148870
131052
142269
147492
206292
147642
113561
140805
116905
141734
123704
146065
172364
126141
139722
157055
132715
146032
149712
191499
123636
112626
161522
143691
144981
151536
162044
167083
130344
138405
185608
157835
172092
188706
247464
150537
130279
157908
147584
130611
143761
327489
323412
177384
233286
318617
287338
318119
365870
452658
147061
101530
111933
137359
123693
134880
200120
199130
