1531974
590005
576293
504338
413792
378156
434697
375559
372018
388711
347374
348763
336652
347754
368340
359450
327824
330323
448570
397959
345693
347039
388964
337051
342954
328943
367117
313553
368450
320707
345859
329683
309106
313638
339174
331992
330981
374317
313749
340480
336713
312773
322057
331740
333677
367194
315614
360517
358784
332870
292334
312736
381703
328273
322266
336007
330500
322685
364269
326294
334917
289155
351425
342001
369810
298957
359796
371755
321481
297233
336896
335751
314615
339692
353193
340842
346385
348905
369165
368483
