2233501
1311980
1596076
1284180
988756
905447
1039869
980816
960012
942521
1252793
907053
901479
876477
818973
817847
889113
858309
1059852
859340
878651
987105
947927
1070993
987037
1310978
883664
912423
902560
886092
1036328
1024348
1143885
957914
952559
908681
1324163
1137792
966038
1055002
1378159
1114069
1157989
1006507
952122
957765
1026537
1126138
1092117
943628
875973
1076868
1178268
869866
1033776
1372261
971247
905347
952852
956022
987446
1030176
1075615
1174607
986579
1015199
1090357
1158947
1031036
992060
1441677
913719
1029066
954399
1049127
1005706
1084771
1132720
1288596
991860
