2198309
1413335
1450466
1663539
1429867
1159713
1312146
1362551
993914
1061996
1167814
911033
915464
1140660
1245275
1160559
1207165
1071416
1207616
1325813
1048682
1103836
1530643
914914
1132475
1027934
1131944
899986
1164931
1226047
1211026
1108439
958035
1257675
1320205
1236036
1354724
1355956
1079998
963583
903040
966369
1088850
1128169
1173819
1175268
1079001
924434
1371134
1075304
1050275
1075671
1418651
964156
975914
1109676
1019547
983764
1195710
1338819
1091314
940001
945213
1194656
1004608
1307410
1223444
1233139
970466
1010548
1116009
970155
947031
1001273
1136579
1143707
1023583
992431
1208932
1161124
