1835567
806514
836681
802473
735482
630521
594424
547694
656603
597843
536812
591531
838475
558362
628901
683985
584601
600957
634965
731783
564321
595934
590816
610312
535213
588062
646738
672799
620755
622582
656099
648883
547705
631440
747608
654453
596407
603604
658134
622683
614266
664368
699789
583634
615860
631216
602137
652340
709489
709588
649444
645951
763489
693469
642108
666735
720940
829530
622884
678464
799488
724377
736671
707227
791316
630152
598781
609046
714334
660747
682622
697949
688032
701016
660682
697113
699440
639267
702661
896387
