2820599
1438567
1073083
1082236
935194
802641
817191
1216450
713069
808078
852503
778966
883790
820248
859172
770770
780053
763845
975000
776006
905633
848249
909205
954260
877854
888060
747556
716239
821328
897479
930343
750604
824019
978678
942192
931324
955173
1058497
785444
765792
877222
798165
761552
730716
927510
1002960
782639
771696
813805
951521
775796
859632
987681
812360
784452
757747
718609
782192
709812
886094
707986
718968
794624
789335
877458
822402
872115
1091434
780402
945540
793051
881527
814305
695335
875724
1052838
1167360
809368
839827
803504
9031169
