1282210
343355
331259
298836
271306
184446
222430
246223
195985
209221
223336
208229
215001
206405
229764
211169
183370
201537
204329
211762
216186
218073
210290
218909
257951
215847
222440
213710
191570
220503
198866
212847
204630
210558
204845
223989
210562
227251
201822
231374
229967
257395
247102
250898
240582
214307
206659
208400
205627
219204
197700
241624
244308
238028
217310
239906
211500
203886
215071
232066
203580
225594
238269
244900
231499
197770
187863
233445
203513
220489
192267
202882
205979
215727
249208
238175
197701
203720
202397
195679
