2754964
1636156
1397357
1412414
1275135
1079656
1119271
874255
1054783
907682
890803
960543
825169
854129
1072366
1057041
949465
1018370
773691
1038223
945534
1041557
1135298
1166220
893499
928041
925845
1083812
1046072
1030538
1213350
1024488
1063922
923221
1009658
1077187
1079516
1235628
1276741
847910
966039
974488
931142
965317
1061988
1086077
1178590
1079980
1032193
1239653
1085795
946920
1075146
1118356
992182
910882
894201
1002378
988279
794921
1125284
921119
1070694
872818
1117253
988520
1099553
1008109
1223972
958693
899210
903737
1003088
923084
963721
1089869
1207810
970001
865324
1042561
