1143506
1240482
1198694
965771
1058676
838450
916634
874200
991541
900406
913243
926476
865333
915462
873560
941195
871685
1010999
815756
888855
872793
998669
962636
909112
855832
918018
1218982
946369
1139899
833099
860851
877079
967291
848035
875489
952287
828131
940924
1014778
884962
1125279
848886
872156
833476
874268
923915
845320
1027346
914754
1160810
912638
828505
882971
843141
924510
836744
788955
860042
881790
830531
1170787
957600
915753
978243
909292
872613
1105964
894671
911417
801908
885937
869307
958558
1012137
883396
838972
901911
868352
832177
861935
