1379714
1347056
1384910
1024503
1057950
1073997
1072414
880115
935218
1048123
1035751
1061145
889310
991729
942404
801752
926076
974188
931067
890662
993977
952204
919057
823712
865262
1781411
953022
950384
1153948
939026
889073
1127552
898992
983529
866774
959582
911983
933205
938238
1030947
1061540
1011343
961071
876220
954864
879763
901535
923469
982366
1090354
1011170
1066926
957332
914389
951562
938672
970340
1012322
939924
925966
1018274
819102
1073670
974310
994732
929903
965619
989735
1028545
1094916
1180382
942788
1100871
940787
993898
915751
958717
1074770
890309
915793
