1151186
1372397
990390
992407
1132855
1083056
1068871
968671
933695
922928
909320
1471509
1254047
849438
894109
962522
1021160
1177069
804707
1030668
1199083
1016911
895838
1220063
945105
1105157
795678
1226287
1377550
1087793
969153
928327
984586
939563
952928
1007977
1191122
909514
912200
928352
894770
1187765
905300
972452
895008
1071415
923440
1141791
959374
953408
1074495
1081264
858872
1205442
1042091
938181
961133
1184108
932825
1374092
915215
964615
963606
1096434
1096841
1070727
1244530
882315
1114573
1046259
921393
936697
920443
1386559
974585
1222370
1097916
902282
1037005
1189601
