999618
1163946
1297800
1086286
1179206
891801
960301
1083610
976497
1661343
1019403
902354
1093931
892163
1029909
910758
816732
1044239
920091
1010674
875761
967921
947768
913684
1026907
1169225
925157
988033
935268
954844
910899
950740
1155461
1055608
896008
1049523
1068953
948898
3082499
1013541
1023440
992643
916213
868176
1573730
1119338
935006
984683
990242
957844
935039
1010262
934499
971654
1060118
1017959
1064525
1075006
971920
1033048
1023882
950168
1093487
980814
1197084
1248296
908013
993268
942983
986282
948673
973474
1379110
1001526
1160130
1300800
982124
1168118
1040801
1045059
