1135603
1197039
1060349
999237
1016392
900191
829550
871922
875822
783350
1190897
916050
871257
1132591
917331
888097
830425
906340
859026
854961
851565
949697
878936
837330
892857
927903
914102
1069261
912250
908444
974396
867931
864970
963226
875376
827482
1035809
1028252
946077
876835
855478
941180
889123
901420
916336
937140
841561
861076
824279
916592
871641
847586
918588
941772
799802
874005
877040
836550
863249
833598
910563
1012239
845763
814429
874340
772158
755645
1070834
876589
922221
914442
924136
904939
969195
930143
1017525
808152
826554
944610
914560
