1040948
1298238
1202448
1110941
1610721
1204281
988530
1038296
1149996
1050740
1118640
885548
951950
1260157
1175407
1129188
814110
1053200
968629
934756
928498
1500041
903380
936364
1001426
938527
951720
927372
1011732
1094817
1005729
935241
1052603
929045
927974
996528
964494
1062029
1163025
1080624
1147017
1071258
1208412
1129806
1985234
1382988
1011542
1028772
998172
935494
1025235
991478
1112801
1782897
1000923
891192
1210213
1103202
1083786
1413063
1155207
1075758
1112167
1163951
1223224
1903887
1138727
974929
977393
1009096
977020
963446
1071025
1036470
1100217
1017485
2054073
1008912
1205216
1054820
