1172563
564444
447028
528272
412726
343166
368898
424920
372697
341616
381096
423858
416732
404274
377483
459098
375327
344301
390536
356305
352795
341243
365077
389556
349182
355989
533512
416995
441329
374482
453091
350087
351211
386816
361227
358434
350008
479080
400989
338404
368212
367934
374962
369687
367282
434605
377977
385750
335217
382075
360818
358008
410511
381139
338657
352295
364505
380903
401713
386788
387184
366341
397041
369368
338375
326671
385367
398192
395613
352241
372464
366064
439869
414398
391902
497411
364163
359480
382912
326301
