998038
644379
680591
642645
545522
707192
589724
689324
690305
957029
567168
548767
542049
529627
494099
555076
596744
622775
667848
592862
647115
645713
601084
677809
751813
650005
538730
515240
517287
576317
541068
722538
597958
575613
566688
735990
566528
561887
546105
672563
552975
598024
549033
588543
607703
548649
579298
642820
572034
582194
616382
609996
532275
573755
760118
605518
508922
472896
506571
545539
566979
577534
570889
524258
601887
611972
658855
609334
585341
880764
565435
521148
475169
556458
527753
567847
618180
731415
499827
621093
