981073
728079
823683
1005380
943382
749203
1050386
824570
929901
918725
861745
922763
746359
817152
727045
782874
722221
880125
1027975
854887
778049
992133
1054361
869016
1069093
1031065
973872
830335
737941
782884
772480
825039
839387
1035848
857584
786487
914671
813690
941622
887899
1114875
1009236
777167
714827
783776
695988
829934
954506
1109045
768177
887055
799255
745868
909661
1276820
898155
804341
726787
855485
860811
860087
804334
759133
911118
789554
740307
797462
815369
841922
856056
1079311
962715
761857
754302
788658
611360
870438
815988
859775
756674
