1045131
505892
442234
385301
436375
405874
409763
388569
400984
383302
356696
348359
402827
361868
378926
436972
404820
396382
384416
402548
364271
358978
380318
388244
464601
384593
349014
466071
359936
402633
394903
476291
383026
371085
409495
366298
343972
378536
357369
382890
364614
394694
387867
398967
371683
367204
453814
373675
339803
375159
360967
368982
394210
387859
400707
356398
345250
478804
420794
387244
390441
467267
380410
361856
357678
366170
388569
367349
423182
420553
354735
380181
448850
395175
394846
407312
474950
393012
361002
368039
