981177
600792
720846
501260
457348
480889
455624
406851
421525
461948
475018
450468
447546
503078
483550
439611
520158
515344
429182
436079
444096
415508
410150
424026
512124
497250
463454
392597
513958
523634
551760
518820
554769
482903
473187
454328
433790
414704
535467
609576
536412
445679
434862
588922
585834
534872
558470
599666
466882
497501
532468
428663
426570
432203
518622
559911
418942
424572
508479
509178
472519
535777
594191
467555
414848
434446
453974
469900
443808
473161
483930
415946
405842
467769
458021
499414
463758
562569
466039
442725
