949925
455176
417289
424692
454755
384621
338197
426006
368413
360987
365398
329377
336158
289563
357778
334118
350342
321134
300327
332539
375153
328071
376574
342121
312784
312508
314923
338656
313864
341009
352072
380724
356189
344348
317776
350490
387303
356416
318000
295396
329070
310600
311479
324448
249749
357365
346663
334464
319658
346179
353355
382831
394768
343797
334822
332901
333189
315460
315344
328867
382888
331504
320869
346222
315242
367637
331240
340929
317759
322198
320274
306923
362146
306096
314445
387840
371485
326947
317540
343526
