907119
715467
826381
921150
734285
621348
743514
658823
877838
655216
647651
640257
596392
646562
581389
731503
574240
683200
646489
688367
651053
684306
693663
932609
657990
648646
668501
603338
746389
779331
593022
687367
615922
676497
696348
556873
709801
691223
755811
718485
664369
592345
524080
617050
650897
588374
636902
637601
602680
574454
546806
650289
597514
779841
564060
609259
569624
549494
657297
591727
609419
581027
570479
525008
660211
585492
574209
665166
592382
556059
637005
597448
476331
510535
708723
665450
686231
582160
581493
703899
