760101
437703
364449
345722
285163
241330
229142
209705
281283
260614
263072
248612
268760
262089
255427
258282
261029
252361
254092
251108
238795
248307
277648
280449
229992
291851
249359
281017
248682
253447
246834
250387
255498
243989
235928
255765
273410
223178
251847
243294
258070
258229
254814
253252
256802
252123
237044
239686
233895
233753
236805
243212
240667
264729
272548
231542
246433
245783
248541
236373
255660
246807
270726
248799
232219
274792
264329
241741
206882
248556
260690
260788
260341
268875
247908
243814
236167
267866
239710
253942
