895017
396659
416532
353178
300467
252485
249443
317434
253407
267838
279527
248234
221225
238654
253964
236983
235488
238937
241326
236856
268887
253612
245154
245659
250823
246876
250176
252820
234007
259898
226419
257472
269703
231899
233047
258143
251480
240886
228318
258303
243997
250371
246159
216470
264774
212043
239671
255475
235367
227885
253436
253338
238266
255793
247945
241861
256903
252761
236417
249616
250764
239161
209382
238380
249652
220430
250470
255802
234026
256292
254476
244683
256816
252465
224185
243346
235503
241272
237976
226610
