212877
157360
198778
193228
153321
197671
117921
125264
144789
119196
90268
92229
86920
135584
115813
93379
111362
83582
93755
102765
95368
80811
105948
95060
97586
68848
89938
83010
88359
134364
86304
99548
122208
91500
55520
77978
82707
117501
132305
59521
61220
51736
73518
75385
83397
66312
61979
66425
74662
123133
53852
80570
89124
64869
85679
83137
108156
77550
99954
99848
84164
111728
87954
68195
71052
79692
70187
66895
67228
103242
97326
65186
70272
98559
81393
69857
67658
72190
63976
113422
AVG: 91120.8714286
