r=1, wt=32, c=1
104430
75564
87363
78575
54393
53988
61734
50060
75589
47251
47226
46399
51660
36996
36981
38603
34952
31965
38699
33270
43543
34697
40909
34833
31863
38410
37655
34917
41501
37361
35320
33517
35990
28028
33394
31556
25291
29349
28929
32489
25916
26706
44231
29556
27655
28186
29116
28734
33480
29403
29644
33508
29656
29805
28811
33937
31208
28671
31800
31792
36166
28196
33548
29876
28361
35289
28437
32203
30448
31293
30778
27797
33140
29860
28147
37763
32242
29899
29400
30713
AVG: 35003.9857143

r=2, wt=32, c=1
116946
181766
50534
74748
45334
98650
37726
38498
56868
39337
34696
55058
49913
32204
33531
26550
25189
30837
27383
52919
39795
26195
37760
43513
31545
31200
26448
30210
48956
26546
50878
28102
27917
24995
26788
27236
28611
39702
30680
26124
29269
29311
44777
33205
29089
29402
26987
27397
26362
28356
31774
30504
20749
24327
36517
31255
26064
23488
25065
24620
20487
21414
16341
19258
30627
30517
25675
26129
28216
31675
31662
28224
42468
45007
40483
28413
31201
29814
29225
29234
AVG: 32989.4428571

r=3, wt=32, c=1
84990
75807
86862
76718
67918
105086
63715
49978
48825
58578
71140
48235
39368
48837
29354
36935
40848
38689
30422
39426
60275
46592
45852
34392
32524
33715
61812
30527
30316
42116
31812
31200
35384
36658
30332
30544
33063
35413
30884
23827
26836
30746
26543
35741
28933
31574
29703
31483
32874
30134
28562
41680
23952
28235
28641
31179
31203
35428
23706
29248
29601
25804
33993
29258
28536
23499
29183
30120
28635
42258
27418
29927
27538
28336
27427
31925
21957
31409
28294
33056
AVG: 36208.6857143

