r=1, wt=16, c=1
98984
57438
73890
98871
58823
39980
80353
50500
65206
65265
57036
54025
44161
34166
35567
39883
38593
30898
43679
46935
33558
48237
209124
42582
26526
31852
29427
43405
32010
29067
55319
32035
37449
27942
39341
30844
30388
33495
33645
30306
59056
25792
32574
27907
37315
32045
31499
34847
35574
46436
32851
32844
26382
29813
27012
26425
29100
50526
30961
28033
31424
32437
29974
31515
29478
30262
29402
27273
30740
40099
29817
45207
29291
26901
27671
27854
36241
33308
27771
26632
AVG: 39304.0285714

r=2, wt=16, c=1
83892
70234
64164
63963
68978
44193
45343
72973
59539
44760
58782
50526
35164
87971
35209
29717
34256
47783
52544
28199
32810
34370
36563
40982
31581
30450
30322
28827
31571
31445
28401
37325
26073
37662
35827
31774
25078
26819
26919
24229
25199
34240
31290
30663
27746
24144
33219
32483
26806
21065
20194
23836
32279
33484
23597
28868
33353
37691
34722
38451
25326
25020
25310
33152
24617
25742
37560
30893
31650
28954
24189
29212
25958
28050
31792
29248
30280
50923
32347
27721
AVG: 33953.4571429

r=3, wt=16, c=1
111908
53418
85412
83971
78591
36594
94547
35913
49243
129694
39283
33686
64929
32064
29414
29556
30004
27991
24260
25158
38508
32341
27042
26059
65584
53157
42907
45512
104868
53763
51678
53001
55688
41359
30794
24546
27983
31679
38785
32554
35143
25683
30245
23316
33962
26257
31115
24803
22414
30621
32099
28528
20076
23015
23534
27926
21160
26256
29039
21760
27007
26240
20820
30151
29944
26607
30285
24951
19347
25247
22090
23211
23615
23605
19428
35706
31308
36728
22342
26106
AVG: 35280.6285714

