744669
387356
388396
328264
397863
400517
187891
257947
321705
202708
218032
189489
175497
219155
158144
231157
240671
233836
188283
250190
231285
295858
179488
179769
273689
261214
192354
229891
418391
270278
314289
154812
170489
163516
349737
212830
234785
174451
258176
187506
265966
285573
297158
388321
212585
309993
250460
196406
201456
178068
255827
198429
345447
311141
198773
168138
214951
222800
186553
176334
213279
323308
272007
232591
196187
172683
231039
307461
266713
211875
190570
255119
216228
258145
194102
261962
163224
197760
199406
195011
AVG: 237624.514286
