2265618
1312247
1676261
1289992
1797792
952709
536429
1105735
1026862
748207
561225
672247
651512
487430
919270
800283
1277722
738960
863084
888559
797095
1203204
958165
826231
1004261
547516
767537
694220
531130
719661
562792
762825
766215
656466
593900
918273
967465
669113
716322
676279
889003
713874
692617
755230
916762
657616
729637
463020
962121
889347
785224
1126822
869663
715288
617245
616474
1041575
865384
695259
851324
781856
735871
1036173
702100
643510
873298
796364
775362
762170
838023
932571
556116
771328
879489
912244
950208
870180
674691
1186725
1343494
6979433
AVG: 793930.591549
