366090
230409
204437
330049
156987
188799
323977
252068
193419
293154
332117
157993
144251
175105
139692
150484
317333
241741
172608
160406
141639
127972
180373
169850
180856
152070
149654
195594
146275
138628
167432
120680
153555
154940
166265
127570
145042
147945
243729
131207
132698
141832
125244
134850
162412
133103
117123
137390
186544
165344
125058
103645
146936
129976
133588
156132
196976
127250
116379
155623
184033
152128
167289
119337
103099
108006
127754
139005
157243
163144
123832
128203
118375
187404
117162
126037
185735
243434
167082
111970
AVG: 161550.571429
