r=1, wt=8, c=28
7928391
6644937
6470716
4402808
5052235
4925611
3894059
3946634
3818325
3948754
3994345
3844548
5345532
3139528
3760669
3983712
4026388
3557798
3362891
3620753
3699415
4601997
3326711
3218546
3639040
4222406
5408239
3636765
3164463
3813761
3717290
3784966
3810702
3550725
4663800
3939856
3273107
3358087
3159019
3517415
5124864
7188271
4185989
3300925
3369575
3661209
3674284
4200281
11183041
3522969
4357343
4370911
4062166
3519828
4031183
3885870
3588059
3417017
4282830
3400901
4385846
3563665
3415602
3591785
5455264
7338122
4148553
3520633
3158012
4444963
3831661
3376042
3610330
3332996
3670336
3603970
4836023
3494207
3434276
3516693
AVG: 4054959.75714

r=2, wt=8, c=28
12714677
5141035
5862932
5149150
4669650
5463772
3842121
3549238
3227739
3175664
3293084
3547761
4128587
3116283
2977597
2756031
3059797
3586004
2868221
3624290
2940499
3162598
3282195
3337167
3498510
3591459
3839774
4827905
3641782
4043563
3597084
2745256
4509620
3472061
3113284
3800836
3649485
3379027
2783867
3811687
3591650
3476277
3308283
2666485
3445603
3105721
4408156
4321303
3795468
3953763
3585622
3824646
3523249
4522832
2855311
2973522
3748922
4016866
6608128
3766605
3271060
3181491
3705448
3625988
3495940
3356158
3396262
3200038
3422029
2991120
3330427
2939786
3422386
9751757
3205567
2825039
3145066
3184890
2760017
3298584
AVG: 3643395.95714

r=3, wt=8, c=28
11485355
5013788
5026595
4567856
5699306
4619433
3436671
3654060
3845630
4023675
2923698
3771611
3650407
3866425
3915871
3631805
3694110
3368006
3686499
3652550
3574404
3824333
4382748
3343622
4093289
3424094
3313919
3836202
3767379
3560187
3672294
3902218
4413416
3298064
3592278
3541134
3454830
3697932
3168394
3949260
3854574
3461513
3664275
3500278
3978850
3806258
3468704
3386720
3443930
3716274
4483863
3134049
3865151
3814003
3675338
3624472
4300231
3232013
3517732
3304795
3998977
3040716
3467198
3554371
3592044
4194923
3525833
3687441
3589589
4047120
3617841
3606359
3777243
3414135
3467777
3845582
3759513
3873108
3763343
3802318
AVG: 3676643.4

