14593893
7988234
6694740
7188109
6268557
6305764
11509200
5262446
5031220
4925057
4797996
6329358
5466348
4569944
4882925
4840060
5341429
4999674
5114571
4843297
5874774
5702731
4995030
5279905
5152066
4691850
5636218
4410499
5760724
5484293
5342039
5152107
4986795
5221479
4856518
5343556
4577939
5077976
4666741
4520129
6418688
5864686
5602316
4493961
4802041
4974958
4727674
5219804
5201885
5051748
6345504
5075677
5168310
5074152
5022210
4590967
4578861
4727696
6656805
4691667
4823969
4459194
4830015
4503957
5724381
4369386
4483134
4305623
6050863
5697726
4160460
4297445
4378198
5431624
5032734
5514307
5292085
5261640
4969785
4298070
AVG: 5197013.95714
