r=1, wt=32, c=16
1106213
492706
523070
297768
423137
348843
311998
307977
293870
411626
305755
194697
433496
225717
375603
206629
253289
281079
410186
258085
219825
308627
425858
271257
223071
165822
290586
220721
265470
264211
208050
327288
495581
222564
248967
205588
227345
202276
285163
272660
170531
285924
207950
214763
290523
151788
267207
168619
271631
293744
230802
266109
476423
284887
306913
392661
405382
841938
268855
301142
318861
284583
278524
362142
311847
325828
234487
224535
368067
352724
295519
379651
274655
253115
186010
1142134
236754
361490
583665
215040
AVG: 293116.0

r=2, wt=32, c=16
879015
244302
555477
277262
347572
204984
443796
254524
310097
214556
334642
176639
243052
292953
226501
280846
197855
309600
257211
236920
209533
219614
191056
202815
216863
194378
514410
223926
196266
285722
246574
205165
181005
246078
201022
189175
253377
148958
210827
259484
245390
206257
398048
317305
231390
244449
309273
168832
161786
241870
210194
248045
268811
323457
277655
252485
307102
289987
353004
168649
260075
214152
295406
245573
309351
368161
340749
317283
260512
309119
202714
162263
523994
306832
247800
190760
209377
209439
269827
203656
AVG: 259548.528571

r=3, wt=32, c=16
883710
605905
447612
424050
278316
369585
279313
184963
189044
229964
314297
220053
228774
292288
216149
380309
160139
155289
354026
263474
261216
336247
339440
267651
332527
455888
289779
508529
339335
229279
305593
283388
342477
312632
248468
212623
356698
259941
292031
237695
181077
257235
311550
257346
240046
195752
312612
223071
241300
243116
333893
257328
336295
295922
330571
271406
281214
245711
330108
236584
322577
339191
223922
202143
328238
170247
185983
224800
447235
246856
193248
374051
361400
247398
259289
279397
194534
298189
192362
239964
AVG: 279397.414286

