221960
178585
106926
89019
178023
145144
177221
107489
128408
100067
103288
85821
104305
89137
83424
127264
99526
69608
106125
81973
86293
123750
102664
93943
74660
76688
98493
72377
84143
100400
84272
90673
75534
86162
101387
117437
85244
99136
101504
104429
100897
96676
114146
82932
82376
90585
88439
77849
89118
113193
72303
76921
75011
93700
72011
124990
83083
125674
75206
103128
74663
72711
79490
109782
72203
92471
111243
94032
107671
72706
77113
82482
111189
98677
67189
99470
106926
97460
118678
114483
AVG: 94712.1285714
