12331719
9541095
8690599
8459461
6187654
5580573
6881979
6421077
6823539
6231348
5671096
5549584
7157117
7345148
9463620
6898660
5387513
6698144
7393109
8370735
9253125
7281816
7946104
7549976
5537891
7670932
6356433
6424628
5207474
5993383
5502683
6879497
8083770
8837872
8561266
13521854
6870529
6845012
7339754
8333215
6470984
6750339
7205115
9011068
6795559
6688139
6859290
6981122
8114911
8399357
7216818
7353818
7980114
6327738
8047381
7392361
4882886
5187668
4925911
8146371
6171893
8926730
7170664
6217236
6721995
6521419
7420656
7116831
7184669
6589051
6852371
8538033
7819372
5321147
6696676
4768002
7199287
4959212
7917166
6656728
4636095
AVG: 7079495.08451
