11253485
10123345
7348462
9204757
12944785
9178710
7199032
7146633
6777266
7309147
6298427
8135948
6612440
6963573
7410036
7068408
6867629
6584751
6984700
5954444
6352472
6807397
7533349
7085701
6598034
6134147
9149521
6750578
7839738
7602264
7071985
7013356
7107616
7754690
7837237
7696140
6778998
7061714
6084397
7154410
5945896
7762718
6905599
8688913
6683389
6685777
7716170
6635528
6577531
7233794
6560431
6908374
6389219
7748781
7851795
8485102
7296321
7348832
8494683
7175786
7653510
8472320
7415273
6586010
5772846
5145487
7277183
6747585
7590381
7024921
7563653
6428686
7221148
6844970
7164717
6237613
7316515
7781770
6909317
7493705
2893782
AVG: 7128814.50704
