13486841
14066252
12377915
11005887
11242689
9328583
9782187
11147125
10851558
9746990
10043565
10400677
11106151
12339975
12872013
10380296
12148057
11530684
10309705
10886730
10440268
12494509
11115581
12269161
13810359
11399157
13433393
11156389
11774014
11179099
12359290
11703360
12697029
11863645
11208345
10142596
19426357
11731838
13540161
12781853
11406805
10336770
10390850
11442857
11104971
9898377
12232908
11103128
10419472
12056911
11276525
9276355
9969002
10019494
13203838
12899190
12309362
9459720
9961164
11081338
10346351
11203623
10504008
10913908
11507863
9297189
11779049
9569007
10016713
8651342
9954636
10200084
9482859
11323283
9350334
12697551
10570074
9776672
9194974
10256661
2639181
AVG: 11211937.1408
