2422300
1656024
1624035
1792672
1474445
1397567
1509504
1296690
1556470
1547901
1355966
1465412
1502824
1351878
1252882
1112703
1532437
1265636
1434053
1790469
1308382
1339075
1263985
1313846
1256715
1395404
1549088
1357933
1412210
1095022
1222220
1255398
1271126
1629823
1219421
1131679
1089644
1216207
1545743
1219985
1331222
1337894
1242547
1481210
1321315
1385012
1304752
1377535
1458926
1500816
1447264
1328742
1364615
1358116
1223962
1326027
1334895
1389446
1122086
1184041
1104131
1305364
963710
1224662
1318187
1264016
1541946
1407419
1445304
1612733
1514140
1196022
1200798
1587244
1377233
1131676
1263572
1463912
1295665
1983209
AVG: 1347837.57143
