r=1, wt=16, c=20
13169437
11817871
9835786
7709113
6118611
4535565
4605006
4727129
4758355
5631752
6091159
4936358
5914049
5834718
5295968
6337377
5467385
7703987
7832231
6762923
7825951
5711732
4490075
4836576
4745793
5062555
5163390
3904205
4999419
7056966
5598811
4661509
5593197
10325000
8367399
4877555
4709581
6806150
6078510
5716479
7209197
7619540
5061561
6240119
6523884
8224172
7860028
6191505
6689184
7639695
7040063
9302559
4628047
5201559
6438192
5507335
6880264
7780827
6129980
5423744
5649370
6261568
6122688
6023666
6972761
6205429
5711427
8443841
6461293
5542436
8001693
5739622
6449273
7767363
7025069
6425048
5322888
6066732
6831461
6013339
2343925
AVG: 6216321.3662

r=2, wt=16, c=20
12331719
9541095
8690599
8459461
6187654
5580573
6881979
6421077
6823539
6231348
5671096
5549584
7157117
7345148
9463620
6898660
5387513
6698144
7393109
8370735
9253125
7281816
7946104
7549976
5537891
7670932
6356433
6424628
5207474
5993383
5502683
6879497
8083770
8837872
8561266
13521854
6870529
6845012
7339754
8333215
6470984
6750339
7205115
9011068
6795559
6688139
6859290
6981122
8114911
8399357
7216818
7353818
7980114
6327738
8047381
7392361
4882886
5187668
4925911
8146371
6171893
8926730
7170664
6217236
6721995
6521419
7420656
7116831
7184669
6589051
6852371
8538033
7819372
5321147
6696676
4768002
7199287
4959212
7917166
6656728
4636095
AVG: 7079495.08451

r=3, wt=16, c=20
11758602
7503528
6947169
7821608
4498161
7293889
7208310
6718794
7117274
6966347
5041696
4337859
6148143
4856247
7413845
4585051
5912423
7506536
7113485
8220721
7597999
6795383
7070886
6912820
6754139
7098225
7744658
6830578
8682379
8481770
8157799
7029469
7371145
7660730
9929763
9285484
7616472
7763864
11387133
8609086
6023896
5745904
8232733
8071026
5231767
5354504
5889429
6250367
6678271
6535917
6512710
7047125
5598360
7385273
5918328
6692336
5644003
4934357
5744471
5864479
4137998
5705244
6152415
5828228
5246259
5334107
4463321
6160875
5304129
5687056
6385171
7752898
6407583
6215153
6723738
7526636
7222911
7109986
7839507
6486777
3195239
AVG: 6698682.66197

