2792582
2550323
2118390
1753803
1720345
1794499
1948384
1905014
2031596
1829538
1788227
2070148
1802533
2029927
1789302
1629566
1600077
1978251
1851346
1870108
2063260
2044324
1884567
1807623
1714131
1543875
1747342
1736056
2761747
1923143
1703008
1644477
1812825
1977227
1894807
1691439
1638634
1851942
1718698
1619592
1855179
2115447
1581712
1663002
1719626
2028465
1915923
2035374
1794625
1978238
2034095
2658638
2173697
1940142
1619424
1468295
1583314
2003324
1912916
2163939
1869851
1672107
1844373
1676895
1832124
1864226
1704235
1797267
1834699
1697794
1913178
1691072
2329280
1766176
1784040
2280929
1902472
2083000
1937984
1899605
1595248
AVG: 1866209.21127
