20392105
10821656
13386877
13359578
13080653
10520266
10079455
11570526
9590340
11751185
10820672
11234230
11217167
10976064
10834793
10724538
10455886
10584018
11727267
12550268
10999693
9884707
11204489
12614941
10548745
11579867
10466271
12436736
9828203
11850153
10064492
11524299
10058070
9862244
10856969
19105873
11894253
11695452
11819471
10792058
10170089
10295040
9847372
10864752
10556655
9797060
10379547
10228450
11117824
10806190
9314201
9986102
11533150
10134820
13028800
11584763
10092038
10382960
10303536
11076661
10779637
13872805
10093712
10187808
10930410
10438590
10317603
9553755
12080625
10805123
10034867
10520957
10958063
10285623
11685978
9459590
9695523
10122757
11253413
8714637
AVG: 10968131.8143
