r=1, wt=32, c=12
6405488
3610159
4560480
2909959
3361331
2831080
2996446
3400254
3032057
3905898
2831841
2883143
3476116
5482330
2885954
3394071
4144474
4468815
3934311
3069415
2776377
4303228
2921804
4945688
3789865
3496935
3378785
3569696
2958857
3351355
5402102
4999234
3335093
3023312
3191975
3403754
3079633
3278598
3493858
4372856
3758077
11859085
2816504
3278488
3262633
3504043
3519719
3116855
3640123
3427414
4168114
3444766
4192278
3520823
2605639
2942728
3862902
3734679
3183250
3749807
3760588
3676982
3020933
2903323
2796219
3122327
2964337
2708573
2695941
3160541
3045390
2644817
3257843
6086636
4126718
3163911
3535754
4013626
3528722
3526362
1179800
AVG: 3613129.80282

r=2, wt=32, c=12
6694135
3026831
4081891
4102419
4063121
4254567
3853465
3751239
3337071
3995907
6806329
3392175
4313129
3115529
3916513
3762994
3769829
3236022
2909664
3559561
3089502
3183100
3083663
3701800
2971390
2849499
2821072
3461239
3389076
3542605
3282671
3212328
3018525
2923686
2956567
3061604
3899343
3964617
2875907
3282537
4452951
4129364
3751476
4171282
3226038
4420844
2894837
3331965
3098100
3359612
3234436
3590438
3987849
4589593
3519992
3743371
3933822
3157191
3688167
3914006
3528190
3144479
3884726
4042188
3294069
5279411
3559208
3569331
3324164
3550899
3872698
3369670
3739258
3563006
3383238
3523183
4746114
3630139
3942408
3974007
1623714
AVG: 3596729.25352

r=3, wt=32, c=12
4779863
3449703
3454594
3790227
3663671
3211998
5594043
2714643
3118579
3414986
3066382
2769095
3434538
3314612
4160646
2856896
3046838
2701921
2742512
3093368
3610249
2958933
3002309
3367294
4009469
3336556
2634141
3260391
4735343
4490143
3480702
3295751
3329737
2983565
3539264
3076435
3030341
4005723
4530497
3304776
3790516
3485706
3868208
3272535
2955009
3883495
2709386
2886242
3615994
3026684
3649486
3703804
3495264
3499409
3381390
6216272
3497890
3415547
3854110
4199349
3246542
3034553
3528203
3329928
3464384
4074077
3835067
3756282
3944994
3457140
3559877
3533109
3186180
3556456
3197644
5226487
3907761
4330375
4068652
3324496
AVG: 3490477.25714

