10461088
6579607
7368375
4075965
4346938
4128469
4180982
4761942
4485615
4526365
3732450
4805427
5740717
4975330
7862118
5993258
8140367
4880298
5173967
5051197
4123040
5394622
5290174
4672277
6693490
4482742
16420554
5304601
6377382
9123747
6161263
7045463
6644238
4940242
6316614
5225478
5808310
5752864
6733088
5636504
3863770
3966666
4513653
5025605
4475424
4160356
4597777
4573191
4412937
4369708
4083482
4541385
4917472
4946596
5082378
4288054
6683019
5386863
5489472
4354535
5487589
5725515
4981413
7543928
4265870
4318846
4414800
5370192
4294572
4934855
6968262
3645890
4917980
4625492
7006668
6463415
7264297
3561170
5591741
6695958
3045341
AVG: 5426518.66197
