8474093
5647104
4382731
3772864
3312014
3846759
2865849
3044635
2641185
2498677
3706055
3543716
2854638
3147719
2734999
2751020
2913721
4394791
2441926
2981465
2748028
2969800
2998247
2851819
2803145
3312566
3133967
3096247
2843340
2835712
3620919
3144275
3359331
3400758
3235777
2614691
3141372
2876437
2685759
3030041
2973828
2558905
3257695
2748802
2808382
2853119
2804862
3320955
2825202
2960148
3542708
3198716
2654440
3156250
2963375
2994147
3382262
2504559
3436260
3072149
3549445
3114103
3032904
5336174
3581409
2955249
3428743
2676948
2603817
2683404
3137740
2815778
2589452
2615568
3112464
3320804
2619114
3502496
3534199
2281842
1951154
AVG: 3065354.25352
