r=1, wt=64, c=20
4827337
5940568
5700051
4779474
4724036
4904510
5354775
5289334
5679837
4592009
5030472
3754361
4006131
4090586
4223720
4808487
5663083
4336089
5297638
4646144
4949542
6462880
3942245
4630020
4628353
4677407
4651034
4908780
4414166
3938113
3912054
5304067
6262805
7386880
4398427
3506314
3919018
4485451
4423536
5550188
4976919
4938162
4009269
3734629
4303686
3849927
4377046
5350770
5025188
4785728
4909190
4579892
4820110
4304328
5062030
4689960
4129486
4864037
5685462
10138649
5800165
4536581
5623287
5411882
4354904
5324910
6496895
4580042
6386831
5134649
3538103
5480206
10468413
4609574
5270625
4057878
4605036
4868852
6308170
5480007
AVG: 4993999.87143

r=2, wt=64, c=20
7977063
6635039
5374397
6337663
4455145
4644646
5636762
4988163
4910832
4817791
4082373
4542645
3538050
3597277
3798966
4491139
4877177
4295079
5204200
5191200
5213133
9938002
5017766
5562995
4871653
5934747
4627852
4491716
4249361
3604979
3897947
2983082
3284189
5611269
4559979
4585081
4476277
5851205
4837147
4460148
4579771
6357901
5608115
4201746
3865236
4127118
4620594
5527371
4784385
4679511
5172051
4241961
5473342
5342929
4567523
4550165
4286448
4072651
5569479
4126774
4644885
4119326
5007033
5723467
3968973
5104113
5791178
5575302
5324501
5367297
5842903
5265348
4378376
4318946
4945537
4345053
4687459
4840906
5986374
6358005
6501750
AVG: 4819044.1831

r=3, wt=64, c=20
7188846
6891175
6889930
5629704
4843962
4808735
5812035
5067183
5095733
4508004
4009435
4516330
7968436
5018664
4861733
5250038
5153116
5183488
5793370
6751982
4959572
4834866
5749677
5895964
5332883
5011569
6259869
5029760
5395606
5225301
4770523
4518634
5228241
5252406
5389991
6452425
5052760
5689044
5983494
5428471
6838252
5570117
4974846
4584802
5298785
3990679
6420949
4576964
7081486
3641300
4201249
4056355
5204195
5622049
4981584
4377665
5395521
5189448
4607659
5298849
4790830
4448206
5518127
4892299
6334226
6164659
4616448
3550954
3855369
4742701
7596542
3744318
4278293
6357073
3225761
5850132
6468625
4008265
4999366
7299439
9476316
AVG: 5199127.1831

