r=1, wt=16, c=1
2227284
1900799
1835757
1668349
1481998
1470021
1560248
1347417
1514419
1554080
1601959
1575616
1370613
1287015
1363317
1363798
1571568
1223048
1379115
1268734
1392300
1476727
1376378
1206616
1398675
1403395
1301646
1404209
1437434
1429507
1443828
1499706
1394805
1558310
1279844
1433988
1329250
1442078
1433474
1382293
1430628
1416697
1288164
1412238
1309555
1360351
1450270
1535877
1456949
1314945
1360082
1394618
1257268
1357193
1520437
1231308
1303259
1359360
1436713
1366110
1364542
1586302
1368225
1594385
1503412
1460149
1304301
1439388
1322422
1534980
1400899
1304589
1507425
1444589
1272782
1422967
1462222
1212317
1400819
1376374
AVG: 1406369.18571

r=2, wt=16, c=1
2229160
1804233
1695020
1767257
1702136
1502216
1528357
1507416
1443214
1426886
1513567
1420867
1191244
1276067
1254481
1356564
1208323
1237701
1262569
1281056
1191262
1409252
1379914
1301256
1543287
1440843
1296504
1087658
1283934
1439029
1323345
1417279
1150034
1478590
1463911
1428261
1244203
1385593
1225013
1408240
1144894
1403551
1321132
1315608
1417927
1342815
1350317
1273171
1006829
1365756
1249881
1356180
1383668
1462630
1737199
1325197
1230674
1367706
1411986
1310421
1303505
1323797
1246081
1233153
1432172
1498307
1489183
1391057
1469234
1273732
1394492
1327566
1371350
1228010
1279461
1286006
1571053
1214001
1344274
1388766
744597
AVG: 1346937.80282

r=3, wt=16, c=1
1938037
1657167
1393609
1723456
1574034
1416514
1256584
1273615
1426028
1278465
1528553
1383802
1200398
1376455
1528941
1287038
1237661
1418773
1495613
1329367
1364138
1395584
1381624
1493709
1270175
1663889
1136464
1366927
1213931
1273716
1231930
1179059
1116792
1236024
1194746
1290190
1223277
1367623
1278572
1256876
1245908
1311521
1548538
1322179
1282548
1416289
1400458
1282111
1515781
1361170
1377845
1424920
1205995
1326105
1210005
1326282
1521042
1559839
1371358
1415275
1283176
1228622
1147914
1353324
1306275
1500728
1263407
1542352
1882675
1218121
1287293
1259970
1462204
1351205
1282449
1333060
1277093
1530965
1247816
1372565
589242
AVG: 1345084.46479

