3610918
2985029
2677293
2321536
1909991
1980620
1759734
2379565
1784266
1836548
1904412
1794361
1676583
1842580
1625659
1618405
2193842
1664433
1762040
1735418
1847609
1747157
1800019
1733910
2266695
1838418
1766575
1753957
1775281
1924342
1955226
1687222
1718508
1855305
2173400
1986067
2027027
2126909
1739042
1580960
1740182
1840150
1583256
1796214
1479386
2027770
1749322
1742786
1651927
1942256
2035918
1657983
2018764
1633849
1825269
1662486
1614741
1846063
1909200
1767372
1958780
1752454
1951035
1606037
2059427
1852073
1675651
1855160
2084181
1863205
1800193
2362477
1799647
1632063
1956797
1791166
2189563
1882857
2031430
1838735
926897
AVG: 1836441.33803
