r=1, wt=32, c=24
1119883
1660839
1154871
1452025
1225753
1157237
1110303
1044240
1189197
938537
1162533
1223464
1272400
1177678
1128027
1139082
1376255
990426
1174293
1025179
1032196
1074085
1613262
1222881
936804
1068762
1061691
910059
1002028
1047474
1039252
1063575
1069291
1188732
1005053
1041968
1090996
1068027
1139992
1030399
1237845
1034806
1027663
1113726
1261563
996915
1086124
1162962
953080
1180230
978006
1295273
1014280
1078522
1026036
1090884
1138340
1337793
1106690
1173034
1197409
1128114
1118019
1187205
1098834
992035
1232928
1002919
1015084
981912
979109
1113888
974484
1007570
1222037
1032670
1216788
913688
1141152
1028656
AVG: 1105152.81429

r=2, wt=32, c=24
1000103
1491268
1350929
1473575
1345749
961244
1187792
1174253
1217538
996345
978820
1005245
1010987
1079370
1040344
938334
1104956
1102468
1012847
3206353
1050834
988936
1007180
1056038
1016860
1038401
984090
1146140
994434
1097202
1012095
1074676
942296
1058326
1758791
1028211
1065448
1023700
990933
1040564
973864
942263
993066
930109
1005030
1148314
1166698
1137810
1080022
1372063
1172395
964932
1020884
2192635
1099393
1130974
1027029
971154
1017131
1927217
1000586
1098761
1185798
1134476
1169587
1262330
1143273
1059161
1203433
1096839
2905154
972660
1095198
1137614
1070593
1008153
1106317
1093189
1005652
1023088
1779368
AVG: 1157868.30986

r=3, wt=32, c=24
1340042
1516593
1346631
1058768
1265242
1069282
1193132
1301963
985792
1124503
1147040
1134660
2308061
1020672
892203
1073375
864115
1087087
1113096
924642
1024898
1072509
1063404
1074918
1071333
1201337
1145258
1178891
949838
976198
1113481
1216996
1014745
1061338
932758
1090402
968540
1272749
1025429
984309
2585029
970555
1082408
972063
1157051
1023574
1038482
872861
933004
917914
975849
1194911
1089373
1097188
944795
1045323
1074399
1136522
952202
1131895
1040912
1161851
1050190
1270629
1095358
1150274
961984
1226407
970771
1338327
931731
961544
993660
1010044
1085418
1118829
1088036
1015148
1149560
928944
AVG: 1101763.6

