r=1, wt=64, c=24
1040948
1298238
1202448
1110941
1610721
1204281
988530
1038296
1149996
1050740
1118640
885548
951950
1260157
1175407
1129188
814110
1053200
968629
934756
928498
1500041
903380
936364
1001426
938527
951720
927372
1011732
1094817
1005729
935241
1052603
929045
927974
996528
964494
1062029
1163025
1080624
1147017
1071258
1208412
1129806
1985234
1382988
1011542
1028772
998172
935494
1025235
991478
1112801
1782897
1000923
891192
1210213
1103202
1083786
1413063
1155207
1075758
1112167
1163951
1223224
1903887
1138727
974929
977393
1009096
977020
963446
1071025
1036470
1100217
1017485
2054073
1008912
1205216
1054820
AVG: 1091865.7

r=2, wt=64, c=24
1119427
1335805
1155124
1040649
1837500
980277
914756
958561
1088605
1148141
1007307
962858
1111744
913789
930432
1047197
2393631
908299
1041278
1005527
943460
913027
883734
852514
942729
952341
905359
960944
992486
972167
1014160
1167564
1026177
1007087
886685
957837
1059183
1211641
2214425
955529
968254
894163
1034660
1043973
2774723
1297563
985688
1386512
968025
1147623
1259284
1066790
941829
828823
1077322
1191800
1034976
1069295
864364
898606
972216
1019896
1006799
1137489
1181110
990175
825514
1043852
888828
958466
1028349
753604
1151602
861122
913279
900288
1074499
985992
894109
964561
AVG: 1067114.64286

r=3, wt=64, c=24
908113
1144182
1123941
1044311
1246553
1011117
845629
883941
892895
981066
1028696
1035883
963699
1027493
1051970
1029523
1171407
1143841
943323
975929
947732
992607
3438952
1077739
900678
1010813
903764
979601
1100882
975436
1012487
1062186
1026544
1075470
1097071
1092848
1133450
996015
974992
1938950
1286908
929297
1087066
971381
874325
1399603
1075922
1105593
976018
1059503
1141385
1579782
891979
887124
973819
1053981
3053362
1004218
1269158
965185
952309
1025933
908521
1029501
1059642
967906
863462
867516
3526003
819927
1140790
1032661
923986
1449675
1079176
892575
949026
1110318
919022
1249405
670168
AVG: 1138729.87324

