3627758
3252850
3902058
2729462
2376201
4566947
2309263
1998716
2428776
2162456
1738747
1918955
1917491
1905344
2299929
1784702
2137483
2741678
3557634
3006514
3814636
1519308
2190748
1681440
1507441
1644593
2180094
1738989
1781207
1534217
1777114
1828637
1605967
1827592
1879393
1879485
4800916
1837102
1811178
2293348
2020006
1690231
1659636
2027546
7880588
6997434
1816787
3262408
1922619
2497033
2214640
2075492
2038758
2036449
1858959
2101381
1782528
1786092
1670089
1721184
1639002
2469953
1718707
2096610
1933036
1902331
1800498
2076189
2146118
3582958
4166411
2077636
1796446
3603161
1778053
1938631
1635805
1962058
1563535
1834996
1010548
AVG: 2335071.55714286
