3084246
4077005
2517241
2039613
2504703
2334778
2316118
2020671
1943737
1832397
1829001
2143986
1670547
1850692
1760972
1868063
1774957
2257563
1896805
1841584
2165602
2159498
2329408
2484776
2123958
2210141
2878596
2063143
1935949
2135187
1892678
1961675
2386067
2031487
2441347
2002145
1836588
2235094
2817872
2083505
1835734
1721679
1621786
2312401
2029127
2172182
1726112
1896228
1942252
2183250
1792274
2244357
2685018
2156615
1786946
1814508
2015975
1782400
1896325
2072585
1826813
1859971
2071341
2144512
2082782
1920255
2139568
2190353
2464395
2122791
1876506
2536476
2164221
1876543
1776937
1768522
1940771
1975966
1876730
1871200
1965675
AVG: 2056708.83099
