275701
191285
243437
301874
162529
149390
136529
245324
147791
167484
149266
193956
147962
99552
175069
137196
138837
109095
100978
148361
117577
136912
189603
107436
155841
147498
106690
151541
145027
130792
156758
139636
143883
137843
94516
103652
91535
124789
88714
96675
107011
197585
179439
143336
139211
95295
135533
84399
220884
179255
111079
126005
67833
152830
100111
129300
83892
104515
142165
89408
114230
130208
68147
74860
154058
90305
73853
123791
149521
71447
146124
118211
99011
142837
115797
117765
92757
126671
199423
99287
AVG: 129645.628571
