1072391
1295097
1236609
1045715
870106
1316457
1107269
1221822
2788920
838728
857467
975086
1062825
1097593
594308
1325536
869690
1052654
1068235
1255323
1062613
723600
871872
1175007
994305
2550043
681115
874699
1279754
951266
988820
726137
974733
904805
1041437
1225413
1181746
849339
932351
829043
786296
1074139
1212093
1210922
1104447
1317092
1122425
1358066
946881
873097
927500
918118
723775
1128925
789207
763902
1186404
1195345
799710
1202182
1531484
862872
934141
1116543
1228453
1370499
921543
2006643
1397228
1210083
1387002
978199
1089375
908148
839037
882726
928891
962319
1023817
1402865
337601
AVG: 1092317.08451
