r=1, wt=64, c=12
583347
571385
358164
480456
641524
687161
477687
332713
306754
644892
376786
285279
268276
278777
335777
571592
542361
547023
431167
436181
463487
356876
457184
437000
451549
319479
373592
499867
764518
480107
462431
385402
292942
268512
270289
505293
372837
381395
491836
720914
608828
1053322
544586
553935
466746
362612
324541
359527
290075
403994
283614
273336
260313
377350
607086
372647
456502
371368
441458
536080
696839
471399
441444
337601
392537
383836
471432
441009
336935
426538
305293
459014
256689
391227
349168
355457
412548
427233
277928
292465
45761
AVG: 432989.774648

r=2, wt=64, c=12
694862
672357
594245
425503
432076
451121
380258
390036
640108
349632
589045
387001
424616
461190
437344
789097
444236
509629
323569
303119
295096
300865
648780
424473
549312
347543
340804
314523
213872
705890
299829
665874
284718
357698
293491
290810
510683
396358
337784
383606
413459
427344
241210
308472
398480
265326
322870
266246
330241
258444
433999
368667
494516
439754
389446
327304
341657
453910
236457
431206
299037
227978
260643
314753
189994
283345
326332
377942
420083
553649
296940
521914
389785
856742
502645
486749
314033
356569
392045
366265
126943
AVG: 398585.197183

r=3, wt=64, c=12
1028654
742221
736888
446294
420791
392307
411666
337398
377772
501454
419683
478216
479639
410635
1075773
264619
384255
325228
407060
316040
427711
716739
350303
346598
477533
385206
402918
482092
339562
400577
468319
412586
277939
331185
373750
483685
371043
562933
403017
510814
399282
350063
363078
258108
388131
494442
575099
577859
463716
375881
295912
568652
272288
368494
361878
506472
575804
393458
356304
632175
279826
437967
375664
344100
348968
772244
547880
435663
452168
458968
327330
369146
529021
396425
302357
554419
746789
442866
605524
633810
796821
AVG: 431204.183099

