411827
240438
183331
198604
175055
120264
282831
241014
248537
175666
154690
174173
214800
165696
152601
149201
199821
279234
234278
241127
196662
243263
151637
210057
156744
104282
165772
249883
228540
196189
113586
152281
187108
196550
181425
194283
150128
194738
190814
138832
184088
227866
149516
131608
179383
199783
266292
262591
140938
211599
316438
413809
236824
261374
161825
134047
131107
269115
238449
331397
234630
106082
148912
153095
188002
186542
139359
200656
126985
104736
400547
172939
216936
190265
167043
302549
159072
270202
215752
158396
52446
AVG: 198930.056338
