1378267
902675
990700
969330
1279366
767041
888043
920327
672405
876200
697510
735053
850065
832774
902644
912669
788886
792113
709866
717846
1970004
1012410
740363
809095
884074
665657
1243296
690585
740133
784410
1062004
661458
515858
533290
563504
632628
833847
619721
765712
798371
570651
1440520
948545
1087233
700814
681567
964572
602120
753476
756675
669840
622789
622526
629881
566811
729657
631468
958166
1052985
1070865
1124442
718330
912657
963658
648777
817791
849148
1628012
950234
692703
911624
797965
659550
830187
839451
842831
797785
933766
807388
526683
470729
AVG: 828709.619718
