832226
667287
714467
376971
412988
492146
375425
402204
493061
326790
522930
647834
355976
440184
383460
431672
315459
332280
374788
288472
377879
607831
323452
347468
296798
293452
316490
446196
274108
641333
457207
482026
563560
434976
223529
285018
254042
329315
499482
286279
319776
254102
352436
392447
371180
377658
339055
438393
249240
443076
337743
400093
247718
396392
341794
480172
351023
341099
300090
499392
420049
360776
335390
326380
422881
451103
302239
349861
508385
311349
439992
412018
385588
302910
291307
398414
320351
496749
505869
386447
243650
118309
AVG: 381874.916667
