4907625
3646591
3402350
2451894
3412330
2461742
2518064
2749319
2587562
3457204
3583342
2926771
2814005
3181273
2080575
2894976
2585468
2571753
2737561
2510222
2509477
2538895
2362840
2402543
2146039
2339824
2499659
2648635
2447310
2373400
2609467
2786533
2438931
2668685
3162865
3021010
2680402
2855786
2398787
2452239
3263535
2551728
2033670
2240399
2771955
3237436
3193374
3273543
3354222
2712273
2237741
3221666
2475206
2970279
3003787
3172240
2892637
2430192
3678943
2445585
3339979
2482700
2573566
2667707
2392074
2392728
2844715
2901120
3162997
2795733
2939597
2923699
3329421
3176756
3234388
2631692
2228177
2825404
2752899
2651707
