5596279
4612968
4654334
2941085
3931508
3265008
3389770
2736467
2840763
3389433
3501685
3238710
3399959
3029011
3873024
5262135
3211052
3215503
3935795
2816822
3511483
4101066
3406845
3188899
6784565
3117030
3749779
4009569
3183484
3659562
3288610
3829191
5162941
3179860
3688239
3846586
3903048
4435615
3689347
3931147
5833303
3696754
3571035
3179802
3647712
3540094
4096889
5193320
4436959
3582862
3277477
3919526
3207159
3234095
3873109
3800347
4152956
4241030
3486873
4420878
3117589
5188343
3441409
4770684
3424763
4981245
4923902
4120165
3381734
4104334
3859470
3628870
3693019
3962445
2929727
3770406
5678899
3853252
4016942
4554143
5162621
