5157056
3528382
2537828
3267350
2538207
2232235
2287558
3424505
1978408
2398948
1889246
2132173
3137643
2290502
2471017
2215058
3021464
1966711
2078777
2033368
2230770
2392941
2112703
1935321
1911355
1863823
1731595
1952509
1995478
1948233
2016357
1916883
1803886
2252572
2133743
1613852
1860994
1958297
2167363
1836890
1919864
1833401
2492348
2368101
2689142
1867376
1979153
1751906
1631066
1836086
2210381
1843207
2140950
2131154
1996076
1742479
1901839
1896573
2023909
1707642
1837109
1809314
2196731
1798195
1905153
2108367
1903793
2027375
1976250
1836344
2171158
2012902
1873447
2157731
2015406
2133992
2515545
1760114
1710274
1772365
1529696
