20867909
13994953
25631406
14092863
13772315
12024607
14765559
13485209
15676779
14193415
11343434
12651793
12050693
10503229
11938816
16034360
12891793
10963227
13466464
12064643
10612673
9815008
11236591
9574132
13387656
11222115
10976304
10811347
11556939
11866315
10251060
12178008
11236131
11148035
10579102
12076651
11129626
11495912
12710984
12575093
15518874
14407426
10151609
11754060
11716277
9562556
9844691
14681417
15986869
14180152
11968280
13619037
10510339
10739905
12469942
10353169
11821148
10915840
9627192
9342761
12797646
12168965
14150584
8491260
8701929
12561723
12295013
11874941
13193142
10169300
9884698
11272704
11494356
12326757
11701055
12104150
15960167
12600989
14961014
12199900
2003460
