20462799
18794345
20387268
21643255
20259040
18251830
17721223
18043987
24543991
18769791
17819583
19693190
17436154
21492267
18504956
18989250
16999580
19219553
18289480
17972507
19531089
17434243
17276787
15693628
19400445
19105618
19364769
20231681
19577517
19539354
19454653
15815408
18374742
18220285
17876015
17683925
20654796
19255285
21540100
16690355
21983449
16869159
17453044
18898224
19551320
19139671
16444208
17888440
16162568
15240323
17357858
19270653
20058436
20119615
17845047
21422660
15667316
16794823
19319572
15701253
15345017
17540346
17494888
15722594
21126525
19037612
18556739
15978901
15020605
15552498
15622081
14301809
14769901
16722149
16193323
16553769
16452605
16056323
14780647
14782939
2047393
