3361555
2475601
2161797
2020061
1941318
2242595
1862274
2072628
1755450
2008694
1644109
1938388
1908142
1799808
1808469
1939533
1810971
1619447
2070435
2164853
1863744
1866043
1858874
2035501
1627730
1840537
2078871
1935749
1839659
1805896
2278925
1540092
1599084
1801434
2826093
1670554
1740030
2420133
1770249
1843417
2348179
1803232
1707215
1659277
1613581
1692856
1698532
1433463
1516351
1431253
1552035
1650406
1917635
1626407
1920444
1844542
1840535
1866048
2021815
2245870
2170268
1654491
2042287
1862849
1662053
1722940
1512140
1599231
1538999
2311980
2049442
1447792
1620133
1858129
1683625
2002308
1709674
1706758
1899404
1722985
1561580
