5367457
5742806
4053234
4537619
4573365
4449950
4855862
4845638
5114744
4305610
3513713
4529365
3885673
3461101
3638281
4307743
5347186
4239561
3928474
3391963
3871601
4495148
4187458
4286996
4719730
5766371
7125344
4750317
5160759
4221776
5848185
4019174
3328135
3730078
5216313
3871968
4117486
4251975
4183767
5344253
4686946
5861055
4867011
4202968
4401813
4186684
5522656
4231229
4120834
4245381
6296806
4905319
4363514
5449802
4401071
4556913
4313892
4095463
4987381
5043311
5584679
4220149
4208278
4730047
5084978
4090236
4284289
3817077
3922307
5093525
3600636
3988258
4266405
4289160
5200813
4755161
4618511
4948169
4880003
4198860
1367942
