2217139
2500222
3256917
2996036
2292113
2802840
2276220
3184398
1585594
1640776
1570139
2496197
1987997
2738475
1379497
2106253
2011545
2179422
1759742
1306400
1274193
1025582
1536263
2514678
2080256
1916833
1642739
1436454
2423333
1693419
1205114
2519488
2319609
1465412
1870456
1890782
1837374
1954406
1323563
1735201
1883278
2468642
2160518
1730731
1436107
1450704
2066699
1842441
3342917
1493470
2183282
2220704
1935145
2107520
2329438
2283941
1809705
2811406
2869381
2226846
2193234
1465103
3906398
2507639
1772940
1475154
2420182
2300098
2204078
2142704
2412417
4535859
2340115
1727946
1965356
2072601
2916559
1654485
2833849
2777477
