697900
572980
603503
241289
255444
133001
270652
248543
254940
267088
225793
286335
105870
184794
172947
204137
301836
293815
228440
181404
259883
267525
264517
235019
157488
244403
173582
216719
233178
215193
200142
237647
192430
230376
155755
168533
206500
254636
162187
202594
250903
162798
226400
256195
300946
227604
232190
225168
237748
199450
247489
187867
208429
174676
156481
207603
288131
182288
199010
195577
246817
264981
173158
283274
162806
170157
263248
284301
225235
259316
245674
223204
304580
263168
179305
213037
161682
146438
153557
121792
