9223692
10776652
9552869
8512405
8726817
7082930
7383175
8734540
8407457
7352226
7640899
7957231
8478386
9704997
9998410
8031439
9380062
8794433
7914293
8303709
7938115
9644728
8517919
9394385
10696843
8756808
10498394
8478301
9053002
8589993
9662228
8987191
9853818
9220246
8754417
7733466
15439697
8941834
10534024
9781906
8825763
7829088
8009637
8917843
8513053
7707163
9509553
8628867
8027147
9408297
8632148
6971843
7582263
7737010
10261831
9840945
9420391
7158581
7586603
8719120
7987921
8600134
7965328
8414689
8947682
7045400
9333816
7354571
7748093
6601675
7676802
7762695
7205749
8770559
7263211
9952143
8152209
7519769
7103816
7821448
1248850
