329394
509809
349040
276976
206242
305472
141101
130031
123550
274355
151326
162644
119674
139499
132464
173231
186721
100439
194339
284597
119089
232923
135760
156647
254997
129215
239260
165655
208462
198175
149562
247121
188697
121898
193105
176248
239376
136757
160771
232653
274218
206946
130241
350099
250085
226273
230907
240791
205281
99025
298801
142333
307253
191555
193192
232811
441440
357889
235015
143771
240762
123257
225585
213002
160433
154276
221605
209437
225938
315733
151629
157350
269657
225247
231419
370120
392211
253863
315863
319436
104885
