734873
232492
145692
227150
250983
222551
205844
331286
314990
234758
171021
180551
226873
234567
187803
164579
169458
198657
206549
208788
219248
236456
333467
221436
196273
346173
265717
229783
224954
222736
216307
126432
202611
262927
234304
189194
235098
189785
194295
193348
225945
231794
221537
271654
199555
406776
184158
203365
184003
188369
238374
278402
198048
205237
235607
180544
167612
221502
200967
169320
200013
223734
209355
206891
195716
196039
191997
152903
201662
225675
266164
199306
318455
272579
153151
274803
285814
225983
242853
231631
