1035571
155876
275925
227951
256590
398600
234007
221789
290036
314984
264443
186102
492031
156053
209607
174968
206880
197312
168060
237650
187586
404451
144070
233439
172797
162417
194208
218398
186172
166102
174717
271284
139392
204256
136018
148727
388286
556587
147073
191479
451268
488427
272044
288652
249196
317413
166613
157165
185290
192696
129118
274504
358250
347509
277434
205639
226306
193702
358307
302738
390749
184121
253961
263299
214192
176378
164403
281978
214615
219491
296748
250498
265557
200972
178708
280881
253900
285115
378033
288942
27639
