1252261
448286
457745
185167
277246
225773
183116
230336
247169
262486
205746
255186
182270
213367
179998
191265
205772
235620
197174
357899
214364
151586
185466
243081
156106
219562
263369
271864
199124
175341
230772
187512
206526
166341
198364
253072
208681
184479
305512
152216
264104
215422
208281
207635
242458
206529
217967
190427
214756
222984
181703
237214
210558
170593
212124
258186
272585
358752
320100
218380
331312
177173
205173
196329
186144
245677
204699
223063
207487
205900
206370
229409
230712
259857
290095
194983
173848
195567
162286
210931
280531
