554485
290136
178986
109482
221453
191995
131258
447667
174039
130085
211229
246655
157820
103144
124591
160963
205436
130664
192868
187509
224569
115243
199270
169973
173203
174576
113579
125953
196463
254175
128350
168860
172264
229496
130877
108211
130761
232232
182369
249879
137244
181122
130244
129755
138870
108269
107814
147466
238730
283621
194695
466979
261208
173363
166935
174751
126402
175147
137082
207301
299438
156678
196640
266496
181118
144960
106607
131620
165252
147410
160169
132856
309719
136406
165784
196551
133512
112935
310864
255042
156534
