1011115
302130
277103
267073
235396
286514
268655
192980
229297
191464
168200
177437
173038
194775
201790
150150
242897
256113
250012
270888
254848
235514
250490
258777
226949
233520
284569
292571
372821
289385
238976
253734
262480
290167
239793
287575
203664
393758
321502
316223
225327
227468
242012
216768
155687
163262
199963
223609
192010
232628
251681
196342
166287
270769
213452
241636
201678
215531
191959
202224
162523
213710
232567
207209
191769
158802
173544
141308
206885
198144
201426
272242
219391
250351
244929
241685
238051
212849
223947
274773
98087
