463647
205114
117220
71573
155438
109035
109470
95515
78929
78882
61997
87732
104378
82873
89446
84715
55649
62304
84773
66446
79539
64323
77512
70054
74539
91291
90017
95297
74744
66733
108241
69432
60074
76449
78017
92746
103897
82226
62949
187045
95528
88533
65616
74516
72502
66397
76628
66863
72048
52633
106500
146871
94242
67668
82431
84253
73616
52336
112825
88251
108201
67474
90044
93787
93439
50408
62175
113539
64147
67199
81538
100570
84992
77180
125594
51282
70430
40579
73442
41668
106178
