1470305
1165040
1612914
1422693
1492739
1363739
1386342
1503726
1548766
1363315
1553800
1706049
1542517
1417846
1472816
1533477
1938198
1524319
1737588
1392818
1692035
1917002
1606901
1581788
1617922
1498785
1693830
1683076
1341135
1690592
1438273
1478204
1574458
1518580
1553143
1611533
1382365
1532216
1654702
1502699
1538060
1683760
1978686
1548998
1553926
1807018
1826598
1564324
2348900
1585186
1894029
1514706
1888009
1765421
1848027
1626341
1661517
1961494
1499078
1686523
1636913
1750518
1619037
3395997
1444835
1518333
2013951
1519078
1569721
1618806
1448115
1439178
1671439
1473128
1379785
2259055
1545831
1582046
1622141
1409221
