1831364
1248977
1240719
2483590
2448853
2301111
2433691
1925920
3282404
2283984
3596800
3012867
1813941
2073244
2912954
2255419
1950796
2167987
1949110
2134250
1884407
1686564
2052001
1905729
1814121
2175658
1936907
2420559
2677840
2265210
2506687
2079646
2698243
2400477
2812754
2682365
2170144
2335606
2518418
2256899
2450520
1859655
2569542
2303036
2492915
1832425
2133470
2150856
2584069
2541307
3003127
1766397
4442107
2379441
1904620
2261051
2799963
2764182
1947270
2316746
2059480
2349153
6154915
1834210
3074888
2783116
1834633
2368587
2086209
2366761
2708909
2445333
2755413
2836452
1953923
1723857
2736734
3040120
2948121
2346685
1418031
