1422824
1168184
1188140
1128766
1149951
1059247
962477
1071189
1025225
955045
1037361
965204
781886
870453
932056
925535
945428
877572
855098
978234
846769
962288
907459
913739
1032816
974947
911463
778163
902009
933228
989912
998270
787202
923950
1051649
1003133
813181
881797
827371
828546
802830
919260
815945
881269
975770
890677
936543
910645
714606
923752
840914
929131
869450
1007150
963008
846388
863574
952221
974317
951694
883933
919572
871472
810482
996185
1057923
1079392
923143
1017510
899480
992509
961884
873311
881566
932277
860692
1062175
823705
960438
985403
616997
