1359122
2247400
1439191
1291885
1759577
1308552
1098012
1088309
865881
1046911
996684
1153929
1118820
1149050
1066554
1244585
1132965
1152305
1134912
1265236
1093020
1024770
1140393
1082620
1230747
1169997
1058760
1224930
1224701
1311107
1178347
2006140
1487335
1416949
1187823
1301109
1677522
1142255
1138882
1388269
2154421
1222146
1586210
1729044
1743879
1170922
1030406
1399792
1092057
1138758
1327818
1423755
987789
1174870
1140954
1161406
2256579
1241739
1444350
990284
1460826
1058814
1604278
1256086
1085078
1091359
1226280
1397768
1212593
1864371
1368131
1092790
1293333
1094181
1220199
1061460
1558309
1180487
1552399
1047266
1185841
