1216853
1526193
1579736
1882903
1674813
2629446
2533901
2484198
2014284
1993679
2263060
1665813
2029190
2100406
1984685
2341177
2514344
1665145
2670688
2470200
2881823
2339397
2050329
1761827
1842639
2628966
2357885
2197990
2211012
2022873
2494121
3092163
2405257
1859659
2329620
1776250
2035605
2574886
1944482
2180947
1750171
1920341
1777370
1799001
2003747
1794556
1686908
2240100
2114003
2249057
2080609
2050178
2175172
2276572
2157152
2389169
1746024
2217658
2487400
2704376
3618655
2286944
2562132
2794322
1862656
2372788
2822696
2268723
2344219
2714714
1756517
2532577
3416569
2215525
2564090
1609547
2054587
2777207
3423708
2098433
