1725111
1632994
1302606
1553695
1594982
1310136
1656394
1377596
1526808
1745475
1597439
1543748
1715382
1673637
1420501
1709981
1595145
1350606
1726015
1580064
1845665
1553006
1502997
1559306
1721633
1459583
1673724
1624026
1558615
1519488
1528744
2266195
1599755
1615784
1551645
1633659
1519230
3608707
1457066
1609175
1413666
1713905
1801494
1562262
1716724
1484636
1511240
4280609
1932871
1836484
1723150
2798621
2034260
1560703
1578375
1497651
1421711
1416914
1734474
1569457
1345825
1747036
1581694
1438669
1622132
1902112
1746265
1618887
1700423
1624234
1815161
1755814
2026346
1720917
1658979
1809733
1774524
1614686
1798599
1458014
1184034
