1229340
847119
428531
710005
600197
638274
618024
663680
701394
589227
457688
605321
958811
686693
687737
661532
641082
593102
671715
787442
595247
436787
602809
594475
543192
482902
775791
509606
689947
678674
566159
521284
540330
741120
586701
1034125
557106
763500
713594
650524
1006581
639498
573079
423572
619494
453083
546535
217347
742630
490312
497574
517950
624859
693435
726869
401937
800196
407938
739189
813563
577067
503901
552185
467484
633696
417647
492070
433267
514278
466232
590391
383242
455196
720563
442019
852907
664860
691240
734674
679640
188579
