1461459
736081
857859
717231
521679
778719
997743
1924298
566424
770622
793248
504455
708660
777634
867308
828568
690032
548187
581639
621926
643033
628978
641169
721980
760038
555086
506834
626238
658843
1075879
724243
774003
1010766
607994
701302
811411
925256
684607
633090
656992
895268
882474
1138852
800259
1177459
799708
845816
735231
664397
974536
827417
1217613
795799
643107
784549
934695
668530
1076656
1217949
688456
717831
802409
831912
872568
951007
664901
683523
765127
528549
733050
638881
778308
1625312
1007326
857715
664351
975991
767989
840195
743045
512017
