1137420
524817
627272
469392
753048
1064634
349819
474657
472069
446637
338687
332722
362705
460145
323799
364203
670069
452411
537744
480040
387230
377568
288684
324398
288249
390178
450533
386399
354792
417070
370615
339236
333186
341773
319908
484630
420765
523522
328547
255687
331195
447215
313740
336049
405593
477597
266889
259949
368404
423722
318518
331951
487302
428068
382621
295843
373853
446424
457049
313837
347171
360983
232553
264328
326846
451642
215833
342168
342388
400612
258915
312460
273866
326779
312742
586550
327596
466227
400358
450797
