731274
337118
284205
276772
318757
347053
198413
182727
173190
160502
177345
300261
120877
165408
215958
191649
245523
189564
150214
234424
177534
181976
162107
169184
138843
153660
203706
156116
263653
176524
176123
273264
215198
128622
221214
130621
273361
195100
130231
218026
162803
133035
184339
213596
151869
167559
155469
138534
192374
189279
289990
678385
161494
216571
199404
131879
326074
111323
124766
199784
216781
116487
125613
134259
122143
203979
181619
238296
188301
146011
162648
275410
200265
387522
240549
156705
101654
94874
91248
280754
