706324
400358
211735
192871
213250
143291
135416
262891
161644
153066
195786
148350
137145
191897
164699
160269
147581
126489
169036
158126
190894
117546
189180
158698
157563
190185
141912
128553
166170
153331
169900
172008
169625
192439
169883
159577
195252
172152
133240
174034
263434
212020
152599
165361
189745
169378
152784
143586
178152
187089
147368
156665
230412
176400
184895
152089
138641
176748
168186
226909
152031
185623
170949
155631
191767
159451
181749
161686
177208
169070
178918
153823
166353
202767
175114
158367
136181
158132
165017
123833
44240
