354305
184530
145836
183502
113196
77406
95929
95927
100041
140726
140682
105124
104679
99679
104101
109512
53847
94208
132140
112288
69983
135886
114972
84699
114353
94826
94639
76214
77583
185061
65156
165348
123025
122673
130317
123800
142767
179254
132403
194377
86452
96405
130886
150722
133541
137663
152331
98572
92796
117551
86166
110101
136966
109322
175632
151346
118925
137603
144901
105900
113444
138422
122318
97595
145646
128623
112868
168262
117577
118617
93268
107635
108203
101270
99351
167331
130625
88741
111896
141594
41191
