585232
272236
227336
300650
339233
193318
175338
233770
326016
198066
194162
240178
187166
412027
222543
237064
225488
270920
200207
372430
300987
316589
280429
209297
206468
244424
249472
234872
197257
301610
303716
202711
217015
290202
198861
213808
260479
257376
276233
280926
261724
278246
322345
279170
287332
223129
276479
289065
190456
303356
233537
253013
203880
283293
217436
245880
197319
304042
212652
269176
223816
168751
250526
215588
211855
224649
238793
195566
291863
281449
270286
207238
229103
481407
251140
240863
251469
280669
315500
355417
440030
