1089125
169949
136432
110955
115091
151131
118728
70569
71831
114490
96041
156828
164238
131462
75180
134512
95873
128354
120223
106259
169854
128210
129807
107710
123847
142527
115018
122388
109985
129493
97096
160150
122391
110328
121707
106710
220151
133395
104224
114408
136475
114500
100015
93717
91364
100724
143494
96663
124421
161404
121669
110808
93225
95254
117111
157761
117845
134395
94945
104333
142041
115491
124008
133282
159284
86069
144603
88242
152424
116837
144306
87276
131666
216305
118419
137225
156656
145698
101998
107640
115585
