511343
287463
409482
366867
456309
293632
284824
242033
210720
253025
299430
226024
200281
267838
232033
210466
281163
202274
225800
285262
235518
283855
270095
323505
259059
285666
321283
241358
200179
258308
288269
312390
216871
233452
251328
295564
296093
419184
293065
321438
259326
239740
283423
274039
309988
294264
206092
420774
249191
273252
290271
329005
351731
358432
296230
280464
257007
342544
278703
320313
345071
292829
374729
394734
339547
332312
254448
230222
364829
259816
271905
247638
272530
337377
337849
308184
259744
260945
239369
256147
47359
