588206
589344
358869
344396
193254
254105
335153
251481
210339
245853
356951
211480
238822
205161
271190
249600
246040
235838
248283
238021
256850
251069
278221
271978
263110
264109
228194
215034
278417
295627
190942
293894
255872
256028
258465
268189
318146
266276
238240
258160
250906
330324
261953
219132
318671
325042
290225
262016
281908
260373
254846
288739
225123
274891
282286
275752
264451
278032
240419
281012
211846
279430
258162
214261
249889
223894
254145
253298
229139
264825
260461
285464
246681
270196
294289
227638
273139
276661
249035
192035
199365
