923198
140029
135579
126057
165045
84771
138873
97334
111840
133302
136625
114615
112569
119960
131807
88454
131808
136751
69072
125037
110253
72356
153442
145634
109398
126473
123852
85874
155106
129048
96311
80353
85974
114504
96035
110097
96107
177436
132604
154386
99986
116158
86059
100239
139696
108966
100097
152298
122647
155990
203086
133406
134953
91693
116016
125731
165505
144586
149812
155109
121348
97192
113568
102436
125423
109548
165174
162230
127001
139475
80046
142699
107622
115211
66715
110017
119406
96935
94569
101730
