593452
244676
294234
281393
168637
200926
171873
319910
182102
199343
156338
206574
148480
175553
210957
195486
200182
128462
197327
168573
177890
216076
165097
192319
188465
165937
178059
256338
212233
197876
176891
202168
157177
165457
173423
213625
169038
184660
167951
150646
158824
132656
236757
158746
208447
176748
171425
169378
138447
162131
177550
205808
184169
123321
115550
111860
137179
154801
147607
127090
122387
141539
142060
122411
155316
169882
124594
124970
124188
102911
131205
160559
145759
158725
219827
211674
197921
153003
126390
137090
50284
