473002
106917
74128
80722
111722
137879
71949
136546
124310
92175
110186
141386
111981
90917
126368
171101
110729
166861
180531
99415
126639
156400
116306
112884
112468
111911
191842
123502
100916
104194
78796
130103
117865
79481
118244
126312
67626
95479
98753
131121
152194
117334
155662
139803
105930
178552
115777
116150
159417
251668
144624
108749
96245
114242
118525
140098
156327
93987
102891
169619
105355
136912
144499
97828
101058
106437
99381
155840
165960
158640
105449
131809
132111
111756
130943
106975
209170
177166
120791
114129
66583
