908163
409172
712915
840050
600989
564279
625097
594495
531232
513757
538601
715200
613005
560358
656918
632634
581724
700790
851842
689416
595514
725012
638526
614786
626168
687165
646402
560045
614738
681421
666991
663476
624852
781540
722221
598073
571621
679312
568057
604184
609697
828725
629559
579978
689610
567988
676152
711966
766428
706506
579165
570093
602564
500558
708746
575240
669394
641032
666310
638240
555692
610055
615194
834686
762110
643871
577538
574885
573059
620301
1002543
646880
713812
626005
635286
622509
772976
650993
723214
552696
AVG: 644990.285714
