814061
541572
463978
623526
528688
531912
495321
512581
630931
427226
442351
453016
429061
437259
428542
456076
531112
464431
457776
482745
461590
504920
531109
578615
519265
385901
591152
527880
560939
480418
473121
586723
383539
462555
645163
477116
471700
657533
502863
475732
472978
508040
488106
563002
545008
468539
616049
612340
595675
524215
530824
519039
517917
1116679
467036
437401
528054
509393
442473
528052
549363
533522
423843
463185
559248
503657
480808
543641
496822
425441
422387
515632
455664
445748
479783
514771
532477
436835
448294
500796
AVG: 510681.971429
