r=1, wt=16, c=4
496193
230208
257686
236255
212278
179451
186919
183480
208861
178994
210597
206549
140954
163833
167544
155568
165900
148393
160397
171933
165566
163348
149022
197183
187173
179019
204395
165267
174117
160880
169778
157454
174865
181150
176671
172934
164314
220784
168277
188800
195766
170681
170439
149083
172791
170337
154769
140871
156217
178611
145374
194620
177529
173876
193166
184305
182077
170138
166020
199515
169551
195201
164593
205666
167986
167120
168437
161863
171143
203483
181233
183274
151895
153393
158065
145778
163983
146988
200836
144319
AVG: 174277.971429

r=2, wt=16, c=4
558643
235508
245617
261044
263263
184943
177735
216162
179026
212522
183222
232486
206120
175244
190511
167356
204068
160905
189210
192566
152975
193557
220879
218375
209214
210294
200781
176943
171355
202481
182741
175799
184203
217213
180438
175616
170712
188616
191408
172529
180027
191066
152707
181947
162503
185610
153402
160973
198450
213113
174011
166496
204071
188084
214875
177056
209424
170901
159128
167903
181663
198621
182580
210360
218092
192699
173857
225026
185570
203752
186522
293306
177476
173089
203328
174759
151164
160213
179482
195000
AVG: 189798.471429

r=3, wt=16, c=4
508798
276485
258924
295865
202310
218750
206087
267072
219079
183733
211478
163548
171051
244443
177686
198827
159904
205509
232491
166186
175878
169970
193901
186672
190912
193603
183257
159906
162279
183928
167362
163606
196890
209169
165268
201642
191263
178652
193027
189148
209475
187765
181466
201460
177286
178153
160422
195187
185886
180300
184817
181964
192593
193110
198267
191335
178567
176912
175704
189513
191958
187043
213013
185968
155425
194986
166879
179042
201582
211127
253194
191636
167450
157441
186136
188680
202314
238913
224953
169751
AVG: 189217.7

