528553
319246
196840
204755
230948
143353
164560
221379
194934
139533
155458
174501
149455
179816
147534
141668
167604
170515
215842
172030
147281
161104
138349
168762
168258
182741
187342
158902
128192
185164
189671
158724
190055
168217
130981
141210
143257
152071
148841
158312
172895
156526
148177
157408
157532
165280
175353
167769
174685
144787
153413
147343
138361
180030
133960
174203
182417
149934
157318
167223
185783
162321
156420
202046
150161
139182
157259
142813
151132
150355
197588
171106
159389
171322
185659
169734
198713
188589
242097
159944
AVG: 163325.228571
