654048
438644
368422
458160
378771
301703
337489
336700
370271
382241
403266
396392
319887
346973
320898
320007
351665
296328
351386
370784
328659
318326
375376
365670
396730
345464
429841
375084
342664
337981
308378
313002
303855
413154
359829
314590
371301
359034
426424
354563
348267
438840
363223
353043
325652
315374
349681
328021
350747
389363
351552
367765
336803
484178
382938
333354
537263
390806
351453
375707
371844
348160
339943
441240
412423
316342
354229
400061
373291
334449
353754
372404
333957
318248
349161
283817
324671
357444
319551
388040
AVG: 360563.585714
