855602
426402
473779
429191
438076
354820
366487
351351
447005
411916
337854
417687
410953
445352
438317
500067
465749
388147
367723
425512
358157
410381
407014
445285
412241
378965
465834
391951
439125
462281
432857
481856
377754
336594
404976
373309
377618
330838
388598
350921
337127
413806
438664
469631
430782
474292
424437
361876
446474
398009
356274
391128
433204
539313
474610
415975
406856
509164
447894
483686
577728
461780
359972
398257
339398
413832
380586
338188
531402
433671
383176
411121
448783
471113
424253
558250
504701
356608
415727
352419
AVG: 416885.1
