879594
445257
476553
422070
435734
396891
377505
352061
407392
318951
324318
329934
344078
291395
316112
353830
329773
311208
307036
357986
408737
354597
322613
361457
315537
314006
313057
314966
328891
289514
402598
375443
295211
328591
349824
337887
333666
345767
426831
291293
314643
331105
287665
334120
369422
401089
397797
309796
349898
499922
433073
389814
342827
448282
307315
486507
407474
334028
357989
306826
363865
361476
359100
294952
369640
353328
349583
342234
353309
315816
354810
316203
291613
298665
313998
366535
344473
302570
326342
345510
AVG: 348244.857143
