342763
113058
129818
120230
109540
87604
95740
99331
54004
77444
89725
60800
104354
89335
101684
72181
94058
72584
81357
75501
82971
76815
58462
102779
49164
70992
83015
64044
65636
80637
80024
79586
77502
112068
82725
78478
62416
64163
68677
72799
76783
107797
72429
78497
64053
98927
61877
60306
102317
86358
97159
69845
71848
62412
71966
105908
99282
69240
89897
77317
73464
61877
76937
82244
62747
67646
58674
83287
62559
60721
95117
74531
73158
92593
69210
62477
85364
74444
89917
72867
AVG: 78394.8285714
