412073
83074
118369
126448
142348
156073
102080
120014
111257
129969
92331
108786
147058
113126
96628
97946
138017
97483
98133
96724
126270
112523
90774
88639
107241
100074
136298
145122
97666
95876
112177
125820
105934
114712
114158
98124
108846
108820
113034
170677
109591
109021
107004
108748
101275
97240
116131
107659
101789
111266
90946
121906
151210
106512
125142
110671
110779
95927
115202
114462
118593
141206
93423
96448
115415
90964
120421
118442
110160
104500
106128
122011
119773
179674
114935
141089
101671
128487
128967
89626
AVG: 113471.2
