371892
139752
106479
66980
108671
78650
107581
100858
126363
107310
90439
87223
90560
62150
100143
102217
62697
73170
62162
133588
68788
84344
52247
66477
72465
73039
59302
82487
89037
76744
83046
101688
85203
77990
66061
72514
107799
77021
75926
70532
89537
79017
96310
118170
83891
68899
63722
91352
100741
73415
77745
81844
77465
63169
63093
62048
77281
83326
67537
87597
82426
72866
103223
79739
82302
86714
81441
66880
96972
51472
91473
90586
95939
72027
74163
85666
112186
98152
58413
63704
AVG: 82317.1857143
