690875
224337
208962
211435
288205
234825
191280
152798
191723
169126
130959
194696
219494
242862
220649
153952
250599
138225
201839
164160
156766
158023
168658
211998
208125
179579
248574
167127
132767
128866
176630
126185
166967
159454
135234
164951
146626
151655
175451
128492
180740
187680
212138
164873
171824
201807
187282
191766
147996
175167
159104
156891
162353
149165
153684
175773
148482
157858
186764
183970
154694
154204
158131
205920
178002
166923
252651
154163
154418
182230
199389
174076
161015
191532
179453
166804
156613
167382
224651
160387
AVG: 175306.185714
