416022
196930
287092
186364
199134
155159
177064
162837
224910
125707
172222
213539
191867
180600
155612
155967
157433
130850
182101
166990
216036
168184
204984
158838
264389
178956
202953
205524
149086
183313
189649
165707
178824
159254
165399
158059
187062
167589
188365
167102
172046
154814
214941
162714
226511
144160
157494
153426
177653
215626
192267
144955
166368
146519
383150
156619
153438
268130
211546
145803
159204
179935
184612
182379
191472
181717
202157
153499
191352
150569
160238
190330
242979
178785
201773
186878
215599
159509
212698
173174
AVG: 181590.171429
