407545
239345
189473
215220
196854
154819
117099
168414
108772
150247
134647
158508
112495
133799
104027
114993
129231
115368
122012
159260
153620
121027
146578
136311
155046
202887
142153
110247
108396
142760
136269
136931
133445
158361
123310
115148
151078
153300
138843
166090
124539
132276
125947
98146
120683
132807
157502
131887
147600
170286
106930
145612
132117
113465
112983
158670
134817
127093
134858
105853
162175
113111
112545
142182
144982
140084
117462
164742
143797
156174
142102
134700
99397
166696
132282
125985
151398
118243
160913
129895
AVG: 135742.757143
