331169
117602
103965
69494
85800
102712
143285
96282
75436
98727
71482
77028
70800
62585
64753
85881
81896
84188
83878
83608
71435
72764
79289
70073
62508
88733
108775
71624
63148
76103
93362
66074
71328
70934
101012
91425
72136
123138
81435
70751
109961
82257
63221
82723
52849
67478
82084
73974
72349
81952
87450
99021
72860
76707
97900
79738
61691
88230
91839
80484
80098
86230
74170
107512
70670
78112
61248
77220
68198
68404
68996
83606
74941
89531
68388
86856
81231
62040
67066
63715
AVG: 80724.0
