r=1, wt=32, c=32
547983
206936
198297
197193
289120
212150
158585
444855
199923
171077
159820
148601
195750
165859
172530
169630
318912
191432
218928
176177
226741
232582
241168
137160
144349
166452
175322
137107
147122
170725
137818
151183
110473
186698
165993
159977
180711
184678
213206
115779
188210
136519
179067
201635
193148
191793
167811
172144
206390
170543
205254
169183
156194
145224
161296
199338
177216
169939
192144
240522
163941
129191
196080
161002
173921
176127
166278
205141
232263
205495
187286
162284
204207
158684
160964
169930
230465
209274
226856
152045
AVG: 182798.671429

r=2, wt=32, c=32
393624
195083
199213
182569
209349
171979
156520
187976
193309
146043
154454
136559
214644
141804
193920
183069
159579
172361
169683
203010
142763
217565
152894
179913
158607
172997
141085
143629
213577
130119
174797
171437
166736
138994
182907
165234
179548
166152
145225
173120
158758
181357
161215
158071
157374
156067
158742
209862
195059
168647
230529
193271
191780
160283
166420
182649
161378
179591
158324
203341
193723
176630
167037
184432
233073
184352
225360
191806
180092
157713
165340
203493
122903
157468
212503
454750
209315
206433
210132
181190
AVG: 174155.028571

r=3, wt=32, c=32
690875
224337
208962
211435
288205
234825
191280
152798
191723
169126
130959
194696
219494
242862
220649
153952
250599
138225
201839
164160
156766
158023
168658
211998
208125
179579
248574
167127
132767
128866
176630
126185
166967
159454
135234
164951
146626
151655
175451
128492
180740
187680
212138
164873
171824
201807
187282
191766
147996
175167
159104
156891
162353
149165
153684
175773
148482
157858
186764
183970
154694
154204
158131
205920
178002
166923
252651
154163
154418
182230
199389
174076
161015
191532
179453
166804
156613
167382
224651
160387
AVG: 175306.185714

