r=1, wt=32, c=28
578463
136029
299601
169578
372292
181872
180690
253822
175846
141221
146096
232821
137650
145357
169952
133746
143394
159689
179584
220388
182421
185416
146994
164492
187360
173139
142521
170017
156477
192272
159413
179098
164411
234758
181060
147030
176379
161394
154449
195045
150991
195069
170301
198704
234133
164866
137231
155167
165513
187084
169396
251111
168180
165822
205514
166679
148356
164990
172077
171946
172826
179547
160495
208426
158763
173934
298464
182648
159101
182821
173006
199046
189673
214060
230568
182643
205061
224907
179123
173252
AVG: 178325.457143

r=2, wt=32, c=28
640998
159319
217302
221630
191613
154274
153300
159222
184903
153822
163017
183545
196910
177711
246565
284811
213208
214409
254982
186527
195100
157684
188501
164131
171445
149589
155772
239916
162214
152155
234942
179577
165913
173530
160493
160188
188357
143210
148262
150480
177626
196990
203599
249344
240868
199147
165646
159101
156035
127185
172134
244389
151668
176480
160753
177708
171311
172296
204249
244887
195890
153585
157082
156424
160307
162262
153183
160542
173038
234769
192284
184594
164832
161481
144761
162375
164933
175000
157679
148801
AVG: 181073.071429

r=3, wt=32, c=28
571056
204600
210784
221713
204328
169646
174996
189392
240984
409514
213175
175717
184374
204666
194386
182953
169153
156209
144213
169622
269903
167761
161544
164706
197206
190083
180581
196969
186247
196581
194699
221966
174794
201478
166240
177470
193481
323358
148271
150453
164137
161440
151179
169459
178004
130997
159657
186088
159266
159885
153542
156258
189736
159575
207390
196071
186379
232177
263109
174316
205418
205848
203893
192870
208238
256547
167740
149717
177530
203221
169454
185451
172993
164067
194154
241324
193044
190312
199756
227602
AVG: 189122.814286

