427425
216888
193598
223924
223579
208989
168284
143449
133428
118567
144299
136338
121540
124210
151903
117848
121794
120855
115733
143602
132162
123003
184494
199840
201788
118629
181297
104789
139647
114708
106799
108195
89443
114643
151535
113849
114049
135705
111403
129819
133844
141074
126293
125862
126045
118845
125704
137716
177600
126184
130227
147836
119340
163289
141099
113313
135682
102814
117144
163634
139544
132165
130525
107395
127215
110478
123391
139226
124248
126426
151780
174752
125418
115148
158405
129004
135186
122699
138255
184636
65491
AVG: 134300.014085
