r=1, k3
713609
325329
305196
227212
282496
244785
164194
167608
181436
238337
216377
221526
173133
175137
177083
178552
166375
170059
168090
167166
174006
155215
188023
176229
168989
162805
170553
159998
168898
173315
219341
162589
143493
162115
137902
166737
183925
149183
156546
163461
163631
168739
136942
167214
164787
171524
162024
171294
164776
152191
169623
156724
150507
148935
149017
191478
174288
152937
175866
204741
175290
155751
165622
138702
167283
176152
183970
173023
172377
188971
180690
177727
140846
161008
187065
190681
216559
177330
170829
151623
121852
AVG: 171627.84507
r=2, k3
960396
316965
280270
220904
231872
242884
235541
165810
137129
176685
205124
182390
189663
194290
170750
175401
155512
192645
175113
148359
177056
143991
195545
173142
167406
141707
176942
147269
174641
179129
179253
155006
170603
171050
175338
165232
179153
187798
160038
174634
172021
195570
162565
159179
162261
175033
155643
175105
145233
169963
156988
177088
188347
173403
207572
189310
205501
171150
186678
165205
153847
202171
144293
144577
153775
157914
171414
180951
172150
161844
156863
159270
184537
177955
189128
166506
157910
150385
169215
154438
119926
AVG: 173425.901408
r=3, k3
798529
351105
289974
295777
295577
273178
187542
180504
157718
163051
161480
171514
194774
199729
172080
149383
178781
138026
167448
187537
171873
197078
165765
145981
188151
145747
164306
159507
166625
159076
161423
173554
180474
173463
202962
134742
181693
185613
131574
156117
188895
152992
178960
172434
185672
167991
167476
164970
202559
150841
155495
164600
152616
145812
175146
156775
199843
160007
189871
157511
179674
173543
161410
173761
153664
154561
187551
147458
172666
185315
155122
172703
149978
177953
166130
173197
165637
158675
170600
181003
95880
AVG: 170473.535211
