66061854
101096743
102662784
106866048
94744509
99440350
86178013
92595768
116839621
94969583
102117238
91115887
95482981
102239831
102026482
109218131
110106742
86661570
111127772
111537779
100217156
92945856
93607057
89889404
91737087
97619124
81610210
100455306
117319483
89067854
70261786
91097388
81379961
93885028
102704625
89725933
105981536
95194114
101985098
109286188
102931718
97395131
86387837
94688718
116271099
110792803
99026038
116116000
93952168
85773075
91572183
92462233
98904998
87249365
103120035
99140266
88399561
95567470
102496335
104989681
133508871
103569396
110413054
99799675
106065216
88127696
84781521
108115892
103498784
91198179
88386088
88524216
95245575
102367498
122601351
115997740
108492802
103012656
100160398
124592502
135941450
AVG: 98831907.1549
