128894342
136083968
153148675
129351738
103888357
139728433
130878674
148248933
167532868
133292462
139854873
146540702
146837848
158868245
142892848
150579306
145370398
135651108
163613059
149763055
140301116
142888071
143899424
157975254
133379472
137171803
124933249
149293370
164237212
151156449
136228283
130055663
119546180
132876337
169965786
139187008
143282058
133956116
132580143
140483439
149748014
167624021
132456481
149856381
156096615
133327424
135790703
137575026
133108690
153749130
156837679
147842758
139862490
131924898
141301021
124581739
117265109
140548579
156714404
140662722
134718448
139740979
138759364
125473093
131460753
114863776
138379825
167765320
136845009
131273625
135620375
138590463
145763144
108477963
124494394
127587034
145799125
144438350
186774029
159426728
192756929
AVG: 140982206.958
