r=1, k3
145751
175206
172121
140629
151922
134219
89617
106079
118858
130374
128075
141831
103187
119743
140756
113607
83211
113178
111570
109343
102017
87017
91996
78124
104536
103140
102480
88860
102597
109812
139533
93199
79892
71990
76422
103058
77487
86956
81667
105826
81641
138374
75858
81559
95325
95691
83223
85647
93420
88225
112306
115942
106556
83491
86999
85639
96750
74753
126603
90188
86758
119112
63570
69809
141376
111795
87806
104791
78869
97761
111778
119669
82911
91064
164970
122006
94056
88972
78565
81359
85056
AVG: 101161.859155

r=2, k3
222157
180942
208888
225680
117849
182619
89547
139331
82471
118444
82173
90772
107275
117907
108332
82181
86956
80942
99127
98613
101592
85354
87475
106631
113287
96170
72309
100691
98049
71179
77323
79321
80125
98243
96468
105585
82832
91799
59613
77993
98143
90002
103474
116942
82751
95323
78953
83543
94768
100638
110163
91143
94909
128650
186892
145678
163314
145979
119367
103413
79028
76513
69041
109272
102781
87153
92860
92166
72407
81249
118385
72935
125144
111456
94702
85199
112234
75028
86784
80919
196064
AVG: 99338.943662

r=3, k3
150540
194202
175225
203132
208295
97816
88814
73220
90169
107879
98682
102623
90691
125501
68967
106277
112439
74603
98841
111787
142421
133124
99208
76541
98345
85358
106984
95186
96471
90236
97969
99884
76515
134945
141337
127033
118755
85010
96531
91833
117047
136225
90581
113575
97183
91733
79287
69688
116921
136930
84290
80025
75761
88568
87368
89541
81024
79361
120238
71846
111986
96083
74224
114176
97089
72384
89588
74220
83932
92187
85058
99912
111474
149472
79683
77425
100443
69393
144400
104694
47366
AVG: 98001.1267606

