150540
194202
175225
203132
208295
97816
88814
73220
90169
107879
98682
102623
90691
125501
68967
106277
112439
74603
98841
111787
142421
133124
99208
76541
98345
85358
106984
95186
96471
90236
97969
99884
76515
134945
141337
127033
118755
85010
96531
91833
117047
136225
90581
113575
97183
91733
79287
69688
116921
136930
84290
80025
75761
88568
87368
89541
81024
79361
120238
71846
111986
96083
74224
114176
97089
72384
89588
74220
83932
92187
85058
99912
111474
149472
79683
77425
100443
69393
144400
104694
47366
AVG: 98001.1267606
