r=1, wt=16, c=1
231769
96277
86109
68483
73818
67840
71573
64755
62511
82439
46361
43725
44028
44554
49892
46380
48980
55737
45608
44582
47959
46359
44341
54012
52803
45988
44492
44550
46449
46160
49723
50465
45794
43179
45712
46276
48608
47387
46133
65965
50226
49955
48126
43189
48827
42801
53157
52554
44611
50397
54594
47146
42818
53110
47086
44623
45103
46226
47502
45903
49320
47971
43459
44426
46282
45926
44318
48316
45265
45186
44864
44064
48216
46625
49400
48317
48538
49607
47686
46417
AVG: 49041.6

r=2, wt=16, c=1
238055
104589
74351
74718
63909
73311
66929
66532
67586
68510
48457
48905
50728
45533
48577
47399
46084
50489
43006
52204
50630
52939
45186
45853
49742
44956
44780
47817
48826
49317
53816
51977
50953
48415
48198
49939
59317
60291
58783
49486
43372
46833
49427
46031
46056
48227
54489
49451
48454
47477
47024
46345
48040
45803
47587
49015
46059
46527
48097
45867
46514
50157
48282
45498
45645
45449
47142
47177
51413
73835
44520
46219
47593
46180
46591
44866
48139
47303
50192
46881
AVG: 50255.2428571

r=3, wt=16, c=1
250689
98256
108955
70883
75301
63841
66513
63636
60578
68879
47981
51857
49627
40682
47103
43368
45106
43998
41456
43258
44270
46761
44540
44835
40483
47557
42340
44669
43403
42965
43658
47464
44709
49015
41791
43446
43498
43805
49145
43735
42772
41755
44091
42368
47138
41984
54629
44028
44437
42339
50282
45776
42154
45519
43329
44419
44147
42231
40761
40308
43004
44554
51515
43519
41473
44641
45172
45507
44362
43970
42321
45495
45219
45462
43857
41076
51225
48947
45632
44724
AVG: 46064.4285714

