r=1, wt=64, c=32
531682
289634
416366
492788
307068
307299
267605
434798
356023
369340
362992
284335
413160
276618
312955
291850
243515
314460
339742
289215
306288
243486
294783
344070
268889
254181
296726
291232
350518
288087
276741
303095
337333
324945
274979
278210
273062
279893
351848
357700
356397
306278
268182
259601
301835
276206
294189
331357
336123
318803
317133
294673
305787
297093
313125
355471
280524
306794
279136
266035
246326
298158
340657
331530
269345
292637
316429
298833
317934
297097
328130
263060
312912
322336
282443
266322
310105
338083
316426
324806
AVG: 306322.028571

r=2, wt=64, c=32
513305
321952
433775
460637
376345
297276
315941
293224
337782
291909
256236
278715
282921
253804
251410
396115
271874
268343
268919
320805
362220
316722
330947
427940
304343
271087
271570
310915
277343
290864
331847
251022
281013
322890
261048
329644
354356
392398
327920
317154
267228
275043
253976
292741
285090
281496
342286
288593
331919
305740
267230
262243
332133
308136
317627
262761
282142
236663
370632
329548
311021
283618
241649
246397
353494
302229
284512
332105
331855
275836
318181
225460
294159
319649
241962
336391
273760
254957
312358
318418
AVG: 299626.728571

r=3, wt=64, c=32
449952
318544
496956
438376
294553
342722
360702
248981
261291
307940
263608
265279
265202
323554
365729
321197
276523
322243
273680
302909
370003
376239
314744
258243
294105
308250
325726
252106
333686
283286
276789
299214
320419
314869
251728
300324
338350
235609
239463
297318
289955
274032
336103
289969
299139
269219
277503
269482
221338
365046
310214
372337
331510
225013
345370
294961
322703
262768
315716
306823
308025
284600
293903
264110
300801
309090
378936
285055
308874
264009
266775
259698
260447
322401
333443
293931
336830
319560
326557
266365
AVG: 298734.271429

