r=1, wt=8, c=16
358359
198386
291595
263543
193688
185492
211144
186889
159004
158245
176004
182099
191833
176673
167321
176453
162645
175816
170853
171748
193359
199114
183505
180102
167918
190580
170280
162679
193117
179593
162572
175221
188683
168490
166613
181412
184001
171658
184799
174384
185635
185074
163626
149307
169292
164571
186057
158496
172957
171179
162328
193190
165119
155082
163820
175688
170350
173300
170349
166530
162886
166085
200639
162619
184981
179682
189965
174506
164584
158465
170606
178301
149271
190169
176131
181980
193136
182032
178321
203854
173300
AVG: 174973.507042

r=2, wt=8, c=16
339044
212770
299415
227746
193439
165177
161329
181328
182609
193495
190182
195718
185953
175667
205253
194437
188295
201253
196926
178575
203945
184659
179368
181356
178207
192831
166269
176381
174676
187636
192104
184680
186378
180093
165091
165609
176821
176518
185488
200364
176007
183663
177940
165797
179291
176398
166120
185357
180454
163624
174293
180244
173310
166871
199331
196775
181778
185259
181356
192464
149855
183791
178848
172604
177583
194162
196048
190702
165748
177513
183594
175774
171063
175280
174936
189184
161883
169163
166153
189223
AVG: 181264.342857

r=3, wt=8, c=16
417468
268155
222132
210094
177108
191452
173209
171451
163644
186601
196593
185190
174277
165100
177643
195930
188583
196634
162436
154532
179357
157852
168609
167762
179307
165768
160131
182409
144649
182074
161127
178009
173848
164610
181593
180115
175056
179111
159069
179884
165753
183667
152324
167974
165111
170576
172564
175634
168146
173603
174359
170951
183801
171750
184689
158052
160220
162773
168204
179725
168824
178597
178185
174158
173838
160944
164517
171692
169627
186562
175721
165942
167534
176393
166975
160566
164942
192845
181211
160021
AVG: 172757.142857

