3967382
1656555
1715649
1496513
1406234
1455670
1257435
1269349
1295268
1228771
1196784
1206518
1135444
1177403
1100991
1325299
1285446
1307078
1221646
1277940
1362535
1275605
1481640
1397510
1197598
1206285
1281524
1281393
1256696
1135704
1311719
1226373
1295484
1126778
1247552
1268462
1143251
1957713
1308602
1119517
1193097
1360548
1167144
1328287
1186339
1203897
1193003
1213903
1130235
1362128
1207392
1259514
1384372
1264216
1296556
1176216
1150535
1155991
1199925
1140493
1310946
1136947
1345827
1168029
1218095
1150369
1213264
1240544
1220875
1143833
1128972
1293904
1324102
1238527
1097705
1302187
1165638
1423204
1169377
1250399
