3491162
2367442
2341231
2001343
2010215
1870182
2120359
1983790
1668264
1773352
1620143
1672805
1597957
1557753
1583836
1700289
1573253
1556695
1587581
1681282
1506950
1827729
1656767
1629766
1579313
1743941
1595155
1452096
1578427
1526511
1551705
1574263
1538523
1593854
1584238
1623144
1662203
1502963
1691956
1616085
1942360
1428350
1521715
1482475
1569904
1609792
1609171
1584121
1643321
1709339
1537965
1516744
1606368
1453120
1609787
1545753
1446244
1508049
1540230
1505187
1572148
1611354
1807602
1916282
1551830
1504453
1613703
1559580
1572559
1554691
1681192
1701394
1605844
1498093
1605455
1823069
1551212
1588157
1648692
1537401
1707733
