1229625
171918
133511
145973
173026
139845
130969
119528
126587
121274
122526
134826
104213
109716
100248
127291
113589
105329
125366
108172
105231
115493
110428
126572
119455
98671
112386
112696
119822
108984
128364
120891
116398
120606
119445
102514
118909
95815
95503
96015
113484
119414
95455
104317
127638
149400
101771
112120
129258
96271
99823
95619
94172
94562
114525
110378
105600
117844
103543
122815
110050
113235
113404
127363
100570
85349
92777
104706
132357
127005
88043
103176
101875
100867
101679
100546
107737
119733
130007
122995
62020
