2276245
2162219
1778758
2545556
1666794
1752365
1875554
1559488
1617887
1465111
1826026
1755228
1434489
1359887
1360208
1342281
1713701
1499578
1380110
1500168
1451517
1441643
1388528
1498008
1400307
1484448
1492310
1472455
1451566
1413134
1566483
1508896
1403033
1488442
1690249
1487032
1586882
1458185
1490691
1439221
1551437
1560674
1511321
1483725
1514136
1550693
1462835
1481186
1432066
1485818
1529880
1554217
1447459
1440283
1478589
1479951
1633357
1498531
1436475
1524292
1398927
1435844
1475182
1438444
1556282
1472938
1459821
1525849
1660109
1476949
1475645
1515398
1516903
1471949
1512340
1510764
1596378
1452995
1514486
1527870
1073483
