1368671
1233614
1224735
1215660
1387580
1287133
985950
1013858
938920
986747
959258
968979
947720
1155847
1051174
972187
969870
1049947
985567
1233260
944998
977844
1233196
956680
1023754
1020128
971767
926892
989896
1076714
1290655
970795
1003652
947948
1007254
979656
1015010
1020522
963771
964575
1262907
1014048
961685
1012549
1013625
956291
962576
1039671
1059152
1066139
977022
905875
949700
1072307
1094598
891021
993416
942970
1061588
931055
949140
958467
960089
958820
1026085
967102
1070533
1038714
993978
1033127
1076812
982280
1040822
993761
1003918
1020782
1051987
1032729
948000
1008940
1347002
