861104
150391
181606
108979
122278
107216
107083
111744
95261
112119
94619
109474
135582
105375
94739
109710
107556
95170
93700
111654
104919
91049
98280
85698
95102
91556
83824
91637
98664
97681
88664
96347
105569
94146
82829
98804
91253
98142
96668
94493
94560
90779
100588
102730
86018
108467
85189
100378
104720
102907
89999
98366
90850
89447
105543
93812
92083
100253
107746
87225
92299
96058
87066
93250
101710
113300
89336
100604
103855
105033
94390
93224
97494
115559
92503
89971
98949
95849
95404
103290
73798
