800790
389488
353809
296115
270685
298175
246639
211621
195986
187206
236447
167335
204791
199523
182541
164233
162986
147488
160103
171005
148245
142498
171816
176616
161018
164976
162784
141130
175877
179470
180018
139742
151338
157962
165965
161202
139008
172301
175622
164540
159752
146820
151296
161152
177478
186976
173749
229072
183586
179507
155723
163707
165353
182944
173785
145203
134273
148934
144738
150474
161638
171003
164540
162772
146058
152344
165698
170409
184577
170907
166823
159368
171674
155572
150876
167300
146123
211640
149348
161674
109020
