1176540
561922
525543
579435
334837
381031
318634
340866
280400
309196
211009
238474
227359
235651
263502
253701
248404
231785
231320
234146
204716
213326
202884
193421
206296
211130
234385
204343
215759
208562
195402
218482
210337
200222
203316
214215
216401
254827
214815
213654
216113
215293
199022
242209
231807
222137
225837
234512
210433
264976
215414
223234
192186
211110
210714
208667
241595
237544
282979
272680
239475
228510
209014
211647
212029
208721
216730
219120
230047
235499
220338
242418
211106
270449
251202
219522
273177
238396
206750
260539
