r=1, wt=32
112084759
133114409
113177707
160109602
145037257
130382161
111493330
123221147
124638224
129439495
104941038
98084510
102502568
144160840
110189730
146672548
124624449
74643548
150240061
140125666
124402824
99222939
106333484
116528219
127438383
115261442
114649053
146634130
142826994
147959261
136118039
122426641
130849091
147636500
146279833
156420658
75210541
113746685
134956049
138411351
108765619
106790712
112711021
162545695
130256761
115502331
128045403
111082926
113208689
73206671
138392682
88406714
117728058
133112736
125262304
78474411
110305677
124527915
128708230
74671459
120882070
114520147
120767696
129569769
154947678
160431614
133598041
119125175
119023909
126506814
103059924
110415211
126206228
120053691
131909614
129648711
95102834
108321308
133292884
127517579
140791332
AVG: 121986531.521

r=2, wt=32
135353397
131053128
135443348
96636108
121934175
117246349
87611560
103704492
94735821
97646621
130418250
136794911
115825407
137294446
128265335
119304121
118541547
110770311
114215439
113989366
114829048
119460740
143954926
155648612
133241759
96177058
140445102
125652684
112097321
128252365
143803325
157650340
147726053
124091237
119573605
140049816
143339630
143836840
164194543
156037165
91632344
129975190
130119273
132105129
143551478
142602541
156662349
136546231
132188042
109653706
149933728
85794787
155816915
99907439
114251865
114452604
140502234
128382609
112202089
127267980
135117330
140080464
138338431
124277203
126610188
122686137
167051118
104603173
110005887
128583808
123329857
109779538
114377937
102957583
131843446
118932103
95250085
112124342
113915631
135809573
85625054
AVG: 126317589.873

r=3, wt=32
111645866
154410931
158327353
154515172
136879321
126339562
143937237
126772670
130803000
120318558
114209056
134866817
147617987
135564424
76728885
117918709
114470674
120580124
127977987
107638959
132157872
135238214
129092734
138305214
124073103
108017581
112198843
91474869
101117219
79107335
111628907
109968420
135069406
114851434
125378848
138154030
135779975
134188665
126094995
127168819
111223472
118891700
140781756
129199410
113115180
144785429
137929576
140893983
111593388
127529101
114149362
110451760
113892277
142122260
104704779
114975144
111853566
128937771
146861354
134316517
123892590
119542575
78956804
120540148
113845225
119413148
133251241
133524203
132771472
143845421
133315086
119015338
116052345
146026143
137479377
126747113
129701744
129505405
96701914
128790243
61435400
AVG: 123256861.211

