r=1, k9
1863875
2194886
2336608
1754188
1874431
1362701
1272002
2042521
1609479
2230150
1268444
1437790
1404819
1428608
1205482
1351417
1307731
1473438
1733769
1476500
1139271
1252087
1202739
1287771
1176456
1183580
1401696
1262822
1314792
1179814
1214572
1418134
1536011
1558957
1498613
1567705
1284483
1344684
1384173
1276592
1378531
1275292
1747784
1338316
1265947
1513498
2498138
1369775
1512953
1350800
1581492
2120045
1321290
1399886
1302156
1404474
1386675
1545498
1062676
1306919
1324544
1259314
1572940
1690940
1448200
2467214
1394746
1333328
1277278
1319921
1534449
1441248
1351658
1276565
1624033
1351776
3940688
1275869
1353537
1333397
AVG: 1444118.94286

r=2, k9
3164849
1830357
2509598
2152150
1442526
1362382
1449043
2527446
1451446
1616118
1587613
1391086
1347480
1312254
1425404
1350278
1448760
1706493
1351636
1339851
1529379
1399647
1466385
1438267
2878068
1085746
1264113
1466301
1436332
1567235
1327649
1344861
1508390
1727453
1356231
4149847
1570738
1319293
1409545
1706245
2115856
2857087
1343855
1487774
1374189
1331041
1441112
1562613
1557252
1477823
1180298
1278475
1333004
1469297
1337841
1213044
1232041
1293349
1203864
1416599
1340294
1459249
1331143
4621966
1226139
1367255
1495282
1530085
1247745
1351803
2123018
1402567
1799154
1986188
1272692
1369191
1397404
1502600
1316606
1544338
900464
AVG: 1578157.74648

r=3, k9
1950515
2660523
1686950
1455849
1800091
1682497
1645760
1495155
1414796
1339145
1259499
1577484
1227818
1404284
1300706
1308360
1320183
1472101
1336763
1378673
1494942
1541016
1499725
1586262
1544292
1581400
2192645
1365326
1436471
1447832
1396930
1467407
1466095
1399007
1613303
1470474
1359945
1562483
2236386
1399837
1411996
1347554
1190959
1508172
1383696
1599929
1276433
1326248
1344793
1379046
1283597
1527052
2147001
1549726
1309588
1393334
1391753
1323488
1296813
1325478
1381147
1258374
1404152
1375106
1577378
1417778
1507148
1488996
1952956
1487382
1501098
1519929
1521646
1385534
1280891
1219695
1346122
1416650
1384234
1256172
1667593
AVG: 1462265.74648

