SEC 1
37.3333333333
40.0
41.3333333333
38.6666666667
42.3333333333
39.3333333333
42.0
40.6666666667
39.6666666667
41.6666666667
43.0
42.6666666667
39.3333333333
41.0
39.0
41.3333333333
37.6666666667
43.0
38.6666666667
39.3333333333
38.6666666667
36.3333333333
38.3333333333
40.6666666667
40.3333333333
37.3333333333
44.0
38.6666666667
39.0
40.6666666667
40.6666666667
38.3333333333
SEC 2
109.666666667
97.0
101.0
109.666666667
106.333333333
92.0
109.0
104.333333333
103.0
96.0
99.0
103.333333333
105.666666667
109.333333333
99.0
97.3333333333
96.0
99.6666666667
104.0
106.666666667
96.3333333333
103.333333333
102.0
108.0
105.666666667
94.6666666667
110.0
97.6666666667
106.0
100.333333333
107.666666667
98.6666666667
SEC 3
177.0
186.333333333
170.0
182.666666667
183.333333333
167.0
186.333333333
172.0
175.0
176.0
171.666666667
177.0
179.666666667
186.0
171.666666667
173.0
171.666666667
180.333333333
175.666666667
184.0
175.333333333
187.666666667
175.666666667
178.666666667
180.0
167.0
180.666666667
167.666666667
182.666666667
176.666666667
171.666666667
185.666666667
SEC 4
253.666666667
266.333333333
260.333333333
273.0
264.333333333
254.666666667
266.0
254.0
258.0
258.666666667
246.0
257.666666667
265.0
268.333333333
257.333333333
253.333333333
250.333333333
259.666666667
259.0
271.333333333
259.0
261.666666667
264.0
259.0
257.0
253.333333333
266.666666667
257.333333333
264.333333333
258.666666667
263.333333333
266.333333333
SEC 5
338.0
338.666666667
328.666666667
350.333333333
332.0
330.333333333
332.0
334.333333333
332.333333333
332.0
316.333333333
335.666666667
345.0
336.0
322.0
324.666666667
323.0
335.666666667
330.0
341.0
333.333333333
332.666666667
336.333333333
330.0
332.333333333
334.0
336.0
331.666666667
341.666666667
326.0
343.0
345.0
SEC 6
419.0
442.666666667
438.0
447.0
431.333333333
430.333333333
432.666666667
434.0
432.666666667
433.0
418.666666667
436.666666667
447.666666667
437.666666667
420.666666667
423.333333333
420.333333333
439.0
433.666666667
440.333333333
435.0
432.666666667
432.333333333
424.333333333
428.666666667
438.0
430.666666667
438.0
439.666666667
424.666666667
450.333333333
448.0
SEC 7
534.0
511.333333333
530.0
548.666666667
529.333333333
529.666666667
526.0
521.333333333
527.333333333
519.333333333
510.333333333
534.666666667
534.333333333
542.666666667
517.666666667
519.666666667
512.0
532.333333333
523.0
542.0
530.0
514.0
552.333333333
518.666666667
528.0
527.0
530.666666667
545.333333333
531.0
518.0
542.666666667
551.666666667
SEC 8
641.0
619.333333333
634.333333333
652.0
629.666666667
630.0
633.333333333
627.666666667
631.666666667
618.333333333
606.666666667
633.666666667
630.666666667
654.0
631.333333333
621.0
608.0
641.0
628.666666667
638.666666667
628.666666667
637.0
632.666666667
618.333333333
631.666666667
626.666666667
644.333333333
644.666666667
636.0
622.333333333
646.666666667
648.333333333
SEC 9
741.666666667
738.0
717.0
752.666666667
734.666666667
725.333333333
732.666666667
728.0
728.0
714.0
699.666666667
728.666666667
743.333333333
738.666666667
730.666666667
725.333333333
709.666666667
737.0
742.0
740.0
732.333333333
719.666666667
747.666666667
721.333333333
730.333333333
721.666666667
737.333333333
731.666666667
752.333333333
714.333333333
755.333333333
739.333333333
SEC 10
830.0
827.333333333
809.0
851.0
834.666666667
814.333333333
823.0
822.666666667
826.0
808.333333333
798.0
818.666666667
828.333333333
838.666666667
818.333333333
820.0
800.0
833.0
829.0
831.0
815.333333333
812.0
845.0
816.0
824.0
822.333333333
834.333333333
836.0
832.0
809.333333333
842.0
839.666666667
SEC 11
924.0
911.0
939.0
954.333333333
936.0
920.666666667
914.666666667
933.333333333
931.666666667
917.0
904.333333333
921.0
942.666666667
928.0
922.666666667
921.333333333
897.666666667
941.0
937.333333333
937.333333333
917.0
938.333333333
922.0
920.333333333
928.666666667
927.666666667
933.333333333
928.0
952.666666667
913.666666667
937.666666667
948.333333333
SEC 12
1002.66666667
1034.66666667
1049.66666667
1055.0
1033.66666667
1027.0
1026.33333333
1026.0
1036.33333333
1019.66666667
1008.33333333
1032.66666667
1023.0
1046.33333333
1027.0
1024.66666667
993.333333333
1049.0
1060.66666667
1046.33333333
1017.66666667
1021.66666667
1045.0
1023.0
1032.33333333
1024.33333333
1036.66666667
1030.66666667
1059.0
1022.66666667
1038.66666667
1053.66666667
SEC 13
1146.33333333
1145.66666667
1112.66666667
1159.66666667
1140.33333333
1129.33333333
1140.66666667
1126.33333333
1143.0
1127.33333333
1116.66666667
1141.0
1141.0
1140.33333333
1130.66666667
1138.33333333
1103.0
1169.0
1161.0
1154.66666667
1127.66666667
1136.33333333
1145.0
1130.0
1133.66666667
1128.0
1138.0
1150.33333333
1141.33333333
1130.66666667
1157.66666667
1152.66666667
SEC 14
1250.0
1208.66666667
1250.0
1270.0
1243.66666667
1232.33333333
1231.33333333
1249.33333333
1247.0
1229.33333333
1223.33333333
1243.66666667
1255.0
1240.33333333
1234.0
1242.0
1201.0
1267.66666667
1273.33333333
1255.0
1231.66666667
1261.66666667
1233.0
1234.0
1244.66666667
1227.0
1241.66666667
1269.33333333
1232.66666667
1233.66666667
1264.0
1265.33333333
SEC 15
1343.66666667
1362.0
1311.0
1370.0
1347.66666667
1335.0
1349.66666667
1333.66666667
1347.33333333
1333.0
1325.33333333
1341.66666667
1333.33333333
1364.0
1340.0
1344.33333333
1309.66666667
1373.33333333
1371.0
1359.33333333
1335.66666667
1347.66666667
1349.33333333
1342.33333333
1348.66666667
1333.33333333
1346.0
1360.66666667
1343.66666667
1334.0
1368.66666667
1363.66666667
SEC 16
1465.0
1426.0
1450.66666667
1477.33333333
1456.33333333
1440.66666667
1430.0
1455.66666667
1451.0
1434.66666667
1426.0
1440.66666667
1455.33333333
1450.66666667
1447.33333333
1459.0
1413.66666667
1475.33333333
1481.66666667
1451.0
1437.33333333
1446.66666667
1455.0
1443.33333333
1449.0
1440.33333333
1450.33333333
1466.0
1447.0
1443.66666667
1451.66666667
1483.66666667
SEC 17
1554.33333333
1507.0
1560.33333333
1572.66666667
1553.0
1535.33333333
1552.33333333
1517.66666667
1545.33333333
1526.0
1517.66666667
1534.66666667
1538.33333333
1551.0
1547.33333333
1550.0
1513.33333333
1575.33333333
1573.33333333
1541.66666667
1535.33333333
1532.66666667
1564.0
1546.33333333
1544.0
1536.0
1539.0
1557.33333333
1540.66666667
1534.33333333
1566.0
1554.0
SEC 18
1613.66666667
1678.66666667
1655.0
1686.33333333
1657.33333333
1642.33333333
1620.0
1660.66666667
1650.66666667
1631.66666667
1623.66666667
1636.0
1646.0
1644.0
1653.33333333
1653.66666667
1613.33333333
1671.66666667
1683.66666667
1635.33333333
1635.66666667
1655.66666667
1654.66666667
1654.33333333
1652.33333333
1644.0
1640.0
1670.33333333
1651.33333333
1633.66666667
1676.66666667
1655.33333333
SEC 19
1767.33333333
1748.66666667
1748.0
1793.66666667
1770.66666667
1744.0
1724.33333333
1769.0
1758.33333333
1736.33333333
1731.66666667
1740.33333333
1743.66666667
1760.0
1757.66666667
1765.33333333
1712.66666667
1781.33333333
1790.33333333
1739.33333333
1745.33333333
1770.33333333
1745.33333333
1766.66666667
1758.33333333
1749.0
1749.33333333
1760.33333333
1783.33333333
1737.66666667
1775.33333333
1765.66666667
SEC 20
1875.66666667
1838.0
1846.33333333
1894.0
1868.33333333
1835.66666667
1844.0
1848.66666667
1866.33333333
1835.33333333
1839.66666667
1846.0
1869.33333333
1831.0
1862.33333333
1870.33333333
1810.66666667
1878.66666667
1897.66666667
1836.66666667
1846.33333333
1865.66666667
1858.0
1872.66666667
1860.0
1853.66666667
1845.66666667
1885.0
1873.0
1828.33333333
1879.0
1871.66666667
SEC 21
1930.0
1958.66666667
1962.0
1984.33333333
1959.0
1929.66666667
1969.0
1922.33333333
1968.0
1939.33333333
1945.66666667
1944.33333333
1939.33333333
1952.66666667
1957.66666667
1965.33333333
1908.33333333
1996.66666667
1975.0
1933.66666667
1939.66666667
1967.0
1967.33333333
1976.66666667
1958.66666667
1958.66666667
1943.0
1979.0
1968.0
1929.0
1963.33333333
1979.66666667
SEC 22
2083.66666667
2079.66666667
2021.66666667
2095.33333333
2065.66666667
2040.66666667
2062.33333333
2051.66666667
2081.66666667
2049.33333333
2057.66666667
2058.0
2048.33333333
2065.66666667
2069.33333333
2075.33333333
2018.66666667
2091.0
2104.33333333
2039.33333333
2051.66666667
2089.33333333
2064.0
2085.0
2067.33333333
2070.33333333
2054.33333333
2070.33333333
2096.33333333
2042.33333333
2093.0
2071.0
SEC 23
2175.0
2161.0
2163.33333333
2201.66666667
2171.33333333
2144.0
2157.66666667
2158.33333333
2187.0
2153.33333333
2165.0
2176.33333333
2134.66666667
2187.0
2170.33333333
2187.66666667
2131.66666667
2219.33333333
2186.66666667
2140.0
2158.0
2176.33333333
2188.33333333
2190.66666667
2180.33333333
2182.0
2164.66666667
2176.33333333
2207.33333333
2149.66666667
2170.66666667
2198.33333333
SEC 24
2308.66666667
2241.0
2289.66666667
2315.0
2288.66666667
2255.66666667
2292.66666667
2248.66666667
2299.33333333
2259.0
2276.0
2282.66666667
2250.33333333
2292.33333333
2286.66666667
2306.66666667
2248.66666667
2337.33333333
2298.0
2255.66666667
2267.33333333
2308.66666667
2285.0
2297.33333333
2294.66666667
2292.66666667
2277.0
2288.0
2321.66666667
2259.66666667
2296.0
2292.33333333
SEC 25
2376.33333333
2365.0
2409.66666667
2420.33333333
2389.0
2361.33333333
2374.0
2381.66666667
2410.33333333
2368.33333333
2381.33333333
2389.33333333
2402.33333333
2350.66666667
2392.33333333
2419.0
2353.33333333
2398.33333333
2445.0
2356.66666667
2379.0
2414.33333333
2396.33333333
2403.33333333
2398.0
2396.33333333
2388.0
2406.33333333
2420.66666667
2366.33333333
2416.0
2386.0
SEC 26
2502.66666667
2510.33333333
2453.33333333
2521.0
2491.0
2461.66666667
2460.0
2499.33333333
2516.0
2467.66666667
2479.66666667
2486.66666667
2458.66666667
2507.66666667
2491.0
2516.0
2457.66666667
2535.33333333
2510.33333333
2458.66666667
2481.33333333
2506.66666667
2510.33333333
2507.0
2504.33333333
2498.0
2490.0
2504.33333333
2510.33333333
2469.0
2501.66666667
2503.66666667
SEC 27
2594.0
2596.0
2605.66666667
2634.0
2594.0
2568.33333333
2605.33333333
2564.66666667
2615.33333333
2571.66666667
2589.33333333
2597.0
2597.66666667
2586.66666667
2594.0
2614.0
2573.33333333
2651.33333333
2619.66666667
2563.0
2597.0
2625.66666667
2606.66666667
2613.33333333
2607.66666667
2601.66666667
2596.0
2627.33333333
2615.33333333
2571.33333333
2611.0
2610.0
SEC 28
2685.33333333
2730.33333333
2697.33333333
2739.0
2698.66666667
2674.33333333
2664.66666667
2715.66666667
2713.33333333
2673.0
2697.0
2697.66666667
2667.66666667
2722.33333333
2704.33333333
2720.0
2683.0
2751.33333333
2726.33333333
2673.33333333
2699.33333333
2727.0
2706.33333333
2706.33333333
2718.0
2699.66666667
2692.0
2725.0
2724.66666667
2674.0
2719.66666667
2710.66666667
SEC 29
2817.0
2807.33333333
2780.66666667
2826.66666667
2790.0
2762.66666667
2782.66666667
2782.0
2803.33333333
2766.0
2791.0
2786.33333333
2789.66666667
2785.0
2794.66666667
2813.66666667
2772.66666667
2821.66666667
2845.0
2763.66666667
2791.0
2819.33333333
2812.66666667
2804.0
2807.66666667
2801.0
2787.33333333
2801.66666667
2829.66666667
2766.33333333
2800.66666667
2810.0
SEC 30
2928.66666667
2907.0
2896.66666667
2935.0
2901.66666667
2875.33333333
2894.66666667
2888.0
2910.66666667
2878.66666667
2895.0
2897.33333333
2926.33333333
2862.33333333
2900.66666667
2922.33333333
2880.0
2926.66666667
2950.33333333
2877.33333333
2907.33333333
2927.33333333
2929.66666667
2922.33333333
2912.66666667
2913.0
2891.33333333
2912.66666667
2939.66666667
2874.0
2907.66666667
2923.0
SEC 31
3027.66666667
2967.66666667
2998.33333333
3021.33333333
2986.33333333
2956.33333333
2984.33333333
2971.33333333
2994.66666667
2960.33333333
2973.33333333
2981.66666667
2994.66666667
2961.33333333
2985.66666667
3010.0
2958.0
3038.33333333
3009.66666667
2960.33333333
2992.66666667
3020.66666667
3018.0
3009.66666667
3001.33333333
2999.33333333
2976.33333333
3001.0
3021.0
2959.0
3003.33333333
2990.0
SEC 32
3112.33333333
3048.33333333
3115.0
3117.66666667
3089.0
3051.33333333
3052.0
3102.66666667
3090.33333333
3046.0
3072.33333333
3073.0
3071.33333333
3075.33333333
3082.0
3104.0
3052.33333333
3106.33333333
3136.0
3056.66666667
3083.33333333
3119.33333333
3108.0
3111.66666667
3096.66666667
3094.0
3067.0
3092.0
3111.0
3050.66666667
3099.0
3085.33333333
SEC 33
3161.33333333
3246.33333333
3166.33333333
3227.33333333
3192.0
3148.0
3152.66666667
3207.33333333
3190.33333333
3145.66666667
3174.0
3175.33333333
3173.0
3162.33333333
3189.0
3195.66666667
3155.0
3243.33333333
3200.33333333
3150.33333333
3189.0
3216.66666667
3208.66666667
3209.0
3201.0
3197.0
3160.33333333
3220.33333333
3189.66666667
3158.33333333
3185.66666667
3201.33333333
SEC 34
3296.66666667
3305.66666667
3281.33333333
3338.0
3300.66666667
3256.0
3268.0
3314.0
3291.0
3253.33333333
3274.0
3279.66666667
3262.33333333
3281.66666667
3300.66666667
3302.33333333
3273.33333333
3361.66666667
3303.33333333
3260.33333333
3289.0
3322.0
3306.66666667
3314.0
3307.0
3304.33333333
3259.33333333
3288.66666667
3324.0
3264.0
3304.66666667
3292.33333333
SEC 35
3428.66666667
3405.66666667
3357.33333333
3447.0
3400.66666667
3361.66666667
3387.0
3399.0
3391.33333333
3350.66666667
3370.66666667
3381.66666667
3377.33333333
3369.66666667
3406.0
3405.0
3377.0
3427.66666667
3447.0
3368.0
3394.66666667
3415.66666667
3422.0
3419.33333333
3401.66666667
3412.66666667
3357.0
3426.0
3388.66666667
3364.66666667
3406.0
3398.66666667
SEC 36
3512.33333333
3519.66666667
3475.66666667
3551.66666667
3513.0
3477.66666667
3486.66666667
3498.33333333
3491.0
3445.0
3474.0
3476.0
3482.33333333
3467.0
3510.0
3510.33333333
3477.33333333
3584.33333333
3502.0
3476.66666667
3496.33333333
3514.0
3531.66666667
3527.33333333
3507.0
3516.33333333
3462.33333333
3496.0
3523.66666667
3466.66666667
3504.66666667
3513.0
SEC 37
3616.0
3597.0
3624.0
3649.0
3631.66666667
3588.0
3612.33333333
3579.0
3600.0
3556.66666667
3585.66666667
3580.66666667
3570.0
3586.33333333
3614.33333333
3614.33333333
3587.0
3646.0
3660.33333333
3588.33333333
3602.0
3646.66666667
3626.66666667
3630.33333333
3613.66666667
3620.33333333
3574.66666667
3638.33333333
3598.66666667
3575.66666667
3619.33333333
3612.0
SEC 38
3783.33333333
3704.66666667
3662.66666667
3747.66666667
3727.66666667
3695.33333333
3701.33333333
3698.0
3711.33333333
3669.0
3697.33333333
3687.66666667
3694.66666667
3672.66666667
3709.0
3718.0
3689.0
3744.33333333
3779.33333333
3694.66666667
3705.33333333
3731.66666667
3748.66666667
3729.66666667
3717.33333333
3732.33333333
3676.66666667
3706.33333333
3741.66666667
3679.66666667
3731.33333333
3710.66666667
SEC 39
3798.33333333
3767.0
3889.0
3850.33333333
3823.0
3797.66666667
3802.33333333
3799.33333333
3813.33333333
3775.33333333
3807.0
3790.66666667
3761.0
3801.33333333
3816.66666667
3815.0
3788.0
3858.33333333
3871.66666667
3796.33333333
3805.66666667
3829.66666667
3852.66666667
3823.66666667
3819.33333333
3837.0
3779.66666667
3818.66666667
3831.66666667
3779.0
3837.0
3813.0
SEC 40
3883.33333333
3892.33333333
4001.66666667
3951.0
3932.33333333
3908.0
3890.33333333
3920.0
3918.0
3884.66666667
3915.0
3897.33333333
3883.0
3898.66666667
3923.33333333
3928.0
3899.33333333
4006.0
3936.0
3903.33333333
3913.66666667
3933.0
3960.66666667
3927.33333333
3934.33333333
3942.0
3880.0
3932.33333333
3931.33333333
3885.66666667
3918.0
3946.66666667
SEC 41
4022.66666667
3976.66666667
4075.66666667
4041.33333333
4034.33333333
4002.66666667
3989.66666667
4006.66666667
4018.33333333
3978.66666667
4012.0
3994.66666667
3967.33333333
4004.33333333
4016.66666667
4022.66666667
4000.33333333
4073.66666667
4055.66666667
4005.66666667
4013.66666667
4063.0
4030.66666667
4024.0
4031.66666667
4036.66666667
3971.33333333
4039.33333333
4012.33333333
3978.0
4016.0
4040.66666667
SEC 42
4155.0
4130.66666667
4147.33333333
4142.66666667
4148.0
4119.0
4092.0
4125.0
4130.66666667
4096.0
4118.33333333
4103.66666667
4090.0
4099.66666667
4127.0
4138.33333333
4111.66666667
4141.0
4211.66666667
4116.0
4120.33333333
4180.0
4138.33333333
4140.33333333
4136.66666667
4140.33333333
4080.33333333
4137.33333333
4136.66666667
4088.0
4158.33333333
4123.66666667
SEC 43
4240.66666667
4302.0
4227.66666667
4253.33333333
4252.0
4228.0
4235.0
4200.33333333
4240.33333333
4201.0
4225.66666667
4201.66666667
4209.66666667
4194.0
4237.33333333
4248.66666667
4234.66666667
4276.66666667
4302.0
4223.66666667
4222.0
4276.0
4264.66666667
4246.33333333
4244.33333333
4246.33333333
4184.66666667
4231.0
4265.33333333
4193.66666667
4266.66666667
4234.0
SEC 44
4405.66666667
4331.0
4336.66666667
4361.0
4360.66666667
4329.66666667
4337.66666667
4309.33333333
4344.0
4315.33333333
4332.33333333
4313.0
4291.0
4331.0
4339.33333333
4357.66666667
4336.33333333
4437.0
4357.0
4327.33333333
4332.0
4380.33333333
4369.0
4355.33333333
4347.0
4350.33333333
4291.0
4338.33333333
4370.0
4302.0
4344.33333333
4366.33333333
SEC 45
4514.66666667
4406.66666667
4468.33333333
4463.0
4462.0
4429.33333333
4432.33333333
4412.33333333
4453.33333333
4426.33333333
4438.66666667
4418.0
4409.0
4426.33333333
4439.66666667
4463.0
4447.33333333
4483.66666667
4521.0
4432.66666667
4443.66666667
4466.33333333
4475.33333333
4464.0
4448.33333333
4452.0
4397.33333333
4456.33333333
4460.66666667
4406.66666667
4473.66666667
4446.0
SEC 46
4533.66666667
4556.0
4625.66666667
4573.33333333
4572.66666667
4530.66666667
4547.0
4512.33333333
4562.33333333
4526.66666667
4546.0
4523.0
4501.66666667
4549.66666667
4543.66666667
4558.33333333
4557.33333333
4589.0
4623.66666667
4539.0
4547.0
4582.0
4572.66666667
4571.0
4551.0
4559.33333333
4508.0
4576.66666667
4552.0
4509.66666667
4567.33333333
4551.33333333
SEC 47
4701.66666667
4658.33333333
4680.33333333
4679.33333333
4677.33333333
4631.0
4630.0
4644.66666667
4665.33333333
4634.66666667
4647.0
4637.0
4628.66666667
4628.33333333
4642.33333333
4658.66666667
4661.66666667
4709.0
4717.33333333
4648.0
4655.0
4702.33333333
4661.33333333
4673.66666667
4656.0
4663.33333333
4623.33333333
4665.66666667
4670.33333333
4616.0
4682.66666667
4650.66666667
SEC 48
4768.66666667
4822.66666667
4766.66666667
4788.66666667
4786.33333333
4739.0
4763.33333333
4722.66666667
4767.66666667
4737.0
4753.33333333
4734.33333333
4713.33333333
4749.33333333
4741.66666667
4763.66666667
4774.33333333
4860.66666667
4773.0
4749.33333333
4756.0
4795.0
4793.0
4775.0
4761.66666667
4771.33333333
4732.33333333
4758.66666667
4780.33333333
4718.66666667
4787.33333333
4756.0
SEC 49
4876.33333333
4861.66666667
4883.33333333
4882.66666667
4873.33333333
4829.33333333
4845.33333333
4807.33333333
4853.66666667
4824.33333333
4836.33333333
4823.0
4822.33333333
4804.0
4829.33333333
4852.0
4857.0
4915.33333333
4897.33333333
4833.33333333
4839.33333333
4906.66666667
4856.0
4861.0
4851.33333333
4858.66666667
4821.0
4846.33333333
4867.0
4800.66666667
4879.33333333
4848.0
SEC 50
4985.0
4958.66666667
4970.66666667
4980.0
4962.33333333
4927.33333333
4939.66666667
4914.66666667
4956.0
4922.66666667
4936.0
4920.33333333
4896.33333333
4922.0
4935.0
4950.66666667
4949.0
5023.0
4987.0
4933.33333333
4940.33333333
4978.66666667
4980.66666667
4958.33333333
4945.33333333
4958.66666667
4922.0
4954.33333333
4961.0
4898.33333333
4968.66666667
4953.66666667
SEC 51
5069.33333333
5044.33333333
5108.66666667
5083.66666667
5064.33333333
5027.66666667
5050.33333333
5016.33333333
5073.33333333
5028.33333333
5038.66666667
5016.66666667
4984.33333333
5038.0
5045.0
5053.66666667
5052.0
5125.66666667
5097.66666667
5031.33333333
5046.0
5093.33333333
5081.66666667
5057.33333333
5048.66666667
5066.66666667
5022.66666667
5054.0
5064.66666667
5009.66666667
5085.66666667
5035.66666667
SEC 52
5133.0
5183.0
5225.0
5181.33333333
5168.0
5133.0
5141.66666667
5139.0
5178.33333333
5135.0
5147.33333333
5128.33333333
5100.33333333
5132.0
5149.33333333
5160.0
5154.33333333
5204.33333333
5227.33333333
5137.0
5152.0
5171.33333333
5225.0
5162.0
5154.66666667
5169.66666667
5130.66666667
5173.33333333
5153.33333333
5109.33333333
5172.66666667
5154.0
SEC 53
5256.66666667
5341.33333333
5242.66666667
5286.33333333
5269.66666667
5236.0
5249.66666667
5237.66666667
5285.0
5231.33333333
5247.33333333
5236.33333333
5196.66666667
5235.33333333
5255.0
5260.33333333
5262.0
5327.0
5310.66666667
5240.33333333
5246.0
5276.33333333
5326.0
5267.66666667
5260.33333333
5268.33333333
5236.33333333
5262.66666667
5270.0
5217.33333333
5271.33333333
5262.33333333
SEC 54
5419.33333333
5374.0
5372.0
5395.0
5373.66666667
5343.66666667
5358.0
5349.0
5392.66666667
5337.33333333
5351.33333333
5338.66666667
5306.33333333
5333.33333333
5360.66666667
5366.33333333
5367.0
5410.33333333
5449.33333333
5347.0
5346.0
5413.66666667
5392.0
5379.33333333
5359.66666667
5381.33333333
5344.33333333
5376.33333333
5364.33333333
5324.0
5371.0
5363.66666667
SEC 55
5562.33333333
5473.0
5453.0
5499.0
5490.66666667
5448.0
5439.66666667
5493.66666667
5505.0
5452.33333333
5460.33333333
5445.66666667
5426.0
5427.0
5474.66666667
5473.66666667
5474.0
5513.66666667
5558.0
5454.0
5449.33333333
5498.66666667
5516.0
5477.33333333
5482.33333333
5487.66666667
5451.66666667
5471.0
5480.33333333
5432.33333333
5465.33333333
5482.33333333
SEC 56
5561.33333333
5618.66666667
5623.66666667
5605.0
5602.33333333
5555.33333333
5585.0
5568.0
5607.33333333
5564.0
5569.0
5550.66666667
5545.33333333
5527.33333333
5588.0
5586.66666667
5581.33333333
5629.33333333
5655.66666667
5572.33333333
5556.33333333
5616.66666667
5612.33333333
5578.33333333
5590.0
5597.33333333
5568.66666667
5580.33333333
5588.66666667
5538.33333333
5585.66666667
5567.66666667
SEC 57
5720.66666667
5729.66666667
5661.33333333
5709.33333333
5706.0
5659.33333333
5709.0
5642.0
5709.33333333
5659.66666667
5673.0
5649.0
5640.66666667
5634.0
5693.33333333
5687.33333333
5685.66666667
5778.0
5710.66666667
5670.66666667
5660.66666667
5697.66666667
5730.33333333
5680.66666667
5701.66666667
5705.33333333
5667.0
5678.0
5692.66666667
5641.33333333
5690.0
5672.66666667
SEC 58
5806.33333333
5784.33333333
5812.33333333
5799.33333333
5794.33333333
5754.66666667
5778.0
5763.0
5798.66666667
5759.0
5775.66666667
5749.66666667
5723.66666667
5742.66666667
5795.0
5784.0
5780.0
5820.0
5853.0
5772.33333333
5761.33333333
5816.0
5811.0
5772.66666667
5804.33333333
5806.0
5770.33333333
5799.0
5759.0
5730.66666667
5787.0
5767.33333333
SEC 59
5889.33333333
5990.33333333
5856.33333333
5909.33333333
5894.0
5865.0
5854.33333333
5912.33333333
5905.66666667
5874.66666667
5877.0
5862.66666667
5823.33333333
5852.0
5905.0
5892.33333333
5894.0
5906.66666667
5977.33333333
5880.33333333
5869.0
5925.33333333
5917.66666667
5879.0
5912.0
5913.33333333
5874.33333333
5865.66666667
5905.0
5834.33333333
5902.0
5867.66666667
SEC 60
6070.0
5973.0
5999.66666667
6012.0
5989.66666667
5962.0
6014.66666667
5961.66666667
6006.33333333
5972.66666667
5976.0
5958.33333333
5932.0
5957.66666667
6009.0
5989.0
5995.33333333
6060.33333333
6032.33333333
5978.0
5974.0
6022.0
6028.33333333
5979.33333333
6014.33333333
6018.66666667
5977.66666667
5986.0
5982.33333333
5940.0
5978.66666667
5993.0
SEC 61
6124.0
6105.0
6117.0
6113.0
6092.33333333
6063.33333333
6040.66666667
6133.33333333
6112.66666667
6076.0
6071.0
6052.0
6043.33333333
6051.0
6099.66666667
6087.33333333
6095.33333333
6121.33333333
6161.66666667
6074.66666667
6077.0
6097.66666667
6151.66666667
6077.0
6107.66666667
6119.66666667
6076.66666667
6101.66666667
6061.66666667
6039.0
6087.0
6073.0
SEC 62
6251.0
6211.66666667
6168.0
6211.33333333
6190.0
6159.33333333
6199.66666667
6171.33333333
6206.33333333
6186.33333333
6162.33333333
6148.0
6130.0
6148.66666667
6196.0
6181.33333333
6192.66666667
6249.0
6234.0
6172.66666667
6177.66666667
6221.66666667
6222.33333333
6176.0
6197.0
6210.33333333
6170.66666667
6189.33333333
6173.66666667
6135.0
6151.0
6197.66666667
SEC 63
6318.33333333
6265.66666667
6338.66666667
6306.33333333
6288.66666667
6251.66666667
6277.33333333
6295.33333333
6302.0
6281.0
6262.0
6246.33333333
6226.33333333
6246.0
6297.33333333
6291.33333333
6284.0
6350.0
6334.66666667
6276.66666667
6282.66666667
6321.0
6318.33333333
6269.33333333
6296.33333333
6309.33333333
6270.0
6259.0
6305.33333333
6241.33333333
6262.33333333
6283.33333333
SEC 64
6371.0
6449.0
6404.33333333
6413.0
6385.33333333
6355.0
6339.66666667
6423.33333333
6402.0
6386.33333333
6366.0
6352.33333333
6353.0
6315.66666667
6402.66666667
6395.33333333
6382.33333333
6432.0
6462.66666667
6377.0
6384.33333333
6421.33333333
6426.33333333
6366.0
6403.33333333
6411.66666667
6369.33333333
6362.66666667
6405.33333333
6341.66666667
6375.66666667
6384.33333333
SEC 65
6519.66666667
6452.66666667
6565.0
6525.33333333
6487.66666667
6453.0
6485.0
6487.0
6501.66666667
6483.0
6468.0
6454.33333333
6432.33333333
6450.33333333
6507.33333333
6496.0
6491.0
6535.33333333
6565.66666667
6487.33333333
6496.0
6510.0
6545.0
6477.33333333
6509.33333333
6524.33333333
6473.66666667
6481.33333333
6495.33333333
6450.0
6477.0
6499.0
SEC 66
6646.33333333
6595.66666667
6580.66666667
6623.0
6580.66666667
6552.0
6621.66666667
6557.33333333
6601.0
6580.33333333
6564.66666667
6555.33333333
6536.33333333
6549.66666667
6602.33333333
6588.66666667
6591.33333333
6673.0
6614.66666667
6579.0
6591.66666667
6619.33333333
6632.33333333
6567.33333333
6603.66666667
6614.33333333
6568.0
6579.66666667
6594.0
6546.33333333
6581.0
6597.33333333
SEC 67
6806.66666667
6668.66666667
6686.66666667
6730.66666667
6691.66666667
6660.0
6725.0
6657.66666667
6701.33333333
6687.0
6672.33333333
6665.66666667
6640.33333333
6653.0
6699.0
6694.0
6692.0
6752.0
6749.66666667
6684.33333333
6699.33333333
6724.66666667
6739.0
6671.66666667
6708.66666667
6719.0
6676.33333333
6715.66666667
6669.33333333
6647.33333333
6681.66666667
6711.66666667
SEC 68
6797.0
6787.66666667
6866.66666667
6830.66666667
6791.66666667
6757.66666667
6825.66666667
6748.0
6794.33333333
6787.0
6767.0
6754.33333333
6737.0
6746.66666667
6792.66666667
6786.66666667
6783.66666667
6840.0
6863.33333333
6779.33333333
6796.66666667
6828.33333333
6830.0
6771.33333333
6797.33333333
6811.33333333
6768.66666667
6779.0
6788.0
6741.33333333
6767.0
6806.33333333
SEC 69
6953.66666667
6877.66666667
6888.33333333
6922.0
6884.66666667
6850.0
6914.33333333
6841.33333333
6890.33333333
6885.33333333
6856.0
6850.66666667
6824.33333333
6844.0
6883.0
6876.33333333
6872.33333333
6951.0
6931.0
6874.33333333
6887.66666667
6911.33333333
6934.33333333
6857.66666667
6891.66666667
6902.0
6859.0
6880.66666667
6867.0
6826.66666667
6857.66666667
6895.0
SEC 70
6992.0
6998.33333333
7031.33333333
7017.33333333
6990.33333333
6947.0
6977.0
6976.33333333
6991.66666667
6988.66666667
6946.66666667
6945.66666667
6943.66666667
6921.66666667
6984.33333333
6971.0
6967.66666667
7066.0
7010.33333333
6966.33333333
6985.66666667
7011.33333333
7033.33333333
6952.66666667
6988.33333333
6998.33333333
6962.33333333
6988.0
6955.0
6915.33333333
6951.66666667
6982.33333333
SEC 71
7098.33333333
7083.66666667
7127.0
7108.33333333
7084.66666667
7035.0
7064.66666667
7090.0
7087.33333333
7092.33333333
7043.33333333
7038.66666667
7003.66666667
7059.66666667
7081.33333333
7073.66666667
7063.66666667
7170.0
7103.66666667
7071.33333333
7079.33333333
7107.66666667
7131.33333333
7045.33333333
7081.0
7097.66666667
7060.66666667
7082.66666667
7054.33333333
7007.66666667
7067.33333333
7053.66666667
SEC 72
7244.66666667
7165.66666667
7207.33333333
7207.66666667
7182.66666667
7138.33333333
7168.0
7189.33333333
7189.33333333
7195.33333333
7147.66666667
7145.33333333
7143.33333333
7117.33333333
7179.0
7173.0
7166.0
7232.66666667
7242.0
7172.33333333
7176.33333333
7224.0
7213.33333333
7146.66666667
7191.66666667
7203.66666667
7168.0
7164.66666667
7174.66666667
7106.33333333
7198.66666667
7127.66666667
SEC 73
7346.33333333
7251.0
7310.0
7305.33333333
7291.33333333
7243.66666667
7318.0
7228.0
7289.0
7296.66666667
7240.66666667
7245.0
7214.66666667
7245.0
7279.0
7269.33333333
7260.0
7335.66666667
7337.66666667
7270.33333333
7275.66666667
7315.0
7325.0
7250.0
7287.0
7299.66666667
7264.33333333
7258.66666667
7280.0
7193.66666667
7269.0
7262.0
SEC 74
7425.0
7340.33333333
7402.0
7397.0
7374.33333333
7330.66666667
7368.0
7364.0
7371.66666667
7392.0
7326.0
7327.0
7329.33333333
7308.33333333
7363.33333333
7352.0
7342.0
7462.0
7385.33333333
7363.0
7363.0
7393.66666667
7413.66666667
7339.0
7373.66666667
7392.0
7359.33333333
7376.0
7343.66666667
7276.66666667
7356.0
7344.33333333
SEC 75
7505.33333333
7464.33333333
7490.0
7496.0
7472.66666667
7431.33333333
7501.0
7422.33333333
7468.33333333
7496.33333333
7428.33333333
7433.33333333
7386.66666667
7450.33333333
7464.66666667
7442.33333333
7437.0
7491.0
7558.33333333
7461.33333333
7453.0
7493.33333333
7507.33333333
7440.66666667
7481.0
7490.33333333
7461.0
7475.33333333
7438.66666667
7387.33333333
7416.66666667
7488.33333333
SEC 76
7554.0
7581.0
7620.0
7593.0
7579.0
7535.0
7534.0
7603.33333333
7569.66666667
7594.33333333
7538.0
7531.33333333
7534.33333333
7503.66666667
7575.0
7544.33333333
7537.66666667
7659.33333333
7593.66666667
7559.33333333
7555.0
7611.66666667
7594.66666667
7541.33333333
7584.0
7593.0
7564.66666667
7541.33333333
7572.0
7495.0
7559.33333333
7543.66666667
SEC 77
7748.66666667
7654.66666667
7626.66666667
7678.66666667
7672.66666667
7625.0
7689.33333333
7638.0
7659.66666667
7685.33333333
7636.66666667
7618.66666667
7599.33333333
7628.0
7664.66666667
7639.33333333
7633.0
7683.0
7750.66666667
7649.0
7646.33333333
7684.66666667
7703.66666667
7637.33333333
7678.66666667
7690.33333333
7654.66666667
7674.0
7625.33333333
7586.33333333
7657.33333333
7627.0
SEC 78
7728.33333333
7845.0
7756.33333333
7776.33333333
7772.0
7726.0
7764.0
7767.66666667
7763.0
7786.66666667
7730.66666667
7720.0
7708.66666667
7733.66666667
7763.66666667
7739.33333333
7738.66666667
7781.33333333
7844.66666667
7746.0
7744.33333333
7799.33333333
7783.66666667
7735.33333333
7776.0
7788.0
7754.0
7769.33333333
7722.66666667
7687.33333333
7747.66666667
7739.0
SEC 79
7886.0
7886.33333333
7882.33333333
7879.66666667
7884.33333333
7833.0
7844.33333333
7899.0
7867.33333333
7895.33333333
7836.66666667
7821.33333333
7823.0
7834.0
7872.66666667
7848.33333333
7847.66666667
7918.0
7929.0
7846.33333333
7855.33333333
7889.0
7903.33333333
7839.66666667
7879.33333333
7896.33333333
7856.66666667
7855.33333333
7844.33333333
7795.66666667
7814.0
7884.0
SEC 80
8041.66666667
7937.0
7980.33333333
7978.66666667
7988.33333333
7934.66666667
8003.0
7946.66666667
7966.0
7999.0
7934.33333333
7915.33333333
7926.0
7939.33333333
7974.66666667
7953.66666667
7943.33333333
8032.33333333
8021.66666667
7945.33333333
7955.33333333
7990.0
8001.66666667
7934.33333333
7977.66666667
7988.0
7958.66666667
7938.0
7953.66666667
7899.66666667
7982.66666667
7922.66666667
