WT0
134.666666667
186.666666666
220.333333334
272.333333333
286.0
242.66666667
344.33333333
330.0
278.33333333
349.66666667
307.0
300.66666667
301.66666666
364.33333334
347.0
351.66666666
335.0
341.66666667
329.66666667
335.0
323.66666666
368.33333334
365.33333333
384.0
367.33333333
334.0
325.66666667
307.33333333
361.0
365.33333334
367.0
344.66666663
314.0
362.6666667
366.0
312.6666667
386.0
420.6666666
413.0
366.3333334
349.0
337.0
338.0
368.3333333
285.6666667
395.3333333
348.0
369.0
331.6666667
344.0
301.6666666
371.3333334
399.0
370.0
346.6666666
349.6666667
393.3333333
383.0
351.3333334
346.6666666
342.6666667
348.3333333
391.3333334
345.3333333
354.6666667
345.3333333
363.6666667
354.6666666
329.6666667
334.6666667
339.6666666
391.0
366.0
370.6666667
359.6666667
354.0
393.0
352.6666666
419.3333334
WT1
125.666666667
194.666666666
220.333333334
266.333333333
278.33333333
260.0
310.0
339.66666667
319.0
330.33333333
333.33333334
325.0
310.33333333
363.0
322.33333333
353.0
327.0
342.33333334
333.0
378.66666666
323.0
340.33333334
392.0
342.0
351.33333333
345.66666667
289.0
276.33333333
339.33333333
364.33333334
367.33333333
360.6666667
333.6666666
362.0
365.6666667
352.0
367.0
396.0
409.6666667
364.3333333
343.0
344.0
341.3333333
370.6666667
284.3333333
400.6666667
347.3333333
359.6666667
381.0
349.3333333
299.3333334
391.0
369.0
367.6666666
364.3333334
332.0
394.3333333
399.3333333
347.3333334
359.3333333
348.0
346.0
385.3333333
349.3333334
396.0
367.6666666
366.6666667
326.6666667
339.6666666
375.3333334
338.6666666
373.6666667
362.0
347.3333333
314.3333334
370.3333333
370.0
346.3333333
394.6666667
WT2
126.333333333
171.666666667
218.333333333
267.666666667
262.33333333
242.66666667
313.33333333
334.66666667
325.33333333
362.66666667
326.66666667
296.33333333
321.0
331.33333333
347.0
353.0
357.33333334
345.0
314.0
391.66666666
337.0
381.66666667
357.33333333
342.0
363.33333334
362.33333333
306.0
311.0
342.0
364.33333333
362.33333334
378.33333333
339.0
349.6666667
371.6666666
345.3333334
376.0
389.6666666
403.3333334
369.3333333
333.6666667
341.0
354.0
377.3333333
269.0
414.0
360.0
362.0
368.0
317.3333333
310.0
379.6666667
369.3333333
387.6666667
369.0
345.3333333
366.6666667
375.6666667
361.3333333
350.6666667
356.6666666
356.3333334
356.6666666
332.3333334
380.0
366.0
380.3333333
318.6666667
348.0
366.3333333
361.6666667
383.0
381.3333333
338.0
329.6666667
371.6666666
394.0
369.3333334
395.3333333
WT3
128.333333333
192.666666667
199.666666667
237.666666666
288.666666667
269.0
327.0
324.33333333
327.33333334
342.66666666
338.33333334
335.0
329.33333333
332.66666667
337.33333333
347.0
332.66666667
344.0
333.66666666
357.66666667
343.0
352.33333333
384.0
365.66666667
368.33333333
376.33333334
313.66666666
270.0
324.66666667
398.66666667
365.0
365.33333333
325.6666667
373.0
387.6666666
335.0
382.6666667
390.0
378.6666667
353.0
354.6666666
352.6666667
341.0
351.6666667
282.0
368.6666666
356.6666667
344.6666667
372.3333333
336.0
284.6666667
366.3333333
384.0
375.0
364.6666667
348.3333333
379.6666667
381.3333333
354.3333333
340.0
343.0
349.3333334
387.6666666
339.0
358.0
368.0
335.3333334
329.3333333
333.3333333
349.3333334
352.6666666
367.0
368.0
349.0
345.6666667
372.0
384.0
359.6666667
388.3333333
WT4
117.666666667
187.333333333
216.666666667
262.333333333
264.0
236.33333333
325.0
340.0
275.33333334
327.33333333
331.0
320.66666667
325.33333333
367.66666667
344.0
341.33333333
353.0
337.66666667
315.66666666
360.0
349.66666667
343.66666667
362.33333333
356.66666667
341.66666666
343.33333334
304.66666666
264.33333334
378.66666666
365.66666667
375.33333333
349.99999997
365.6666667
370.3333333
379.0
352.3333334
400.3333333
397.0
411.6666667
343.6666666
345.3333334
333.6666666
329.3333334
353.3333333
279.0
374.3333333
379.3333334
331.0
366.6666666
340.6666667
307.3333333
406.6666667
380.0
375.3333333
363.3333334
367.6666666
370.6666667
393.6666667
369.0
378.0
361.6666666
361.3333334
376.0
357.3333333
391.0
384.3333333
357.6666667
335.3333333
355.0
370.0
357.6666667
383.3333333
332.6666667
376.6666667
328.6666666
375.6666667
386.0
331.6666667
368.6666666
WT5
121.333333333
180.0
221.333333334
262.0
281.333333333
256.33333333
335.66666667
345.33333333
328.0
334.66666667
298.33333333
309.0
323.0
345.66666667
364.33333333
351.33333334
343.66666666
359.0
329.33333334
358.66666666
350.0
389.66666667
394.33333333
357.66666667
337.66666667
347.33333333
287.66666667
296.66666666
361.66666667
372.66666667
357.66666666
376.33333337
338.0
381.6666666
373.0
331.6666667
371.6666667
421.6666666
407.0
351.3333334
384.3333333
370.0
354.0
338.6666667
275.6666666
408.6666667
372.3333333
352.6666667
371.3333333
339.0
285.3333334
371.0
377.3333333
334.3333333
353.0
366.0
361.6666667
391.0
367.6666667
371.0
355.0
375.6666666
384.6666667
331.0
366.0
352.3333333
350.3333334
317.3333333
352.0
357.0
354.6666667
364.6666666
366.3333334
358.0
339.0
360.3333333
361.6666667
352.0
369.6666666
WT6
125.0
191.0
218.666666667
252.666666666
273.333333337
277.0
350.66666666
333.0
305.0
354.66666667
325.33333333
315.33333334
349.0
328.0
351.33333333
350.66666667
354.66666666
356.0
319.0
371.33333334
337.66666666
358.33333334
381.66666666
371.0
343.66666667
371.33333333
304.0
295.33333334
382.33333333
388.33333333
371.33333337
336.6666666
329.0
352.3333334
358.6666666
352.3333334
348.3333333
403.6666667
406.3333333
376.3333333
382.0
348.6666667
344.6666667
361.6666666
271.3333334
391.0
357.0
342.3333333
360.0
342.3333333
299.0
372.6666667
372.0
392.0
356.3333333
343.0
369.6666667
385.3333333
366.6666667
347.3333333
353.0
367.3333334
361.0
316.3333333
362.0
382.3333333
356.6666667
361.0
341.3333333
377.0
385.6666667
390.3333333
351.3333334
357.6666666
349.3333334
362.0
395.6666666
375.0
387.0
WT7
131.333333333
190.333333334
222.666666666
260.0
258.999999997
244.0
323.33333334
336.33333333
307.66666667
351.0
308.0
306.33333333
352.33333333
322.66666667
342.66666667
342.66666666
353.33333334
341.33333333
326.0
324.0
320.66666667
372.0
375.0
354.33333333
345.33333333
334.0
311.33333334
298.0
371.33333333
382.33333333
363.66666667
367.6666667
334.3333333
393.3333333
378.3333334
336.6666666
361.0
392.6666667
403.6666667
347.0
360.0
363.6666666
350.3333334
372.0
262.3333333
392.0
344.3333333
367.0
356.0
330.6666667
285.0
382.3333333
404.6666667
360.0
336.0
329.6666667
381.0
405.0
359.3333333
360.6666667
362.3333333
368.6666667
389.0
344.6666666
358.6666667
365.0
353.3333333
314.0
367.0
385.3333334
369.0
358.6666666
350.6666667
350.0
327.3333333
349.0
379.3333334
362.3333333
397.3333333
