SEC 1
41.0
43.6666666667
42.0
40.6666666667
39.0
45.0
43.0
40.0
42.6666666667
41.6666666667
43.6666666667
40.3333333333
41.3333333333
46.3333333333
40.3333333333
43.3333333333
SEC 2
100.666666667
95.6666666667
96.6666666667
96.0
93.3333333333
96.3333333333
98.3333333333
96.0
100.333333333
104.666666667
94.0
97.6666666667
95.3333333333
99.3333333333
101.666666667
96.3333333333
SEC 3
170.666666667
173.666666667
166.333333333
167.333333333
167.0
168.333333333
168.666666667
169.666666667
176.666666667
175.0
166.666666667
172.0
168.333333333
173.666666667
170.333333333
163.666666667
SEC 4
239.666666667
243.333333333
237.666666667
240.666666667
241.333333333
241.333333333
242.0
239.333333333
252.0
245.333333333
241.333333333
246.666666667
240.333333333
244.666666667
246.333333333
240.333333333
SEC 5
308.666666667
311.0
306.333333333
310.333333333
313.666666667
311.666666667
311.666666667
313.0
326.333333333
313.666666667
309.0
317.0
310.0
312.666666667
317.333333333
308.0
SEC 6
386.333333333
386.0
382.333333333
388.0
394.0
390.666666667
391.333333333
391.666666667
402.333333333
386.0
389.0
393.0
385.333333333
391.0
390.333333333
384.333333333
SEC 7
465.666666667
466.666666667
461.666666667
470.333333333
473.666666667
473.0
471.0
473.0
486.333333333
467.0
473.0
475.0
466.666666667
473.333333333
465.666666667
467.0
SEC 8
556.666666667
556.333333333
550.0
558.333333333
562.666666667
560.0
556.666666667
561.666666667
573.333333333
563.0
557.333333333
564.666666667
556.0
556.333333333
565.0
555.0
SEC 9
647.666666667
638.0
634.666666667
640.0
644.666666667
643.666666667
637.0
643.0
657.0
643.0
647.0
642.333333333
639.666666667
636.333333333
644.666666667
639.666666667
SEC 10
749.333333333
725.666666667
727.0
733.333333333
741.333333333
742.666666667
733.0
739.666666667
753.333333333
744.666666667
738.0
735.0
732.333333333
730.333333333
743.0
731.333333333
SEC 11
844.333333333
824.333333333
826.666666667
824.666666667
833.666666667
835.0
824.0
829.666666667
845.333333333
834.666666667
834.666666667
826.666666667
829.666666667
825.333333333
836.666666667
822.0
SEC 12
919.333333333
942.666666667
922.0
919.666666667
930.0
929.666666667
919.666666667
925.333333333
942.0
927.666666667
928.333333333
923.0
926.333333333
934.0
917.666666667
916.666666667
SEC 13
1038.33333333
1015.66666667
1019.0
1021.0
1028.66666667
1026.66666667
1013.33333333
1021.66666667
1038.66666667
1027.0
1020.0
1017.66666667
1022.66666667
1016.0
1027.33333333
1012.33333333
SEC 14
1118.33333333
1116.0
1108.66666667
1112.33333333
1119.0
1119.66666667
1102.33333333
1114.66666667
1129.0
1112.33333333
1112.66666667
1106.0
1111.33333333
1118.66666667
1099.0
1103.33333333
SEC 15
1198.0
1210.66666667
1188.66666667
1197.0
1203.0
1201.66666667
1183.0
1195.33333333
1213.0
1198.0
1194.66666667
1190.66666667
1194.33333333
1180.33333333
1196.33333333
1184.66666667
SEC 16
1274.0
1260.66666667
1254.33333333
1261.66666667
1267.0
1265.0
1246.66666667
1259.66666667
1278.0
1259.66666667
1259.66666667
1252.33333333
1258.33333333
1246.66666667
1257.66666667
1248.33333333
SEC 17
1364.66666667
1362.33333333
1345.66666667
1354.33333333
1358.33333333
1360.0
1337.33333333
1353.0
1369.66666667
1346.66666667
1358.66666667
1345.66666667
1348.66666667
1339.0
1353.66666667
1339.0
SEC 18
1459.0
1445.33333333
1431.66666667
1446.0
1447.0
1448.66666667
1422.33333333
1442.0
1458.0
1443.66666667
1437.0
1434.66666667
1436.33333333
1427.66666667
1443.33333333
1426.33333333
SEC 19
1532.0
1545.33333333
1524.0
1533.0
1535.0
1535.33333333
1512.66666667
1528.66666667
1545.33333333
1525.0
1533.33333333
1522.66666667
1521.0
1531.66666667
1518.0
1511.0
SEC 20
1633.33333333
1619.66666667
1612.0
1623.0
1620.33333333
1625.66666667
1601.33333333
1616.0
1632.66666667
1611.33333333
1622.66666667
1613.0
1605.0
1603.66666667
1619.66666667
1598.0
SEC 21
1717.33333333
1720.0
1706.0
1712.33333333
1710.66666667
1716.33333333
1692.33333333
1705.33333333
1723.0
1702.66666667
1711.0
1704.33333333
1693.33333333
1691.66666667
1714.0
1688.66666667
SEC 22
1791.0
1812.0
1785.66666667
1797.33333333
1792.33333333
1799.66666667
1774.0
1786.66666667
1806.33333333
1790.33333333
1783.33333333
1790.33333333
1774.33333333
1800.66666667
1772.33333333
1769.66666667
SEC 23
1876.0
1900.66666667
1871.0
1888.66666667
1881.33333333
1887.66666667
1860.33333333
1874.33333333
1892.66666667
1863.33333333
1883.66666667
1881.0
1862.0
1865.33333333
1885.33333333
1857.33333333
SEC 24
1964.33333333
1987.33333333
1957.33333333
1976.33333333
1969.66666667
1973.66666667
1947.66666667
1960.0
1977.33333333
1956.66666667
1964.0
1965.66666667
1951.0
1947.66666667
1974.33333333
1942.66666667
SEC 25
2057.0
2079.33333333
2049.0
2072.33333333
2062.0
2067.66666667
2039.33333333
2051.33333333
2069.33333333
2057.33333333
2054.0
2058.0
2042.33333333
2064.0
2045.33333333
2036.33333333
SEC 26
2153.33333333
2166.0
2140.33333333
2160.66666667
2151.33333333
2158.33333333
2130.66666667
2140.66666667
2159.33333333
2161.0
2132.0
2149.66666667
2133.0
2135.33333333
2155.66666667
2128.66666667
SEC 27
2265.0
2236.0
2231.33333333
2253.66666667
2240.0
2249.33333333
2224.0
2232.33333333
2253.66666667
2236.33333333
2240.0
2237.33333333
2222.33333333
2249.33333333
2225.0
2217.33333333
SEC 28
2348.0
2328.0
2319.0
2338.0
2324.66666667
2335.33333333
2306.33333333
2315.66666667
2341.66666667
2338.66666667
2309.33333333
2321.66666667
2309.66666667
2312.33333333
2335.0
2304.33333333
SEC 29
2429.0
2419.66666667
2404.66666667
2425.0
2409.33333333
2421.0
2392.66666667
2403.33333333
2427.66666667
2407.33333333
2414.0
2405.0
2397.66666667
2398.33333333
2420.66666667
2388.0
SEC 30
2497.66666667
2517.0
2491.33333333
2508.0
2493.66666667
2503.66666667
2476.66666667
2488.0
2512.0
2489.0
2496.33333333
2486.33333333
2481.66666667
2479.66666667
2506.33333333
2472.33333333
SEC 31
2584.66666667
2602.33333333
2579.66666667
2596.0
2582.0
2591.0
2561.66666667
2575.66666667
2601.0
2576.33333333
2586.0
2577.33333333
2567.0
2571.66666667
2598.66666667
2561.66666667
SEC 32
2697.0
2679.33333333
2670.33333333
2686.33333333
2670.0
2686.33333333
2654.0
2668.0
2696.66666667
2676.0
2666.0
2666.66666667
2662.0
2664.66666667
2689.66666667
2650.0
SEC 33
2789.0
2766.66666667
2764.0
2778.66666667
2760.0
2775.0
2741.33333333
2758.0
2787.33333333
2765.33333333
2757.66666667
2756.0
2752.0
2752.33333333
2782.33333333
2741.0
SEC 34
2868.33333333
2886.0
2860.33333333
2877.66666667
2854.66666667
2870.66666667
2839.66666667
2857.33333333
2881.0
2854.66666667
2863.66666667
2850.66666667
2849.33333333
2856.0
2873.33333333
2838.33333333
SEC 35
2966.33333333
2983.0
2960.33333333
2973.33333333
2955.0
2969.66666667
2940.33333333
2956.33333333
2978.66666667
2953.0
2966.0
2947.33333333
2948.66666667
2947.33333333
2976.0
2937.0
SEC 36
3078.66666667
3054.0
3048.0
3067.66666667
3043.33333333
3064.66666667
3032.66666667
3052.33333333
3068.33333333
3038.66666667
3069.0
3042.33333333
3038.33333333
3038.0
3065.0
3027.66666667
SEC 37
3159.0
3170.33333333
3144.33333333
3170.33333333
3140.66666667
3162.66666667
3127.33333333
3147.66666667
3166.0
3153.66666667
3149.33333333
3141.33333333
3138.0
3155.33333333
3138.33333333
3131.66666667
SEC 38
3243.0
3259.0
3230.0
3255.66666667
3225.0
3247.33333333
3211.0
3235.0
3252.66666667
3252.0
3218.66666667
3227.66666667
3220.0
3221.33333333
3242.33333333
3216.66666667
SEC 39
3345.33333333
3319.66666667
3314.0
3338.0
3309.0
3329.0
3293.0
3316.33333333
3334.0
3321.0
3316.0
3312.0
3299.33333333
3302.33333333
3322.66666667
3299.0
SEC 40
3440.33333333
3407.0
3406.66666667
3431.66666667
3401.33333333
3420.66666667
3383.66666667
3405.66666667
3425.0
3413.66666667
3406.66666667
3402.33333333
3390.33333333
3413.33333333
3390.66666667
3389.66666667
SEC 41
3493.66666667
3506.33333333
3481.33333333
3504.33333333
3476.33333333
3495.66666667
3457.66666667
3482.33333333
3499.33333333
3471.33333333
3503.66666667
3481.0
3460.66666667
3467.0
3486.0
3464.0
SEC 42
3603.0
3574.33333333
3571.33333333
3593.33333333
3564.33333333
3583.0
3549.33333333
3570.0
3588.0
3573.33333333
3580.66666667
3569.0
3556.33333333
3555.33333333
3576.33333333
3550.0
SEC 43
3675.0
3695.0
3662.33333333
3687.33333333
3657.66666667
3671.33333333
3640.66666667
3659.33333333
3680.0
3663.66666667
3672.33333333
3660.33333333
3644.66666667
3644.33333333
3667.66666667
3644.0
SEC 44
3768.33333333
3791.33333333
3754.0
3774.0
3750.0
3764.66666667
3733.66666667
3755.0
3770.0
3758.66666667
3764.33333333
3749.66666667
3736.33333333
3736.0
3759.0
3735.0
SEC 45
3883.33333333
3853.33333333
3841.66666667
3859.0
3837.33333333
3850.0
3820.33333333
3840.66666667
3856.66666667
3870.66666667
3834.0
3834.33333333
3824.0
3828.0
3840.66666667
3822.33333333
SEC 46
3958.33333333
3975.66666667
3933.66666667
3951.66666667
3932.0
3946.0
3914.33333333
3935.33333333
3959.33333333
3947.33333333
3947.0
3929.0
3922.33333333
3938.66666667
3920.33333333
3918.33333333
SEC 47
4057.33333333
4073.33333333
4030.0
4052.33333333
4034.0
4048.0
4013.0
4030.66666667
4056.66666667
4067.66666667
4027.66666667
4024.0
4019.33333333
4022.0
4033.0
4017.0
SEC 48
4166.33333333
4157.33333333
4128.33333333
4144.66666667
4128.66666667
4137.33333333
4104.33333333
4123.0
4151.66666667
4138.33333333
4144.0
4114.66666667
4113.0
4132.0
4112.66666667
4105.0
SEC 49
4255.33333333
4251.0
4220.33333333
4239.0
4221.66666667
4230.0
4193.33333333
4220.33333333
4244.66666667
4242.0
4220.66666667
4211.33333333
4204.33333333
4220.66666667
4206.33333333
4199.0
SEC 50
4355.66666667
4326.66666667
4307.66666667
4326.33333333
4308.66666667
4316.66666667
4283.66666667
4307.33333333
4328.66666667
4331.66666667
4308.0
4298.66666667
4288.66666667
4289.0
4314.0
4290.66666667
SEC 51
4426.33333333
4447.0
4400.33333333
4419.66666667
4398.66666667
4413.66666667
4375.33333333
4401.0
4418.66666667
4417.0
4409.0
4390.33333333
4380.0
4394.33333333
4396.33333333
4384.66666667
SEC 52
4503.66666667
4545.66666667
4490.66666667
4510.66666667
4487.0
4503.66666667
4469.0
4492.0
4509.66666667
4502.0
4507.0
4481.66666667
4470.0
4491.0
4481.33333333
4474.0
SEC 53
4608.33333333
4615.0
4580.33333333
4598.0
4574.0
4593.0
4559.0
4578.66666667
4595.66666667
4590.66666667
4597.33333333
4572.33333333
4558.33333333
4577.0
4575.66666667
4560.66666667
SEC 54
4702.33333333
4696.66666667
4667.66666667
4684.66666667
4661.33333333
4683.33333333
4645.66666667
4667.0
4686.33333333
4658.0
4704.66666667
4659.33333333
4642.66666667
4656.66666667
4667.66666667
4646.33333333
SEC 55
4768.66666667
4811.33333333
4758.33333333
4774.66666667
4751.33333333
4773.0
4735.66666667
4758.0
4776.0
4747.66666667
4793.66666667
4750.66666667
4732.66666667
4741.66666667
4764.33333333
4737.33333333
SEC 56
4850.0
4889.0
4837.33333333
4855.33333333
4832.0
4856.33333333
4817.0
4841.0
4855.66666667
4848.0
4850.33333333
4830.66666667
4813.66666667
4838.33333333
4830.33333333
4816.66666667
SEC 57
4953.0
4974.0
4927.33333333
4945.33333333
4924.66666667
4949.66666667
4908.0
4934.33333333
4946.66666667
4938.0
4948.33333333
4921.0
4904.0
4914.66666667
4938.66666667
4909.0
SEC 58
5065.33333333
5027.33333333
5005.33333333
5027.66666667
5002.66666667
5029.33333333
4989.33333333
5016.33333333
5028.66666667
5018.33333333
5027.33333333
5001.33333333
4982.0
5005.0
5013.0
4991.0
SEC 59
5147.66666667
5118.33333333
5096.33333333
5116.66666667
5094.0
5115.66666667
5079.0
5105.0
5116.66666667
5126.66666667
5095.0
5089.66666667
5070.0
5083.66666667
5112.0
5078.0
SEC 60
5224.33333333
5223.66666667
5189.33333333
5210.33333333
5190.0
5207.0
5171.0
5196.33333333
5208.33333333
5182.0
5225.0
5184.66666667
5164.0
5206.0
5179.66666667
5173.33333333
SEC 61
5291.0
5325.33333333
5271.66666667
5296.66666667
5272.0
5290.66666667
5258.33333333
5277.33333333
5293.66666667
5289.66666667
5285.33333333
5267.66666667
5246.66666667
5287.0
5266.66666667
5256.33333333
SEC 62
5395.66666667
5402.0
5360.66666667
5388.0
5361.66666667
5385.66666667
5351.33333333
5371.33333333
5386.66666667
5359.66666667
5397.0
5358.66666667
5339.66666667
5358.33333333
5382.0
5344.66666667
SEC 63
5479.0
5511.66666667
5456.33333333
5490.66666667
5464.33333333
5489.33333333
5454.66666667
5467.66666667
5488.66666667
5474.0
5474.66666667
5457.66666667
5440.0
5456.66666667
5471.33333333
5445.0
SEC 64
5591.0
5590.0
5550.66666667
5586.66666667
5560.0
5580.0
5546.33333333
5561.66666667
5584.0
5579.66666667
5558.66666667
5552.0
5532.33333333
5552.66666667
5564.0
5542.0
SEC 65
5688.33333333
5664.66666667
5639.33333333
5672.33333333
5643.66666667
5663.33333333
5632.66666667
5655.33333333
5672.0
5674.33333333
5635.33333333
5639.33333333
5619.33333333
5649.33333333
5637.66666667
5627.66666667
SEC 66
5783.33333333
5757.0
5732.0
5766.33333333
5736.66666667
5757.0
5729.33333333
5752.66666667
5764.0
5758.66666667
5737.0
5732.0
5713.33333333
5728.0
5748.0
5721.0
SEC 67
5847.33333333
5859.0
5811.33333333
5847.66666667
5818.66666667
5839.0
5808.33333333
5833.0
5845.33333333
5820.66666667
5838.66666667
5812.0
5796.66666667
5822.66666667
5814.0
5802.33333333
SEC 68
5939.66666667
5952.66666667
5904.33333333
5939.66666667
5914.66666667
5933.33333333
5899.33333333
5922.66666667
5937.33333333
5926.0
5919.66666667
5904.66666667
5888.0
5922.33333333
5901.66666667
5893.66666667
SEC 69
6046.0
6034.0
5997.0
6033.33333333
6006.66666667
6026.33333333
5994.66666667
6025.0
6033.0
6022.33333333
6012.33333333
5998.33333333
5981.33333333
6010.33333333
5998.66666667
5986.33333333
SEC 70
6111.0
6142.66666667
6085.0
6122.33333333
6093.33333333
6115.66666667
6082.0
6110.66666667
6118.33333333
6116.0
6097.66666667
6089.0
6069.66666667
6101.33333333
6086.66666667
6074.33333333
SEC 71
6232.66666667
6200.0
6174.0
6215.0
6184.66666667
6211.0
6173.66666667
6201.0
6208.33333333
6191.33333333
6208.33333333
6180.33333333
6163.33333333
6190.0
6183.66666667
6161.66666667
SEC 72
6289.0
6320.0
6261.33333333
6299.33333333
6273.0
6303.33333333
6263.33333333
6288.0
6296.66666667
6277.0
6292.33333333
6270.33333333
6255.0
6278.33333333
6274.66666667
6254.0
SEC 73
6403.66666667
6383.66666667
6352.66666667
6394.33333333
6370.33333333
6394.66666667
6354.66666667
6384.0
6387.33333333
6370.0
6385.0
6364.33333333
6348.0
6371.0
6364.66666667
6348.0
SEC 74
6479.0
6483.66666667
6439.33333333
6480.66666667
6454.66666667
6479.33333333
6440.0
6472.0
6469.33333333
6456.66666667
6470.66666667
6452.66666667
6437.33333333
6451.0
6456.0
6434.33333333
SEC 75
6558.33333333
6587.33333333
6531.0
6570.0
6547.33333333
6570.33333333
6533.33333333
6559.33333333
6560.33333333
6572.66666667
6538.66666667
6546.66666667
6530.0
6543.66666667
6547.33333333
6526.33333333
SEC 76
6660.0
6661.0
6618.0
6653.33333333
6636.66666667
6662.33333333
6619.0
6643.66666667
6645.66666667
6634.0
6650.33333333
6633.0
6621.33333333
6635.0
6633.0
6613.33333333
SEC 77
6735.0
6759.0
6701.66666667
6738.33333333
6724.33333333
6750.33333333
6706.33333333
6735.33333333
6733.33333333
6735.33333333
6732.66666667
6722.33333333
6709.66666667
6720.33333333
6723.0
6698.0
SEC 78
6843.33333333
6822.66666667
6789.66666667
6827.33333333
6816.66666667
6838.33333333
6797.0
6824.0
6819.66666667
6813.0
6827.66666667
6810.0
6797.0
6802.33333333
6812.0
6784.33333333
SEC 79
6928.0
6906.66666667
6879.33333333
6912.0
6901.0
6925.0
6883.33333333
6910.0
6902.66666667
6902.66666667
6907.33333333
6895.33333333
6883.0
6891.0
6894.66666667
6874.0
SEC 80
7002.0
7008.0
6970.0
6998.33333333
6989.66666667
7014.0
6972.33333333
6998.33333333
6992.33333333
7003.66666667
6982.33333333
6983.0
6969.66666667
6974.66666667
6986.66666667
6962.66666667
