WT0
50.0
97.0
89.666666667
127.333333333
145.0
162.333333333
209.333333334
182.333333333
220.66666667
182.33333333
183.66666667
178.66666666
158.33333334
188.66666666
191.0
192.66666667
197.66666667
166.0
210.66666666
153.33333334
165.33333333
224.33333333
195.33333334
151.0
154.0
210.66666666
156.66666667
201.0
158.33333333
179.66666667
196.33333333
187.33333334
245.0
138.0
147.66666666
212.33333334
208.66666666
141.0
197.33333334
174.66666666
151.0
174.0
188.66666667
229.0
134.0
169.0
259.66666667
156.0
199.0
100.0
171.33333333
181.66666667
155.66666666
178.33333334
168.0
210.33333333
147.66666667
131.00000003
278.6666666
146.6666667
144.0
178.6666667
156.0
195.6666666
230.6666667
108.0
179.6666667
274.3333333
173.3333333
179.6666667
217.3333333
130.3333334
234.0
117.6666666
188.0
188.0
228.0
100.0
165.6666667
WT1
54.6666666667
80.6666666663
127.333333334
114.333333333
158.666666667
147.666666666
186.0
213.333333337
174.66666666
211.0
184.0
145.66666667
199.33333333
186.66666667
182.0
163.33333333
188.66666667
203.0
163.0
234.66666667
186.0
132.33333333
201.33333333
219.33333334
167.0
148.66666666
207.66666667
117.0
226.66666667
210.0
197.33333333
195.66666667
121.0
217.33333333
185.0
157.66666667
146.66666666
214.0
162.0
215.66666667
226.0
199.0
190.66666667
119.66666666
225.66666667
178.33333333
81.66666667
208.33333333
152.0
222.33333334
165.66666666
125.33333334
183.66666666
159.33333334
169.66666666
136.0
206.0
227.99999997
103.0
209.6666667
201.6666667
172.3333333
190.3333333
171.3333334
143.6666666
245.3333334
180.0
101.6666666
195.3333334
202.0
148.0
257.6666666
128.6666667
231.3333333
132.0
205.6666667
152.6666667
278.3333333
182.3333333
WT2
54.0
86.666666667
114.666666666
122.0
152.333333334
149.333333333
198.0
200.33333333
186.0
196.0
181.0
171.0
189.66666667
187.33333333
187.0
182.33333334
189.0
182.66666666
191.33333334
191.33333333
173.66666667
171.33333333
185.66666667
198.33333333
167.66666667
189.0
184.66666666
157.66666667
189.33333333
192.66666667
188.66666667
183.33333333
171.33333333
175.0
166.0
186.0
179.33333334
167.33333333
184.0
191.33333333
184.66666667
182.66666667
186.33333333
175.66666667
182.33333333
174.66666667
179.0
182.66666666
180.66666667
175.66666667
172.0
180.66666666
167.33333334
188.33333333
168.0
166.66666667
172.66666666
185.99999997
192.0
181.3333334
176.3333333
186.3333333
177.6666667
182.3333333
195.0
177.0
181.0
188.3333334
182.3333333
198.0
176.3333333
202.6666667
180.3333333
191.3333334
157.6666666
186.6666667
196.3333333
186.3333334
163.0
WT3
50.0
90.0
119.333333333
122.333333334
153.666666666
155.333333334
192.0
205.000000003
200.33333333
200.33333333
196.0
160.33333334
177.33333333
177.66666667
184.33333333
173.33333333
190.0
182.33333334
191.0
183.33333333
181.66666667
179.66666666
190.0
187.33333334
165.33333333
183.0
186.66666667
161.0
188.33333333
198.66666667
192.66666666
185.66666667
183.66666667
166.66666666
176.0
187.33333334
172.33333333
174.0
179.0
194.66666667
197.0
187.0
169.33333333
179.33333333
184.0
169.66666667
181.0
187.0
168.66666667
165.66666666
172.33333334
158.33333333
168.66666667
178.33333333
167.33333333
188.66666667
174.33333333
189.66666667
193.3333333
173.0
169.0
188.6666667
175.0
185.0
193.3333333
189.0
183.0
195.6666667
189.0
189.6666667
178.0
180.6666666
183.3333334
168.6666666
169.0
183.0
174.6666667
189.6666667
165.3333333
WT4
48.3333333333
92.9999999997
106.666666667
114.0
150.0
152.666666667
178.666666666
200.666666667
199.33333333
191.33333334
189.33333333
159.33333333
180.66666667
175.66666667
176.66666666
176.0
188.0
189.66666667
194.66666667
197.0
178.66666666
184.66666667
198.66666667
191.66666666
162.0
188.66666667
178.33333333
158.66666667
199.33333333
193.0
203.0
187.33333334
180.33333333
167.33333333
179.66666667
176.66666667
180.0
172.66666666
172.0
198.66666667
199.0
178.33333333
192.33333334
187.0
176.0
170.66666666
175.0
173.66666667
161.66666667
161.66666666
168.33333334
158.0
171.0
146.66666666
165.33333334
179.0
185.0
177.33333333
186.6666667
178.6666666
175.6666667
176.3333333
177.0
177.3333334
197.0
172.6666666
184.0
192.0
183.0
198.0
175.3333334
185.3333333
179.0
178.6666667
153.6666666
191.6666667
177.0
190.0
171.0
WT5
50.6666666667
94.3333333333
116.0
123.333333333
150.0
159.333333334
201.333333333
193.0
191.33333333
202.33333334
183.66666666
160.33333334
175.33333333
180.33333333
171.0
172.66666667
180.33333333
195.66666667
184.66666667
189.33333333
186.33333333
175.33333334
191.0
203.66666666
155.0
189.33333334
179.66666666
161.0
198.33333334
199.66666666
200.66666667
182.0
182.66666667
173.0
178.33333333
179.66666667
171.66666666
181.0
171.0
191.0
193.0
192.33333334
181.33333333
180.0
170.0
180.66666667
163.0
173.0
178.0
167.33333333
179.0
170.33333333
171.66666667
165.33333333
172.0
174.66666667
184.0
181.0
193.0
175.6666667
180.3333333
170.0
169.0
182.0
195.3333333
192.6666667
188.6666667
186.6666666
187.0
197.3333334
176.0
184.3333333
186.3333333
173.3333334
172.6666666
188.0
187.3333334
192.0
172.0
WT6
56.3333333333
86.9999999997
109.333333334
112.666666666
156.666666667
157.333333333
200.666666667
200.33333333
196.33333334
204.66666666
187.0
167.33333334
185.33333333
188.66666667
187.33333333
182.33333333
194.33333334
186.33333333
183.0
190.33333333
182.66666667
172.33333333
198.33333334
187.33333333
165.66666667
184.0
182.33333333
159.0
194.66666667
201.66666666
199.33333334
180.0
177.0
184.0
182.33333333
181.0
163.66666667
168.0
178.33333333
195.66666667
194.33333333
175.0
174.66666667
169.66666666
175.33333334
185.0
178.66666666
205.33333334
169.33333333
168.0
164.0
173.33333333
179.0
168.0
170.33333334
173.66666666
176.33333334
180.66666663
194.3333334
174.0
171.6666666
177.3333334
171.6666666
184.3333334
191.0
171.3333333
181.0
182.3333333
188.0
197.3333334
183.0
188.3333333
167.6666667
177.3333333
143.6666667
176.6666666
189.6666667
195.0
163.3333333
WT7
55.0
89.333333333
110.333333334
119.666666666
147.666666667
150.666666667
188.666666666
199.999999997
206.0
204.0
183.0
161.33333334
182.0
170.0
189.66666666
185.33333334
190.0
186.0
201.33333333
190.66666667
175.0
173.0
192.66666666
179.66666667
165.66666667
186.33333333
186.0
168.33333333
188.0
190.0
188.33333334
198.33333333
182.66666667
174.33333333
189.0
190.33333333
165.33333334
175.33333333
185.66666667
191.66666666
191.66666667
181.33333333
183.33333334
181.33333333
172.0
172.66666667
171.66666666
188.33333334
165.33333333
164.66666667
173.33333333
181.66666667
171.66666666
164.33333334
173.0
184.0
188.33333333
174.6666667
182.6666666
174.3333334
176.6666666
189.0
170.6666667
181.6666667
183.6666666
169.3333334
177.0
180.6666666
176.0
190.6666667
174.6666667
199.3333333
177.0
183.0
159.3333333
194.6666667
189.6666667
198.3333333
167.6666667
WT8
60.6666666667
85.6666666663
116.333333334
118.666666666
146.0
164.666666667
196.0
202.33333333
195.33333334
201.0
187.0
169.66666666
184.0
178.0
188.66666667
173.33333333
185.66666667
184.66666667
189.66666666
182.33333334
174.66666666
166.33333334
181.0
182.66666666
163.66666667
183.0
189.0
163.66666667
187.0
187.0
208.0
186.66666666
180.66666667
170.0
181.66666667
177.66666666
180.66666667
177.66666667
170.33333333
189.33333333
187.33333334
200.0
189.33333333
162.66666667
166.66666666
178.33333334
180.33333333
194.0
182.33333333
175.66666667
172.33333333
160.0
163.66666667
171.66666667
169.33333333
181.33333333
175.33333334
181.00000003
198.0
176.6666666
164.3333334
176.3333333
169.3333333
173.3333334
199.0
175.3333333
178.0
193.6666667
191.6666666
201.6666667
181.3333333
195.6666667
170.6666667
184.0
167.6666666
178.3333334
184.0
189.3333333
164.6666667
WT9
55.0
92.666666667
106.0
117.666666666
152.666666667
141.666666667
207.333333333
178.0
199.0
238.0
156.33333333
169.66666667
197.66666667
163.0
179.0
173.66666666
217.0
156.33333334
201.0
196.33333333
166.33333333
229.33333334
164.66666666
133.33333334
190.0
192.66666666
237.0
119.66666667
210.33333333
212.0
176.66666667
113.66666667
267.33333333
198.0
65.33333333
201.0
147.0
219.33333334
130.0
241.33333333
277.0
110.33333333
204.33333334
177.33333333
122.33333333
282.66666667
182.0
158.33333333
106.33333334
175.66666666
253.0
178.66666667
155.33333333
187.66666667
144.33333333
116.66666667
269.3333333
99.0
197.6666667
228.3333333
203.3333334
89.0
259.6666666
170.0
123.0
195.3333334
186.3333333
161.3333333
284.6666667
193.0
67.6666667
197.6666666
199.6666667
269.0
164.0
42.6666667
295.6666666
182.6666667
182.6666667
WT10
52.0
88.666666667
108.0
125.333333333
144.0
163.666666667
169.666666666
233.666666667
207.0
155.66666667
223.33333333
162.33333333
167.66666667
198.66666667
197.33333333
171.0
165.33333333
202.66666667
174.0
177.66666667
188.33333333
127.66666667
235.0
258.33333333
123.33333333
168.33333334
129.0
190.0
186.33333333
168.66666667
208.0
260.0
108.33333333
162.33333333
294.0
146.0
209.66666667
123.0
225.0
144.66666667
120.33333333
258.66666667
184.66666666
183.33333334
241.0
81.33333333
149.33333333
214.0
243.66666667
159.66666667
111.33333333
163.0
195.66666667
155.0
190.33333333
254.33333333
89.66666667
248.3333333
180.3333334
128.3333333
162.0
263.6666667
99.6666666
194.3333334
248.6666666
171.6666667
177.6666667
204.3333333
81.3333333
195.6666667
300.0
169.3333333
151.0
67.0
167.3333334
341.6666666
55.0
199.3333334
166.6666666
WT11
55.3333333333
84.3333333337
113.666666666
122.333333334
152.0
149.666666666
194.666666667
193.33333333
205.0
201.66666667
183.0
165.33333333
191.66666667
176.0
170.66666667
191.66666666
192.0
191.33333334
192.66666666
182.66666667
174.33333333
170.33333334
192.33333333
191.0
159.33333333
184.0
178.66666667
171.0
201.0
187.66666667
198.0
182.33333333
185.66666667
173.33333333
185.33333333
186.66666667
176.33333333
178.33333334
176.33333333
190.33333333
201.33333334
179.0
179.66666666
178.66666667
184.0
173.0
174.66666667
188.66666666
176.33333334
166.0
159.66666666
180.0
188.0
177.66666667
179.33333333
185.66666667
168.33333333
180.33333337
176.3333333
163.3333333
172.6666667
189.6666667
186.3333333
184.3333333
196.3333334
168.6666666
182.6666667
188.0
179.6666667
197.6666666
174.6666667
184.0
190.3333333
169.6666667
171.3333333
198.0
177.6666667
189.0
166.6666667
WT12
54.3333333333
85.9999999997
111.333333334
126.333333333
149.333333333
146.0
196.0
192.333333337
192.66666666
208.0
185.33333334
160.0
189.0
186.66666666
184.33333334
166.66666666
201.33333334
190.0
196.0
184.66666666
191.33333334
168.0
190.33333333
185.0
167.33333333
184.66666667
179.33333333
168.0
190.33333334
190.33333333
191.0
191.33333333
173.0
167.66666667
180.66666667
192.66666666
168.33333334
176.33333333
174.0
190.33333333
197.66666667
196.66666667
189.0
176.33333333
178.33333333
178.33333334
161.66666666
182.66666667
174.66666667
175.0
179.33333333
176.66666667
171.0
179.66666666
170.0
172.0
179.33333334
174.66666663
182.0
175.0
169.6666667
175.0
168.6666667
189.0
189.6666666
173.0
183.0
168.6666667
186.0
192.3333333
174.0
201.3333334
198.0
182.6666666
157.0
188.6666667
191.3333333
187.6666667
159.6666667
WT13
52.6666666667
90.6666666663
115.333333334
118.666666666
138.666666667
165.666666667
186.333333333
223.0
192.0
209.0
174.66666667
184.66666666
170.66666667
177.66666667
152.0
202.33333333
170.66666667
178.0
213.33333333
166.66666667
184.33333333
173.33333333
185.66666667
196.33333333
168.66666667
182.66666667
197.33333333
158.0
185.0
205.66666667
183.33333333
178.0
197.66666667
168.33333333
171.33333333
181.33333334
188.66666666
173.0
148.66666667
202.0
173.33333333
224.33333334
173.33333333
139.0
192.0
182.0
157.66666667
229.0
122.66666666
223.66666667
124.0
176.33333333
179.0
194.33333334
169.33333333
179.33333333
167.66666667
195.3333333
179.6666667
170.6666667
172.6666666
212.3333334
187.3333333
172.0
186.3333333
194.0
153.3333334
203.3333333
191.0
180.6666667
156.6666666
227.0
189.3333334
177.3333333
148.0
153.3333333
274.6666667
145.3333333
138.6666667
WT14
54.6666666667
91.6666666663
102.666666667
120.0
163.666666667
147.666666666
211.666666667
181.66666667
204.33333333
205.0
207.0
133.33333333
184.33333334
176.0
201.66666666
144.66666667
215.66666667
188.0
176.0
189.0
175.33333333
167.33333333
197.0
188.33333334
172.66666666
194.33333334
156.66666666
172.0
199.33333334
171.66666666
202.66666667
193.66666667
167.0
205.0
168.66666666
182.33333334
154.33333333
166.66666667
196.33333333
172.33333333
222.66666667
160.0
170.0
197.33333333
160.66666667
180.66666667
197.33333333
140.0
224.33333333
129.66666667
225.66666667
170.0
186.0
146.0
163.66666666
185.33333334
201.33333333
152.6666667
178.0
201.3333333
192.6666667
153.6666666
169.3333334
184.3333333
197.6666667
169.6666666
202.6666667
169.6666667
177.3333333
211.0
211.3333333
143.0
187.0
185.3333334
192.3333333
216.6666667
97.0
220.3333333
201.6666667
WT15
50.0
89.0
105.0
120.0
158.666666667
152.666666666
193.0
201.999999997
207.33333334
183.33333333
191.0
160.66666667
186.66666666
179.0
187.66666667
172.33333333
188.33333334
188.33333333
190.66666667
179.33333333
180.66666667
173.66666666
196.0
178.0
157.66666667
183.33333333
184.66666667
166.0
192.66666667
183.0
189.0
178.0
184.33333333
168.33333333
176.33333334
198.33333333
180.66666667
165.0
186.66666666
200.33333334
189.33333333
196.0
200.33333333
164.0
184.33333334
170.33333333
177.66666667
186.33333333
156.0
173.33333333
180.33333334
172.0
172.33333333
175.33333333
156.33333334
179.0
185.0
186.00000003
173.6666666
160.6666667
164.3333333
189.6666667
182.0
172.6666667
191.3333333
185.6666667
180.6666666
179.3333334
186.3333333
188.6666667
175.0
183.0
177.3333333
165.0
168.3333333
186.3333334
184.6666666
175.3333334
164.6666666
