WT0
57.0
77.0
95.0
75.5
104.5
118.0
90.5
132.5
115.5
97.5
116.5
139.0
159.0
117.5
161.0
95.5
147.0
143.5
106.5
183.0
115.0
140.0
140.0
115.0
168.0
142.0
131.5
147.5
141.5
131.5
140.0
143.0
144.0
128.0
151.5
152.5
143.0
152.5
159.0
136.5
122.5
162.0
110.5
163.5
122.0
146.5
170.5
141.5
140.5
142.5
123.5
117.0
147.0
134.5
126.5
108.0
155.5
128.0
123.0
136.5
131.5
142.5
124.0
131.5
145.0
137.0
144.0
126.0
131.5
136.5
133.0
111.0
140.5
140.5
123.0
124.5
145.5
123.0
141.0
WT1
55.0
81.5
93.0
72.0
105.5
112.0
107.0
123.0
136.5
104.0
122.0
133.5
108.0
171.5
108.0
154.5
100.5
120.0
182.0
102.0
145.0
141.5
135.0
140.5
139.5
141.5
160.5
145.5
122.5
130.5
142.5
143.5
137.0
148.5
152.5
143.5
155.0
151.5
140.5
141.0
152.0
107.0
165.5
121.5
154.5
150.5
134.0
141.5
150.0
127.5
144.0
149.5
112.5
134.5
138.5
114.5
122.5
131.0
152.5
121.5
128.5
134.0
123.5
162.0
143.5
136.0
114.5
153.5
130.5
108.0
134.5
146.0
107.0
129.5
144.5
159.0
116.5
152.0
143.0
WT2
53.5
77.0
93.5
70.0
102.0
108.0
97.0
122.0
118.0
102.5
119.0
140.5
130.5
135.5
139.5
134.0
127.5
123.5
151.0
135.5
144.0
149.0
133.5
131.5
152.0
135.0
135.0
144.5
140.0
134.5
148.0
145.5
136.0
146.0
139.5
148.5
134.0
148.5
144.5
134.0
131.5
135.0
134.0
138.0
140.0
140.5
148.0
151.0
142.0
138.0
133.5
127.5
139.5
136.0
134.0
112.5
135.0
143.0
132.0
137.0
132.5
140.0
123.5
145.5
147.5
133.0
128.5
132.0
137.0
124.0
134.5
129.0
129.0
139.5
138.0
138.5
134.5
138.5
136.0
WT3
57.5
85.0
87.0
64.0
106.0
120.5
103.5
127.5
122.0
101.5
127.0
138.5
133.5
136.5
129.0
126.0
116.5
132.0
138.5
136.5
129.0
144.0
132.0
126.5
152.0
154.5
143.0
144.5
142.0
138.5
141.0
148.5
127.5
145.0
146.0
143.0
134.0
135.0
157.0
136.0
131.5
134.5
138.0
142.5
139.0
146.5
145.5
144.5
145.5
131.5
140.5
134.5
128.5
134.0
130.0
113.0
139.0
127.5
138.5
137.0
134.5
137.0
123.5
139.5
142.0
124.0
139.5
137.5
138.5
119.5
133.5
127.5
129.0
140.5
133.5
136.0
131.0
128.0
142.5
WT4
66.0
77.5
94.5
71.0
98.0
114.5
97.0
133.5
122.0
98.0
114.5
135.0
132.0
138.5
136.0
125.0
116.5
120.5
145.0
141.5
137.5
141.0
139.0
129.0
152.0
145.0
135.0
143.5
137.0
123.0
135.0
140.0
135.0
148.0
156.0
147.0
142.5
150.5
145.5
142.5
131.0
135.0
142.0
148.5
150.0
139.5
142.5
145.5
138.0
132.0
139.5
133.5
133.5
136.5
138.5
112.0
136.5
129.0
140.5
138.0
123.5
135.5
124.0
145.0
148.5
129.5
132.5
135.0
131.5
121.0
137.0
128.0
128.5
134.5
143.0
148.5
134.5
135.0
136.0
WT5
53.0
81.5
90.0
71.0
100.5
109.5
100.5
126.5
125.0
96.0
118.0
134.0
141.5
145.0
136.0
131.5
124.5
129.5
139.0
142.0
135.0
137.5
133.0
126.5
158.0
131.5
130.5
137.0
141.0
128.5
140.5
151.0
145.0
140.0
148.0
144.0
138.5
144.5
136.5
137.5
133.0
131.5
137.0
138.5
146.5
148.5
147.0
144.0
144.0
138.0
137.0
133.5
125.0
138.5
134.5
101.5
139.5
129.0
129.0
138.0
141.0
130.5
129.0
136.5
141.5
131.0
123.5
142.0
136.5
122.5
133.5
131.0
131.0
131.5
141.0
139.0
136.5
130.0
141.0
WT6
59.5
89.5
99.0
73.5
110.0
124.5
103.5
134.5
113.0
92.5
120.0
134.0
139.5
144.5
136.5
135.0
123.5
132.5
150.0
141.5
137.0
139.0
131.0
129.5
150.5
144.5
136.5
145.0
133.0
131.0
127.5
145.0
140.0
148.0
141.5
148.0
138.5
140.5
142.0
139.5
150.0
134.5
136.5
143.5
143.5
145.5
142.5
150.0
151.0
137.0
138.0
132.0
132.5
135.5
134.0
111.0
142.0
126.0
129.0
126.0
132.5
141.0
124.0
140.5
144.0
130.0
136.0
134.5
134.5
126.0
132.0
133.0
126.0
149.0
140.0
140.0
131.0
144.0
136.0
WT7
52.0
84.0
92.5
74.5
109.0
110.0
101.0
123.0
129.5
107.5
120.5
136.5
137.5
133.0
135.0
132.5
120.0
125.0
148.0
141.0
130.5
141.0
142.5
131.0
157.5
147.0
146.0
139.0
135.0
134.0
143.5
145.0
128.5
141.5
147.5
143.5
139.0
137.5
150.5
138.0
134.0
138.0
151.5
143.5
144.5
155.0
149.0
154.0
142.0
132.0
136.5
130.5
133.5
142.5
131.0
109.0
129.5
132.5
137.5
132.5
132.0
139.5
133.5
144.5
148.0
130.0
130.0
139.0
138.5
125.0
130.0
133.5
124.5
138.5
138.0
134.5
134.0
140.5
144.5
WT8
58.5
83.0
89.0
70.5
99.5
108.5
102.5
126.5
139.0
92.0
115.5
140.0
128.5
139.0
133.5
135.0
118.0
128.0
145.5
144.5
132.5
141.5
135.5
126.0
158.5
134.5
134.0
142.5
126.5
132.0
142.5
143.0
135.5
144.5
146.5
149.0
147.0
138.0
146.0
140.0
139.0
131.5
139.0
152.0
139.5
147.5
152.0
143.5
143.5
137.0
137.0
129.0
122.5
127.5
128.0
105.5
142.5
133.0
135.5
129.0
136.5
142.5
131.0
147.0
152.5
128.0
132.0
137.0
137.5
131.5
138.0
132.0
132.0
143.0
138.0
142.0
152.0
137.5
132.5
WT9
59.5
78.0
99.0
56.5
119.0
115.5
107.5
135.5
95.0
102.5
148.5
138.0
113.5
141.0
129.0
159.5
82.0
163.0
141.0
135.5
126.0
135.5
132.0
108.5
184.0
130.5
155.5
128.5
93.5
191.0
81.5
156.5
176.0
97.5
149.5
149.5
138.0
133.5
142.0
138.5
144.0
194.0
73.0
141.0
189.0
93.5
203.0
147.0
75.0
214.0
57.0
139.0
127.5
210.5
60.5
125.0
137.0
127.5
210.5
57.0
205.5
50.0
217.5
149.0
149.5
135.5
30.5
127.5
254.0
120.5
1.5
134.0
140.0
267.5
144.0
139.5
132.0
147.0
25.0
WT10
59.0
79.5
84.5
94.5
93.0
121.5
102.0
107.5
159.5
95.5
88.5
134.0
154.5
131.0
146.0
112.0
162.0
100.5
139.0
136.5
133.0
141.5
139.0
142.5
113.5
159.5
120.0
150.0
172.5
76.5
195.5
132.0
92.5
196.5
154.5
140.5
140.0
152.0
140.5
137.5
140.5
72.5
191.5
132.5
95.0
197.0
83.0
138.5
217.0
58.5
220.5
135.0
133.5
61.5
207.0
106.0
147.5
133.0
61.0
203.0
58.0
218.0
37.0
137.5
157.5
125.5
227.5
137.5
24.0
123.0
261.5
137.0
113.5
4.5
147.0
143.0
142.0
142.0
245.5
WT11
60.0
82.5
92.5
72.5
105.5
111.0
101.0
124.5
131.0
100.5
124.5
141.5
133.0
143.5
136.5
124.5
116.0
128.5
156.5
131.0
127.0
139.5
140.5
132.5
158.0
141.5
139.5
152.0
133.5
134.0
129.5
145.0
144.0
140.5
142.0
143.5
132.0
142.0
151.0
146.5
142.0
134.0
141.0
142.0
135.5
145.0
148.5
143.0
145.5
137.0
153.5
132.5
133.0
124.0
133.0
111.5
139.0
134.5
136.5
132.0
132.5
138.5
131.0
148.0
142.0
127.0
125.0
132.5
133.0
123.0
130.5
127.0
129.5
144.0
141.0
153.5
133.5
144.0
133.0
WT12
61.5
76.0
90.5
72.5
101.5
116.0
101.5
122.0
123.5
104.5
115.0
136.0
138.0
139.5
136.5
132.0
127.0
126.0
141.0
137.0
137.0
141.5
134.5
137.5
151.5
136.5
133.5
136.0
138.5
128.5
148.5
145.5
132.0
140.5
143.5
151.0
143.0
140.0
142.5
139.0
132.5
132.5
142.5
142.5
141.0
143.0
145.0
141.0
145.5
131.5
141.0
137.5
126.5
136.5
128.0
109.0
139.0
132.0
131.0
133.0
143.0
136.5
124.0
148.0
146.5
127.0
126.0
128.0
136.0
119.0
135.5
121.5
130.5
136.0
137.5
143.0
126.5
137.5
133.5
WT13
57.5
81.5
94.5
69.0
97.0
97.5
101.0
120.5
138.5
107.5
115.5
150.0
120.0
137.5
152.5
115.5
123.5
133.0
134.0
136.0
129.5
151.0
149.5
115.5
143.5
148.0
154.0
140.0
123.5
143.5
136.5
139.0
149.5
127.0
141.5
147.0
157.0
147.5
124.5
139.5
147.5
138.0
149.5
121.5
160.0
135.5
158.5
127.5
157.0
135.0
133.0
114.5
153.0
128.0
116.0
106.0
136.5
127.5
139.5
156.0
108.0
143.0
144.5
148.5
136.5
122.0
139.0
133.5
141.5
110.0
129.0
132.5
131.0
148.5
140.0
130.0
147.0
124.0
136.0
WT14
61.0
70.5
87.5
70.0
99.0
118.5
100.0
130.0
107.5
109.0
124.0
135.0
141.5
143.5
122.0
140.0
119.5
129.5
152.5
134.0
128.5
133.5
134.5
143.0
152.5
141.5
117.0
147.5
149.0
130.0
146.5
139.5
122.5
160.0
159.0
143.0
112.0
150.5
161.5
138.5
123.0
135.5
141.5
156.5
132.5
164.5
123.5
166.0
121.5
135.0
138.5
142.0
107.0
139.5
151.5
110.5
142.0
133.5
130.0
106.0
155.5
136.0
114.5
140.5
150.0
139.5
125.0
128.5
133.5
125.0
138.0
133.5
136.0
118.5
148.5
161.5
116.5
143.5
131.0
WT15
57.0
82.5
105.0
76.0
108.0
115.0
101.0
129.0
124.0
93.5
128.0
135.0
135.0
142.0
134.0
129.0
119.5
133.0
143.0
133.5
136.0
145.0
133.0
126.0
141.5
137.5
134.0
138.5
133.0
138.5
144.5
148.5
129.0
145.0
150.5
151.0
133.0
146.0
141.5
141.5
139.5
135.5
133.0
147.5
139.0
147.5
138.5
149.0
148.5
139.0
146.5
136.5
131.5
131.0
131.0
111.5
140.0
133.5
134.5
126.0
129.0
139.5
130.5
149.5
144.5
128.5
127.5
139.0
140.0
122.5
138.5
133.5
122.5
125.0
138.5
145.0
126.0
147.0
132.5
