SEC 1
119.666666667
119.666666667
113.666666667
116.333333333
119.666666667
125.666666667
121.666666667
122.333333333
SEC 2
295.333333333
307.0
315.666666667
290.666666667
314.666666667
317.666666667
317.666666667
308.333333333
SEC 3
494.666666667
477.666666667
510.0
466.0
493.0
502.666666667
506.666666667
485.666666667
SEC 4
694.666666667
685.666666667
712.333333333
664.0
715.0
701.0
695.333333333
686.666666667
SEC 5
946.333333333
942.333333333
956.333333333
882.333333333
952.0
948.333333333
931.666666667
949.666666667
SEC 6
1208.0
1213.0
1221.66666667
1149.66666667
1241.33333333
1224.66666667
1201.66666667
1241.33333333
SEC 7
1499.33333333
1517.0
1510.0
1471.33333333
1534.0
1551.66666667
1503.66666667
1529.33333333
SEC 8
1793.0
1817.0
1796.33333333
1782.66666667
1832.0
1871.66666667
1796.66666667
1828.66666667
SEC 9
2111.33333333
2132.66666667
2123.33333333
2118.66666667
2171.66666667
2201.33333333
2094.0
2167.66666667
SEC 10
2430.66666667
2463.66666667
2444.0
2435.66666667
2486.66666667
2539.0
2419.0
2477.0
SEC 11
2736.33333333
2753.0
2724.33333333
2736.0
2784.0
2841.66666667
2706.0
2756.0
SEC 12
3072.33333333
3111.66666667
3063.66666667
3057.0
3119.66666667
3200.33333333
3041.0
3114.33333333
SEC 13
3407.0
3433.33333333
3407.33333333
3393.0
3464.66666667
3533.0
3375.66666667
3465.33333333
SEC 14
3737.66666667
3779.33333333
3726.0
3718.0
3783.33333333
3871.0
3677.66666667
3801.66666667
SEC 15
4061.66666667
4103.33333333
4048.66666667
4015.66666667
4076.0
4192.33333333
3998.66666667
4123.66666667
SEC 16
4370.33333333
4436.0
4383.33333333
4332.0
4404.0
4508.66666667
4338.33333333
4452.0
SEC 17
4683.0
4771.66666667
4708.33333333
4670.66666667
4729.66666667
4813.33333333
4678.66666667
4793.66666667
SEC 18
5028.66666667
5080.33333333
5034.66666667
5012.33333333
5049.66666667
5152.66666667
5021.0
5121.33333333
SEC 19
5358.66666667
5416.33333333
5358.0
5344.33333333
5361.0
5491.66666667
5365.33333333
5444.33333333
SEC 20
5673.66666667
5776.33333333
5693.66666667
5694.66666667
5736.33333333
5860.33333333
5718.66666667
5775.33333333
SEC 21
5991.33333333
6096.66666667
5989.0
6001.66666667
6045.0
6171.33333333
6027.0
6083.66666667
SEC 22
6308.66666667
6419.66666667
6317.33333333
6328.0
6369.66666667
6495.0
6324.66666667
6401.33333333
SEC 23
6644.33333333
6743.33333333
6630.0
6643.0
6720.66666667
6818.66666667
6644.33333333
6703.33333333
SEC 24
6960.33333333
7077.0
6959.33333333
6953.0
7052.33333333
7132.66666667
6980.66666667
7026.33333333
SEC 25
7290.0
7412.0
7310.66666667
7304.66666667
7417.66666667
7472.0
7332.33333333
7368.33333333
SEC 26
7658.0
7768.66666667
7669.33333333
7668.66666667
7753.66666667
7809.0
7682.66666667
7707.0
SEC 27
8011.0
8133.66666667
7994.33333333
8033.0
8145.33333333
8169.66666667
8034.66666667
8079.66666667
SEC 28
8358.66666667
8479.66666667
8348.0
8378.33333333
8514.0
8496.0
8375.33333333
8426.0
SEC 29
8673.0
8810.0
8665.33333333
8714.66666667
8839.33333333
8811.33333333
8697.33333333
8743.0
SEC 30
9024.0
9176.66666667
9005.33333333
9050.0
9184.33333333
9167.0
9049.0
9055.33333333
SEC 31
9354.33333333
9500.66666667
9324.66666667
9351.33333333
9515.66666667
9490.66666667
9387.0
9374.0
SEC 32
9667.33333333
9814.0
9662.66666667
9674.33333333
9828.33333333
9798.0
9724.33333333
9702.66666667
SEC 33
10016.6666667
10173.0
9990.0
10022.6666667
10184.3333333
10133.3333333
10081.0
10052.6666667
SEC 34
10385.6666667
10523.3333333
10306.3333333
10357.0
10533.6666667
10466.3333333
10414.6666667
10394.3333333
SEC 35
10736.6666667
10867.0
10636.0
10706.0
10881.3333333
10789.6666667
10756.0
10754.3333333
SEC 36
11065.3333333
11239.3333333
10983.0
11054.6666667
11254.0
11139.6666667
11131.6666667
11131.0
SEC 37
11417.6666667
11571.3333333
11341.3333333
11443.6666667
11610.6666667
11509.0
11473.3333333
11496.3333333
SEC 38
11764.3333333
11898.3333333
11699.3333333
11780.6666667
11928.0
11858.3333333
11790.3333333
11812.0
SEC 39
12117.0
12237.3333333
12029.3333333
12144.6666667
12278.3333333
12213.6666667
12147.0
12163.3333333
SEC 40
12478.6666667
12551.0
12378.6666667
12487.0
12629.0
12580.0
12509.0
12534.3333333
SEC 41
12833.0
12905.0
12733.6666667
12828.6666667
12968.6666667
12963.6666667
12846.3333333
12897.0
SEC 42
13198.6666667
13261.3333333
13102.3333333
13184.0
13336.6666667
13333.0
13239.6666667
13282.3333333
SEC 43
13538.6666667
13613.3333333
13436.6666667
13538.3333333
13677.6666667
13664.3333333
13563.6666667
13630.6666667
SEC 44
13886.6666667
13967.0
13784.6666667
13882.6666667
13997.6666667
14022.6666667
13919.3333333
13990.3333333
SEC 45
14242.0
14342.0
14141.6666667
14230.6666667
14368.3333333
14382.3333333
14310.3333333
14362.3333333
SEC 46
14591.6666667
14715.3333333
14484.6666667
14572.0
14730.6666667
14743.0
14669.3333333
14724.0
SEC 47
14985.6666667
15079.3333333
14862.0
14930.3333333
15124.3333333
15101.6666667
15039.3333333
15117.6666667
SEC 48
15349.3333333
15432.0
15196.6666667
15295.0
15481.3333333
15456.3333333
15404.3333333
15510.3333333
SEC 49
15724.6666667
15793.6666667
15556.6666667
15646.3333333
15829.6666667
15813.3333333
15768.6666667
15891.6666667
SEC 50
16084.0
16171.0
15934.6666667
16005.0
16183.0
16186.3333333
16129.3333333
16259.0
SEC 51
16437.3333333
16549.3333333
16313.6666667
16376.3333333
16559.0
16573.0
16496.6666667
16611.3333333
SEC 52
16832.3333333
16920.6666667
16700.3333333
16734.6666667
16935.0
16941.0
16844.0
16967.0
SEC 53
17121.0
17244.0
16991.6666667
17052.3333333
17223.6666667
17247.0
17140.3333333
17271.0
SEC 54
17497.0
17591.6666667
17355.3333333
17394.6666667
17569.0
17596.6666667
17499.0
17636.0
SEC 55
17855.0
17978.6666667
17713.0
17763.0
17928.3333333
17962.3333333
17848.6666667
18014.6666667
SEC 56
18155.0
18285.6666667
18028.0
18076.0
18235.6666667
18251.0
18161.0
18303.3333333
SEC 57
18394.3333333
18534.0
18261.0
18328.0
18467.0
18488.0
18416.0
18535.6666667
SEC 58
18660.0
18794.6666667
18532.3333333
18585.3333333
18729.3333333
18752.3333333
18681.3333333
18812.3333333
SEC 59
18971.3333333
19086.0
18816.0
18892.3333333
19030.6666667
19055.3333333
18949.3333333
19113.0
SEC 60
19294.6666667
19425.6666667
19167.0
19246.6666667
19391.3333333
19404.0
19307.0
19461.6666667
SEC 61
19640.0
19737.0
19483.0
19565.3333333
19730.3333333
19725.3333333
19640.0
19809.6666667
SEC 62
19945.3333333
20062.3333333
19789.0
19869.6666667
20027.3333333
20038.0
19953.0
20134.3333333
SEC 63
20294.3333333
20396.3333333
20131.6666667
20206.3333333
20365.6666667
20367.0
20315.6666667
20482.0
SEC 64
20638.6666667
20733.6666667
20458.0
20549.3333333
20715.3333333
20690.0
20654.0
20822.6666667
SEC 65
21031.0
21136.0
20842.6666667
20937.0
21099.6666667
21061.0
21044.6666667
21197.0
SEC 66
21398.6666667
21499.6666667
21219.0
21321.6666667
21461.0
21424.3333333
21424.0
21556.6666667
SEC 67
21741.0
21860.0
21560.6666667
21674.0
21810.6666667
21793.6666667
21753.6666667
21884.0
SEC 68
22083.0
22202.0
21904.0
22016.0
22163.3333333
22164.6666667
22105.0
22232.0
SEC 69
22440.6666667
22582.0
22278.3333333
22397.6666667
22546.0
22514.0
22485.6666667
22607.0
SEC 70
22799.3333333
22962.3333333
22660.6666667
22784.0
22918.3333333
22869.3333333
22837.3333333
22968.6666667
SEC 71
23147.0
23323.3333333
23045.6666667
23132.3333333
23260.0
23235.0
23214.0
23331.6666667
SEC 72
23517.3333333
23659.3333333
23379.6666667
23482.0
23592.0
23584.0
23553.0
23698.6666667
SEC 73
23868.6666667
24030.6666667
23770.6666667
23864.6666667
23951.0
23914.3333333
23898.3333333
24048.6666667
SEC 74
24254.6666667
24406.3333333
24132.0
24267.6666667
24336.6666667
24292.0
24261.3333333
24443.0
SEC 75
24626.0
24777.3333333
24508.3333333
24615.0
24704.0
24667.6666667
24651.3333333
24824.0
SEC 76
24987.6666667
25134.6666667
24870.6666667
24955.0
25041.0
25030.6666667
24995.6666667
25184.0
SEC 77
25345.3333333
25483.3333333
25231.0
25325.0
25407.6666667
25403.3333333
25347.3333333
25525.6666667
SEC 78
25686.3333333
25814.0
25573.0
25654.3333333
25738.0
25751.3333333
25665.3333333
25860.0
SEC 79
26083.6666667
26201.0
25976.0
26044.3333333
26123.0
26118.0
26062.6666667
26240.3333333
SEC 80
26428.6666667
26581.6666667
26335.6666667
26403.0
26476.0
26479.3333333
26433.3333333
26594.0
