WT0
60.6666666667
119.666666666
110.0
127.666666667
140.333333333
168.666666667
152.333333333
157.999999997
223.33333334
160.33333333
214.66666667
119.0
215.0
235.0
145.66666666
235.33333334
140.33333333
191.33333333
89.0
185.66666667
296.66666667
13.33333333
251.0
221.33333333
176.33333334
138.33333333
201.0
146.33333333
161.33333334
228.0
63.0
161.66666666
369.66666667
100.66666667
234.0
88.66666666
186.66666667
256.33333333
215.33333334
82.0
104.0
274.0
216.0
221.33333333
152.33333333
71.33333334
240.66666666
181.66666667
223.0
77.66666667
196.66666666
324.33333334
73.33333333
168.33333333
108.0
290.0
82.66666667
344.6666667
81.3333333
243.6666667
220.0
2.6666666
346.6666667
28.6666667
260.3333333
275.6666667
205.0
78.3333333
114.6666667
252.3333333
166.0
279.3333333
20.0
160.0
367.0
154.6666667
130.0
101.3333333
313.3333334
WT1
68.0
99.0
125.333333333
146.666666667
141.333333333
128.666666667
188.0
175.33333333
134.0
215.33333334
153.66666666
238.66666667
160.66666667
154.66666666
226.66666667
154.0
218.0
165.33333333
253.0
179.66666667
31.0
285.33333333
141.33333334
150.0
180.0
200.66666666
133.33333334
227.0
164.66666666
143.66666667
279.66666667
181.33333333
27.66666667
289.0
90.66666667
256.66666667
185.0
100.66666666
144.33333334
283.33333333
266.0
103.66666667
174.33333333
144.66666667
216.0
288.33333333
126.66666667
136.33333333
124.33333333
254.0
186.33333334
42.66666666
278.0
193.66666667
242.33333333
63.0
281.0
48.33333334
280.66666663
116.3333334
164.6666666
366.3333334
36.6666666
343.3333334
111.3333333
110.0
162.3333333
308.3333334
208.3333333
137.3333333
168.6666667
76.3333333
358.0
164.6666667
7.6666667
143.0
249.0
245.3333333
36.0
WT2
57.6666666667
105.666666666
114.666666667
130.666666667
154.0
147.333333333
165.666666667
159.666666663
174.33333334
188.0
193.66666666
179.66666667
191.66666667
202.66666666
194.66666667
191.33333333
175.33333334
175.0
178.0
186.0
178.66666666
152.66666667
200.33333333
192.0
189.0
171.0
166.33333334
173.0
169.33333333
174.33333333
189.66666667
175.0
165.33333333
180.66666667
154.0
173.66666667
181.66666666
183.33333334
190.66666666
193.66666667
194.66666667
178.33333333
194.66666667
201.33333333
191.33333333
174.0
181.66666667
169.0
173.0
169.33333333
194.66666667
176.33333333
201.0
182.0
186.33333334
169.66666666
193.0
197.66666667
173.6666667
168.6666666
174.0
175.6666667
175.0
185.6666667
179.6666666
197.3333334
171.0
190.6666666
150.3333334
210.3333333
161.3333333
169.6666667
195.6666667
158.3333333
178.6666667
148.3333333
184.0
165.6666667
178.6666666
WT3
57.6666666667
105.666666666
112.0
132.666666667
138.666666667
149.0
174.333333333
173.66666667
175.0
182.0
174.33333333
181.0
193.0
195.66666667
188.0
191.33333333
179.0
181.33333333
167.33333334
187.33333333
163.0
146.33333333
198.33333334
186.0
179.33333333
159.66666667
172.66666666
183.66666667
173.33333333
188.33333334
172.33333333
169.33333333
173.66666667
193.33333333
171.33333334
177.33333333
183.33333333
184.0
188.66666667
181.66666667
179.66666666
179.0
196.0
205.33333334
185.66666666
172.0
177.33333334
150.0
168.33333333
171.33333333
205.0
170.0
174.66666667
184.33333333
185.0
165.66666667
185.33333333
191.33333337
181.3333333
151.0
188.0
179.6666667
188.0
179.6666666
191.6666667
196.3333333
171.0
183.0
159.0
202.6666667
169.6666667
173.0
187.0
154.3333333
164.6666667
142.0
185.3333333
153.3333333
184.0
WT4
63.6666666667
90.6666666663
115.333333334
123.666666666
143.0
144.666666667
165.666666667
160.000000003
171.66666666
190.33333334
184.0
194.33333333
199.33333333
206.0
192.0
200.33333334
165.33333333
185.66666667
170.33333333
180.0
164.33333333
143.0
187.33333334
184.33333333
183.66666667
159.0
171.0
182.66666666
167.33333334
180.33333333
171.66666667
173.0
167.0
182.66666666
166.33333334
171.66666666
167.0
185.33333334
184.33333333
180.33333333
182.0
185.66666667
183.0
183.0
181.0
174.0
186.66666667
154.33333333
173.66666667
173.66666666
193.0
188.66666667
179.66666667
196.0
185.0
198.0
178.0
182.66666666
179.33333337
167.0
190.0
167.6666666
195.0
202.6666667
186.0
200.3333333
175.6666667
192.6666667
157.6666666
193.3333334
160.0
192.6666666
201.6666667
163.6666667
169.0
166.0
198.0
169.6666666
174.3333334
WT5
62.0
94.666666667
108.0
131.666666666
139.666666667
143.0
179.666666667
165.666666663
187.33333334
194.66666666
186.0
179.66666667
197.33333333
193.0
176.66666667
179.33333333
183.33333334
187.0
173.33333333
184.0
165.66666667
150.33333333
196.66666667
192.33333333
181.0
153.66666667
163.66666666
183.66666667
170.33333333
183.0
165.66666667
175.66666667
190.33333333
199.66666667
165.66666666
174.66666667
179.66666667
182.33333333
185.0
175.0
185.33333333
167.0
189.33333334
197.66666666
188.0
177.66666667
178.33333333
159.33333334
187.66666666
175.0
184.33333334
180.0
181.0
186.66666666
183.66666667
189.0
175.33333333
176.66666667
195.3333333
163.6666667
192.6666667
170.6666666
193.0
195.0
202.3333334
181.0
174.3333333
193.3333333
148.0
189.6666667
174.3333333
182.3333334
184.6666666
161.6666667
169.0
155.3333333
196.6666667
181.0
187.6666667
WT6
63.0
88.666666667
122.666666666
138.666666667
134.0
163.333333333
175.666666667
158.66666667
167.66666666
193.0
182.66666667
188.66666667
192.0
197.66666666
185.66666667
182.33333333
174.0
185.66666667
179.66666667
191.66666666
163.66666667
145.33333333
195.66666667
180.33333333
189.66666667
153.33333333
177.0
199.33333334
176.66666666
176.66666667
175.33333333
182.33333334
172.0
184.33333333
156.66666667
166.33333333
170.66666667
170.33333333
183.33333333
179.0
185.66666667
176.66666667
189.33333333
192.0
183.0
177.0
174.0
164.0
185.66666667
167.0
196.33333333
176.33333333
177.0
199.33333334
182.33333333
184.66666667
188.0
198.66666663
180.0
174.3333334
183.3333333
184.3333333
177.6666667
186.6666667
197.6666666
193.6666667
183.6666667
184.0
161.0
196.3333333
159.3333333
186.0
195.6666667
148.6666667
171.3333333
142.3333333
185.3333334
169.3333333
175.0
WT7
58.3333333333
98.3333333337
118.333333333
125.333333333
155.666666667
152.333333333
178.666666667
175.33333333
182.33333334
186.66666666
178.33333334
179.66666666
196.33333334
195.66666666
187.66666667
187.0
189.0
191.66666667
175.0
188.66666666
156.33333334
151.33333333
201.0
182.66666667
187.0
163.66666666
178.0
186.33333334
173.0
177.66666666
172.0
171.33333334
178.0
192.33333333
173.66666667
169.33333333
178.0
180.66666667
189.0
180.0
182.33333333
172.0
190.33333333
200.33333334
170.0
181.33333333
185.0
155.33333333
182.66666667
168.66666667
208.33333333
188.33333333
189.0
175.66666667
180.0
184.66666667
192.66666666
188.66666667
180.0
176.6666667
187.0
177.6666666
183.3333334
193.3333333
192.0
202.3333333
175.6666667
191.0
163.0
211.6666667
164.6666666
165.6666667
189.6666667
148.0
187.0
152.6666666
197.6666667
163.0
175.0
WT8
59.3333333333
96.3333333337
117.0
126.333333333
141.333333333
157.666666667
176.666666667
162.333333333
180.0
197.0
190.0
184.0
193.66666667
177.0
185.33333333
192.33333333
172.66666667
193.66666667
179.33333333
184.66666667
173.33333333
151.33333333
196.33333334
196.33333333
185.66666667
144.66666666
174.0
197.0
174.66666667
188.66666667
173.0
174.66666666
163.33333334
195.66666666
159.0
168.0
182.0
185.0
181.0
176.66666667
185.66666667
163.0
189.33333333
181.66666667
192.33333333
170.33333333
175.0
166.0
177.33333334
165.66666666
201.33333334
192.0
204.0
192.66666666
178.0
173.0
192.0
198.66666667
183.0
166.6666667
188.0
169.3333333
187.6666667
186.3333333
178.6666667
192.0
190.6666666
193.0
159.6666667
188.3333333
165.6666667
194.6666667
182.0
156.6666666
191.6666667
157.3333333
194.3333334
170.6666666
190.6666667
WT9
62.0
104.333333333
127.333333334
140.0
115.666666666
173.0
169.0
159.666666667
192.0
178.33333333
166.66666667
181.0
186.66666667
219.66666666
192.33333334
164.0
212.66666666
130.66666667
189.66666667
186.0
205.66666666
138.0
204.33333334
188.66666666
191.0
94.33333334
197.0
177.66666666
176.33333334
189.66666666
179.0
167.0
173.0
213.33333334
157.0
204.0
111.33333333
203.33333333
197.33333334
196.66666666
140.33333334
212.0
202.66666666
175.0
146.66666667
157.66666667
183.66666666
178.66666667
153.33333333
195.0
153.66666667
182.33333333
186.0
185.33333334
225.0
191.0
174.33333333
188.0
157.0
190.0
184.6666667
164.3333333
206.6666667
195.6666666
170.0
222.0
172.6666667
142.3333333
171.6666667
192.0
161.0
204.3333333
183.6666667
177.3333333
128.0
124.3333334
187.0
199.3333333
179.6666667
WT10
60.3333333333
113.333333334
102.333333333
134.666666667
164.333333333
134.333333333
171.0
185.333333337
159.33333333
199.0
193.66666667
179.0
180.0
177.0
173.66666666
222.0
145.0
227.0
170.0
186.66666667
137.0
150.0
178.33333333
182.66666667
191.66666667
218.0
156.0
184.33333333
146.66666667
187.66666666
173.66666667
184.33333333
172.0
169.66666667
206.66666667
121.66666666
254.66666667
159.0
165.66666667
159.66666666
213.66666667
148.66666667
187.33333333
186.33333333
209.66666667
186.0
164.66666667
153.33333333
174.0
143.33333333
220.66666667
165.33333333
165.66666667
193.33333333
142.0
185.0
197.66666667
188.6666667
226.6666666
160.6666667
196.6666667
183.3333333
173.3333333
189.3333334
205.3333333
163.6666667
190.0
238.0
139.0
202.6666666
169.3333334
132.6666666
184.0
143.0
228.3333334
186.6666666
194.0
111.0
174.0
WT11
60.6666666667
104.666666666
106.666666667
132.666666667
141.666666666
132.333333334
170.333333333
166.33333333
175.66666667
184.66666667
187.0
180.0
190.33333333
199.0
200.66666667
193.66666666
178.66666667
183.33333333
174.33333334
192.33333333
165.66666667
152.0
201.33333333
180.0
188.33333333
166.66666667
170.0
194.0
173.33333333
179.66666667
183.33333333
178.33333334
163.66666666
202.0
166.66666667
168.66666667
185.33333333
176.0
183.33333333
187.33333334
188.66666666
187.0
190.0
180.66666667
179.33333333
192.66666667
185.66666667
147.0
186.66666666
161.66666667
187.33333333
183.0
182.0
179.66666667
189.66666667
173.66666666
183.33333334
184.00000003
171.6666666
176.0
199.0
176.0
189.6666667
207.6666667
185.3333333
185.3333333
179.6666667
179.6666667
151.0
198.0
168.6666666
185.6666667
193.6666667
168.3333333
181.6666667
150.3333333
185.0
185.6666667
178.3333333
WT12
58.0
99.666666667
107.666666666
143.666666667
146.333333333
152.333333334
159.0
162.333333333
180.0
189.66666667
182.66666666
178.66666667
199.0
203.66666667
192.33333333
195.0
171.0
186.66666667
176.0
179.66666666
167.66666667
138.0
191.33333333
183.0
184.33333334
141.66666666
167.66666667
180.33333333
170.0
183.66666667
169.0
192.66666667
183.66666666
184.66666667
169.0
163.33333333
192.66666667
203.33333333
201.33333334
194.33333333
172.33333333
182.66666667
199.0
195.66666667
189.0
185.33333333
185.0
156.66666667
179.66666666
170.33333334
181.33333333
190.66666667
196.66666666
185.33333334
191.33333333
177.66666667
185.33333333
192.0
170.0
172.0
180.0
195.3333333
200.6666667
196.3333333
183.6666667
189.0
175.6666667
197.0
168.3333333
207.6666667
159.6666666
178.3333334
203.0
164.6666666
168.6666667
146.3333333
186.3333334
167.6666666
176.6666667
WT13
65.6666666667
108.666666666
120.666666667
131.0
142.333333333
154.333333334
168.333333333
163.33333333
156.66666667
206.0
156.0
194.66666667
184.0
188.0
177.0
194.66666666
190.0
177.0
186.66666667
182.33333333
150.33333334
144.0
211.0
188.33333333
158.66666667
153.0
224.33333333
157.33333333
206.33333334
128.66666666
229.33333334
121.66666666
224.0
125.33333334
230.33333333
197.33333333
171.0
175.33333334
192.66666666
136.33333334
133.66666666
211.33333334
250.0
165.66666666
206.0
203.33333334
196.0
140.33333333
78.66666667
284.66666666
114.66666667
176.0
153.0
274.66666667
143.33333333
157.66666667
190.66666666
193.99999997
215.0
214.3333334
194.0
137.0
238.3333333
212.0
144.3333333
143.3333334
157.6666666
269.3333334
157.0
165.3333333
163.3333333
248.0
110.3333334
182.3333333
186.6666667
158.3333333
164.3333333
212.3333334
192.0
WT14
56.3333333333
106.0
122.333333334
147.333333333
136.0
137.0
162.333333333
176.333333337
185.33333333
167.0
188.33333333
159.0
194.0
194.66666667
193.33333333
183.0
170.0
200.33333334
168.66666666
187.66666667
172.66666667
148.33333333
170.66666667
182.33333333
218.66666667
181.33333333
136.33333333
217.0
132.66666667
246.66666667
108.66666666
229.33333334
123.0
253.0
112.33333333
142.0
191.66666667
175.0
187.66666666
241.0
216.66666667
169.0
131.33333333
221.33333334
167.33333333
158.0
157.0
175.66666667
269.33333333
44.66666667
283.0
192.0
204.0
116.66666666
234.66666667
213.66666667
188.0
193.33333333
155.3333333
128.3333334
200.0
228.3333333
130.6666667
164.3333333
234.0
237.0
191.6666667
109.6666666
152.6666667
229.6666667
168.3333333
99.0
277.6666667
122.3333333
188.3333333
148.3333334
210.6666666
137.0
187.3333334
WT15
60.6666666667
103.666666666
114.666666667
144.333333333
136.666666667
143.333333333
156.333333334
150.000000003
181.33333333
199.66666667
176.66666666
179.0
188.33333334
191.0
170.33333333
184.66666667
191.0
175.0
175.66666666
181.66666667
171.66666667
149.66666666
197.66666667
183.33333333
188.66666667
157.33333333
175.33333334
181.0
174.33333333
169.0
171.66666667
180.66666666
158.66666667
184.0
184.66666667
168.0
177.66666666
174.0
186.0
191.66666667
186.33333333
189.66666667
200.0
184.33333333
185.66666667
162.66666667
189.0
155.33333333
179.33333333
160.66666667
191.33333333
187.0
179.0
187.0
175.33333334
188.66666666
190.33333334
180.33333333
171.6666667
162.0
181.0
164.3333333
188.6666667
182.0
193.3333333
200.0
170.6666667
203.0
155.0
200.3333333
165.0
178.0
192.3333333
172.3333334
182.6666666
148.0
177.6666667
174.3333333
178.6666667
