WT0
119.666666667
182.666666666
199.0
226.333333334
243.0
262.666666663
277.33333334
316.33333333
332.0
312.33333333
318.33333334
310.33333333
330.0
314.33333333
332.0
320.33333334
284.33333333
298.33333333
321.33333334
335.66666666
320.33333334
321.33333333
268.33333333
300.33333334
346.66666666
293.0
293.66666667
311.66666667
301.0
348.66666666
323.66666667
327.0
277.66666667
313.0
345.66666663
308.6666667
332.3333333
319.3333334
351.0
309.3333333
339.3333333
327.3333334
326.0
347.3333333
301.0
348.0
317.6666667
294.6666666
296.3333334
331.0
326.0
350.0
338.3333333
326.0
332.3333333
320.0
331.0
347.3333334
349.3333333
334.0
352.6666667
318.6666666
322.6666667
320.3333333
310.6666667
320.3333333
366.6666667
339.0
310.0
347.0
330.0
327.6666667
360.6666666
353.0
348.0
326.6666667
336.3333333
341.0
284.0
WT1
110.0
177.333333333
213.666666667
209.666666667
242.333333333
236.33333333
266.66666667
302.66666667
326.33333333
319.33333333
306.0
315.66666667
307.0
319.66666667
298.0
312.66666666
298.0
292.66666667
322.33333333
326.33333334
309.66666666
337.33333334
271.66666666
338.66666667
318.66666667
320.33333333
298.33333333
347.66666667
326.0
343.66666667
318.33333333
341.33333333
277.0
331.33333334
350.33333333
323.3333333
313.3333334
298.6666666
322.3333334
339.3333333
311.3333333
315.3333334
339.3333333
316.0
314.6666667
342.0
330.0
315.3333333
309.6666667
343.6666666
323.3333334
342.6666666
335.3333334
328.3333333
319.3333333
338.6666667
343.0
336.6666667
333.3333333
340.6666667
313.3333333
342.3333333
328.6666667
335.6666667
342.6666666
312.6666667
353.0
364.0
301.6666667
340.0
343.3333333
324.0
353.3333333
337.0
337.6666667
349.6666667
345.3333333
327.6666667
274.6666666
WT2
114.333333333
194.666666667
220.333333333
233.0
236.333333334
258.000000003
276.33333333
323.0
341.0
294.66666667
334.0
307.0
318.0
328.33333333
340.0
330.66666667
306.0
284.0
328.0
310.33333333
308.33333333
306.33333334
268.66666666
313.0
328.66666667
322.0
291.0
289.66666667
306.0
351.33333333
314.33333333
325.66666667
294.66666667
312.00000003
340.6666666
341.0
337.3333334
330.3333333
322.3333333
309.0
304.3333334
339.6666666
336.6666667
341.6666667
322.6666666
348.3333334
354.6666666
300.3333334
286.3333333
333.0
346.3333333
334.0
325.0
321.3333334
338.3333333
328.6666667
336.3333333
354.0
312.6666667
336.3333333
337.0
312.3333333
342.0
309.0
326.6666667
322.3333333
347.6666667
371.6666667
338.3333333
371.0
349.6666667
347.6666666
344.0
336.6666667
346.6666667
330.0
311.6666666
314.6666667
272.3333333
WT3
115.666666667
179.666666666
214.0
216.0
231.0
274.333333337
279.0
318.66666666
361.33333334
331.66666666
312.0
327.33333334
317.0
295.33333333
326.33333333
326.0
293.33333334
278.66666666
312.0
331.66666667
315.33333333
337.33333334
246.33333333
311.33333333
300.0
308.33333334
322.0
334.66666666
314.33333334
350.66666666
329.0
319.66666667
301.66666667
313.33333333
302.0
338.3333333
341.0
318.6666667
350.3333333
339.0
307.6666667
317.0
318.3333333
338.6666667
313.6666667
349.0
330.6666666
301.3333334
301.6666666
344.0
339.3333334
339.0
308.0
334.0
334.6666666
371.0
344.3333334
336.0
354.0
355.6666666
342.6666667
340.6666667
339.0
321.6666666
323.0
351.3333334
343.3333333
352.6666667
318.3333333
334.6666667
341.6666666
328.3333334
341.0
332.0
326.6666666
333.3333334
314.3333333
340.0
279.6666667
WT4
109.666666667
177.333333333
202.666666667
193.333333333
245.333333333
262.999999997
295.0
311.66666667
314.0
301.0
305.33333333
319.33333334
301.0
319.66666666
339.66666667
325.0
281.66666667
278.0
316.33333333
343.0
309.66666667
312.0
287.0
326.0
323.33333333
328.66666667
305.0
335.0
311.33333333
355.66666667
336.33333333
332.33333333
298.0
348.33333337
326.3333333
331.3333333
342.6666667
335.6666667
357.3333333
312.3333333
330.3333334
312.0
326.6666666
338.0
314.3333334
370.0
336.6666666
307.0
299.0
340.3333334
327.0
326.6666666
356.0
329.3333334
306.3333333
372.6666667
325.0
343.0
345.3333333
333.3333333
329.6666667
329.0
327.6666667
327.0
339.6666666
319.3333334
376.0
371.6666666
322.3333334
337.3333333
339.6666667
322.3333333
351.0
351.6666667
354.0
334.6666666
361.3333334
334.0
286.0
WT5
117.666666667
183.333333333
202.0
206.666666667
256.333333333
262.0
252.0
310.66666667
335.66666666
335.66666667
329.0
331.0
312.0
310.66666667
324.33333333
296.33333333
303.66666667
299.0
332.0
326.66666667
308.66666666
319.33333334
274.0
315.33333333
322.0
326.0
314.66666667
298.0
323.0
338.33333333
339.66666667
332.33333333
299.0
340.0
323.3333333
315.0
317.6666667
321.3333333
308.6666667
326.3333333
318.0
321.6666667
346.6666667
312.6666666
295.0
352.3333334
320.0
287.3333333
311.3333333
345.3333334
334.3333333
327.6666667
333.6666666
323.3333334
343.0
340.0
328.6666666
348.0
369.0
344.0
337.0
336.6666667
337.6666667
322.0
351.3333333
338.3333333
350.3333334
349.0
317.3333333
337.6666667
330.0
335.0
372.0
345.6666666
356.6666667
340.0
347.6666667
317.0
256.3333333
WT6
109.666666667
202.666666666
188.0
226.333333334
242.0
293.333333333
262.0
324.66666667
324.0
345.66666666
328.33333334
328.66666666
312.33333334
315.33333333
320.66666667
308.66666666
297.33333334
318.0
343.33333333
329.66666667
340.66666666
322.66666667
240.33333333
303.33333334
314.0
300.33333333
312.0
334.66666667
331.0
357.0
321.66666666
324.0
273.0
317.33333337
342.0
339.0
337.3333333
307.0
321.3333333
342.0
311.0
327.0
331.0
336.3333334
324.0
335.6666666
319.3333334
306.0
315.0
348.3333333
336.6666667
341.6666666
323.3333334
342.0
346.3333333
325.3333333
330.0
361.3333334
335.0
317.0
353.3333333
348.6666667
328.3333333
298.3333333
336.3333334
348.0
325.6666666
354.0
311.3333334
350.6666666
344.0
339.6666667
345.6666667
367.3333333
366.6666667
321.3333333
357.6666667
332.0
292.0
WT7
121.666666667
179.666666666
203.0
203.666666667
243.333333333
244.333333337
273.0
315.0
324.33333333
290.33333333
310.33333334
329.66666666
333.33333334
318.66666666
320.0
352.0
302.66666667
320.66666667
321.66666666
336.66666667
335.66666667
319.66666666
276.0
303.0
322.33333334
341.0
318.33333333
325.33333333
336.0
363.0
329.66666667
313.66666667
287.33333333
306.6666667
332.0
330.3333333
324.0
330.6666667
329.3333333
307.6666667
335.3333333
317.6666667
338.0
324.3333333
343.3333333
328.0
356.3333334
289.0
303.6666666
334.6666667
351.0
331.6666667
346.0
337.6666666
345.0
325.6666667
328.3333333
337.0
363.6666667
314.0
348.3333333
330.0
345.3333334
318.6666666
328.0
313.6666667
368.0
333.0
309.3333333
348.6666667
335.3333333
342.6666667
345.6666667
341.3333333
350.0
365.3333333
319.6666667
349.0
284.0
