WT0
19.0
31.6666666667
34.3333333333
41.333333333
42.333333334
60.666666666
44.333333334
50.0
47.333333333
53.0
54.333333333
49.666666667
43.0
54.666666667
53.333333333
49.0
51.666666667
40.666666666
46.666666667
59.0
54.0
56.33333333
50.0
55.66666667
52.33333333
54.66666667
52.66666667
46.33333333
49.66666667
48.33333333
58.33333333
55.33333334
47.66666666
56.0
48.33333334
57.66666666
56.33333334
50.66666666
59.66666667
47.66666667
55.66666666
52.66666667
56.66666667
48.66666666
49.0
45.66666667
57.0
51.66666667
40.66666666
33.33333334
48.0
43.33333333
48.0
48.66666667
51.66666666
46.66666667
49.33333333
51.33333334
49.66666666
40.33333334
50.0
52.0
48.66666666
45.0
50.66666667
51.66666667
56.33333333
53.0
47.0
54.0
47.0
41.66666667
53.33333333
55.33333333
60.66666667
63.33333333
59.0
49.66666667
48.66666667
WT1
19.3333333333
36.0
37.3333333334
44.6666666663
42.0
53.333333334
47.0
48.666666666
46.0
51.333333334
56.0
46.0
35.333333333
51.333333333
56.666666667
44.333333333
54.333333334
50.333333333
47.666666667
57.0
50.666666666
55.999999997
55.33333334
62.0
54.33333333
59.33333333
47.0
56.33333334
51.33333333
43.0
47.66666667
44.66666666
53.66666667
54.33333333
53.66666667
52.0
52.66666667
60.0
52.66666666
50.66666667
54.0
52.0
51.66666667
53.0
46.66666666
41.33333334
50.66666666
50.66666667
40.66666667
26.33333333
58.33333333
51.33333334
57.33333333
36.0
53.33333333
47.0
51.33333334
59.33333333
52.0
45.66666667
48.33333333
49.66666667
47.0
41.66666666
52.33333334
50.66666666
58.33333334
49.33333333
50.33333333
53.0
49.0
40.0
51.0
53.33333334
59.0
52.0
60.66666666
52.0
41.66666667
WT2
19.3333333333
39.3333333334
34.6666666666
41.6666666667
43.0
53.333333333
49.666666667
46.666666667
48.333333333
52.0
52.666666667
45.666666666
43.333333334
46.666666666
55.0
43.333333334
51.333333333
57.0
52.333333333
53.666666667
52.333333333
60.999999997
53.33333334
48.33333333
50.66666667
56.33333333
51.33333333
54.33333334
51.66666666
48.33333334
52.0
54.33333333
52.33333333
46.0
59.66666667
50.33333333
50.66666667
49.66666667
56.0
52.33333333
49.66666667
51.0
56.33333333
54.66666667
47.0
41.0
50.66666666
47.33333334
43.66666666
40.66666667
34.66666667
49.66666666
52.33333334
46.0
52.66666666
46.33333334
57.66666666
52.33333334
52.66666666
43.66666667
49.33333333
50.66666667
40.33333333
48.66666667
52.33333333
56.33333334
57.66666666
47.33333334
60.0
49.0
46.66666666
38.66666667
56.66666667
56.0
60.0
50.33333333
57.66666667
51.0
41.33333333
WT3
19.6666666667
34.0
23.3333333333
46.333333333
41.0
50.666666667
59.0
51.666666667
48.333333333
57.666666667
51.666666666
51.333333334
39.0
53.333333333
57.0
45.0
53.666666667
54.0
51.666666666
57.333333334
52.0
51.333333333
49.33333333
58.66666667
53.66666667
56.66666666
47.66666667
61.0
52.0
54.33333333
46.66666667
50.66666667
52.66666666
49.33333334
48.66666666
47.0
53.0
52.33333334
61.66666666
53.66666667
54.0
55.66666667
52.0
57.33333333
43.33333333
40.0
51.0
50.33333334
49.33333333
42.66666667
12.33333333
54.33333333
56.0
42.33333334
45.33333333
57.0
52.66666667
44.33333333
66.0
30.66666667
58.0
51.66666666
44.0
47.0
35.66666667
58.66666667
55.66666666
67.66666667
40.0
64.0
31.33333333
36.33333334
58.66666666
70.33333334
58.0
47.66666666
55.33333334
39.33333333
60.33333333
WT4
19.6666666667
28.6666666666
42.0
35.6666666667
48.0
52.666666667
58.666666666
44.666666667
46.666666667
62.666666666
51.0
43.666666667
39.0
52.0
49.666666667
50.333333333
47.0
49.333333333
47.333333334
63.333333333
56.333333333
57.666666667
55.33333333
56.0
57.0
54.0
45.66666667
55.33333333
49.66666667
48.0
62.0
30.0
77.0
38.0
52.0
44.66666667
48.0
45.33333333
56.33333333
102.66666667
46.33333333
4.66666667
83.0
50.0
28.33333333
60.66666667
46.0
22.66666667
90.33333333
15.0
53.66666667
27.33333333
77.0
2.0
104.0
7.66666667
75.0
35.33333334
72.33333333
55.0
36.66666667
31.66666666
66.66666667
19.33333333
81.66666667
83.0
23.0
71.66666667
70.66666666
12.0
53.33333334
75.33333333
55.66666667
34.33333333
50.0
31.66666667
29.33333333
62.33333333
86.66666667
WT5
19.6666666667
34.3333333333
27.6666666667
53.3333333333
39.333333333
62.333333334
40.333333333
52.333333333
50.333333334
54.666666666
56.333333334
55.333333333
42.666666667
54.0
52.666666666
43.333333334
49.666666666
50.333333334
48.666666666
49.666666667
47.333333333
53.666666667
64.33333333
49.0
55.0
50.0
55.66666667
47.66666667
58.33333333
51.66666667
40.0
76.66666666
29.33333334
64.66666666
62.0
63.33333334
50.33333333
55.66666667
52.0
1.0
52.33333333
101.0
14.33333333
55.0
65.0
30.0
52.0
81.33333334
5.66666667
76.0
4.0
61.0
23.33333333
91.33333334
1.33333333
93.66666667
26.66666666
80.0
24.66666667
49.0
50.66666667
70.33333333
28.0
66.33333333
32.66666667
12.33333333
97.66666667
4.66666667
57.66666666
92.33333334
60.66666666
1.0
50.0
51.33333334
68.33333333
72.0
84.66666667
69.33333333
16.0
WT6
21.6666666667
31.6666666666
27.0
43.6666666667
39.333333333
52.666666667
52.333333333
54.666666667
50.666666667
55.0
54.666666666
49.333333334
43.666666666
51.666666667
55.333333333
44.666666667
57.333333333
51.0
47.0
52.0
48.333333334
57.333333333
52.33333333
57.66666667
51.66666667
55.0
45.66666666
49.66666667
55.0
52.33333333
54.66666667
58.0
56.66666667
54.33333333
57.0
53.0
52.0
56.33333333
51.66666667
52.0
51.66666667
57.0
55.66666666
56.0
45.0
44.66666667
49.66666667
52.0
42.33333333
31.33333333
19.66666667
49.0
50.33333333
48.33333334
50.0
55.33333333
50.33333333
53.33333334
56.0
45.33333333
36.66666667
65.66666666
38.33333334
53.0
47.66666666
60.66666667
51.0
59.33333333
62.0
40.66666667
49.0
42.33333333
55.66666667
62.33333333
48.0
71.33333334
62.33333333
35.0
40.0
WT7
20.0
33.6666666667
29.6666666666
42.9999999997
42.0
47.0
47.333333334
48.333333333
54.333333333
55.0
50.0
52.666666667
45.333333333
51.333333334
56.333333333
50.333333333
52.333333334
47.333333333
52.666666667
56.666666666
46.0
58.999999997
51.66666667
54.0
56.33333333
56.66666667
57.0
50.66666667
51.0
51.0
51.0
53.0
55.33333333
53.33333333
47.66666667
46.66666667
53.33333333
51.33333333
50.66666667
54.0
48.33333333
53.66666667
45.66666667
51.33333333
51.66666667
44.33333333
48.66666667
51.0
40.0
37.66666666
7.33333334
54.33333333
51.0
43.66666667
60.0
45.33333333
61.0
51.0
54.33333333
49.33333334
46.0
50.0
43.0
47.66666666
51.0
51.33333334
51.33333333
47.0
54.33333333
51.33333334
46.33333333
37.0
52.66666667
49.66666666
51.0
55.33333334
54.33333333
52.0
49.33333333
WT8
19.6666666667
32.0
37.3333333333
42.333333333
47.666666667
56.0
48.666666667
60.0
39.333333333
46.0
62.333333333
51.666666667
46.333333333
37.0
67.333333334
40.666666666
56.0
49.333333334
48.666666666
59.0
43.0
55.666666667
50.33333333
76.66666667
30.66666667
85.0
17.66666666
55.66666667
71.33333333
30.33333334
67.0
33.0
69.0
80.66666666
22.0
54.0
36.0
69.66666667
87.33333333
27.33333334
25.33333333
48.33333333
78.33333334
56.66666666
78.66666667
12.0
111.33333333
15.66666666
76.33333333
7.0
16.33333333
68.33333334
49.0
10.0
75.66666666
48.66666667
84.66666667
19.66666666
69.66666667
11.33333333
67.33333334
68.33333333
63.66666667
4.66666666
36.33333334
86.0
15.0
89.33333333
83.33333333
11.33333334
43.0
36.66666666
25.0
101.66666667
56.33333333
35.0
54.66666667
95.33333333
5.66666667
WT9
19.6666666667
38.3333333333
35.6666666667
50.0000000003
35.0
50.666666666
52.666666667
46.666666667
55.333333333
59.666666667
40.333333333
47.0
38.333333333
63.666666667
50.333333333
53.666666667
52.0
57.666666667
51.0
56.666666666
52.666666667
45.0
60.0
31.0
75.0
28.33333333
79.0
51.0
35.33333334
72.66666666
42.33333334
78.66666666
33.0
28.0
74.66666667
51.0
72.0
32.0
26.33333333
72.0
74.33333334
54.33333333
23.0
56.33333333
13.0
95.33333334
1.0
117.0
11.0
25.0
12.0
25.0
50.0
94.66666666
27.66666667
50.0
26.0
85.66666667
46.0
74.33333333
24.66666667
34.33333333
17.66666667
80.33333333
70.0
15.33333333
102.33333334
17.33333333
14.33333333
94.0
56.66666667
36.66666667
76.33333333
6.0
57.66666667
71.66666666
53.66666667
8.33333333
85.0
WT10
22.3333333333
36.0
39.0
52.3333333337
39.666666666
50.666666667
48.666666667
45.666666666
46.333333334
58.333333333
60.666666667
50.0
43.0
57.333333333
57.0
51.0
50.333333333
52.0
50.333333334
54.333333333
53.0
55.66666667
47.66666666
54.33333334
54.66666666
53.66666667
53.66666667
55.66666666
53.66666667
48.33333333
47.0
59.0
58.66666667
53.33333333
55.66666667
56.33333333
57.33333334
46.66666666
52.0
45.66666667
48.33333333
55.66666667
52.33333333
48.66666667
47.33333333
48.33333334
51.0
51.0
41.33333333
21.66666667
23.66666666
51.66666667
47.66666667
45.0
48.66666666
51.66666667
52.33333333
51.66666667
55.66666667
40.0
46.0
52.66666666
50.0
48.33333334
52.66666666
52.0
54.0
42.66666667
55.0
47.33333333
48.33333334
38.66666666
54.33333334
48.66666666
56.0
58.0
60.33333334
50.0
44.0
WT11
20.6666666667
34.3333333333
39.6666666667
48.3333333333
40.0
52.333333333
37.333333334
63.666666666
49.0
53.333333334
49.0
64.666666666
30.333333334
67.333333333
27.333333333
82.666666667
24.333333333
62.333333334
49.0
39.666666666
77.333333337
54.33333333
45.66666667
31.33333333
58.33333333
50.0
59.33333334
57.33333333
76.66666667
24.0
54.66666666
55.66666667
47.33333333
77.33333334
27.0
80.33333333
47.0
79.33333333
8.33333334
84.0
30.33333333
86.33333333
52.0
49.0
44.0
22.66666667
42.0
77.0
34.33333333
14.66666667
63.0
42.33333333
50.0
48.66666667
23.66666667
58.33333333
72.0
39.33333333
78.33333334
26.33333333
49.0
69.0
32.66666667
65.66666666
19.66666667
94.33333333
17.0
51.0
57.33333334
59.0
75.66666666
36.33333334
26.66666666
49.66666667
83.33333333
48.0
47.0
55.0
41.33333334
WT12
19.3333333333
38.0
39.6666666667
40.666666667
45.333333333
55.333333333
58.333333334
48.666666666
56.0
48.333333334
57.333333333
37.666666667
52.666666666
37.666666667
75.0
12.333333333
78.333333334
38.333333333
47.666666667
72.333333333
18.0
55.0
57.33333333
79.66666667
56.33333333
62.0
46.66666667
54.66666667
28.66666666
83.0
43.66666667
63.0
60.0
18.66666667
79.0
25.33333333
76.66666667
23.33333333
104.33333333
20.33333334
78.0
34.33333333
42.66666667
64.33333333
46.33333333
58.66666667
54.33333333
18.66666667
49.33333333
51.66666667
6.33333333
49.0
56.0
38.66666667
83.0
56.33333333
33.66666667
83.66666667
34.66666666
55.0
52.66666667
30.33333333
58.0
22.33333334
88.66666666
16.33333334
91.66666666
55.33333334
44.0
34.66666666
28.33333334
50.0
86.0
42.66666666
36.66666667
59.33333333
67.33333334
44.66666666
40.66666667
WT13
19.6666666667
33.3333333333
29.0
44.666666667
34.333333333
63.666666667
42.0
64.666666666
48.0
23.333333334
86.666666666
39.0
22.0
72.0
26.0
44.333333334
42.0
74.0
81.666666666
39.333333334
52.0
22.000000003
49.0
89.66666666
53.0
27.66666667
47.33333333
84.66666667
50.0
53.0
65.33333333
48.0
12.66666667
58.33333333
92.0
44.0
68.0
43.33333334
46.33333333
39.66666667
34.33333333
69.33333333
47.0
34.33333334
86.33333333
16.33333333
78.0
42.66666667
20.33333333
29.0
67.33333334
32.33333333
67.66666667
53.33333333
60.0
6.66666667
68.33333333
41.66666667
54.0
85.0
7.33333333
54.0
44.66666667
90.0
52.0
12.66666666
98.66666667
2.0
109.66666667
5.66666666
46.0
86.33333334
46.0
20.33333333
95.66666667
3.33333333
104.33333333
52.33333334
6.0
WT14
21.0
30.6666666667
36.0
37.0000000003
52.666666666
31.333333334
59.333333333
30.666666667
47.666666666
84.666666667
19.0
64.333333333
57.333333334
25.333333333
86.666666667
46.333333333
55.0
26.333333333
34.333333334
74.333333333
45.333333333
87.999999997
55.66666667
15.33333333
54.66666667
90.33333333
48.33333334
12.33333333
56.33333333
46.33333334
43.0
54.33333333
97.33333333
56.66666667
20.33333333
62.33333334
40.33333333
51.33333333
61.66666667
65.0
65.66666667
35.33333333
48.66666667
69.66666666
1.0
71.66666667
23.33333333
63.33333334
71.66666666
21.66666667
4.66666667
73.33333333
25.66666667
41.33333333
49.0
86.0
52.0
51.33333333
84.0
24.0
83.66666667
88.33333333
11.66666667
8.0
49.0
129.66666667
25.33333334
107.0
0.33333334
98.33333333
91.33333333
8.0
50.0
100.66666667
14.66666667
48.66666666
13.33333334
97.33333333
88.66666667
WT15
19.6666666667
30.6666666666
35.3333333334
45.0000000003
45.666666666
49.0
46.0
53.333333334
48.333333333
50.0
56.333333333
55.333333334
42.333333333
52.333333333
53.333333334
50.0
48.0
51.333333333
50.0
59.0
46.666666667
52.000000003
52.0
53.33333333
52.33333333
56.33333334
49.0
54.66666666
54.66666667
51.0
49.33333333
50.0
52.33333334
52.33333333
57.33333333
56.66666667
50.0
53.33333333
52.33333334
51.33333333
45.66666667
52.0
51.0
52.33333333
53.0
39.66666667
48.33333333
50.33333333
44.0
33.66666667
33.66666667
46.0
49.33333333
42.66666667
55.66666666
50.33333334
51.66666666
56.33333334
19.0
77.33333333
46.66666667
14.66666666
86.66666667
50.0
47.33333333
12.0
98.33333334
50.66666666
49.33333334
50.0
4.66666666
40.33333334
54.66666666
53.33333334
59.33333333
101.66666667
57.33333333
3.33333333
46.33333333
WT16
19.0
33.0
32.6666666667
43.6666666663
39.666666667
42.333333333
50.333333334
51.0
55.0
53.666666666
51.666666667
52.666666667
37.0
53.666666666
55.666666667
43.333333333
55.666666667
54.333333333
50.666666667
55.333333333
55.333333334
64.333333333
55.0
56.66666667
57.0
59.0
45.33333333
55.66666667
54.66666666
46.66666667
45.0
48.66666667
54.0
49.0
59.0
57.33333333
55.0
53.0
50.0
55.0
48.33333333
53.33333334
51.33333333
51.0
45.33333333
39.66666667
49.0
56.33333333
41.0
14.33333334
19.66666666
52.33333334
44.33333333
41.0
51.66666667
53.0
53.66666666
53.33333334
52.66666666
42.66666667
47.0
53.33333333
45.33333334
41.0
47.33333333
57.66666667
48.33333333
54.33333333
53.66666667
55.66666667
52.66666666
40.66666667
55.66666667
64.33333333
61.0
54.0
52.0
53.66666667
48.33333333
WT17
19.6666666667
33.6666666666
37.6666666667
46.666666667
40.0
54.333333333
48.333333333
42.333333334
56.333333333
52.0
55.333333333
51.0
44.666666667
52.333333333
58.0
45.333333334
51.333333333
56.666666667
52.666666666
56.333333334
46.666666663
61.33333334
51.66666666
51.33333334
54.0
50.0
49.66666666
48.0
55.66666667
54.66666667
50.66666666
49.66666667
54.66666667
45.0
56.0
55.33333333
53.0
44.33333333
47.66666667
49.33333333
55.66666667
50.66666667
64.0
56.66666666
45.0
44.0
56.33333334
58.66666666
41.33333334
1.0
61.0
44.33333333
50.66666667
48.0
57.66666666
46.0
55.0
55.0
56.33333334
39.0
48.66666666
46.0
52.33333334
47.0
57.0
54.33333333
54.0
49.66666667
55.0
54.66666666
44.33333334
36.0
54.0
51.33333333
55.33333333
52.33333334
57.0
55.0
44.0
WT18
18.3333333333
34.6666666667
32.3333333333
46.9999999997
43.0
50.0
49.666666667
48.666666667
52.0
51.333333333
58.333333333
47.333333334
43.333333333
54.0
50.666666667
47.333333333
50.333333333
46.333333334
50.666666666
58.333333334
52.333333333
50.0
49.66666667
57.33333333
52.33333333
55.33333334
46.33333333
50.66666667
52.0
53.66666666
50.33333334
55.0
58.33333333
53.0
49.0
54.0
53.66666667
57.66666666
59.33333334
52.66666666
53.0
58.33333334
47.33333333
60.0
45.33333333
42.0
47.66666667
52.0
41.33333333
6.66666667
39.66666667
48.33333333
52.33333333
46.0
52.66666667
49.0
55.0
48.0
55.66666667
42.33333333
56.0
53.33333333
43.33333334
47.66666666
51.66666667
59.33333333
53.66666667
48.66666667
47.66666666
58.33333334
51.0
37.33333333
53.66666667
58.0
53.0
54.66666666
59.33333334
50.66666666
42.33333334
WT19
21.0
33.6666666667
37.0
50.3333333333
41.666666667
49.0
57.0
50.666666666
43.0
53.666666667
55.0
47.0
42.0
57.666666667
48.0
55.333333333
51.333333333
39.666666667
61.666666667
49.666666666
62.333333337
44.0
55.66666666
42.0
62.66666667
67.0
41.0
56.0
51.0
53.66666667
51.33333333
54.33333333
60.33333334
37.33333333
51.0
48.33333333
75.66666667
52.33333333
54.33333334
39.66666666
42.0
72.33333334
46.66666666
56.33333334
52.33333333
12.33333333
68.33333334
37.66666666
45.33333334
18.33333333
62.66666667
43.0
49.66666666
47.0
47.0
56.66666667
59.33333333
47.33333334
59.66666666
32.66666667
55.0
36.33333333
59.66666667
45.66666667
52.66666666
38.33333334
49.66666666
54.33333334
62.33333333
48.33333333
48.33333334
37.33333333
56.66666667
59.0
47.33333333
60.33333333
55.66666667
70.66666667
41.66666666
WT20
20.0
39.3333333333
34.3333333334
46.6666666663
45.333333334
58.333333333
45.0
42.333333333
56.333333334
49.333333333
55.333333333
49.666666667
40.333333333
50.333333334
53.0
47.333333333
50.0
59.333333333
46.333333334
62.0
41.333333333
68.66666667
45.0
62.0
56.0
35.66666666
63.66666667
40.33333333
61.0
48.33333334
50.66666666
53.66666667
56.33333333
63.33333334
53.33333333
54.0
42.66666667
42.33333333
58.66666667
64.0
58.33333333
30.0
59.66666667
44.0
39.33333333
74.66666667
36.0
58.66666666
33.0
52.0
22.66666667
50.33333333
55.66666667
41.0
54.0
43.0
51.66666667
59.0
47.0
50.66666666
32.33333334
64.66666666
26.33333334
53.33333333
47.0
61.66666667
56.33333333
46.0
46.33333333
60.33333334
42.33333333
46.0
50.0
49.33333333
64.33333334
51.0
62.66666666
40.33333334
40.66666666
WT21
18.6666666667
34.6666666666
31.0
41.9999999997
51.666666667
51.333333333
45.333333334
47.333333333
49.333333333
57.333333334
60.333333333
45.0
48.666666667
32.333333333
64.666666667
51.0
56.333333333
48.666666667
48.666666666
50.333333334
47.333333333
54.0
60.33333333
46.66666667
49.66666667
61.66666666
48.33333334
54.66666666
55.0
41.33333334
49.0
78.33333333
28.33333333
71.66666667
29.66666667
63.33333333
46.0
50.33333333
75.0
36.33333334
50.33333333
54.33333333
81.66666667
20.0
80.33333333
45.0
50.66666667
24.66666667
71.0
20.66666666
27.33333334
53.33333333
22.0
68.66666667
25.66666666
76.0
55.0
45.66666667
31.66666667
45.0
41.66666666
74.33333334
32.66666666
47.33333334
61.0
48.66666666
49.66666667
47.66666667
57.33333333
60.66666667
37.0
31.33333333
65.0
53.0
41.66666667
66.33333333
59.0
53.33333333
23.33333334
WT22
20.6666666667
33.3333333333
27.3333333333
46.6666666667
37.0
51.0
52.666666667
55.666666666
53.666666667
54.333333333
47.666666667
59.333333333
28.333333334
66.0
51.666666666
46.333333334
48.666666666
51.666666667
50.0
55.333333333
53.666666667
51.66666667
41.33333333
62.66666667
55.0
49.66666666
46.33333334
54.33333333
54.33333333
58.66666667
55.0
31.0
80.66666667
31.0
75.0
41.66666666
64.66666667
50.33333333
36.0
67.66666667
54.33333333
54.33333334
30.33333333
85.0
17.33333333
46.0
55.0
77.66666667
18.0
44.66666667
31.66666666
44.66666667
70.0
28.0
70.66666667
21.0
47.66666666
62.0
65.66666667
38.0
48.0
29.33333333
58.33333334
49.0
37.66666666
66.0
56.33333334
52.0
49.66666666
30.0
66.33333334
57.66666666
49.33333334
48.0
62.33333333
35.0
60.66666667
63.33333333
64.33333333
WT23
22.3333333333
33.6666666667
39.0
44.666666667
35.333333333
46.666666667
51.0
49.333333333
55.0
57.0
53.333333333
54.0
35.0
55.666666667
56.0
48.0
55.333333333
49.666666667
45.666666667
57.333333333
42.333333333
51.999999997
49.66666667
48.66666667
55.66666666
57.33333334
47.66666666
54.33333334
58.0
52.33333333
56.33333333
58.0
53.66666667
47.66666667
53.33333333
45.66666667
53.66666666
49.33333334
48.0
52.0
50.0
55.33333333
54.33333333
58.0
42.33333334
38.66666666
54.33333334
49.0
46.66666666
57.66666667
28.66666667
51.0
53.66666666
40.0
50.33333334
46.66666666
64.33333334
39.66666666
50.33333334
45.0
44.33333333
54.66666667
44.66666666
40.33333334
52.66666666
41.33333334
55.66666666
50.0
53.66666667
66.0
47.33333333
33.66666667
50.33333333
63.66666667
61.33333333
53.33333334
65.66666666
34.33333334
41.66666666
WT24
18.6666666667
39.0
35.0
42.0000000003
37.333333333
52.666666667
44.666666666
48.333333334
48.333333333
61.333333333
46.0
49.666666667
36.666666667
52.333333333
57.333333333
45.333333334
61.333333333
51.333333333
49.0
58.333333334
51.0
54.000000003
49.0
56.33333333
52.66666667
47.33333333
48.66666667
49.0
47.33333333
52.0
53.66666667
64.33333333
52.0
48.0
57.66666667
49.33333333
56.33333333
49.0
56.66666667
53.66666667
48.66666666
51.0
51.66666667
50.0
48.33333333
44.33333334
49.66666666
54.33333334
37.66666666
57.66666667
48.66666667
50.33333333
48.66666667
45.33333333
48.66666667
50.0
57.66666666
49.33333334
52.0
41.66666666
45.66666667
51.0
42.0
43.33333333
51.0
53.0
52.33333334
44.33333333
53.66666667
48.33333333
48.66666667
38.66666666
66.33333334
50.0
57.33333333
50.66666667
60.33333333
50.66666667
38.0
WT25
22.3333333333
33.6666666667
33.3333333333
42.6666666667
41.666666667
53.666666666
49.333333334
48.333333333
49.666666667
61.666666666
52.0
52.666666667
44.666666667
47.333333333
53.0
47.666666667
47.0
47.666666666
54.666666667
51.666666667
51.666666666
58.999999997
51.0
48.66666667
61.33333333
48.66666667
50.66666667
49.0
48.0
49.0
48.0
54.66666666
47.0
53.0
58.0
55.66666667
54.66666667
50.66666666
57.0
53.33333334
52.0
53.0
50.33333333
53.0
46.33333333
42.66666667
51.33333333
46.66666667
41.0
65.66666667
35.66666666
44.66666667
48.66666667
47.0
52.0
53.0
54.33333333
62.0
57.66666667
46.0
41.33333333
52.33333333
40.0
44.66666667
59.0
54.0
61.33333333
49.33333334
56.33333333
54.66666667
48.0
38.0
52.33333333
56.66666667
54.0
51.66666666
60.33333334
50.33333333
42.33333333
WT26
18.0
40.6666666667
31.0
48.6666666663
41.666666667
49.666666667
50.333333333
51.0
49.666666667
51.666666666
52.666666667
55.333333333
42.0
51.333333334
54.333333333
46.0
49.333333333
51.666666667
45.0
57.333333333
50.333333334
57.000000003
48.33333333
48.66666667
55.33333333
53.66666667
44.33333333
52.66666667
54.33333333
48.0
60.66666667
55.0
53.0
52.0
49.0
56.0
50.0
52.0
49.66666666
48.0
55.66666667
51.0
55.33333333
52.33333334
45.33333333
40.33333333
48.66666667
47.66666667
42.66666666
21.0
66.33333334
47.0
49.0
41.33333333
54.0
49.33333333
55.66666667
50.33333333
53.33333334
47.33333333
46.0
52.66666667
42.0
48.33333333
47.0
50.66666667
54.33333333
54.66666667
42.66666666
51.0
48.0
41.33333334
53.0
54.33333333
55.33333333
53.0
58.0
50.0
44.0
WT27
21.6666666667
34.6666666666
38.0
44.3333333337
47.333333333
46.333333333
47.333333334
52.333333333
47.666666667
50.0
59.666666666
51.666666667
39.666666667
54.666666666
57.666666667
47.0
51.666666667
54.0
49.0
60.333333333
50.66666667
58.0
51.33333333
49.66666667
54.0
57.66666666
45.0
48.33333334
52.66666666
50.33333334
55.0
55.66666666
54.0
50.0
54.66666667
51.66666667
51.66666666
49.66666667
58.0
52.0
50.66666667
51.0
56.33333333
55.0
43.66666667
41.66666666
53.33333334
54.66666666
47.0
31.33333334
31.33333333
49.0
49.0
46.0
53.33333333
45.0
58.0
52.66666667
53.33333333
43.0
53.0
54.0
41.0
43.0
58.0
50.0
58.66666667
49.33333333
53.33333334
52.33333333
49.0
40.33333333
55.33333334
55.33333333
53.33333333
52.66666667
60.0
52.0
39.33333333
WT28
21.0
35.3333333333
34.3333333334
41.6666666663
43.666666667
38.0
60.333333333
44.333333334
63.666666666
47.666666667
45.0
49.333333333
40.333333334
43.666666666
71.0
37.0
66.0
62.0
32.333333334
73.666666666
29.666666667
79.0
28.66666667
47.33333333
73.66666667
41.66666666
56.33333334
54.0
52.66666666
58.33333334
45.33333333
57.0
46.0
69.33333333
52.33333334
54.0
56.0
43.33333333
57.0
42.33333333
57.66666667
64.33333333
39.0
67.0
40.0
40.66666667
52.33333333
39.33333334
47.0
61.0
5.33333333
47.33333333
71.66666667
28.0
60.66666667
39.33333333
70.66666667
65.66666666
52.33333334
44.0
43.33333333
41.66666667
52.0
50.33333333
47.66666667
59.33333333
41.66666667
68.66666666
55.66666667
40.33333333
41.66666667
65.33333333
51.33333334
34.33333333
76.0
52.0
65.33333333
13.0
81.33333334
WT29
20.3333333333
31.0
35.0
45.3333333337
30.666666666
74.666666667
46.666666667
58.333333333
33.0
47.333333333
62.333333334
52.333333333
41.333333333
59.0
37.333333334
60.0
35.0
39.333333333
73.0
39.666666667
72.666666666
35.333333337
73.33333333
53.66666667
34.66666666
61.33333334
53.0
52.33333333
60.33333333
49.0
51.33333334
59.66666666
63.66666667
35.33333333
56.66666667
60.33333333
54.66666667
52.0
45.0
56.33333333
54.66666667
34.66666667
67.0
43.33333333
56.0
47.33333333
50.33333334
63.0
30.33333333
24.33333333
23.0
46.0
31.33333334
63.66666666
43.33333334
61.0
37.66666666
43.33333334
60.0
42.0
52.0
64.66666666
40.0
43.66666667
59.0
52.33333333
66.66666667
27.0
49.33333333
56.0
61.33333334
20.0
63.66666666
79.66666667
32.66666667
49.66666666
42.66666667
95.33333333
6.0
WT30
21.3333333333
31.0
31.3333333334
48.6666666663
41.0
57.333333334
50.666666666
49.666666667
54.0
57.666666667
36.666666666
71.0
34.0
40.333333334
57.0
48.333333333
33.333333333
72.0
28.0
76.666666667
27.0
54.66666667
81.66666666
42.66666667
65.33333333
49.0
22.33333334
81.33333333
52.66666667
16.0
56.33333333
49.0
92.66666667
49.0
48.66666666
23.33333334
86.33333333
21.66666667
81.33333333
54.66666667
17.33333333
87.33333333
22.33333334
84.0
18.33333333
39.66666667
79.0
23.66666666
69.66666667
32.66666667
25.33333333
45.66666667
50.66666666
46.0
47.0
51.66666667
53.0
47.33333333
56.33333334
37.66666666
42.66666667
66.33333333
43.0
35.33333334
47.33333333
75.0
48.33333333
32.66666667
44.33333333
70.33333334
24.0
65.66666666
55.66666667
18.0
54.0
76.66666667
28.0
47.0
60.66666666
WT31
24.6666666667
36.3333333333
33.0
37.0
49.0
50.666666667
49.666666666
51.0
47.333333334
48.333333333
71.666666667
27.666666666
48.666666667
57.0
44.666666667
45.666666666
67.0
26.666666667
66.333333333
42.666666667
72.666666667
50.666666663
19.0
61.33333334
46.33333333
55.0
85.33333333
22.66666667
52.66666667
77.33333333
52.66666667
57.66666666
13.66666667
57.33333333
53.33333334
88.0
17.66666666
79.66666667
23.0
51.33333333
85.66666667
21.0
84.0
27.0
72.33333333
46.0
21.0
80.0
23.0
61.33333334
47.33333333
47.0
42.33333333
42.66666667
58.66666667
43.66666666
55.0
52.33333334
54.33333333
46.0
49.0
42.33333333
45.33333334
54.66666666
59.0
35.0
58.0
62.33333334
56.66666666
28.33333334
71.66666666
11.33333334
52.33333333
85.66666667
58.0
25.33333333
86.0
50.0
33.33333333
WT32
16.3333333333
32.6666666667
30.3333333333
39.3333333337
49.333333333
54.0
47.333333333
48.333333334
47.333333333
45.333333333
58.0
50.666666667
36.0
55.666666667
52.333333333
50.666666667
49.666666666
48.666666667
54.333333333
57.333333334
47.333333333
59.0
53.0
54.33333333
51.66666667
56.33333333
49.33333334
45.33333333
51.33333333
48.33333334
45.0
57.0
51.66666666
50.0
51.0
48.66666667
57.66666667
49.33333333
56.33333333
49.33333334
48.33333333
51.66666667
51.33333333
50.33333333
37.0
43.66666667
53.0
51.0
43.0
23.33333333
43.0
52.33333334
51.66666666
49.33333334
46.0
52.33333333
56.33333333
48.33333334
49.0
45.33333333
46.66666667
49.66666666
45.0
42.0
46.66666667
54.0
57.66666667
52.66666666
57.66666667
51.0
46.33333333
39.66666667
56.0
53.66666667
59.66666666
55.33333334
57.33333333
55.33333333
47.0
WT33
19.6666666667
32.0
30.6666666666
41.9999999997
45.333333334
50.666666666
54.0
49.666666667
49.0
55.666666667
50.333333333
47.0
39.666666667
52.333333333
58.333333333
50.666666667
49.333333333
52.0
50.666666667
54.333333333
43.0
53.666666667
55.0
58.33333333
56.0
50.0
46.33333334
45.66666666
54.66666667
50.33333333
49.33333334
54.66666666
56.0
52.33333334
55.66666666
54.33333334
55.33333333
52.66666667
52.66666666
49.33333334
52.0
59.0
44.33333333
65.33333333
45.66666667
43.33333333
52.33333334
50.33333333
41.0
21.66666667
23.0
50.66666666
51.33333334
42.33333333
53.33333333
48.33333334
55.0
48.66666666
54.66666667
44.66666667
49.33333333
51.66666667
47.33333333
52.33333333
53.0
52.33333334
58.66666666
56.66666667
48.66666667
52.0
50.66666666
42.33333334
57.33333333
57.33333333
55.0
51.0
62.66666667
57.33333333
42.33333334
WT34
18.3333333333
39.3333333334
40.3333333333
52.0
44.666666667
47.666666666
51.666666667
43.666666667
47.333333333
55.0
56.666666667
48.666666666
37.666666667
52.0
58.0
47.0
49.666666667
50.333333333
46.333333333
59.666666667
45.666666667
56.333333333
50.33333333
57.33333334
50.66666666
55.0
47.66666667
49.33333333
50.66666667
49.0
51.33333333
53.0
49.66666667
55.0
54.0
49.0
50.0
50.33333333
50.0
52.33333334
47.0
56.0
49.33333333
53.66666667
47.0
45.33333333
45.66666667
45.0
37.66666666
34.66666667
41.0
47.66666667
48.33333333
43.33333333
48.66666667
50.0
51.66666667
55.0
57.33333333
44.66666667
50.33333333
53.66666667
47.0
47.33333333
50.33333333
50.0
53.33333334
51.66666666
52.0
56.33333334
49.33333333
45.0
57.0
47.0
53.66666667
48.66666666
57.33333334
48.66666666
40.0
WT35
20.6666666667
38.6666666666
30.3333333334
42.6666666663
36.333333334
52.333333333
49.333333333
52.333333334
43.666666666
50.0
50.0
51.666666667
41.666666667
54.0
54.0
55.333333333
51.333333333
51.666666667
51.333333333
56.333333334
45.666666666
51.333333337
55.0
59.33333333
55.0
51.0
46.0
52.0
54.0
56.0
50.0
50.66666667
53.66666666
53.33333334
55.33333333
48.0
59.0
46.33333333
49.66666667
48.66666667
56.66666666
51.0
55.33333334
54.0
44.33333333
45.33333333
60.33333334
49.66666666
39.33333334
34.0
24.0
46.33333333
52.33333333
37.0
53.33333334
45.33333333
56.0
56.0
56.33333333
41.33333334
52.33333333
46.0
44.0
47.33333333
54.33333334
50.33333333
50.0
52.66666667
54.33333333
53.33333333
48.66666667
33.0
57.0
61.33333333
55.66666667
55.33333333
61.0
51.33333334
45.0
WT36
20.3333333333
32.3333333334
37.6666666666
45.6666666667
41.333333333
51.333333334
55.0
50.333333333
45.333333333
52.333333334
63.333333333
47.0
42.666666667
47.666666666
52.333333334
44.666666666
47.666666667
45.666666667
45.0
57.666666666
54.666666667
60.33333333
55.0
51.0
54.0
55.66666667
52.33333333
46.0
59.0
53.0
55.66666667
59.66666667
52.33333333
49.0
60.33333333
51.0
57.33333334
51.66666666
52.66666667
56.0
46.33333333
53.66666667
53.0
52.66666667
46.33333333
47.0
54.66666667
51.0
45.0
12.33333333
50.0
50.33333333
46.33333334
46.0
49.66666666
52.0
53.33333334
54.66666666
52.0
42.0
50.33333334
54.66666666
41.66666667
46.0
58.66666667
53.0
53.0
48.66666666
47.0
46.0
48.33333334
37.33333333
53.33333333
52.33333334
54.66666666
59.66666667
59.0
52.66666667
45.66666666
WT37
23.3333333333
37.0
32.3333333334
41.6666666663
40.666666667
52.0
45.0
43.333333333
47.0
53.666666667
57.666666667
51.666666666
42.333333334
50.666666666
49.0
46.666666667
45.333333333
54.666666667
53.666666667
59.333333333
46.0
57.0
45.66666667
48.66666666
58.33333334
54.66666666
45.66666667
52.66666667
52.66666666
47.66666667
54.66666667
59.66666666
55.33333334
50.0
48.33333333
52.33333333
57.0
48.0
56.0
51.0
54.66666667
47.66666667
53.66666666
49.33333334
42.33333333
44.0
47.33333333
49.66666667
47.0
54.0
20.33333333
46.66666667
47.0
42.33333333
53.0
52.66666667
55.33333333
49.66666667
54.66666667
44.33333333
46.66666667
45.33333333
49.0
46.66666667
52.0
49.0
55.66666666
49.66666667
44.66666667
53.66666666
51.0
36.66666667
60.0
49.33333333
66.33333334
49.33333333
60.66666667
52.66666666
42.33333334
WT38
19.3333333333
36.3333333334
38.3333333333
46.0
41.666666667
53.666666666
49.0
49.666666667
49.333333333
54.333333334
42.666666666
53.333333334
48.0
49.333333333
48.333333333
42.333333334
53.0
56.0
41.333333333
62.0
47.0
79.0
51.66666667
51.33333333
52.0
29.33333333
84.0
41.0
56.33333334
41.66666666
49.0
56.0
55.66666667
78.66666667
16.66666666
81.0
56.66666667
27.33333333
69.66666667
42.33333333
48.66666667
54.0
44.33333333
47.0
75.33333334
18.0
47.0
49.66666666
67.33333334
2.33333334
56.33333334
59.33333333
31.33333333
55.33333334
50.33333333
54.33333333
48.66666667
73.33333333
27.66666667
73.0
17.33333333
63.33333334
32.33333333
67.66666667
36.0
46.33333333
52.0
44.66666667
50.66666666
50.66666667
80.33333333
18.0
41.33333334
105.33333333
61.33333333
31.0
58.0
53.33333334
62.33333333
WT39
18.3333333333
34.3333333334
32.3333333333
46.0
42.333333333
57.333333334
54.666666666
47.666666667
54.666666667
48.333333333
54.666666667
44.333333333
36.333333333
50.333333334
53.333333333
55.0
50.666666667
44.333333333
71.666666667
53.0
48.0
31.000000003
61.0
53.33333333
56.0
77.66666667
16.33333333
63.66666667
52.66666666
68.33333334
52.66666666
51.33333334
55.33333333
32.66666667
87.66666666
17.0
55.33333334
64.33333333
44.0
58.0
57.33333333
53.0
57.66666667
55.33333333
20.33333334
63.0
54.33333333
53.0
14.66666667
67.33333333
4.33333333
30.66666666
94.0
41.33333334
47.0
21.33333333
85.66666667
10.33333333
107.33333333
9.66666666
73.33333333
59.33333333
58.0
20.66666667
68.33333333
60.66666667
35.0
71.33333333
33.33333334
49.66666666
15.33333334
58.66666666
102.66666667
4.0
20.33333333
82.33333334
63.33333333
44.0
26.33333333
WT40
18.6666666667
37.6666666666
31.3333333334
44.0000000003
36.333333333
47.333333333
48.666666667
49.333333333
47.0
50.666666667
56.666666667
52.666666666
40.666666667
54.0
52.333333333
47.666666667
55.333333333
52.333333334
48.333333333
59.666666667
46.333333333
67.0
54.33333333
50.33333334
62.0
56.33333333
53.66666667
47.0
56.0
49.66666666
50.0
62.33333334
56.33333333
56.66666667
58.0
58.0
58.0
58.0
56.66666666
56.33333334
49.0
55.0
54.33333333
50.0
41.33333333
41.66666667
51.0
52.0
43.33333333
22.66666667
30.0
48.0
23.33333333
49.33333334
53.0
72.33333333
34.33333333
78.66666667
32.0
64.0
44.0
32.33333333
43.66666667
41.66666667
53.66666666
54.33333334
76.33333333
28.66666667
77.33333333
53.0
49.0
38.33333333
27.66666667
54.0
99.0
60.66666667
55.66666666
52.33333334
45.33333333
WT41
22.6666666667
34.6666666666
33.0
42.3333333337
41.666666666
50.333333334
41.333333333
47.666666667
54.0
50.333333333
53.666666667
54.0
42.0
55.333333333
59.333333333
52.666666667
51.333333333
55.333333334
54.666666666
53.333333334
51.333333333
59.0
51.33333333
55.66666667
51.33333333
57.33333334
48.66666666
46.66666667
52.33333333
50.33333334
51.33333333
55.66666667
53.66666666
46.0
54.33333334
53.66666666
52.0
54.66666667
51.66666667
48.33333333
47.33333333
51.66666667
51.33333333
52.66666667
45.33333333
44.33333334
53.33333333
50.33333333
45.33333334
5.33333333
31.66666667
44.66666666
53.33333334
50.0
50.66666666
47.0
48.66666667
58.0
54.66666667
40.66666666
45.0
47.66666667
46.33333333
42.66666667
53.33333333
50.33333334
49.33333333
47.66666667
52.33333333
57.33333333
51.0
37.66666667
51.0
58.0
55.66666667
59.66666666
58.33333334
51.0
39.66666666
WT42
24.6666666667
32.0
30.6666666666
51.9999999997
44.333333334
51.0
50.333333333
48.333333333
48.666666667
53.0
54.333333333
55.666666667
31.333333333
50.333333334
55.0
47.666666666
56.0
50.666666667
44.666666667
51.333333333
52.666666667
60.333333333
52.33333333
57.33333334
54.33333333
48.66666667
46.33333333
47.66666667
52.33333333
51.33333333
50.33333334
50.0
49.0
53.0
55.33333333
53.0
56.66666667
47.33333333
53.33333333
51.0
55.66666667
54.66666667
54.66666666
50.66666667
49.33333333
40.33333334
46.33333333
50.33333333
40.33333334
7.66666667
32.66666667
48.0
48.66666666
50.33333334
48.33333333
45.66666667
54.33333333
51.33333333
59.0
43.33333334
44.33333333
57.0
49.33333333
44.66666667
53.33333333
59.0
54.66666667
48.0
52.0
48.33333333
48.33333334
39.33333333
47.66666667
58.66666666
56.0
50.33333334
56.0
58.66666666
47.0
WT43
18.0
36.0
37.6666666667
47.0000000003
43.0
48.666666666
48.666666667
51.666666667
50.0
47.666666666
54.666666667
57.333333333
37.333333334
50.333333333
55.0
48.0
47.666666667
43.666666666
46.666666667
62.333333333
45.333333334
52.333333333
56.66666667
49.33333333
59.0
49.33333333
48.66666667
49.66666667
54.0
51.0
48.66666666
53.66666667
59.33333333
50.0
54.33333334
55.66666666
53.66666667
51.0
59.0
52.66666667
58.33333333
51.0
54.0
55.0
49.0
43.33333333
47.0
52.33333334
42.33333333
42.0
30.33333333
48.33333334
26.33333333
45.33333333
54.33333334
48.33333333
54.66666667
81.33333333
23.0
70.66666667
49.33333333
45.33333333
7.66666667
80.0
58.33333333
16.0
54.33333334
83.33333333
25.0
84.33333333
24.0
39.33333334
85.0
51.66666666
29.33333334
51.0
58.0
82.0
45.66666666
WT44
21.3333333333
34.0
40.6666666667
43.333333333
40.0
52.0
55.333333334
46.666666666
48.333333334
53.333333333
54.666666667
56.666666666
41.0
49.333333334
61.0
47.333333333
51.333333333
49.666666667
49.666666667
57.0
42.0
54.000000003
50.33333333
52.66666667
58.0
49.33333333
53.0
56.33333333
53.66666667
50.66666667
49.66666666
55.0
54.0
55.66666667
51.33333333
54.0
61.33333334
53.0
57.33333333
48.0
50.66666667
55.0
53.0
48.0
47.66666666
43.66666667
48.0
50.66666667
47.0
9.33333333
30.33333333
49.33333334
75.0
46.66666666
44.0
54.0
59.0
29.66666667
87.0
10.33333333
48.0
50.33333334
75.66666666
11.66666667
50.66666667
84.66666666
54.66666667
22.66666667
93.33333333
19.33333333
80.0
39.66666667
21.33333333
52.0
89.0
48.33333334
60.33333333
20.66666667
41.33333333
WT45
23.3333333333
40.6666666667
33.3333333333
39.6666666667
34.666666667
50.666666666
47.0
51.666666667
52.666666667
47.333333333
50.666666667
44.0
37.666666666
47.666666667
54.333333333
47.666666667
47.0
46.0
48.333333333
60.666666667
53.333333333
63.666666667
54.33333333
56.66666667
58.66666667
55.0
51.33333333
50.0
52.33333333
51.33333334
47.0
51.33333333
51.33333333
50.66666667
56.33333333
53.33333334
56.66666666
46.0
56.33333334
48.33333333
53.66666667
45.0
46.0
50.33333333
40.66666667
43.33333333
48.33333333
51.33333334
42.0
59.33333333
33.33333333
46.0
53.66666667
45.66666667
49.33333333
58.0
54.0
49.0
55.33333333
51.66666667
53.66666667
52.0
47.33333333
47.66666667
46.0
51.66666666
55.66666667
47.66666667
56.66666666
51.33333334
49.0
33.33333333
50.33333333
50.0
51.66666667
53.33333333
52.0
45.0
46.33333334
WT46
18.3333333333
34.3333333334
37.3333333333
47.666666667
45.0
54.666666666
47.0
55.666666667
48.666666667
59.0
48.0
53.333333333
47.666666667
49.333333333
54.0
44.333333333
53.666666667
44.0
55.0
55.0
51.0
55.33333333
54.0
46.66666667
51.66666667
55.33333333
53.33333333
47.33333334
48.0
50.0
50.0
47.0
56.33333333
47.0
46.66666667
56.0
57.66666666
56.33333334
54.0
50.33333333
58.0
55.33333333
54.66666667
54.0
47.66666667
42.66666666
47.33333334
48.33333333
45.0
13.0
34.33333333
54.0
54.66666667
45.66666667
50.0
51.33333333
51.33333333
48.33333334
51.66666666
38.66666667
43.33333333
50.33333334
48.0
43.33333333
50.33333333
52.66666667
55.0
49.66666667
59.0
49.66666666
47.66666667
40.0
55.66666667
53.0
56.66666666
54.33333334
61.0
50.66666666
44.33333334
WT47
18.6666666667
32.6666666666
35.0
43.6666666667
45.0
49.333333333
51.666666667
51.666666667
49.0
51.666666666
50.0
51.666666667
39.333333333
56.333333334
53.333333333
53.333333333
49.666666667
49.666666667
50.333333333
57.333333333
52.666666667
51.33333333
50.66666667
54.33333333
54.0
56.0
53.0
53.0
56.0
53.0
53.66666667
59.33333333
56.0
53.0
55.33333334
56.33333333
55.66666667
53.0
53.33333333
54.33333333
55.0
51.66666667
48.33333333
59.66666667
45.0
39.66666667
53.33333333
61.0
48.0
0.0
35.33333333
49.0
45.66666667
49.66666667
47.66666666
54.0
58.0
51.33333334
46.33333333
47.66666667
44.66666666
49.66666667
47.0
49.33333333
54.0
57.33333334
60.66666666
47.0
52.66666667
57.66666667
50.66666666
36.0
53.33333334
56.66666666
60.0
54.0
62.0
50.33333334
43.66666666
WT48
16.0
29.6666666667
31.0
40.6666666663
40.666666667
53.666666667
49.666666666
49.333333334
46.0
53.0
50.0
53.666666666
41.333333334
54.333333333
54.0
48.666666667
51.666666666
45.0
47.333333334
56.666666666
52.333333334
49.666666663
52.66666667
45.66666667
58.0
56.0
48.0
51.33333333
52.66666667
48.66666666
49.33333334
62.66666666
48.33333334
51.66666666
55.0
48.0
58.0
51.0
58.33333334
51.33333333
50.33333333
53.33333334
52.66666666
59.33333334
44.66666666
43.33333334
46.66666666
51.0
48.66666667
108.5
41.5
47.0
42.5
45.5
62.0
55.5
58.0
63.5
57.0
43.5
49.5
56.5
41.5
53.0
64.5
52.0
61.5
56.5
57.0
50.0
51.5
35.5
56.5
54.5
68.5
45.5
67.0
51.0
56.5
WT49
23.3333333333
33.3333333334
31.0
44.3333333333
37.666666667
52.0
46.333333333
52.0
50.333333333
59.666666667
61.333333333
45.0
38.333333334
56.0
53.666666666
49.0
48.666666667
45.0
55.666666667
58.333333333
50.0
52.66666667
49.66666666
50.0
66.33333334
54.66666666
52.66666667
52.33333333
53.66666667
51.0
54.33333333
51.33333334
54.33333333
51.0
52.33333333
52.66666667
50.33333333
44.66666667
59.0
52.33333333
50.0
47.0
46.0
50.0
48.66666667
41.33333333
56.33333334
50.33333333
40.33333333
109.66666667
35.5
49.5
47.5
39.5
55.5
52.0
59.0
50.5
53.5
43.5
48.0
54.5
36.5
47.0
58.5
47.0
64.5
54.0
50.5
48.0
52.0
35.5
59.5
57.5
59.5
55.0
66.5
44.0
54.0
WT50
20.0
35.3333333333
28.3333333334
41.6666666663
41.0
50.666666667
52.0
58.0
47.666666667
59.666666666
53.333333334
48.333333333
40.0
49.0
52.666666667
47.0
48.666666666
47.333333334
50.0
61.666666666
49.333333334
55.000000003
55.0
54.0
54.66666666
53.0
55.33333334
52.33333333
51.33333333
48.0
50.33333334
54.33333333
49.33333333
49.33333334
56.0
57.0
63.33333333
44.0
51.33333333
56.33333334
49.66666666
50.33333334
49.0
52.66666666
47.66666667
48.33333333
53.33333334
53.33333333
42.66666667
118.33333333
33.5
51.5
48.5
38.0
63.0
58.0
59.0
55.5
51.5
38.5
50.0
62.5
49.0
44.0
56.0
54.5
56.0
61.5
52.5
44.5
47.0
33.0
52.0
57.0
61.5
51.5
63.5
56.5
55.0
WT51
19.6666666667
31.6666666666
31.6666666667
46.0
44.666666667
51.666666666
49.0
47.0
54.666666667
55.666666667
46.666666666
47.0
39.333333334
51.666666666
55.0
49.333333334
50.333333333
51.666666667
48.0
59.0
46.333333333
56.0
54.33333333
52.0
50.66666667
55.0
49.33333333
51.0
53.0
51.0
47.66666667
49.66666667
67.33333333
54.33333333
51.66666667
52.33333333
55.0
51.0
56.0
47.0
53.33333334
55.0
54.66666666
53.0
43.0
44.66666667
49.0
50.33333333
44.66666667
54.66666667
43.66666666
48.33333334
47.66666666
44.0
50.0
51.66666667
61.33333333
52.33333334
51.66666666
41.0
55.0
52.0
34.33333334
43.33333333
54.33333333
55.0
50.66666667
52.0
53.0
51.33333333
52.33333334
43.66666666
59.0
52.33333334
58.66666666
55.33333334
63.0
43.0
51.0
WT52
18.6666666667
34.0
36.6666666666
43.3333333337
41.666666666
51.0
52.0
59.666666667
47.666666667
53.0
54.666666666
52.666666667
36.333333333
55.0
49.666666667
52.333333333
46.333333334
52.333333333
51.666666667
57.666666666
47.333333334
57.333333333
49.66666667
51.0
55.66666666
49.0
46.66666667
46.33333333
54.0
53.33333334
52.33333333
51.33333333
54.33333334
50.0
56.33333333
64.0
52.0
50.66666667
51.33333333
51.0
52.33333333
53.33333334
54.66666666
51.33333334
47.66666666
44.66666667
48.0
54.66666667
45.33333333
34.66666667
42.33333333
49.33333333
52.66666667
51.0
51.0
53.33333333
56.0
54.66666667
53.33333333
41.66666667
49.33333333
58.66666667
44.0
44.66666667
51.33333333
54.0
49.33333333
53.33333334
55.0
47.33333333
49.33333333
41.66666667
58.0
48.33333333
57.33333334
52.66666666
56.33333334
41.0
55.0
WT53
18.6666666667
34.6666666666
35.6666666667
46.666666667
39.0
52.333333333
48.0
49.666666667
51.333333333
54.666666667
55.0
50.666666666
43.333333334
52.333333333
58.666666667
42.0
48.0
45.666666666
53.666666667
55.333333333
48.333333334
58.000000003
57.66666666
47.66666667
52.33333333
54.66666667
54.0
46.0
54.66666667
50.66666666
46.0
53.66666667
52.66666667
50.0
52.0
51.0
54.33333333
43.0
46.33333333
51.66666667
50.33333333
48.33333334
47.66666666
53.66666667
41.33333333
43.0
48.66666667
46.66666667
42.0
34.66666666
43.66666667
52.66666667
50.0
47.66666666
47.66666667
56.0
56.66666667
57.33333333
54.66666667
50.0
45.66666666
51.33333334
42.0
48.0
55.66666666
55.33333334
50.33333333
54.33333333
57.0
46.0
50.66666667
41.66666667
59.0
53.66666666
55.0
52.0
58.33333334
40.66666666
49.33333334
WT54
21.0
35.6666666667
38.6666666666
43.9999999997
37.666666667
47.0
51.666666667
45.0
43.333333333
55.333333333
56.666666667
50.0
39.0
50.333333333
57.666666667
48.333333333
49.666666667
53.0
52.666666667
59.333333333
52.666666667
54.000000003
48.0
55.33333333
63.66666667
50.33333333
50.0
50.33333333
54.33333334
51.66666666
54.33333334
53.33333333
53.0
49.0
54.0
53.66666667
54.66666666
54.66666667
50.33333333
48.33333334
49.66666666
53.0
60.0
56.66666667
41.66666667
43.66666666
46.0
51.0
42.0
13.33333334
40.33333333
48.66666667
43.0
42.33333333
53.0
53.0
56.33333333
54.33333334
52.0
43.33333333
45.33333333
57.0
42.66666667
47.66666667
51.0
48.66666666
56.33333334
52.33333333
61.33333333
48.66666667
52.33333333
37.33333334
59.0
52.66666666
56.66666667
59.0
57.66666667
44.33333333
52.0
WT55
20.3333333333
32.0
37.3333333334
39.3333333333
43.333333333
50.333333334
50.666666666
49.666666667
45.666666667
64.666666666
43.666666667
51.666666667
47.666666666
50.666666667
44.0
59.0
44.666666667
56.333333333
51.0
42.666666667
42.333333333
76.66666667
42.0
64.66666666
54.66666667
43.0
54.66666667
49.66666666
52.0
42.66666667
41.0
64.33333333
62.33333334
51.66666666
50.33333334
48.33333333
72.0
39.33333333
62.66666667
49.0
31.0
55.33333333
56.0
46.33333334
41.0
24.0
95.66666666
5.66666667
47.0
72.33333333
24.66666667
45.0
49.0
39.66666667
51.66666666
77.0
53.33333334
19.33333333
67.66666667
31.33333333
63.0
79.33333333
2.33333334
58.0
94.0
10.33333333
89.0
43.0
52.33333333
46.66666667
55.33333333
50.33333334
18.0
93.66666666
22.33333334
52.66666666
73.66666667
43.66666667
52.0
WT56
21.3333333333
31.0
35.3333333334
42.6666666663
36.333333334
53.333333333
49.666666667
50.0
55.666666666
44.0
64.666666667
51.666666667
35.0
49.666666666
65.333333334
30.0
59.333333333
39.666666667
49.333333333
75.666666667
53.333333333
28.66666667
73.33333333
43.33333333
56.0
67.33333334
41.66666666
49.0
59.33333334
45.0
57.66666666
47.0
51.33333334
52.0
49.66666666
57.66666667
37.0
56.33333333
47.33333334
49.0
66.33333333
56.33333333
38.0
55.0
44.66666667
63.66666667
10.66666666
92.0
44.66666667
7.66666667
64.66666666
54.33333334
41.33333333
49.33333333
45.33333334
27.0
62.0
81.33333333
42.0
57.66666667
43.0
31.33333333
72.33333333
42.33333334
15.33333333
94.0
18.0
57.66666667
59.66666666
51.0
53.33333334
22.33333333
95.0
21.66666667
94.0
49.66666666
42.33333334
41.33333333
53.0
WT57
19.6666666667
33.3333333333
29.6666666667
43.3333333333
39.333333333
54.333333334
44.666666666
56.333333334
48.333333333
55.0
50.0
50.666666667
40.0
48.0
62.333333333
46.0
52.0
44.666666667
51.666666666
55.333333334
50.666666666
51.666666667
52.66666667
49.33333333
52.66666667
55.0
53.66666666
54.66666667
55.0
47.33333333
52.0
52.66666667
58.0
49.66666667
55.66666666
53.33333334
51.66666666
49.66666667
58.66666667
50.66666666
55.0
51.33333334
50.33333333
50.33333333
46.66666667
44.0
54.33333333
45.0
51.0
56.66666667
40.0
47.33333333
50.33333334
38.0
47.0
55.0
55.66666666
54.33333334
55.33333333
43.66666667
50.33333333
53.0
40.33333333
48.0
55.66666667
48.33333333
50.66666667
62.66666667
51.33333333
55.66666667
52.33333333
36.0
49.0
63.33333333
55.33333334
54.0
59.33333333
43.0
53.33333333
WT58
22.3333333333
29.6666666667
36.3333333333
41.6666666667
39.333333333
49.333333334
47.333333333
47.0
52.0
49.666666667
53.666666666
54.333333334
39.666666666
54.333333334
52.333333333
44.0
49.0
48.333333333
50.0
51.333333334
49.333333333
51.0
52.33333333
50.33333334
50.33333333
50.0
53.66666667
52.66666666
52.66666667
49.66666667
45.66666666
59.33333334
50.33333333
51.33333333
54.0
54.33333334
52.66666666
44.0
49.33333334
52.66666666
55.66666667
54.33333333
47.33333334
55.33333333
48.66666667
45.0
55.66666666
50.33333334
42.33333333
59.33333333
51.0
53.33333334
51.0
45.33333333
47.33333333
53.0
56.33333334
51.0
54.33333333
40.33333333
51.0
54.0
41.33333334
41.66666666
50.0
54.0
51.66666667
48.0
54.66666667
53.0
56.0
41.33333333
54.33333333
54.0
57.66666667
60.66666667
62.33333333
46.33333333
57.33333334
WT59
21.6666666667
32.6666666666
27.6666666667
46.666666667
44.333333333
53.666666667
50.333333333
53.666666667
48.666666666
49.0
56.666666667
63.333333333
35.666666667
50.333333333
59.666666667
43.333333333
55.333333334
42.666666666
55.0
49.333333334
62.333333333
56.66666667
30.33333333
64.0
47.33333333
52.33333334
51.66666666
62.66666667
53.33333333
33.66666667
52.0
83.33333333
58.0
51.33333334
37.33333333
29.66666667
97.0
4.66666667
114.66666667
16.33333334
92.0
24.33333334
66.33333333
20.66666667
125.33333333
13.0
66.33333333
41.33333334
41.66666666
11.66666667
74.0
85.33333333
12.66666666
71.0
12.33333333
137.33333333
14.33333333
77.33333333
91.0
29.66666667
5.0
50.0
53.0
101.66666667
25.66666666
79.33333334
52.0
14.0
52.33333333
111.33333333
19.66666667
23.33333333
66.66666667
77.0
11.0
101.33333333
32.66666667
47.33333333
46.33333334
WT60
20.6666666667
27.6666666666
39.6666666667
45.0
45.0
49.666666667
52.0
49.333333333
57.666666667
48.0
57.0
49.0
45.666666666
51.333333334
47.333333333
53.333333333
45.333333334
60.333333333
43.0
60.333333333
36.666666667
55.0
67.66666667
38.0
66.33333333
59.0
44.0
47.33333333
49.66666667
57.66666667
52.66666666
32.66666667
50.0
57.66666667
71.0
80.33333333
8.0
97.33333333
8.33333333
114.0
14.33333333
78.0
36.66666667
87.0
28.33333333
76.66666666
40.33333334
63.66666666
42.66666667
89.66666667
14.66666666
12.0
109.66666667
16.66666667
90.0
26.66666667
126.66666667
27.66666666
14.0
48.66666667
100.66666667
60.0
30.33333333
4.33333333
83.33333333
23.33333333
51.33333334
108.33333333
54.66666667
15.33333334
80.66666667
49.0
42.33333333
27.0
106.66666667
4.66666667
86.66666666
42.66666667
57.0
WT61
21.0
33.3333333333
34.0
43.3333333337
43.0
51.666666666
51.333333334
48.333333333
48.333333333
49.666666667
60.0
49.333333333
38.666666667
51.333333333
53.666666667
48.0
47.0
55.666666667
50.333333333
56.333333333
49.0
53.333333337
55.33333333
47.66666667
51.66666666
50.66666667
53.0
55.66666667
57.33333333
51.66666667
49.33333333
46.66666667
52.33333333
57.66666667
55.66666666
52.33333334
63.0
52.0
49.33333333
51.33333333
56.0
51.33333334
52.0
53.0
46.0
41.33333333
51.66666667
49.66666666
46.66666667
41.33333333
44.33333334
48.0
46.33333333
50.66666667
41.0
52.33333333
58.66666667
58.66666666
56.33333334
42.66666666
45.33333334
59.33333333
40.33333333
47.66666667
55.33333333
52.0
49.0
46.33333334
58.0
46.0
49.33333333
36.33333333
56.0
50.33333334
56.66666666
55.0
58.0
43.66666667
54.33333333
WT62
21.3333333333
41.3333333334
35.6666666666
41.9999999997
35.666666667
48.333333333
48.666666667
49.0
50.666666667
51.0
54.0
47.0
42.333333333
49.666666667
55.666666666
53.0
53.0
51.0
50.0
52.333333334
54.0
58.000000003
49.66666666
51.0
54.33333334
56.33333333
51.66666667
50.0
54.66666666
52.66666667
52.66666667
52.0
56.0
54.33333333
48.66666667
54.33333333
51.33333333
48.66666667
53.33333333
45.0
51.33333334
51.66666666
52.0
47.66666667
43.0
44.66666667
52.0
57.0
44.0
55.33333333
40.33333333
60.0
29.66666667
41.66666667
42.66666666
48.0
59.33333334
55.33333333
69.0
32.33333333
48.33333334
58.33333333
33.66666667
50.66666666
54.33333334
49.33333333
56.0
46.0
58.33333333
46.33333334
56.0
51.0
44.0
58.33333333
55.0
48.66666667
59.66666666
40.0
58.33333334
WT63
21.3333333333
32.6666666667
38.0
44.666666667
43.666666666
55.0
50.0
49.0
46.333333334
50.666666666
52.666666667
58.666666667
38.666666666
49.0
49.333333334
47.0
51.0
50.666666666
49.333333334
56.666666666
55.0
57.666666667
49.0
52.66666667
57.0
52.33333333
48.33333333
55.66666667
55.0
55.0
53.33333333
49.0
52.33333334
56.0
52.66666666
57.33333334
53.33333333
52.66666667
53.0
54.0
48.33333333
53.0
48.66666667
54.33333333
48.66666667
47.0
51.66666666
49.66666667
40.0
46.33333333
43.66666667
43.33333333
58.0
43.33333334
48.66666666
54.33333334
54.66666666
49.33333334
39.33333333
51.33333333
54.33333334
51.66666666
42.66666667
51.0
54.0
50.66666667
49.33333333
54.0
49.33333333
53.0
51.66666667
28.66666667
68.66666666
41.66666667
56.33333333
55.0
52.33333334
53.33333333
43.0
