WT0
41.0
59.666666667
70.0
69.0
69.0
77.666666666
79.333333334
91.0
91.0
101.666666666
95.0
75.0
118.999999997
80.0
79.66666667
76.0
90.66666667
94.33333333
73.0
101.33333333
84.0
73.66666667
85.0
88.33333333
92.66666667
96.33333333
111.66666667
83.0
81.0
68.66666667
87.0
112.33333333
92.0
79.33333333
98.0
112.33333334
80.33333333
84.0
102.33333333
95.0
53.33333334
109.33333333
72.0
93.33333333
115.0
75.0
99.0
109.0
89.0
100.33333334
70.66666666
77.33333334
104.66666666
94.0
66.33333334
81.33333333
103.0
112.33333333
82.33333334
76.66666666
66.66666667
104.66666667
83.33333333
112.0
97.33333333
95.0
64.0
92.33333334
106.33333333
65.0
121.66666667
56.33333333
114.66666667
75.33333333
79.33333333
101.66666667
75.0
108.33333333
84.66666667
WT1
43.6666666667
52.0
78.0000000003
69.666666666
67.666666667
75.0
80.666666667
89.666666666
81.666666667
87.666666667
98.666666666
118.333333334
73.000000003
100.33333333
94.66666667
50.0
101.66666666
83.0
100.0
74.33333334
100.33333333
92.0
88.66666667
86.66666666
92.0
86.66666667
70.0
92.0
91.66666667
97.33333333
85.33333333
77.0
87.33333334
119.33333333
97.0
71.0
116.33333333
88.66666667
60.66666667
87.33333333
99.33333333
68.0
120.66666667
96.33333333
62.0
122.33333334
97.66666666
84.0
93.66666667
75.66666667
120.33333333
98.66666667
69.33333333
81.66666667
114.66666666
77.66666667
85.0
53.33333333
91.0
105.33333334
101.66666666
76.66666667
109.66666667
78.33333333
74.66666667
92.33333333
102.0
93.66666667
81.33333333
108.66666667
57.33333333
120.0
63.66666667
100.0
103.66666666
73.66666667
98.0
63.66666667
84.0
WT2
42.0
54.6666666667
69.6666666663
71.333333334
68.666666666
76.0
79.333333334
88.333333333
84.666666667
92.333333333
99.666666667
95.333333333
97.0
89.66666667
80.0
65.66666666
91.33333334
86.0
92.33333333
88.0
94.0
79.66666667
85.33333333
86.33333333
91.66666667
91.33333333
91.0
87.66666667
85.66666667
86.66666666
88.33333334
90.66666666
93.66666667
96.33333333
100.0
87.66666667
96.33333333
85.66666667
84.0
92.66666667
74.66666666
90.0
91.0
91.66666667
87.66666667
92.0
96.33333333
98.33333333
92.0
87.33333334
92.66666666
90.33333334
89.66666666
87.33333334
90.66666666
79.0
90.0
78.0
91.0
93.0
82.33333334
89.0
95.66666666
94.33333334
88.66666666
92.66666667
79.33333333
93.0
92.66666667
88.0
89.0
87.33333333
91.33333334
86.66666666
91.66666667
87.0
83.66666667
88.0
89.66666666
WT3
40.6666666667
55.3333333333
71.333333333
73.333333334
69.666666666
77.666666667
82.333333333
88.0
81.666666667
93.333333333
91.333333334
95.0
101.333333333
91.33333333
84.66666667
64.66666667
92.66666666
91.66666667
87.0
90.0
89.33333333
85.0
91.33333334
87.66666666
96.0
88.33333334
93.0
84.33333333
87.0
83.0
88.0
90.33333333
92.33333334
99.0
95.66666666
94.33333334
102.66666666
85.33333334
82.33333333
93.66666667
72.66666666
89.0
94.0
86.66666667
85.0
92.66666667
100.66666666
92.33333334
94.33333333
87.33333333
93.33333334
91.0
87.33333333
86.66666667
90.0
80.66666666
90.0
82.33333334
89.0
93.66666666
86.33333334
91.33333333
102.66666667
96.0
85.66666666
94.0
81.33333334
92.0
93.66666666
89.0
92.66666667
84.33333333
95.0
86.33333334
89.33333333
83.33333333
85.0
89.0
84.66666667
WT4
39.0
54.3333333333
73.6666666667
74.333333333
72.333333334
80.333333333
79.666666667
89.0
82.0
96.666666666
92.333333334
96.333333333
98.66666667
90.33333333
84.0
64.0
91.33333333
88.66666667
88.0
85.33333333
90.33333334
81.66666666
89.0
88.33333334
92.33333333
89.33333333
88.66666667
84.66666667
84.66666666
84.33333334
88.33333333
88.0
90.0
94.66666667
100.33333333
88.33333333
97.33333334
84.33333333
84.0
92.33333333
75.0
88.0
93.33333334
92.33333333
87.33333333
94.66666667
102.0
94.66666667
93.0
87.0
90.0
88.33333333
87.0
87.33333333
90.0
80.66666667
92.66666667
78.0
91.33333333
96.0
82.0
89.66666667
102.66666666
95.66666667
83.66666667
93.0
82.0
96.0
92.0
86.66666666
91.33333334
88.33333333
97.33333333
84.33333334
92.66666666
89.33333334
87.66666666
92.33333334
84.33333333
WT5
45.0
51.3333333333
71.9999999997
73.0
70.333333334
79.0
82.333333333
87.0
83.666666667
99.0
92.333333333
94.666666667
97.000000003
93.0
82.0
63.33333333
95.0
88.66666667
86.66666666
90.33333334
90.66666666
83.33333334
88.0
86.0
94.0
90.66666666
91.0
86.0
85.66666667
82.66666667
87.33333333
95.33333333
88.66666667
95.66666667
99.0
95.0
98.0
84.66666666
81.66666667
91.66666667
75.0
87.33333333
88.33333333
93.33333334
85.33333333
96.0
102.0
89.33333333
92.66666667
86.66666667
97.0
90.0
89.33333333
90.33333333
89.66666667
83.33333333
93.33333334
79.66666666
86.33333334
91.33333333
83.66666667
95.0
103.66666666
90.66666667
83.33333333
93.66666667
82.0
94.33333333
93.0
89.33333334
95.33333333
92.33333333
91.33333334
84.66666666
91.0
92.0
88.0
88.0
86.66666667
WT6
43.0
55.3333333333
70.3333333337
73.333333333
69.666666667
79.666666666
79.666666667
85.666666667
80.333333333
96.0
91.0
95.666666667
93.666666663
89.0
80.66666667
63.66666667
90.66666666
85.0
90.33333334
88.66666666
91.0
81.66666667
86.33333333
87.33333334
91.66666666
91.33333334
93.33333333
82.33333333
86.33333334
84.0
85.0
92.33333333
87.33333333
98.33333334
100.66666666
92.33333334
94.66666666
83.66666667
82.0
90.66666667
74.0
91.66666666
91.33333334
93.0
86.66666666
94.0
98.66666667
91.33333333
89.0
90.33333334
91.66666666
93.66666667
90.0
86.66666667
90.0
81.33333333
91.0
81.33333333
89.66666667
92.0
87.33333333
93.0
103.33333334
91.66666666
86.33333334
96.66666666
79.0
91.0
95.33333334
87.33333333
91.66666667
89.66666666
91.33333334
85.33333333
93.33333333
85.66666667
87.33333333
90.66666667
86.33333333
WT7
40.0
56.0
73.666666667
69.666666666
73.666666667
78.666666667
81.333333333
88.666666667
81.333333333
96.666666667
90.0
95.666666666
96.333333337
93.0
80.66666666
64.33333334
93.33333333
89.0
86.66666667
87.33333333
89.33333333
81.33333334
87.66666666
85.66666667
91.33333333
89.33333334
91.66666666
83.33333334
87.66666666
84.66666667
87.66666667
92.33333333
90.0
99.33333333
99.0
96.0
95.33333334
87.33333333
81.33333333
89.33333334
76.66666666
87.66666667
89.33333333
95.66666667
85.66666667
94.66666666
95.33333334
92.33333333
97.33333333
87.0
93.66666667
91.0
86.66666667
88.33333333
91.0
83.0
93.33333333
82.0
88.66666667
91.33333333
81.0
94.0
96.33333334
94.0
93.66666666
97.33333334
80.33333333
89.66666667
102.33333333
85.66666667
90.33333333
87.0
96.0
88.0
87.33333333
84.33333334
91.66666666
88.66666667
86.0
WT8
42.6666666667
57.6666666663
76.333333334
75.333333333
74.333333333
76.0
84.0
87.0
83.666666667
96.333333333
92.0
96.666666667
96.66666667
90.33333333
84.0
65.0
91.66666667
88.33333333
87.33333333
87.33333334
90.33333333
83.33333333
86.33333334
84.66666666
92.0
90.0
94.33333334
88.0
86.0
84.33333333
89.0
95.66666667
90.66666666
93.66666667
97.66666667
89.66666666
97.66666667
86.66666667
81.33333333
91.0
74.33333333
88.66666667
92.0
90.0
86.66666667
102.66666666
97.33333334
95.0
93.0
84.0
90.0
91.0
86.0
90.66666666
89.66666667
79.66666667
91.0
82.0
88.0
91.66666666
85.33333334
93.0
102.0
95.33333333
88.0
92.0
81.33333333
92.0
95.66666667
85.33333333
90.0
88.33333334
90.66666666
82.0
91.0
85.33333334
87.66666666
86.33333334
83.0
WT9
41.6666666667
63.0000000003
70.333333333
70.333333333
68.333333334
72.333333333
81.0
96.0
80.0
101.666666667
90.0
93.0
99.333333333
85.33333333
85.66666667
61.66666667
87.0
97.0
81.33333333
86.33333333
91.33333334
87.66666666
73.0
93.33333334
100.66666666
103.66666667
75.33333333
102.33333334
68.66666666
81.66666667
87.33333333
99.66666667
89.33333333
89.33333334
98.33333333
85.66666667
115.0
98.33333333
69.0
92.66666667
57.66666666
102.0
90.33333334
95.0
112.0
76.66666666
120.33333334
70.66666666
103.66666667
89.66666667
85.33333333
85.0
88.66666667
67.33333333
89.66666667
100.33333333
90.0
80.33333333
108.33333334
55.33333333
107.66666667
70.0
114.33333333
105.66666667
94.66666666
84.33333334
62.0
105.33333333
96.33333333
93.66666667
75.33333333
85.66666667
93.0
86.66666667
116.0
61.33333333
101.33333333
77.66666667
89.66666667
WT10
43.6666666667
50.3333333333
72.666666667
74.666666666
67.666666667
80.0
84.0
84.333333333
89.666666667
91.0
96.666666667
93.666666666
91.666666667
92.66666667
82.0
65.0
99.0
78.33333333
96.33333333
89.33333334
88.33333333
72.33333333
100.33333334
80.33333333
90.0
78.0
108.0
69.33333333
104.66666667
82.33333333
89.66666667
80.0
91.66666667
106.0
102.33333333
103.0
80.33333333
69.33333334
97.33333333
90.66666667
97.0
77.0
91.66666666
92.0
69.66666667
113.0
80.66666667
116.33333333
76.66666667
87.33333333
101.0
98.0
90.33333333
107.33333334
89.0
56.66666666
98.0
79.0
67.66666667
130.0
60.33333333
111.66666667
77.66666667
84.0
76.66666666
101.66666667
101.66666667
81.0
92.66666666
85.33333334
110.66666666
84.0
92.66666667
85.66666667
68.0
111.66666666
82.33333334
95.0
79.66666666
WT11
40.3333333333
57.3333333334
74.3333333333
74.666666667
70.333333333
76.0
82.0
89.666666667
77.666666666
92.666666667
91.666666667
96.333333333
94.66666667
88.33333333
84.66666667
61.66666666
93.33333334
89.0
88.0
90.33333333
91.33333333
86.0
90.66666667
84.66666667
92.33333333
91.66666667
87.66666666
84.33333334
83.33333333
81.33333333
91.0
89.33333334
89.33333333
94.66666667
96.66666666
95.0
99.0
86.33333334
84.33333333
90.33333333
78.66666667
88.0
91.33333333
89.33333334
84.66666666
94.66666667
95.0
90.66666667
96.66666666
87.33333334
91.66666666
91.33333334
90.66666666
87.0
91.33333334
80.0
90.33333333
80.33333333
88.33333334
95.0
83.0
91.0
99.0
94.33333333
87.33333333
92.66666667
80.0
92.66666667
93.66666666
90.66666667
91.33333333
90.0
94.0
88.33333334
94.0
86.33333333
89.33333333
87.66666667
85.33333333
WT12
41.3333333333
54.0
72.9999999997
72.0
69.666666667
75.333333333
81.333333334
89.333333333
83.666666667
92.666666666
97.333333334
96.666666666
96.333333337
88.66666666
83.0
64.0
90.33333334
87.66666666
84.66666667
84.0
88.33333333
81.0
87.66666667
89.0
91.33333333
90.66666667
89.33333333
87.33333334
88.0
84.0
85.33333333
95.0
90.0
97.33333333
99.33333334
89.66666666
99.66666667
82.0
79.33333333
91.0
70.33333334
95.66666666
88.33333334
91.66666666
87.66666667
98.33333333
97.0
93.66666667
91.33333333
84.33333334
91.33333333
90.0
88.33333333
84.33333334
90.0
81.0
90.33333333
78.0
88.0
94.0
82.66666667
93.0
100.33333333
92.33333333
87.0
94.0
83.33333334
91.33333333
93.33333333
88.33333334
93.66666666
91.66666667
93.0
89.33333333
92.66666667
91.33333333
88.33333334
87.33333333
86.0
WT13
46.3333333333
53.0
74.3333333337
71.0
68.0
78.333333333
82.333333333
83.0
80.0
94.0
95.0
108.666666667
82.0
102.66666667
61.66666666
66.33333334
92.33333333
88.66666667
104.0
72.0
88.0
109.0
64.66666666
82.33333334
116.33333333
71.33333333
114.0
63.0
86.0
81.33333334
92.0
93.0
87.66666666
103.66666667
91.33333333
90.66666667
117.33333333
66.0
81.0
111.0
53.66666667
88.33333333
89.0
91.66666667
92.0
110.66666667
83.33333333
110.0
88.66666667
68.33333333
105.33333333
96.66666667
86.0
79.66666667
85.0
96.66666666
76.33333334
90.33333333
78.66666667
122.33333333
81.0
71.33333333
98.33333334
96.0
96.66666666
78.66666667
94.66666667
99.66666666
88.0
91.0
88.66666667
88.33333333
92.66666667
80.0
92.66666667
91.33333333
85.33333333
82.0
88.66666667
WT14
40.3333333333
61.3333333337
68.666666666
76.0
71.0
73.0
75.333333334
99.333333333
79.666666667
98.333333333
93.666666667
81.0
109.666666663
71.66666667
97.33333333
61.33333334
96.0
89.66666666
74.66666667
101.66666667
94.33333333
58.33333333
113.0
89.0
71.0
110.33333334
69.33333333
110.0
85.66666667
85.66666666
92.33333334
91.0
92.66666666
91.0
102.66666667
89.0
73.33333333
104.0
80.33333334
68.0
95.33333333
90.33333333
91.33333334
91.33333333
81.66666667
79.66666666
112.66666667
79.66666667
93.66666666
107.66666667
82.33333333
85.0
94.33333334
92.0
96.66666666
66.0
108.33333334
74.33333333
99.0
67.66666667
87.0
115.33333333
89.33333333
92.66666667
73.66666667
110.33333333
66.0
87.66666667
97.0
88.0
97.0
91.0
90.0
91.33333333
91.33333333
85.66666667
90.0
89.0
82.66666667
WT15
43.3333333333
53.0
67.3333333337
76.666666666
67.666666667
76.333333333
82.666666667
88.0
84.666666667
91.666666666
90.666666667
94.666666667
95.666666663
91.0
81.33333334
63.66666666
90.66666667
87.33333333
84.66666667
87.0
90.66666667
81.0
87.66666666
85.33333334
93.66666666
92.33333334
88.66666666
87.0
83.66666667
84.33333333
89.33333334
88.33333333
91.0
97.33333333
98.66666667
90.66666667
104.0
85.0
82.33333333
90.66666667
74.33333333
86.0
94.0
91.0
87.33333333
96.0
98.66666667
88.0
94.0
91.66666667
94.0
89.33333333
86.66666667
85.66666666
91.0
79.33333334
92.33333333
82.0
87.0
95.33333333
83.0
88.33333334
100.33333333
97.0
85.66666667
93.33333333
81.33333333
91.33333334
92.66666666
88.0
87.33333334
92.33333333
94.0
86.33333333
92.0
87.0
84.66666667
86.33333333
89.66666667
