SEC 1
39.0
39.6666666667
38.3333333333
40.0
39.6666666667
41.6666666667
44.6666666667
39.3333333333
38.6666666667
42.0
39.6666666667
41.0
47.0
41.3333333333
41.3333333333
40.3333333333
42.3333333333
37.0
38.0
40.6666666667
39.6666666667
38.6666666667
47.3333333333
37.0
43.6666666667
47.6666666667
41.3333333333
41.6666666667
46.3333333333
42.3333333333
43.3333333333
39.6666666667
SEC 2
111.0
96.6666666667
108.333333333
107.666666667
101.0
111.0
111.333333333
117.333333333
115.666666667
111.0
100.666666667
115.666666667
116.333333333
107.666666667
107.666666667
108.666666667
106.0
99.0
100.666666667
106.0
110.0
111.0
114.333333333
105.666666667
110.666666667
110.666666667
105.0
108.333333333
114.0
111.0
101.333333333
114.666666667
SEC 3
164.333333333
187.333333333
166.0
170.333333333
169.666666667
175.666666667
180.666666667
183.666666667
183.666666667
182.0
172.0
183.666666667
172.666666667
185.0
172.333333333
175.666666667
171.0
164.0
169.333333333
168.333333333
178.666666667
184.0
182.0
177.666666667
176.333333333
184.333333333
178.666666667
183.333333333
177.666666667
174.333333333
169.333333333
173.333333333
SEC 4
264.666666667
262.0
254.333333333
253.0
254.333333333
256.333333333
274.333333333
265.666666667
264.666666667
272.333333333
259.666666667
273.333333333
272.333333333
259.333333333
255.0
263.666666667
254.666666667
260.0
252.333333333
251.333333333
266.666666667
265.0
268.666666667
260.0
253.666666667
271.666666667
261.333333333
264.0
271.0
262.333333333
254.666666667
259.333333333
SEC 5
339.333333333
360.666666667
348.0
343.0
344.0
334.333333333
349.0
365.333333333
349.666666667
362.333333333
343.666666667
357.666666667
349.0
364.0
342.666666667
345.333333333
343.333333333
332.333333333
353.0
341.0
349.666666667
352.0
354.333333333
353.0
345.0
362.333333333
345.666666667
362.333333333
351.333333333
352.333333333
331.0
340.333333333
SEC 6
456.0
430.666666667
444.666666667
442.666666667
437.666666667
429.666666667
444.666666667
459.333333333
450.0
458.333333333
444.333333333
453.333333333
456.666666667
447.666666667
444.666666667
437.0
436.666666667
428.666666667
452.0
440.0
439.666666667
446.0
449.666666667
448.0
441.333333333
462.0
441.666666667
455.0
458.666666667
453.333333333
429.333333333
439.0
SEC 7
566.666666667
547.333333333
540.333333333
544.666666667
547.333333333
537.666666667
572.333333333
555.333333333
560.333333333
560.0
550.333333333
563.333333333
563.666666667
553.666666667
539.666666667
547.0
544.666666667
542.0
554.666666667
541.333333333
551.333333333
556.0
554.333333333
551.666666667
544.666666667
566.333333333
550.333333333
575.333333333
556.333333333
562.666666667
536.333333333
541.666666667
SEC 8
657.0
643.0
672.0
642.666666667
653.0
637.666666667
657.666666667
665.333333333
659.333333333
662.666666667
658.0
657.666666667
664.0
657.0
645.333333333
653.333333333
654.666666667
650.333333333
646.666666667
648.0
656.333333333
667.0
664.0
655.666666667
647.666666667
664.0
656.333333333
676.666666667
672.0
669.666666667
641.0
648.666666667
SEC 9
761.666666667
756.333333333
764.333333333
744.333333333
752.333333333
737.0
757.666666667
763.333333333
759.333333333
768.666666667
755.0
761.333333333
770.333333333
761.0
747.666666667
756.0
753.666666667
759.333333333
742.0
745.666666667
762.666666667
770.0
757.333333333
753.0
746.333333333
763.333333333
758.0
786.333333333
758.333333333
769.0
743.666666667
740.666666667
SEC 10
861.666666667
844.0
872.0
846.666666667
844.333333333
838.666666667
868.666666667
852.333333333
860.0
866.666666667
849.666666667
855.333333333
883.666666667
845.333333333
851.666666667
863.666666667
849.333333333
850.333333333
859.666666667
844.333333333
861.333333333
860.666666667
864.666666667
852.333333333
848.333333333
862.0
858.666666667
871.333333333
877.333333333
863.666666667
838.333333333
845.0
SEC 11
955.333333333
948.333333333
979.0
950.0
949.333333333
937.666666667
964.333333333
972.333333333
971.333333333
975.666666667
949.666666667
959.0
948.666666667
984.333333333
964.333333333
970.333333333
953.333333333
964.0
955.666666667
953.666666667
967.0
960.0
969.666666667
960.333333333
949.333333333
966.0
967.0
983.666666667
978.333333333
967.333333333
946.666666667
940.0
SEC 12
1050.0
1067.0
1069.33333333
1055.0
1060.33333333
1048.0
1065.66666667
1076.66666667
1076.0
1080.0
1052.33333333
1063.0
1068.0
1076.66666667
1067.66666667
1077.0
1060.66666667
1054.33333333
1079.0
1058.0
1072.66666667
1078.0
1065.0
1064.0
1052.66666667
1075.33333333
1077.66666667
1071.66666667
1086.0
1072.33333333
1048.33333333
1043.66666667
SEC 13
1171.0
1156.0
1169.33333333
1160.0
1169.66666667
1150.33333333
1175.33333333
1170.0
1181.0
1182.66666667
1151.66666667
1167.33333333
1197.33333333
1159.33333333
1176.0
1179.33333333
1163.66666667
1176.66666667
1162.66666667
1162.66666667
1173.0
1175.66666667
1171.0
1168.0
1147.33333333
1183.0
1178.66666667
1172.33333333
1190.66666667
1177.66666667
1155.33333333
1141.66666667
SEC 14
1250.0
1265.0
1276.0
1252.66666667
1266.33333333
1247.33333333
1284.66666667
1261.66666667
1267.66666667
1276.66666667
1247.66666667
1264.0
1298.33333333
1254.33333333
1268.66666667
1275.66666667
1254.33333333
1255.66666667
1262.33333333
1253.33333333
1273.0
1267.33333333
1269.66666667
1259.33333333
1238.66666667
1283.33333333
1274.66666667
1270.0
1279.66666667
1270.33333333
1247.66666667
1229.0
SEC 15
1363.66666667
1353.0
1360.33333333
1350.0
1359.66666667
1338.66666667
1382.0
1367.33333333
1374.66666667
1374.66666667
1354.66666667
1358.66666667
1369.0
1373.0
1359.0
1371.66666667
1349.0
1347.33333333
1362.0
1348.66666667
1370.0
1368.66666667
1370.66666667
1364.33333333
1337.66666667
1378.0
1373.33333333
1381.66666667
1360.66666667
1367.66666667
1359.33333333
1323.0
SEC 16
1452.33333333
1434.33333333
1473.66666667
1449.33333333
1455.0
1433.66666667
1482.33333333
1457.66666667
1472.0
1468.66666667
1456.33333333
1460.66666667
1445.66666667
1483.33333333
1455.0
1460.66666667
1449.66666667
1463.0
1437.0
1448.66666667
1460.66666667
1474.0
1453.0
1456.66666667
1432.66666667
1468.66666667
1473.33333333
1462.0
1476.0
1465.0
1446.33333333
1424.33333333
SEC 17
1569.66666667
1546.0
1555.0
1549.33333333
1556.66666667
1534.66666667
1593.33333333
1571.0
1572.0
1569.66666667
1558.0
1567.0
1569.0
1567.33333333
1556.0
1571.66666667
1552.66666667
1569.0
1541.66666667
1544.0
1565.33333333
1573.0
1565.33333333
1565.33333333
1534.0
1571.0
1578.0
1558.33333333
1583.66666667
1568.33333333
1537.0
1535.33333333
SEC 18
1652.33333333
1671.0
1661.33333333
1646.0
1657.66666667
1634.33333333
1678.33333333
1695.66666667
1675.0
1672.66666667
1656.66666667
1674.33333333
1685.0
1655.33333333
1662.66666667
1670.33333333
1659.66666667
1668.33333333
1650.33333333
1644.33333333
1671.0
1673.66666667
1674.66666667
1671.66666667
1633.33333333
1667.33333333
1685.33333333
1665.66666667
1687.33333333
1671.66666667
1646.66666667
1634.66666667
SEC 19
1767.33333333
1758.66666667
1781.33333333
1758.33333333
1777.33333333
1745.33333333
1787.0
1803.0
1793.0
1778.66666667
1764.66666667
1784.0
1761.33333333
1799.66666667
1765.33333333
1775.0
1769.33333333
1773.0
1761.0
1749.66666667
1782.33333333
1774.66666667
1791.33333333
1777.33333333
1743.0
1777.33333333
1797.33333333
1777.33333333
1794.66666667
1782.66666667
1756.0
1748.66666667
SEC 20
1884.33333333
1867.33333333
1874.0
1853.33333333
1877.66666667
1848.0
1874.0
1921.66666667
1889.66666667
1885.0
1870.33333333
1885.66666667
1891.0
1881.0
1864.0
1872.66666667
1876.33333333
1861.0
1882.66666667
1853.0
1883.66666667
1898.33333333
1875.66666667
1889.66666667
1859.33333333
1879.66666667
1893.66666667
1859.0
1928.0
1892.0
1860.0
1854.0
SEC 21
1939.33333333
1960.33333333
1949.66666667
1928.33333333
1954.0
1919.0
1979.0
1971.0
1968.33333333
1957.33333333
1941.33333333
1961.33333333
1958.33333333
1968.33333333
1937.0
1945.66666667
1952.33333333
1953.66666667
1938.33333333
1927.33333333
1961.66666667
1960.0
1964.33333333
1958.0
1936.33333333
1947.66666667
1971.66666667
2001.33333333
1936.33333333
1969.33333333
1941.66666667
1924.66666667
SEC 22
2066.66666667
2034.33333333
2079.0
2036.0
2067.0
2025.0
2079.0
2091.0
2074.33333333
2065.0
2043.66666667
2072.0
2063.33333333
2072.0
2050.66666667
2054.33333333
2060.0
2064.66666667
2042.33333333
2034.66666667
2064.33333333
2051.33333333
2084.0
2057.66666667
2046.0
2057.33333333
2077.0
2088.66666667
2060.0
2073.66666667
2029.0
2045.33333333
SEC 23
2171.33333333
2181.0
2143.66666667
2133.33333333
2168.66666667
2131.33333333
2216.0
2166.0
2182.0
2170.66666667
2147.0
2183.33333333
2156.33333333
2185.66666667
2155.0
2157.0
2161.33333333
2160.66666667
2152.66666667
2142.66666667
2169.33333333
2167.33333333
2169.33333333
2159.66666667
2151.33333333
2162.0
2185.0
2154.66666667
2206.66666667
2180.66666667
2141.0
2132.66666667
SEC 24
2277.33333333
2267.0
2257.33333333
2238.66666667
2264.33333333
2238.66666667
2316.33333333
2273.0
2286.66666667
2281.0
2249.33333333
2287.0
2272.66666667
2275.0
2264.0
2258.33333333
2266.0
2265.33333333
2243.66666667
2243.0
2271.33333333
2265.66666667
2277.0
2260.0
2252.0
2265.66666667
2284.66666667
2266.33333333
2302.0
2274.0
2239.33333333
2229.33333333
SEC 25
2377.33333333
2385.0
2344.66666667
2339.66666667
2370.66666667
2346.66666667
2385.0
2402.66666667
2388.33333333
2386.66666667
2352.66666667
2393.0
2355.0
2401.0
2364.33333333
2362.33333333
2372.66666667
2363.66666667
2345.0
2347.33333333
2370.66666667
2374.66666667
2369.33333333
2362.33333333
2352.33333333
2368.66666667
2395.33333333
2406.33333333
2373.0
2378.0
2332.33333333
2347.33333333
SEC 26
2494.66666667
2440.0
2480.33333333
2445.0
2476.66666667
2450.0
2508.66666667
2483.33333333
2489.33333333
2491.66666667
2457.0
2497.33333333
2494.33333333
2479.0
2468.0
2471.66666667
2477.66666667
2439.33333333
2465.0
2447.0
2479.0
2473.0
2476.66666667
2464.33333333
2459.0
2476.66666667
2499.33333333
2500.33333333
2480.66666667
2483.66666667
2444.66666667
2449.33333333
SEC 27
2563.66666667
2569.66666667
2531.33333333
2527.66666667
2563.0
2530.66666667
2555.33333333
2597.33333333
2570.33333333
2568.0
2537.33333333
2575.66666667
2573.0
2563.0
2543.66666667
2552.66666667
2564.66666667
2540.66666667
2538.33333333
2537.33333333
2563.66666667
2547.66666667
2573.66666667
2542.0
2538.0
2559.0
2578.33333333
2587.33333333
2554.33333333
2569.0
2511.0
2546.0
SEC 28
2670.33333333
2641.0
2658.33333333
2632.0
2665.0
2635.0
2659.66666667
2703.33333333
2669.0
2674.66666667
2637.66666667
2678.33333333
2657.66666667
2685.33333333
2646.33333333
2654.0
2663.0
2635.33333333
2644.66666667
2642.66666667
2665.33333333
2644.66666667
2678.0
2640.66666667
2635.66666667
2654.66666667
2673.33333333
2660.33333333
2691.33333333
2669.66666667
2635.0
2616.66666667
SEC 29
2773.33333333
2761.66666667
2760.0
2743.33333333
2777.66666667
2743.33333333
2814.33333333
2762.0
2775.66666667
2773.66666667
2738.66666667
2787.66666667
2770.0
2796.66666667
2763.66666667
2764.66666667
2768.66666667
2756.0
2742.0
2758.66666667
2763.33333333
2772.33333333
2770.33333333
2747.66666667
2741.0
2766.66666667
2785.33333333
2798.0
2763.66666667
2780.0
2715.33333333
2749.66666667
SEC 30
2882.66666667
2860.66666667
2872.0
2845.66666667
2884.0
2849.0
2923.0
2865.0
2876.66666667
2877.66666667
2840.0
2891.33333333
2902.33333333
2868.66666667
2871.33333333
2862.0
2878.0
2870.33333333
2835.66666667
2866.0
2859.33333333
2881.66666667
2868.33333333
2846.0
2849.0
2862.66666667
2887.66666667
2900.66666667
2871.33333333
2883.66666667
2844.66666667
2817.66666667
SEC 31
2983.33333333
2997.0
2966.66666667
2944.66666667
2996.66666667
2950.33333333
2979.0
3023.33333333
2987.0
2983.33333333
2949.33333333
2998.33333333
3005.0
2979.66666667
2974.0
2968.0
2980.33333333
2979.33333333
2950.33333333
2970.66666667
2961.0
2990.0
2961.0
2954.66666667
2954.33333333
2969.0
2997.0
3006.33333333
2980.33333333
2986.66666667
2935.66666667
2925.33333333
SEC 32
3086.33333333
3105.66666667
3070.66666667
3048.0
3097.66666667
3048.33333333
3130.33333333
3076.0
3090.0
3080.33333333
3055.33333333
3097.33333333
3081.33333333
3108.66666667
3080.33333333
3073.33333333
3085.66666667
3090.0
3063.33333333
3077.33333333
3059.66666667
3090.33333333
3063.0
3055.33333333
3064.66666667
3075.0
3105.0
3089.0
3101.66666667
3094.66666667
3033.33333333
3052.66666667
SEC 33
3186.0
3214.66666667
3166.66666667
3148.33333333
3198.0
3148.66666667
3228.66666667
3187.66666667
3185.66666667
3179.33333333
3161.33333333
3202.0
3189.33333333
3197.0
3186.0
3173.33333333
3195.33333333
3172.0
3188.0
3178.66666667
3162.66666667
3169.33333333
3177.0
3157.0
3162.66666667
3178.0
3211.33333333
3219.0
3182.0
3197.33333333
3155.66666667
3137.33333333
SEC 34
3318.0
3289.66666667
3268.66666667
3247.66666667
3301.0
3250.66666667
3279.66666667
3340.66666667
3287.0
3289.33333333
3263.0
3310.33333333
3280.33333333
3313.66666667
3284.33333333
3271.66666667
3300.0
3290.33333333
3275.0
3285.0
3262.33333333
3260.33333333
3288.0
3262.33333333
3266.0
3282.66666667
3305.0
3308.66666667
3295.66666667
3299.66666667
3267.33333333
3231.33333333
SEC 35
3367.33333333
3417.0
3395.33333333
3351.0
3403.0
3363.66666667
3438.66666667
3379.66666667
3387.0
3392.33333333
3362.0
3411.33333333
3399.33333333
3409.33333333
3383.0
3373.66666667
3397.33333333
3395.0
3374.0
3387.33333333
3365.33333333
3376.66666667
3383.33333333
3364.0
3369.33333333
3392.0
3406.0
3386.0
3420.0
3394.33333333
3357.66666667
3347.0
SEC 36
3467.33333333
3529.66666667
3500.0
3465.0
3506.66666667
3467.33333333
3483.66666667
3546.33333333
3491.66666667
3498.66666667
3467.66666667
3512.66666667
3516.0
3502.33333333
3493.66666667
3480.33333333
3500.0
3474.0
3505.66666667
3494.66666667
3471.0
3480.33333333
3495.66666667
3471.33333333
3481.0
3498.0
3511.66666667
3491.33333333
3531.66666667
3497.66666667
3459.66666667
3452.33333333
SEC 37
3631.66666667
3576.33333333
3581.0
3567.33333333
3599.0
3566.33333333
3592.33333333
3630.0
3590.0
3599.66666667
3571.0
3608.0
3602.33333333
3616.0
3588.66666667
3575.0
3592.0
3603.33333333
3579.0
3587.66666667
3573.0
3562.66666667
3605.33333333
3569.33333333
3573.33333333
3593.66666667
3598.66666667
3616.33333333
3615.33333333
3590.33333333
3546.66666667
3559.0
SEC 38
3701.66666667
3732.33333333
3650.0
3671.33333333
3696.66666667
3662.66666667
3744.66666667
3668.66666667
3690.0
3702.0
3664.66666667
3708.0
3712.0
3703.66666667
3684.0
3675.33333333
3687.33333333
3678.33333333
3695.66666667
3685.0
3668.66666667
3668.66666667
3701.33333333
3666.66666667
3676.66666667
3689.33333333
3695.66666667
3720.0
3713.33333333
3689.0
3653.66666667
3643.66666667
SEC 39
3804.0
3808.0
3799.0
3775.33333333
3800.0
3769.66666667
3788.0
3828.0
3795.33333333
3805.66666667
3771.66666667
3815.0
3831.33333333
3795.0
3791.0
3786.0
3801.66666667
3800.33333333
3783.0
3790.33333333
3777.33333333
3800.33333333
3787.66666667
3781.33333333
3788.0
3795.66666667
3800.66666667
3815.66666667
3840.33333333
3796.66666667
3761.33333333
3744.33333333
SEC 40
3921.0
3936.0
3881.0
3885.33333333
3912.66666667
3876.33333333
3929.66666667
3895.0
3898.0
3914.0
3879.66666667
3916.33333333
3917.0
3922.66666667
3894.33333333
3891.33333333
3914.66666667
3904.0
3895.66666667
3899.66666667
3891.66666667
3911.33333333
3895.33333333
3886.33333333
3899.66666667
3898.0
3910.0
3949.33333333
3921.0
3898.66666667
3880.33333333
3842.66666667
SEC 41
4020.66666667
3998.0
4014.33333333
3987.0
4011.66666667
3975.0
4033.33333333
4002.33333333
4004.33333333
4014.0
3980.66666667
4014.33333333
4041.66666667
4004.0
4000.66666667
3988.33333333
4013.33333333
3990.33333333
4009.0
3996.66666667
3993.66666667
3994.33333333
4015.66666667
3991.0
3999.0
3999.33333333
4016.0
4024.66666667
4046.33333333
4007.33333333
3960.0
3967.33333333
SEC 42
4150.66666667
4079.33333333
4114.0
4090.0
4113.0
4075.66666667
4154.33333333
4079.33333333
4103.33333333
4116.66666667
4084.0
4111.33333333
4120.0
4127.0
4102.66666667
4095.33333333
4118.66666667
4091.66666667
4110.0
4095.33333333
4095.33333333
4116.33333333
4096.33333333
4091.33333333
4094.66666667
4100.0
4122.33333333
4151.33333333
4133.33333333
4111.33333333
4067.33333333
4079.33333333
SEC 43
4205.0
4203.0
4224.0
4187.33333333
4204.66666667
4174.33333333
4192.66666667
4241.0
4204.0
4219.33333333
4179.66666667
4207.33333333
4215.66666667
4222.0
4193.66666667
4193.33333333
4219.0
4217.66666667
4186.0
4194.33333333
4187.0
4228.33333333
4184.0
4187.33333333
4192.66666667
4189.0
4216.33333333
4229.33333333
4243.66666667
4205.66666667
4149.0
4194.33333333
SEC 44
4299.33333333
4350.66666667
4286.0
4293.66666667
4307.66666667
4269.0
4344.33333333
4297.66666667
4295.33333333
4320.0
4281.66666667
4298.0
4340.33333333
4304.33333333
4291.66666667
4299.0
4319.0
4320.33333333
4297.66666667
4292.33333333
4287.0
4295.66666667
4319.66666667
4294.0
4288.0
4291.33333333
4319.66666667
4356.33333333
4325.33333333
4304.66666667
4263.0
4285.0
SEC 45
4410.33333333
4418.33333333
4437.33333333
4401.66666667
4416.66666667
4373.66666667
4446.66666667
4409.33333333
4400.0
4425.33333333
4392.66666667
4400.33333333
4433.33333333
4424.66666667
4407.33333333
4402.0
4428.0
4404.66666667
4425.66666667
4403.33333333
4391.0
4442.0
4386.33333333
4403.0
4390.0
4406.66666667
4424.0
4431.0
4463.66666667
4406.33333333
4389.33333333
4381.33333333
SEC 46
4522.66666667
4532.0
4518.33333333
4499.66666667
4522.0
4472.33333333
4518.33333333
4531.0
4506.66666667
4531.66666667
4498.66666667
4504.66666667
4560.66666667
4505.0
4509.0
4500.33333333
4528.33333333
4524.0
4506.33333333
4509.0
4489.0
4519.0
4514.0
4501.33333333
4490.0
4503.33333333
4526.0
4562.33333333
4545.33333333
4509.66666667
4455.33333333
4520.66666667
SEC 47
4629.33333333
4618.66666667
4631.66666667
4603.33333333
4624.66666667
4582.66666667
4658.0
4596.33333333
4612.33333333
4646.33333333
4617.66666667
4615.33333333
4634.33333333
4634.0
4611.66666667
4603.66666667
4627.66666667
4608.33333333
4632.66666667
4615.33333333
4589.66666667
4615.66666667
4628.0
4603.0
4597.33333333
4619.0
4627.66666667
4665.0
4646.66666667
4612.66666667
4560.66666667
4625.66666667
SEC 48
4684.33333333
4766.0
4729.33333333
4707.66666667
4722.0
4683.33333333
4740.33333333
4707.0
4716.66666667
4744.66666667
4716.0
4718.33333333
4736.66666667
4736.33333333
4711.0
4706.66666667
4722.0
4709.0
4732.0
4714.0
4689.0
4711.66666667
4739.33333333
4704.33333333
4696.66666667
4719.66666667
4725.33333333
4783.33333333
4737.66666667
4708.66666667
4667.33333333
4711.66666667
SEC 49
4874.0
4785.33333333
4830.66666667
4817.0
4827.0
4778.66666667
4820.66666667
4835.66666667
4827.66666667
4846.66666667
4817.0
4825.0
4838.0
4842.0
4813.0
4810.0
4822.0
4833.0
4810.0
4813.0
4803.0
4840.66666667
4807.66666667
4817.66666667
4803.33333333
4823.0
4830.33333333
4842.66666667
4887.66666667
4815.66666667
4798.66666667
4787.0
SEC 50
4874.0
4960.0
4918.33333333
4902.33333333
4916.33333333
4871.66666667
4935.0
4898.0
4918.66666667
4942.0
4908.33333333
4915.33333333
4927.66666667
4927.66666667
4901.0
4907.0
4916.33333333
4907.0
4906.33333333
4906.33333333
4892.33333333
4893.0
4927.66666667
4911.66666667
4890.0
4918.0
4920.66666667
4950.0
4961.66666667
4907.0
4870.66666667
4891.0
SEC 51
4994.66666667
5019.33333333
5053.66666667
5006.0
5016.0
4968.33333333
5027.66666667
5006.0
5020.66666667
5045.66666667
5014.0
5015.0
5031.0
5020.0
4996.66666667
5004.66666667
5024.33333333
5011.0
5007.33333333
5010.0
4991.66666667
5030.66666667
4991.66666667
5012.66666667
4990.66666667
5017.66666667
5018.66666667
5056.66666667
5060.33333333
4999.33333333
4987.66666667
4966.0
SEC 52
5122.0
5127.0
5111.33333333
5109.66666667
5110.66666667
5065.33333333
5137.66666667
5108.0
5124.33333333
5151.33333333
5108.0
5112.33333333
5154.33333333
5100.33333333
5108.33333333
5102.0
5126.66666667
5108.0
5116.0
5105.33333333
5089.66666667
5108.0
5107.33333333
5105.0
5098.0
5124.33333333
5120.33333333
5157.0
5157.0
5097.0
5068.66666667
5088.0
SEC 53
5212.33333333
5176.0
5273.66666667
5211.66666667
5215.0
5164.66666667
5239.0
5205.0
5218.66666667
5252.66666667
5213.66666667
5209.66666667
5253.66666667
5198.0
5204.33333333
5200.66666667
5221.0
5205.66666667
5211.0
5205.33333333
5189.66666667
5170.0
5250.33333333
5203.66666667
5203.33333333
5220.33333333
5221.33333333
5269.66666667
5234.33333333
5192.0
5138.33333333
5212.66666667
SEC 54
5270.66666667
5336.0
5333.66666667
5300.33333333
5313.33333333
5261.0
5340.33333333
5293.33333333
5311.66666667
5339.0
5315.66666667
5303.33333333
5300.33333333
5348.33333333
5293.66666667
5290.33333333
5312.33333333
5296.33333333
5311.66666667
5297.33333333
5280.0
5283.66666667
5322.0
5295.66666667
5298.66666667
5313.0
5311.66666667
5319.33333333
5364.66666667
5289.66666667
5233.66666667
5300.0
SEC 55
5441.66666667
5410.33333333
5410.0
5400.33333333
5417.0
5353.66666667
5446.66666667
5403.0
5420.0
5438.0
5416.66666667
5404.33333333
5453.66666667
5404.66666667
5391.66666667
5396.66666667
5413.33333333
5397.0
5420.66666667
5396.66666667
5379.66666667
5422.33333333
5391.0
5395.33333333
5403.66666667
5413.0
5414.0
5423.0
5461.33333333
5392.0
5369.33333333
5372.33333333
SEC 56
5490.33333333
5571.33333333
5512.33333333
5501.33333333
5521.66666667
5455.0
5518.33333333
5530.66666667
5527.66666667
5544.0
5520.0
5505.66666667
5504.0
5564.33333333
5495.33333333
5498.0
5510.0
5521.66666667
5499.0
5497.66666667
5486.0
5516.0
5502.0
5501.33333333
5511.0
5512.66666667
5506.66666667
5544.33333333
5544.0
5495.33333333
5472.33333333
5477.33333333
SEC 57
5614.0
5685.33333333
5594.0
5615.33333333
5626.66666667
5564.66666667
5653.66666667
5614.33333333
5638.66666667
5646.0
5633.0
5609.0
5639.33333333
5642.0
5602.0
5605.0
5611.66666667
5627.0
5607.66666667
5599.33333333
5588.0
5597.33333333
5641.0
5611.33333333
5621.0
5624.0
5613.66666667
5649.0
5653.66666667
5595.33333333
5587.66666667
5571.0
SEC 58
5719.0
5755.0
5724.0
5713.33333333
5723.66666667
5667.33333333
5758.33333333
5716.33333333
5737.0
5746.33333333
5732.66666667
5712.33333333
5741.33333333
5744.33333333
5701.0
5707.0
5713.0
5714.33333333
5719.66666667
5707.33333333
5687.33333333
5739.66666667
5702.66666667
5711.66666667
5720.33333333
5725.33333333
5710.33333333
5745.0
5753.33333333
5694.66666667
5667.0
5685.0
SEC 59
5843.33333333
5782.0
5841.0
5808.66666667
5822.33333333
5761.33333333
5835.0
5827.33333333
5831.33333333
5839.66666667
5836.0
5807.66666667
5814.66666667
5868.66666667
5797.0
5813.33333333
5807.0
5804.66666667
5814.66666667
5797.66666667
5778.33333333
5792.0
5837.33333333
5813.66666667
5811.66666667
5816.0
5801.33333333
5827.66666667
5852.33333333
5794.0
5735.33333333
5810.33333333
SEC 60
5876.66666667
5935.66666667
5932.0
5898.66666667
5916.0
5849.0
5939.66666667
5904.0
5919.0
5932.0
5932.66666667
5889.0
5953.66666667
5914.0
5892.33333333
5904.0
5898.33333333
5903.0
5901.66666667
5883.33333333
5870.0
5926.66666667
5880.33333333
5911.33333333
5904.0
5911.66666667
5888.0
5936.66666667
5934.33333333
5887.33333333
5827.0
5893.66666667
SEC 61
6039.33333333
5998.66666667
6007.33333333
6011.0
6010.0
5951.0
6014.33333333
6028.0
6019.66666667
6026.0
6032.33333333
5993.0
6056.0
6012.0
5991.66666667
6002.33333333
6005.66666667
6004.33333333
6000.66666667
5989.0
5975.66666667
6052.66666667
5957.33333333
6017.66666667
6005.0
6012.0
5988.66666667
6040.0
6037.66666667
5990.0
5958.66666667
5964.0
SEC 62
6094.0
6107.0
6130.33333333
6112.66666667
6114.0
6046.33333333
6107.66666667
6145.66666667
6119.66666667
6127.0
6130.0
6090.0
6149.66666667
6115.33333333
6087.33333333
6102.33333333
6105.0
6094.0
6103.66666667
6094.33333333
6074.0
6099.33333333
6101.0
6107.33333333
6101.33333333
6113.0
6088.0
6157.66666667
6116.33333333
6088.0
6057.33333333
6064.33333333
SEC 63
6251.66666667
6171.33333333
6198.33333333
6216.33333333
6205.33333333
6145.0
6241.33333333
6207.0
6215.66666667
6220.33333333
6229.33333333
6185.0
6227.33333333
6234.66666667
6182.33333333
6198.0
6193.0
6190.0
6199.0
6193.66666667
6167.66666667
6219.0
6182.0
6198.0
6200.0
6210.66666667
6187.0
6268.66666667
6196.66666667
6177.0
6197.0
6119.33333333
SEC 64
6320.66666667
6279.66666667
6319.33333333
6316.33333333
6303.66666667
6245.33333333
6332.66666667
6323.33333333
6316.66666667
6316.66666667
6338.0
6288.0
6310.66666667
6354.33333333
6291.0
6298.0
6297.66666667
6286.33333333
6309.33333333
6290.33333333
6269.33333333
6350.33333333
6258.66666667
6291.66666667
6305.33333333
6307.66666667
6288.33333333
6343.66666667
6320.66666667
6277.0
6294.0
6212.0
SEC 65
6450.33333333
6398.33333333
6381.0
6416.0
6408.33333333
6347.0
6447.66666667
6407.66666667
6422.0
6416.0
6437.0
6387.33333333
6411.66666667
6461.66666667
6396.33333333
6400.66666667
6402.33333333
6385.0
6416.66666667
6398.33333333
6372.0
6396.66666667
6415.66666667
6394.33333333
6408.33333333
6415.0
6389.33333333
6458.33333333
6409.33333333
6379.33333333
6402.33333333
6317.66666667
SEC 66
6523.66666667
6499.0
6488.0
6508.0
6507.33333333
6437.33333333
6547.0
6506.33333333
6515.0
6511.33333333
6534.0
6482.0
6536.0
6523.33333333
6495.0
6492.0
6496.33333333
6517.0
6484.33333333
6495.33333333
6472.0
6494.66666667
6508.66666667
6490.33333333
6509.66666667
6514.66666667
6487.33333333
6565.33333333
6490.33333333
6479.0
6460.66666667
6455.0
SEC 67
6590.33333333
6615.66666667
6595.0
6609.33333333
6602.66666667
6531.0
6640.0
6607.66666667
6625.33333333
6620.0
6631.66666667
6579.66666667
6636.66666667
6616.33333333
6596.33333333
6598.66666667
6593.66666667
6588.33333333
6605.66666667
6591.0
6568.33333333
6649.0
6552.0
6583.66666667
6607.33333333
6610.33333333
6589.0
6621.0
6626.0
6567.66666667
6554.0
6558.0
SEC 68
6663.33333333
6708.66666667
6715.66666667
6697.0
6684.0
6624.66666667
6723.66666667
6707.0
6714.33333333
6714.66666667
6729.66666667
6669.33333333
6721.0
6703.66666667
6683.0
6685.66666667
6685.66666667
6679.33333333
6701.33333333
6677.33333333
6657.33333333
6736.33333333
6637.0
6670.33333333
6700.33333333
6703.33333333
6675.66666667
6708.0
6718.33333333
6658.66666667
6683.33333333
6605.33333333
SEC 69
6768.33333333
6808.33333333
6783.66666667
6788.0
6775.66666667
6711.66666667
6795.0
6813.66666667
6808.33333333
6803.0
6810.66666667
6755.66666667
6806.66666667
6795.0
6769.66666667
6777.0
6769.66666667
6759.66666667
6804.0
6766.33333333
6752.0
6793.66666667
6760.66666667
6756.33333333
6796.33333333
6792.0
6765.66666667
6764.0
6841.33333333
6751.33333333
6692.0
6775.66666667
SEC 70
6880.0
6896.66666667
6876.33333333
6893.33333333
6870.0
6813.33333333
6910.0
6880.33333333
6894.66666667
6901.66666667
6910.33333333
6853.66666667
6885.0
6913.0
6859.66666667
6870.66666667
6861.33333333
6864.33333333
6888.0
6861.33333333
6844.0
6883.33333333
6860.33333333
6851.33333333
6887.0
6886.33333333
6859.0
6897.66666667
6896.0
6842.66666667
6815.66666667
6844.66666667
SEC 71
6988.0
6969.0
7000.0
6999.33333333
6979.66666667
6914.66666667
7011.66666667
6986.66666667
6998.33333333
7004.0
7008.0
6958.33333333
6985.33333333
7017.66666667
6959.33333333
6972.66666667
6962.66666667
6977.0
6983.33333333
6958.66666667
6950.66666667
6954.0
6996.66666667
6952.0
6995.33333333
6990.66666667
6957.33333333
6988.33333333
7003.66666667
6943.0
6890.66666667
6982.66666667
SEC 72
7141.0
7078.33333333
7041.0
7101.33333333
7079.66666667
7012.66666667
7108.0
7090.33333333
7100.66666667
7109.66666667
7114.0
7062.33333333
7098.33333333
7106.66666667
7055.33333333
7079.66666667
7068.66666667
7095.66666667
7083.0
7068.0
7053.0
7088.66666667
7061.33333333
7053.33333333
7094.33333333
7093.0
7067.33333333
7066.33333333
7124.0
7047.66666667
6988.0
7091.33333333
SEC 73
7146.33333333
7157.33333333
7239.66666667
7198.66666667
7178.0
7108.0
7210.66666667
7187.33333333
7198.66666667
7211.66666667
7208.0
7159.0
7187.0
7217.66666667
7150.33333333
7176.33333333
7164.0
7167.33333333
7210.33333333
7165.33333333
7152.0
7184.0
7158.66666667
7155.66666667
7188.33333333
7192.66666667
7169.0
7188.33333333
7192.66666667
7157.33333333
7188.33333333
7085.66666667
SEC 74
7278.33333333
7311.33333333
7238.0
7290.33333333
7274.66666667
7199.0
7279.33333333
7305.33333333
7295.66666667
7300.33333333
7308.33333333
7253.33333333
7298.0
7295.33333333
7246.66666667
7273.66666667
7258.0
7273.66666667
7287.33333333
7261.66666667
7248.66666667
7315.33333333
7224.66666667
7256.33333333
7273.33333333
7285.66666667
7257.0
7284.66666667
7285.0
7247.66666667
7236.66666667
7227.0
SEC 75
7351.0
7361.33333333
7421.33333333
7388.33333333
7377.33333333
7303.0
7401.33333333
7395.0
7392.33333333
7402.33333333
7408.0
7349.66666667
7393.0
7400.33333333
7353.0
7377.33333333
7358.33333333
7368.33333333
7403.33333333
7361.33333333
7354.0
7390.0
7352.33333333
7357.33333333
7373.33333333
7386.0
7363.0
7400.0
7369.0
7355.0
7346.33333333
7331.66666667
SEC 76
7440.66666667
7447.33333333
7538.33333333
7491.33333333
7474.33333333
7400.33333333
7504.33333333
7484.0
7486.66666667
7498.66666667
7498.33333333
7448.33333333
7493.0
7496.0
7459.66666667
7473.33333333
7453.0
7476.33333333
7491.33333333
7456.0
7448.66666667
7448.0
7486.33333333
7449.33333333
7468.33333333
7481.33333333
7458.0
7437.66666667
7530.66666667
7451.0
7491.0
7382.66666667
SEC 77
7637.33333333
7531.0
7547.66666667
7592.0
7572.66666667
7491.0
7580.66666667
7605.0
7584.33333333
7594.0
7594.0
7541.0
7587.33333333
7598.66666667
7557.66666667
7567.33333333
7544.33333333
7584.66666667
7571.66666667
7552.66666667
7549.66666667
7511.66666667
7609.33333333
7550.33333333
7563.66666667
7577.66666667
7552.66666667
7550.33333333
7604.33333333
7548.0
7584.0
7480.0
SEC 78
7629.66666667
7680.33333333
7697.66666667
7698.0
7660.0
7581.66666667
7698.0
7675.66666667
7674.0
7683.33333333
7687.33333333
7635.66666667
7694.33333333
7685.66666667
7657.0
7670.0
7647.0
7675.66666667
7678.0
7642.33333333
7641.0
7673.0
7640.33333333
7653.0
7656.33333333
7668.66666667
7651.66666667
7648.66666667
7687.33333333
7645.0
7627.66666667
7621.66666667
SEC 79
7762.66666667
7787.0
7761.66666667
7799.0
7766.0
7681.33333333
7804.0
7777.33333333
7769.0
7778.33333333
7780.33333333
7736.0
7788.0
7802.33333333
7754.0
7771.66666667
7746.33333333
7774.33333333
7780.0
7751.66666667
7740.66666667
7715.0
7807.0
7748.66666667
7749.33333333
7763.66666667
7758.66666667
7722.66666667
7810.33333333
7741.33333333
7731.0
7723.66666667
SEC 80
7817.0
7844.66666667
7938.0
7891.0
7864.0
7775.33333333
7881.33333333
7896.0
7859.0
7876.66666667
7877.66666667
7834.0
7909.66666667
7876.66666667
7845.66666667
7864.66666667
7852.66666667
7848.33333333
7892.0
7849.66666667
7832.33333333
7858.33333333
7855.66666667
7847.33333333
7846.33333333
7860.33333333
7861.33333333
7893.33333333
7831.66666667
7841.33333333
7871.33333333
7778.0
