SEC 1
20.0
20.6666666667
20.0
20.6666666667
20.0
20.0
20.6666666667
20.0
20.6666666667
20.0
20.6666666667
20.6666666667
20.6666666667
20.0
20.6666666667
20.6666666667
SEC 2
40.6666666667
40.0
40.0
40.6666666667
40.0
40.0
41.0
40.0
41.0
40.6666666667
40.3333333333
40.0
40.0
40.3333333333
40.3333333333
41.0
SEC 3
63.3333333333
63.0
63.0
63.3333333333
63.0
63.0
63.6666666667
63.0
63.6666666667
63.6666666667
62.6666666667
63.0
63.3333333333
63.3333333333
63.0
63.6666666667
SEC 4
86.6666666667
87.0
86.6666666667
87.0
86.6666666667
86.6666666667
87.0
86.6666666667
87.0
87.0
86.3333333333
86.6666666667
86.6666666667
86.6666666667
87.0
87.0
SEC 5
111.333333333
111.666666667
111.666666667
111.666666667
111.666666667
111.666666667
112.0
111.666666667
112.0
111.666666667
111.333333333
111.666666667
111.666666667
111.666666667
111.666666667
112.0
SEC 6
136.0
136.0
135.666666667
136.0
135.666666667
135.666666667
136.333333333
135.666666667
136.333333333
136.333333333
135.666666667
136.0
136.0
135.333333333
136.0
136.333333333
SEC 7
161.333333333
161.333333333
161.333333333
161.666666667
161.333333333
161.666666667
162.0
161.666666667
162.0
161.666666667
161.333333333
161.666666667
161.666666667
161.666666667
161.333333333
162.0
SEC 8
186.666666667
187.0
186.666666667
187.0
186.666666667
186.666666667
187.666666667
186.666666667
187.0
187.333333333
186.666666667
187.0
187.0
186.666666667
187.0
187.0
SEC 9
214.333333333
214.666666667
214.0
214.666666667
214.0
214.333333333
214.666666667
214.333333333
214.666666667
214.666666667
214.666666667
214.333333333
214.333333333
214.333333333
214.333333333
215.0
SEC 10
241.0
240.333333333
240.0
241.0
240.666666667
240.666666667
240.666666667
240.666666667
241.0
241.0
240.666666667
240.666666667
240.666666667
240.333333333
240.333333333
241.0
SEC 11
265.666666667
265.0
265.0
265.666666667
265.333333333
265.333333333
265.333333333
265.333333333
265.666666667
265.666666667
265.333333333
265.666666667
265.666666667
265.333333333
265.0
265.666666667
SEC 12
293.333333333
293.333333333
293.0
293.666666667
293.0
293.0
293.666666667
293.0
293.666666667
293.333333333
293.666666667
293.0
293.333333333
293.333333333
293.0
294.0
SEC 13
322.666666667
322.666666667
322.333333333
323.0
322.333333333
322.666666667
323.0
322.666666667
323.0
323.0
323.0
322.666666667
322.666666667
322.666666667
322.666666667
323.0
SEC 14
354.333333333
354.0
353.666666667
354.333333333
353.666666667
353.666666667
354.333333333
354.0
354.666666667
354.666666667
354.0
354.0
354.333333333
354.0
354.0
354.666666667
SEC 15
386.666666667
386.0
386.0
386.666666667
386.333333333
386.333333333
386.666666667
386.333333333
386.666666667
386.666666667
386.0
386.333333333
386.666666667
386.666666667
386.0
386.666666667
SEC 16
419.0
419.333333333
418.666666667
419.333333333
419.0
419.0
419.333333333
419.0
419.333333333
419.333333333
419.333333333
419.0
419.0
419.0
419.0
419.666666667
SEC 17
451.0
451.666666667
451.0
451.666666667
451.333333333
451.333333333
451.666666667
451.666666667
452.0
451.0
452.0
451.666666667
451.666666667
451.333333333
451.333333333
451.666666667
SEC 18
484.333333333
484.333333333
484.0
484.666666667
484.333333333
484.333333333
484.666666667
484.333333333
484.666666667
484.666666667
484.333333333
484.333333333
484.666666667
484.333333333
484.333333333
484.666666667
SEC 19
517.0
517.0
517.0
517.333333333
517.333333333
517.333333333
517.0
517.333333333
517.333333333
517.333333333
517.0
517.333333333
517.333333333
517.0
517.333333333
517.333333333
SEC 20
549.0
549.0
548.666666667
549.0
548.666666667
548.666666667
549.333333333
548.666666667
549.666666667
549.333333333
549.333333333
548.666666667
548.666666667
548.666666667
549.0
549.666666667
SEC 21
580.666666667
580.666666667
580.333333333
580.333333333
580.333333333
580.333333333
581.0
580.333333333
581.0
581.333333333
580.666666667
580.333333333
580.333333333
580.333333333
580.333333333
581.333333333
SEC 22
611.666666667
611.333333333
611.666666667
611.666666667
611.666666667
611.666666667
612.0
611.666666667
611.666666667
612.0
611.333333333
611.666666667
611.666666667
611.666666667
611.666666667
611.666666667
SEC 23
640.666666667
641.666666667
640.666666667
641.333333333
640.666666667
640.666666667
641.333333333
641.0
641.666666667
641.666666667
641.0
641.0
641.333333333
640.666666667
641.333333333
641.666666667
SEC 24
675.0
674.333333333
674.333333333
675.0
674.666666667
674.666666667
675.0
674.666666667
675.0
675.0
674.666666667
674.666666667
674.666666667
674.666666667
674.666666667
675.0
SEC 25
707.666666667
707.333333333
707.0
707.666666667
707.333333333
707.333333333
707.666666667
707.666666667
707.666666667
707.666666667
707.666666667
707.666666667
707.666666667
707.666666667
707.0
707.666666667
SEC 26
742.333333333
742.333333333
741.666666667
742.333333333
742.0
742.0
742.333333333
742.0
742.333333333
742.666666667
742.333333333
742.0
742.0
742.0
741.666666667
742.666666667
SEC 27
778.666666667
778.0
778.333333333
778.666666667
778.333333333
778.333333333
778.666666667
778.333333333
779.0
778.666666667
778.666666667
778.333333333
778.666666667
778.333333333
778.666666667
779.0
SEC 28
812.333333333
811.666666667
811.666666667
812.333333333
811.666666667
811.666666667
812.333333333
812.0
812.333333333
812.333333333
812.0
812.0
812.333333333
811.666666667
812.333333333
812.666666667
SEC 29
847.666666667
846.666666667
846.666666667
847.0
846.666666667
846.666666667
847.333333333
846.666666667
847.666666667
847.333333333
847.333333333
846.666666667
846.666666667
846.666666667
847.0
847.666666667
SEC 30
885.0
884.666666667
885.0
885.0
885.0
885.0
885.333333333
885.0
885.333333333
885.666666667
885.0
885.0
885.0
885.0
885.0
885.333333333
SEC 31
919.333333333
919.666666667
919.666666667
919.666666667
919.666666667
919.666666667
920.0
919.666666667
920.333333333
920.333333333
919.666666667
919.666666667
919.666666667
919.333333333
919.666666667
920.333333333
SEC 32
956.0
955.333333333
955.333333333
956.0
955.333333333
955.666666667
955.666666667
956.0
956.0
956.0
955.333333333
956.0
956.0
955.666666667
955.666666667
956.0
SEC 33
991.0
991.0
991.0
991.333333333
991.0
991.333333333
991.0
991.333333333
991.333333333
991.333333333
990.666666667
991.333333333
991.333333333
991.333333333
991.0
991.333333333
SEC 34
1027.0
1027.0
1026.66666667
1027.0
1026.66666667
1027.0
1027.33333333
1027.0
1027.33333333
1027.33333333
1027.33333333
1027.0
1027.0
1026.66666667
1027.0
1027.33333333
SEC 35
1061.0
1061.0
1060.66666667
1061.0
1060.66666667
1060.66666667
1061.0
1060.66666667
1061.0
1061.33333333
1060.66666667
1060.66666667
1061.0
1060.66666667
1061.0
1061.33333333
SEC 36
1096.33333333
1096.33333333
1096.33333333
1096.33333333
1096.33333333
1096.33333333
1097.0
1096.33333333
1097.0
1097.0
1096.66666667
1096.33333333
1096.33333333
1096.33333333
1096.33333333
1096.66666667
SEC 37
1132.66666667
1133.0
1132.66666667
1133.0
1132.66666667
1133.0
1133.0
1132.66666667
1133.33333333
1133.33333333
1133.0
1133.0
1133.0
1132.66666667
1133.0
1133.33333333
SEC 38
1169.66666667
1169.33333333
1169.33333333
1170.0
1169.33333333
1169.66666667
1169.66666667
1169.33333333
1170.0
1169.66666667
1169.66666667
1170.0
1170.0
1169.33333333
1169.66666667
1170.0
SEC 39
1205.33333333
1204.33333333
1204.33333333
1205.33333333
1204.66666667
1205.0
1205.0
1204.66666667
1205.33333333
1205.33333333
1204.66666667
1205.33333333
1205.33333333
1205.0
1204.66666667
1205.33333333
SEC 40
1242.66666667
1242.33333333
1242.0
1242.33333333
1242.33333333
1242.33333333
1242.66666667
1242.33333333
1242.66666667
1242.66666667
1242.66666667
1242.33333333
1242.33333333
1242.33333333
1242.0
1242.66666667
SEC 41
1274.33333333
1274.33333333
1274.0
1274.66666667
1274.33333333
1274.33333333
1274.66666667
1274.33333333
1274.66666667
1274.33333333
1274.66666667
1274.33333333
1274.33333333
1274.33333333
1274.33333333
1274.66666667
SEC 42
1310.0
1309.66666667
1309.66666667
1310.0
1309.66666667
1309.66666667
1310.33333333
1309.66666667
1310.33333333
1310.33333333
1310.0
1309.66666667
1309.66666667
1310.0
1309.66666667
1310.33333333
SEC 43
1347.0
1347.33333333
1347.0
1347.0
1347.0
1347.0
1347.33333333
1347.0
1347.33333333
1347.0
1347.33333333
1347.0
1347.0
1347.0
1346.66666667
1347.33333333
SEC 44
1384.0
1384.33333333
1384.0
1384.33333333
1384.33333333
1384.33333333
1384.0
1384.33333333
1384.33333333
1384.33333333
1384.33333333
1384.33333333
1384.33333333
1384.0
1384.0
1384.33333333
SEC 45
1420.66666667
1421.0
1420.33333333
1420.66666667
1420.66666667
1420.66666667
1421.0
1420.66666667
1421.0
1421.0
1421.33333333
1420.66666667
1420.66666667
1420.66666667
1420.33333333
1421.0
SEC 46
1457.33333333
1457.33333333
1457.0
1457.66666667
1457.0
1457.33333333
1457.66666667
1457.33333333
1457.66666667
1457.66666667
1457.66666667
1457.33333333
1457.33333333
1457.0
1457.66666667
1457.66666667
SEC 47
1492.33333333
1492.0
1491.66666667
1492.33333333
1491.66666667
1492.0
1492.33333333
1492.0
1492.33333333
1492.33333333
1492.0
1492.0
1492.33333333
1492.0
1492.0
1492.66666667
SEC 48
1528.66666667
1527.66666667
1527.66666667
1528.33333333
1527.66666667
1528.0
1528.33333333
1528.0
1528.66666667
1528.33333333
1528.33333333
1528.0
1528.33333333
1528.33333333
1528.0
1528.66666667
SEC 49
1565.0
1564.0
1564.66666667
1565.0
1564.66666667
1565.0
1564.66666667
1565.0
1565.0
1565.0
1564.33333333
1565.0
1565.0
1565.0
1564.0
1565.0
SEC 50
1600.33333333
1600.0
1600.0
1600.33333333
1600.0
1600.0
1600.66666667
1600.0
1600.33333333
1600.33333333
1600.33333333
1600.0
1600.0
1600.0
1600.0
1600.33333333
SEC 51
1636.33333333
1636.33333333
1636.33333333
1636.33333333
1636.33333333
1636.33333333
1636.33333333
1636.33333333
1636.66666667
1636.33333333
1636.66666667
1636.33333333
1636.33333333
1635.66666667
1636.33333333
1636.66666667
SEC 52
1673.33333333
1673.66666667
1673.33333333
1673.66666667
1673.33333333
1673.33333333
1674.0
1673.33333333
1674.0
1673.66666667
1674.0
1673.33333333
1673.33333333
1673.33333333
1673.33333333
1674.0
SEC 53
1711.0
1710.66666667
1710.66666667
1711.33333333
1710.66666667
1711.0
1711.0
1711.0
1711.33333333
1711.0
1711.0
1711.33333333
1711.33333333
1710.33333333
1711.33333333
1711.33333333
SEC 54
1748.0
1747.33333333
1747.33333333
1747.66666667
1747.33333333
1747.33333333
1748.0
1747.33333333
1748.0
1748.0
1747.66666667
1747.33333333
1747.33333333
1747.66666667
1747.33333333
1748.0
SEC 55
1784.66666667
1784.33333333
1784.0
1785.0
1784.0
1784.33333333
1784.66666667
1784.66666667
1785.0
1785.0
1784.33333333
1785.0
1785.0
1784.33333333
1784.66666667
1785.0
SEC 56
1821.0
1820.66666667
1820.66666667
1821.0
1821.0
1821.0
1820.66666667
1821.0
1821.0
1821.0
1820.66666667
1821.0
1821.0
1821.0
1820.66666667
1821.0
SEC 57
1856.33333333
1857.0
1856.33333333
1856.66666667
1856.66666667
1856.66666667
1857.0
1856.66666667
1857.0
1856.66666667
1857.0
1856.66666667
1856.66666667
1856.66666667
1856.33333333
1857.33333333
SEC 58
1893.33333333
1892.66666667
1892.66666667
1893.33333333
1892.66666667
1893.0
1893.0
1893.0
1893.33333333
1893.0
1893.33333333
1893.33333333
1893.33333333
1892.66666667
1893.33333333
1893.33333333
SEC 59
1930.33333333
1929.66666667
1929.66666667
1930.33333333
1930.0
1930.0
1930.0
1930.33333333
1930.33333333
1930.33333333
1930.0
1930.33333333
1930.33333333
1930.0
1929.66666667
1930.33333333
SEC 60
1966.0
1965.66666667
1965.33333333
1966.33333333
1966.0
1966.0
1966.0
1966.0
1966.33333333
1966.0
1966.0
1966.0
1966.0
1965.66666667
1966.0
1966.33333333
SEC 61
2002.66666667
2002.33333333
2002.0
2002.66666667
2002.33333333
2002.33333333
2002.33333333
2002.33333333
2002.66666667
2002.66666667
2002.66666667
2002.66666667
2002.66666667
2002.66666667
2002.0
2002.66666667
SEC 62
2039.0
2039.66666667
2039.0
2039.33333333
2039.0
2039.0
2039.33333333
2039.0
2039.66666667
2039.0
2039.66666667
2039.0
2039.33333333
2039.33333333
2039.33333333
2039.66666667
SEC 63
2075.66666667
2075.33333333
2075.33333333
2076.0
2075.33333333
2075.66666667
2075.66666667
2075.33333333
2076.0
2076.0
2075.33333333
2076.0
2076.0
2076.0
2075.33333333
2076.0
SEC 64
2112.0
2112.0
2111.66666667
2112.0
2112.0
2112.0
2112.33333333
2112.0
2112.0
2112.33333333
2112.0
2112.0
2112.0
2111.66666667
2112.0
2112.33333333
SEC 65
2150.0
2149.66666667
2149.66666667
2150.0
2149.66666667
2150.0
2150.0
2150.0
2150.0
2150.0
2150.0
2150.0
2150.0
2149.66666667
2149.66666667
2150.33333333
SEC 66
2186.0
2185.66666667
2185.66666667
2186.0
2186.0
2186.0
2186.0
2186.0
2186.0
2186.0
2186.0
2186.0
2186.0
2186.0
2185.66666667
2186.0
SEC 67
2221.66666667
2221.0
2221.0
2221.66666667
2221.33333333
2221.33333333
2221.66666667
2221.33333333
2221.66666667
2221.33333333
2221.66666667
2221.33333333
2221.33333333
2221.33333333
2221.33333333
2221.66666667
SEC 68
2258.33333333
2258.0
2258.0
2258.33333333
2258.0
2258.0
2258.33333333
2258.0
2258.66666667
2258.33333333
2258.33333333
2258.33333333
2258.33333333
2258.33333333
2258.0
2258.66666667
SEC 69
2294.33333333
2294.0
2293.66666667
2294.0
2293.66666667
2294.0
2294.33333333
2294.0
2294.66666667
2294.66666667
2294.0
2294.0
2294.0
2294.0
2294.0
2294.66666667
SEC 70
2329.0
2328.66666667
2329.0
2329.0
2329.0
2329.0
2329.33333333
2329.0
2329.66666667
2329.66666667
2329.0
2329.0
2329.0
2329.0
2329.0
2329.66666667
SEC 71
2364.33333333
2364.33333333
2364.0
2364.66666667
2364.33333333
2364.66666667
2364.66666667
2364.33333333
2365.0
2365.0
2364.33333333
2364.66666667
2364.66666667
2364.0
2364.66666667
2364.66666667
SEC 72
2400.0
2399.66666667
2399.66666667
2399.66666667
2399.66666667
2399.66666667
2400.0
2399.66666667
2400.0
2400.0
2400.0
2399.66666667
2399.66666667
2399.66666667
2399.66666667
2400.0
SEC 73
2436.33333333
2436.33333333
2435.66666667
2436.66666667
2436.0
2436.0
2436.33333333
2436.0
2436.66666667
2436.33333333
2436.66666667
2436.0
2436.66666667
2435.66666667
2436.66666667
2436.66666667
SEC 74
2471.33333333
2471.33333333
2471.33333333
2471.66666667
2471.33333333
2471.33333333
2471.66666667
2471.33333333
2471.66666667
2471.33333333
2471.66666667
2471.66666667
2471.66666667
2471.66666667
2471.0
2471.66666667
SEC 75
2509.0
2508.33333333
2508.33333333
2508.66666667
2508.33333333
2508.33333333
2509.0
2508.33333333
2509.0
2509.33333333
2508.66666667
2508.66666667
2508.66666667
2508.66666667
2508.33333333
2509.0
SEC 76
2545.66666667
2545.33333333
2545.33333333
2545.66666667
2545.33333333
2545.33333333
2545.66666667
2545.33333333
2545.66666667
2545.66666667
2545.33333333
2545.33333333
2545.33333333
2545.66666667
2545.0
2545.66666667
SEC 77
2582.0
2582.33333333
2582.0
2582.33333333
2582.33333333
2582.33333333
2582.0
2582.33333333
2582.33333333
2582.33333333
2582.0
2582.33333333
2582.33333333
2581.66666667
2582.33333333
2582.33333333
SEC 78
2618.0
2618.33333333
2618.0
2618.33333333
2618.0
2618.33333333
2618.33333333
2618.0
2618.33333333
2618.0
2618.33333333
2618.33333333
2618.33333333
2618.0
2618.0
2618.66666667
SEC 79
2655.0
2654.0
2654.0
2654.66666667
2654.0
2654.33333333
2654.66666667
2654.33333333
2655.0
2655.0
2654.33333333
2654.33333333
2654.33333333
2654.33333333
2654.33333333
2655.0
SEC 80
2690.66666667
2690.0
2690.0
2690.33333333
2690.0
2690.0
2690.33333333
2690.33333333
2690.66666667
2690.66666667
2690.0
2690.33333333
2690.33333333
2690.33333333
2690.0
2690.66666667
