r=1, wt=16, c=28
1079
2082
3364
3436
4071
4387
4445
4172
1870
4057
4814
3917
4435
3908
3887
3606
4656
3867
4647
3230
4465
4319
4534
4657
3807
4412
3771
3369
4608
3929
3715
4251
3687
3582
4453
3790
4137
3802
3857
3678
4490
3924
4187
4380
3681
4208
4032
3598
4828
4327
4365
4664
3920
4102
4264
2453
4467
4107
4165
4171
4650
4842
4465
4465
4272
3756
4191
4459
4175
3576
3945
4444
3522
4055
4169
4198
3769
4217
4140
4271
195
AVG: 4087.85915493

r=2, wt=16, c=28
1350
2015
2408
3314
3414
3655
3485
3822
3464
3420
4141
3511
3876
4165
3701
3044
3040
3680
3926
3762
3626
3064
3982
3747
3952
3525
3328
3351
3768
2176
2849
2469
4175
3362
3370
3496
3703
3624
3618
4165
3776
3383
3453
3694
3766
3131
3534
3888
3654
3656
3553
2881
3604
3667
4343
4193
2523
3715
3919
3753
3782
3645
3608
3871
4374
3966
3897
1810
4111
4389
4204
3762
3974
2398
4020
3905
2852
3652
3234
3314
855
AVG: 3603.43661972

r=3, wt=16, c=28
1162
1646
2891
3580
2872
3962
4071
3839
4557
3500
4439
4235
4364
4343
3888
4596
4371
4191
4089
4329
4536
4779
4421
4154
2150
3606
4453
3821
4900
5104
4010
4197
4428
3419
4965
4259
4675
5383
5148
4573
5141
5158
5180
3645
3028
5181
4608
3444
5248
4951
5023
5716
2858
5045
4994
4599
5453
5054
2478
4739
4703
4232
5009
4671
5467
4909
4691
4279
5094
5154
3546
3818
5024
4438
4674
4502
5004
3950
4145
4726
950
AVG: 4443.78873239

