r=1, wt=16, c=8
1163
1758
2322
2338
2476
3512
3198
3276
3087
2743
2828
3673
3569
3459
3356
3065
3241
3544
3293
3492
2948
3616
2918
2987
3309
3383
3442
1831
3336
2870
3278
2698
2414
2906
3587
3318
2812
2858
3025
3283
2915
2920
3306
2951
3312
2874
3259
2628
3287
3162
2946
2948
3028
3577
3175
2857
3098
3304
3277
3201
2999
3324
3741
2781
3014
2911
2728
3440
2333
3223
2897
3259
3163
3340
3118
2898
2983
3442
2999
2613
437
AVG: 3117.5915493

r=2, wt=16, c=8
1402
2054
2682
3257
2802
3712
3955
3673
3039
3923
3858
3619
3484
3298
3655
2158
3471
3655
3299
3464
3734
3576
3228
3006
3813
2897
3524
3164
4011
3617
3710
3111
3164
2794
2659
2959
3260
2903
3704
3706
3570
3882
3012
2855
3608
3088
3461
3557
3209
3157
3512
3699
3322
3217
3320
3436
3681
3267
3046
2983
3251
3325
3021
3744
3209
3293
3428
3474
3707
3446
3671
3215
2953
3774
3498
3692
3680
3467
3412
3500
46
AVG: 3385.71830986

r=3, wt=16, c=8
1438
1937
2252
2623
2758
3034
2710
2905
3228
3144
3515
3108
2926
3340
3472
3405
3840
3591
3356
3369
3152
3847
3714
3081
3434
2976
2974
3416
2939
3878
3407
3371
3089
3871
2608
3159
3250
3012
2909
2684
3458
3381
2987
2978
3258
3031
3196
2881
3136
3157
3041
2422
3186
2785
3028
3470
2998
3419
2494
3265
3387
3257
3252
3211
3586
3031
3346
3079
3144
3418
3540
3449
3201
3361
3592
3189
3088
3310
3013
3414
29
AVG: 3215.88732394

