r=1, wt=8, c=28
904
1695
2321
2263
2814
2990
2921
3081
3247
2335
3475
3405
3202
3007
2810
3045
2870
2989
3126
3333
3105
3212
3331
3230
3309
3417
3142
3449
3166
2896
3287
3013
3148
2570
2994
2979
3207
3469
3376
3322
3127
3012
2903
3178
3115
3090
3445
3402
2960
2854
2955
3089
3263
2869
2917
2969
3101
3418
3351
3467
3438
3139
3250
3486
3437
3294
3245
3296
3075
2956
2886
3312
3334
3299
3152
3188
2827
3217
3264
3525
1216
AVG: 3151.12676056

r=2, wt=8, c=28
1032
2004
2137
2888
2484
2973
3164
2467
3211
3263
2281
3026
3479
3859
3321
3466
3166
3044
3015
2933
2869
3215
3304
3303
3497
3105
3475
3038
3705
2789
2889
3314
3694
3335
3302
3134
3319
3238
1299
3393
2980
3003
3150
3236
3100
2863
2869
3465
3502
3213
3707
3367
3175
3241
2352
3128
2808
2638
2449
3319
2963
2932
3267
3264
3210
2708
3329
3146
3028
3345
2771
2881
3174
2702
3093
2952
2551
2935
2913
2814
AVG: 3103.75714286

r=3, wt=8, c=28
1170
1944
2066
2570
2442
2691
2514
2754
2921
2870
3060
3058
3001
2837
2830
2968
2939
2950
2896
2896
3085
3208
3210
2826
3438
2907
2837
3179
3197
3023
2539
2998
3273
3051
2909
3104
2866
3040
2943
2996
3019
3239
2850
3051
3476
3201
2698
3066
1984
2993
3345
2922
3341
3246
3191
3084
3287
3272
3222
2531
3249
3304
3014
2681
2646
2794
3082
3055
3572
2296
3687
1492
4144
3397
3924
4163
3301
2584
2248
3432
267
AVG: 3032.84507042

