r=1, wt=16, c=24
951
1791
2751
3243
2467
3770
4015
4052
4176
3997
3350
4456
4353
3968
3518
3769
3657
3444
3704
3368
3465
3535
4009
3203
3518
3671
3399
3280
2997
3412
3370
3417
3431
3461
3608
3656
3863
3139
3401
3287
3166
3253
3464
3103
3519
3187
2890
3472
3039
3231
3261
3292
2922
3418
3381
3259
3310
3536
3659
3336
3282
3596
3456
3847
3691
2762
5139
3956
3566
3148
4497
3975
4431
3917
3545
4792
4744
5223
4489
4380
284
AVG: 3577.70422535

r=2, wt=16, c=24
1471
2141
3780
3436
3724
2520
3008
4372
4070
3804
4294
4716
3736
3307
4003
3800
4167
3953
4111
3466
4351
4317
3687
2144
4762
4497
3299
4514
4008
5294
4611
4761
3442
3966
3161
3946
4789
4733
4958
3701
4863
4910
4781
4974
3941
4651
4067
4121
3727
4856
3573
4632
4394
3881
4216
3740
4716
4303
2758
3359
4110
4040
4385
4624
4190
3662
4359
4469
3378
3036
3951
3788
3194
4019
3000
3861
3825
3516
4003
3138
AVG: 4041.94285714

r=3, wt=16, c=24
1255
1994
2601
2851
2481
3365
3351
3437
3556
3456
4006
3283
4231
4863
5075
4282
4544
3592
3719
3196
2951
4001
4246
4791
4180
3585
3799
4684
4419
4426
4308
4994
3992
3987
4211
3808
4456
4063
4887
4003
4030
3934
3445
3787
3426
3553
3509
3850
4035
3344
3752
3610
4316
3916
3769
3987
4132
3322
3892
3601
3109
4355
3591
3369
4343
3509
3364
3770
3534
3554
3803
3497
3358
3636
3312
3550
3636
3778
3584
3057
AVG: 3872.3

