r=1, wt=64, c=8
1214
1605
2664
3055
2898
3593
3517
2934
3683
3690
3582
3675
3347
2876
3413
3883
3523
3741
3786
3552
3713
3612
3221
3746
3836
3516
3506
3738
3989
3748
3581
3216
3840
3865
3554
3819
3418
3916
3094
3916
3850
3652
3775
3993
3564
4090
3685
3752
3246
3479
3441
3521
3530
3688
3819
3431
3885
3783
3939
3523
3597
3435
3411
3736
3339
3702
3530
3774
3895
3609
3341
3275
3820
3908
2749
3329
3820
3776
3682
3058
AVG: 3605.8

r=2, wt=64, c=8
1209
2183
2874
3020
3059
3946
3843
2662
3616
3396
3692
2968
3388
3596
3292
3189
3237
3827
2947
3337
4238
3816
3990
3822
3992
3710
4027
3605
3487
3112
2632
2868
2515
3577
3614
2568
2583
4120
3534
2485
3370
3467
3771
3589
3763
3440
3984
3639
3153
2850
3481
3530
2325
3728
3345
4382
3865
2690
2860
3835
3300
4107
4134
3723
3860
4242
3469
3697
3758
3160
4496
3165
3777
3864
3818
4242
3708
3820
3823
3333
399
AVG: 3508.5915493

r=3, wt=64, c=8
1337
2076
2116
2831
2359
3382
3556
3861
3689
3741
3554
3911
4043
3826
4346
4081
4352
3441
3607
4048
3798
3785
3577
3362
3600
3636
3148
3592
3846
4103
3603
3685
4554
3987
3921
3629
3384
3295
3928
3872
3727
3805
3560
2871
3203
3601
3270
4434
4279
3832
3808
4237
3468
4726
3510
4313
3636
3250
4453
3431
3612
3781
4397
4180
3704
3976
2835
3775
4184
4091
3973
3710
1990
3840
3186
3640
3596
3807
3399
3648
131
AVG: 3746.91549296

