1219871
292563
331436
254750
299807
299594
268942
244537
199022
155437
134287
271110
221666
179282
230562
419591
138202
435802
326722
176912
121326
168119
177152
163834
213531
285456
149967
281384
102652
165521
147034
211152
130965
150580
122652
181419
141946
211383
147714
155836
140203
182558
187616
195634
153763
273337
400988
170206
226243
218827
306713
196377
140559
339413
290575
173694
204858
274303
163662
152407
185495
205354
231279
243893
143693
137019
311968
217618
236449
289424
161832
328742
156003
247163
178948
134510
203063
182308
206251
251523
85433
AVG: 210318.549296
