3259133
1395149
1593996
1439682
1394245
1327496
1218549
1233058
1395741
1290432
1226241
1271175
1270730
1361696
1266344
1453767
1258598
1203444
1276472
1239119
1237178
1190886
1167711
1468214
1258261
1228639
1249576
1262505
1203852
1253937
1465689
1194647
1162774
1222567
1215259
1349561
1127816
1206364
1291196
1171850
1137959
1550346
1302358
1280251
1342901
1448708
1243083
1315643
1252677
1270633
1158206
1279960
1284060
1322116
1248890
1114259
1342878
1247584
1280978
1366651
1584530
1293984
1210311
1234174
1308356
1297124
1238720
1307718
1428607
1289283
1370316
1315415
1304077
1210363
1298253
1459201
1163689
1147127
1230442
1286202
