3240112
1970278
2229282
2145054
1985803
1848909
1974459
2098447
1836279
1948587
2298595
1562948
1741242
1789773
1775249
1644796
1624448
1781779
1723430
1730036
1813100
1961329
1854921
1814107
1784209
1819169
1599902
1707342
1790923
1564563
1764246
1741095
1829328
2029565
1764546
1916051
1763362
1740898
1902964
1693008
1942530
1570245
1569834
1695998
2037194
1642202
1610921
1849394
1749403
1629129
1651821
1791501
1853197
1752580
1881733
1936059
1719331
1639417
1699508
1593867
1640834
1734430
1820585
1753559
1718306
1729243
1661840
2057583
1701801
1797537
1911465
1576202
1808901
1728396
1660981
1678948
1572599
1688651
1827521
1760417
