2013776
1308776
1206739
1159700
1150003
1222541
1070360
1049050
987097
846543
808401
848602
941171
970628
960159
1069889
933232
911723
965956
951999
964457
967800
998929
985415
818688
898872
777358
848716
925505
904524
1028222
923465
864731
955925
887846
995820
967001
1085831
1035849
925329
852328
891689
938578
855103
975180
1043250
885874
835970
970202
837206
964995
1028830
1041229
1462777
876139
928150
884498
840082
858093
1520662
992100
900521
865811
951325
925699
1024869
1018275
1013371
1059101
840107
875699
852923
856359
978309
889773
1067211
887743
836639
935628
872054
