3007006
1967328
1979560
1755671
1994451
1827605
1860927
1883616
1804348
1831438
1732862
1913458
1823481
1662127
1650902
1590922
1594869
1906126
1768686
1740922
1903193
1736986
1846602
1627004
1767572
1770978
1911134
1752239
1649561
1654794
1696631
1678590
1566658
1765850
1903648
1764137
1751570
1836708
1768080
1889230
1891249
1713134
1924711
1736292
1717549
1735587
1669079
1739559
1565318
2119136
1680529
1619581
1706101
1878838
1979931
1803616
1726508
1830942
1721301
1717527
1645588
1696482
1809795
1664915
2049341
1721143
1614110
1722518
1749656
1886245
1838691
1843886
1779325
1677223
1725471
1795460
1748147
1725729
1642600
1884882
