364229
770586
1025153
1324155
663500
859704
846864
816479
896771
1032102
846654
913009
942244
882066
970568
1497180
1052601
702319
853620
954129
869697
553230
579895
657040
889783
776578
894209
834086
729407
833612
720629
896282
743763
1294613
631347
817498
801836
873798
698237
771598
900763
776699
881374
946066
1235941
749492
867837
917668
1094119
1420227
718786
677648
693723
887660
883000
1018876
989341
797351
751175
770309
873064
801993
842632
1057209
793055
926063
753240
696832
653227
633526
835351
1292420
722353
872329
993040
1013923
914274
1244400
1260705
841683
