186635
188187
226919
286620
131418
126373
101222
85701
126484
109409
105258
188527
99188
97293
108566
103804
121126
117533
178187
104595
129096
123194
105347
105805
93669
127911
168466
123222
131682
112171
115991
125874
120322
132872
115855
103206
124695
90338
88965
124496
111218
155207
113642
117593
134139
146314
123854
124815
157630
137605
106827
98541
120061
110339
117807
115538
147862
96976
105688
127657
107836
143170
155940
147998
143657
92209
96288
134642
101361
167234
107748
170017
102183
84308
146960
105731
126246
126818
151333
110291
