275208
75251
124190
90937
91382
101883
110724
122769
109901
110512
111843
150684
120109
123232
145839
105170
96489
107986
105117
91995
95359
105561
109854
94849
91258
129806
97029
100855
104597
131450
105500
116471
109491
112293
96457
101073
90014
110947
93237
98733
116688
99129
134948
100268
118341
121091
104961
104138
112148
87980
90924
106914
108469
92067
97444
100747
102980
103513
99602
129572
106847
104395
84389
99024
84227
89000
120621
102339
81176
98943
113593
169843
104676
94944
100219
105920
95322
117216
90145
112672
