489650
299524
299507
221389
291052
266867
259481
313209
273438
415844
271194
285665
374238
290390
331879
348970
384455
289106
271781
267922
265780
270687
252523
272244
284244
240027
319792
314307
277876
322239
314407
366321
274197
233906
333409
255042
295324
271136
409703
311762
285592
249889
287715
307815
319770
326050
369283
238199
289195
256132
273748
292178
255627
327570
373716
324917
281053
298526
328853
313250
329378
429124
289200
225538
262706
239107
271610
290458
294110
398521
235496
259803
310353
319011
314477
312894
316206
298336
252595
276027
