347125
71996
130411
93130
91983
92861
101031
112652
96693
112941
120376
118939
91553
87007
94488
99981
92474
100911
103705
92151
93450
104314
120812
92159
115121
145990
97589
109216
103063
101698
128797
87338
115889
133723
94569
104326
99981
125929
120691
92720
131657
100886
94850
90233
95494
90138
97517
115814
115072
117384
85610
105258
107531
88143
92393
158945
114970
78324
118609
90781
92984
104439
123280
137647
98836
87804
116663
109890
92280
86841
105268
99556
81543
107450
102357
79973
78051
94065
153851
95753
