487383
97025
156929
151811
167184
124855
172465
173470
153019
160897
181867
168290
186472
156719
152043
165343
178296
174934
194090
169951
178868
170042
170995
187906
190879
206990
190520
167826
169448
173884
201966
214650
224822
200984
151004
157605
179484
191239
178153
187278
176684
162984
170292
197506
145181
179587
133818
202439
174018
145242
156133
190095
180708
152046
183873
188595
152511
161587
189475
153749
160034
165967
175338
167282
156096
149765
170711
205230
158690
162426
182555
163460
163954
169271
161801
148872
151626
194673
184597
163637
