492468
173102
181004
237424
234218
201323
262223
241817
206472
211226
280600
318051
266896
285188
290909
229533
198862
198948
216766
255783
228638
272787
245432
211044
250837
231575
246801
274505
246600
281342
225178
219068
238957
222808
231048
215282
263416
290528
229391
223196
239161
313005
269835
257642
290131
244341
247350
231720
209582
204053
220881
232544
255265
225715
239768
248151
244416
283581
261235
287056
199526
264772
245090
243160
209118
200398
248945
233686
201500
245878
287651
317549
231696
240722
282910
227201
231274
216076
207045
261473
