540010
127276
178648
167229
279085
300784
195705
178794
209961
219183
258669
199355
281146
235372
214951
211993
173891
222779
226340
231712
257746
206179
224452
258537
227385
226388
225219
331657
223455
214451
204859
162824
214710
180671
224113
202836
203021
181189
237969
210542
192397
230976
241665
217620
197894
223802
212121
233356
192949
205656
223254
204054
195572
253647
256334
230545
230167
235939
190623
214600
211128
172581
211237
226459
245004
245045
218769
226396
234048
215814
226645
209354
299969
191924
214068
228009
188853
215520
190237
237118
