906739
1036904
971814
1004229
974711
896941
870450
771681
826953
854110
1053655
814181
1021958
989838
919142
844759
897214
902058
897249
1029866
979064
898439
875927
1016151
840948
709001
870729
888624
890550
939090
833006
937487
949199
1140954
943098
914463
958070
901775
906194
868857
831975
844854
931481
784982
1400663
857983
775785
732849
794077
751408
781560
888027
823317
721958
801500
859002
802720
766158
863545
814624
866040
1231838
777241
819186
891435
828479
973465
895624
867459
825584
922189
970793
1202441
878257
869148
931964
906403
858415
930392
838700
