1093425
1128879
1033376
854410
846108
809742
801152
785136
781444
786329
813191
801602
810141
812789
813109
799637
928253
767283
745346
717220
762318
919340
701960
730388
780546
827867
830487
1015499
801094
769348
804418
814936
846482
1114259
782859
733816
764240
744889
755246
899113
728137
776006
726237
789428
1237727
736910
702353
859910
731854
727762
754766
738731
850958
855159
829095
770468
769127
800345
916143
810124
835999
1104196
855178
785846
759435
790916
786367
901157
730431
791324
818391
836578
731055
756503
801833
750180
798394
844015
1201023
868168
