1042049
975542
1137855
1005081
891614
799980
769161
749876
830780
857629
816829
792274
823187
844280
1221428
765576
830169
863371
834278
913573
837694
808526
882477
859467
818670
774211
704277
775572
777993
828963
840472
865031
852212
875189
946956
857561
912035
883605
888516
804537
873662
756615
872601
853365
852421
842175
871366
878795
981248
855274
846977
801937
894384
750205
729058
727691
742397
692504
878901
930138
823713
735525
782433
809432
849776
835864
800196
793531
861625
830295
902935
785703
861870
822336
862347
817174
749478
838694
825183
863953
