1034693
1136591
1185404
946730
943320
877824
838001
979233
1131696
797453
833686
796478
793111
886353
1522220
1121637
845416
918451
981075
930853
1005872
817399
923071
912947
939990
881148
851213
987488
894294
923488
931397
1197799
943248
1881734
1493005
996038
1019130
1559145
1051983
1033947
929125
907767
950166
925906
1040786
962876
984605
1023542
799204
940802
873088
812902
911906
990581
1356059
970248
1019048
982733
1036320
1086139
893272
1100439
936777
941388
906233
899396
906911
969078
900100
940766
891446
880628
926322
951044
863024
945394
876948
888575
939026
831432
