637966
686771
654779
688595
638593
638326
609846
587758
631351
604958
592118
545933
650514
628824
551150
571259
645436
563838
568489
606598
560972
675126
576662
563354
548106
600191
527641
566287
582412
569241
556076
594744
538973
598690
577005
617863
558432
527932
523511
528237
560679
550070
578898
600633
542053
536023
584928
568196
549281
590119
603752
562800
564042
556768
558244
624929
568565
551553
567523
565923
566421
607250
585551
613938
559710
536241
479792
551556
550165
564377
565815
521682
580160
490111
552440
554275
546355
544887
525856
610680
