725032
632657
646687
620433
579662
617216
611811
596354
578318
551337
567260
609376
581211
593277
595580
562711
570338
621057
572190
611026
584823
585145
603554
571658
560932
542484
549602
558485
494311
629476
570732
665970
587197
576263
546259
564120
540566
584843
558729
558780
559709
605496
561772
579818
590547
617248
532835
597992
524715
567661
627380
601822
619421
556834
561740
587917
626030
570362
613653
576641
563549
550984
613662
616051
652904
582631
597976
515377
499556
515118
533369
540158
493583
552233
576267
544308
557273
629049
552507
568967
