892830
797453
728877
692977
636724
755760
636241
733423
600482
629851
549792
611047
598564
605176
615376
608192
544852
552344
571023
580648
591474
564813
597461
521944
665756
600728
497418
547182
605565
630869
897243
605844
550695
534920
585779
597061
616985
642230
593170
548006
543791
576623
542496
555301
614515
551681
533861
558867
570154
648967
582813
598968
661281
686895
501037
547823
562884
588990
690630
706687
592740
561901
585089
577212
585700
620312
568550
668313
534183
539384
537320
585676
619220
515571
645048
615135
518557
545284
541952
613985
