1093751
1094150
1191769
973488
949978
989396
864388
1050439
888059
944840
982993
982888
1004483
936933
885623
803230
732591
824577
1046622
958724
891562
986708
959106
1126878
1019857
1006667
1643853
908200
974577
1130384
889878
912086
788866
880152
1109389
1157853
1077491
972273
1221666
977231
1094935
970914
901187
940741
1126682
881618
704648
790094
949495
997897
1078246
930925
933182
1043888
968334
975377
1070172
1034992
887421
973104
1078402
979390
847531
818457
983249
1008884
1922351
922190
943364
969794
1028186
1078171
958031
889260
978256
976784
1049886
921240
982407
976703
