1060736
881387
878863
758663
751001
795824
750938
757452
758465
690071
827514
706391
701219
657898
817314
746451
706421
693642
698718
782692
747674
845346
769611
707617
677468
675508
777733
757626
699854
728969
740846
719944
731685
741125
749045
766547
795999
720020
738335
697601
677281
734610
721618
655925
707663
698195
709470
744639
695602
675537
716173
717928
700551
700981
702273
672253
719999
747374
728810
775511
753120
840627
688531
724847
724365
723715
758407
789222
722799
714535
783471
707362
768376
781684
760393
712216
764047
762475
668859
697476
