563334
273298
383915
357836
412873
336473
300819
289325
290395
333079
327262
284209
396722
277648
299472
268827
244004
284324
234208
299581
281823
268393
301808
325861
345092
305339
308050
351905
289272
318927
275657
288648
308159
263251
318351
301222
291827
295996
327736
327288
325311
279005
357158
273645
293998
288375
270308
285197
274268
273669
307054
287877
289952
315846
302444
280259
255989
343328
283494
243240
270457
257204
270662
258101
331568
334485
256774
262963
291638
306010
277503
246065
306552
324050
256884
264265
234042
267184
247931
316891
