374809
210735
203961
219951
196115
170430
174722
171434
173349
150025
153657
151597
165722
165735
153674
177784
160224
163759
163020
164428
141714
151408
146331
138896
139871
154906
149968
163746
150831
162673
153028
151084
155841
154123
161465
163779
149768
177074
175764
172582
154339
147781
163472
164611
148870
149597
157806
147691
148361
151061
147181
150368
156777
156600
152502
151092
149636
162716
162183
170745
144880
147174
165616
155971
173311
167522
153869
153401
135561
162788
142599
142045
158198
151134
156378
145710
165841
146809
159803
148959
