517581
142749
112887
122641
156025
207101
128947
98149
109968
135768
103539
123375
102036
122650
102219
100901
98158
104820
115340
116557
126901
106706
102919
118220
108124
110983
99919
88630
109197
97977
99193
103670
110179
102181
108882
104617
105987
109202
111181
115814
93462
93476
119331
100604
100558
111707
99205
105309
103429
104611
99686
115269
103541
109886
110523
105039
109670
110507
111087
101919
100068
99023
115081
98883
101857
114538
95527
116537
110563
111157
110685
115577
105509
98030
93494
106360
95034
97291
104593
103495
