446625
158133
214326
184769
164751
131833
130896
145732
139215
132717
151333
132713
128532
132548
147137
127295
142024
132900
152028
141559
141080
138754
150457
143133
143374
166597
164323
140260
124056
134904
155954
145946
129980
164863
134170
128724
132494
147019
151506
164121
178521
143694
158961
145649
137628
165698
130002
156139
155456
123738
132676
140812
149770
136732
147435
164320
142659
159914
145765
147642
137192
139461
141723
157036
140687
131732
142408
153562
143305
156847
158888
136902
144377
143301
144913
127851
134271
127257
139824
149112
