647204
274995
367430
366177
322804
171831
204913
212086
190357
201428
203040
236669
234941
213622
221148
224301
260268
210723
232982
232879
216541
222227
197277
183778
249614
265868
213060
231472
210098
205526
264377
225319
241544
248090
261454
205596
229860
194193
197278
176131
218896
236575
210008
182183
185936
206920
214663
205955
230388
238478
212097
204997
191104
204542
210181
216937
267528
190555
230215
218195
192023
224273
251001
251757
238258
228894
240465
210536
218218
215125
204195
229313
232729
196684
253253
230575
275422
259920
235338
254501
