434491
185604
222256
217047
209905
188550
196368
185856
188156
199138
201335
193573
219842
173613
184424
188399
181280
179623
178281
187374
205269
222976
190180
234790
184346
180989
255209
251724
174516
182516
176607
190144
164672
173090
188057
190973
171377
171549
175282
190725
172268
189324
174653
163245
162622
167205
152441
183225
171164
168574
171191
177218
166129
182568
160180
169210
166409
199429
184446
161304
157751
157756
158510
147759
184739
172876
159554
167495
173038
185795
183445
156207
183368
153039
158249
171479
156166
151574
166054
188107
