SEC 1
41.3333333333
42.0
46.0
43.0
45.0
43.3333333333
42.6666666667
40.3333333333
44.0
41.3333333333
41.3333333333
45.0
38.0
44.3333333333
44.0
42.0
44.6666666667
39.0
40.6666666667
41.3333333333
41.3333333333
40.6666666667
41.3333333333
43.6666666667
44.3333333333
44.0
42.3333333333
46.0
42.0
43.0
41.0
41.3333333333
SEC 2
133.666666667
122.666666667
125.0
126.666666667
126.666666667
121.0
121.333333333
127.333333333
129.0
119.666666667
121.0
124.333333333
125.666666667
123.0
129.0
129.0
125.333333333
120.666666667
127.666666667
119.666666667
119.333333333
117.333333333
127.333333333
128.0
125.0
133.0
124.333333333
124.333333333
128.333333333
127.666666667
120.0
125.333333333
SEC 3
213.666666667
221.333333333
220.666666667
223.333333333
221.666666667
215.0
218.0
223.0
218.0
210.333333333
212.666666667
222.333333333
222.666666667
218.666666667
223.333333333
218.0
218.333333333
215.666666667
220.666666667
219.333333333
219.333333333
223.666666667
222.666666667
229.0
218.0
226.333333333
218.666666667
220.333333333
223.333333333
223.666666667
216.333333333
214.333333333
SEC 4
320.333333333
312.333333333
311.333333333
319.0
323.333333333
312.666666667
314.666666667
313.666666667
318.0
309.333333333
317.333333333
313.333333333
306.333333333
331.0
316.0
310.666666667
315.666666667
307.0
318.666666667
313.666666667
309.333333333
313.333333333
325.333333333
328.0
313.0
312.0
315.0
318.333333333
313.0
317.333333333
308.0
313.0
SEC 5
415.0
415.333333333
421.0
426.333333333
430.333333333
415.666666667
421.666666667
416.333333333
421.666666667
414.333333333
423.333333333
419.0
432.666666667
417.333333333
419.666666667
419.333333333
423.0
410.0
423.0
416.333333333
415.666666667
423.0
422.666666667
428.333333333
415.333333333
415.333333333
413.666666667
424.666666667
420.333333333
419.666666667
413.333333333
417.0
SEC 6
537.0
535.666666667
532.666666667
542.0
540.666666667
533.666666667
534.333333333
532.0
537.333333333
534.333333333
537.0
528.666666667
541.0
534.666666667
535.666666667
543.666666667
537.0
527.333333333
536.0
529.666666667
527.0
529.0
545.0
549.666666667
534.0
532.0
537.333333333
539.333333333
539.333333333
536.0
524.333333333
538.666666667
SEC 7
645.0
650.0
644.0
650.666666667
647.666666667
650.666666667
642.666666667
646.0
646.0
638.666666667
644.0
641.666666667
638.333333333
651.333333333
656.0
653.666666667
642.333333333
644.666666667
642.0
640.0
639.666666667
650.0
638.333333333
663.0
636.333333333
641.0
649.333333333
650.666666667
649.666666667
645.0
647.0
641.333333333
SEC 8
749.333333333
742.333333333
753.0
755.666666667
755.333333333
761.0
739.666666667
758.0
762.333333333
739.666666667
740.666666667
747.333333333
741.333333333
755.666666667
762.0
758.0
744.333333333
741.0
757.0
743.0
746.0
754.0
751.0
764.0
740.0
741.333333333
762.666666667
757.666666667
752.666666667
751.666666667
744.333333333
748.666666667
SEC 9
864.666666667
861.0
852.0
865.0
863.666666667
864.333333333
855.0
845.333333333
870.333333333
845.666666667
853.333333333
853.666666667
862.333333333
848.0
874.666666667
865.0
855.333333333
852.0
863.333333333
844.333333333
857.0
857.666666667
864.666666667
876.666666667
842.666666667
845.333333333
863.0
863.333333333
862.0
856.666666667
867.0
835.0
SEC 10
983.0
954.666666667
981.333333333
980.333333333
976.666666667
980.333333333
970.666666667
960.0
979.666666667
950.666666667
971.333333333
972.0
956.333333333
974.0
988.0
974.666666667
968.333333333
956.666666667
969.666666667
950.0
967.0
971.333333333
971.333333333
985.0
959.0
957.666666667
969.0
976.666666667
974.666666667
968.0
965.0
963.0
SEC 11
1102.33333333
1072.33333333
1066.33333333
1096.66666667
1092.33333333
1092.66666667
1072.33333333
1086.0
1098.66666667
1060.33333333
1082.0
1077.33333333
1071.33333333
1074.66666667
1099.33333333
1079.66666667
1074.33333333
1071.0
1075.0
1059.0
1081.66666667
1078.0
1077.0
1096.33333333
1070.0
1064.33333333
1075.33333333
1087.0
1073.66666667
1079.66666667
1077.66666667
1074.66666667
SEC 12
1202.33333333
1202.33333333
1175.0
1211.66666667
1203.0
1198.33333333
1191.66666667
1189.33333333
1209.66666667
1179.66666667
1196.0
1192.33333333
1194.0
1177.0
1221.33333333
1194.0
1193.0
1181.66666667
1181.0
1183.66666667
1200.0
1170.66666667
1203.0
1204.66666667
1177.66666667
1172.33333333
1193.66666667
1196.0
1199.66666667
1203.0
1183.66666667
1199.33333333
SEC 13
1313.66666667
1341.0
1289.33333333
1337.33333333
1324.0
1315.66666667
1303.66666667
1317.66666667
1328.66666667
1300.0
1314.33333333
1313.66666667
1319.66666667
1298.0
1343.33333333
1309.33333333
1316.0
1303.0
1306.66666667
1304.66666667
1322.0
1288.66666667
1325.33333333
1324.33333333
1301.0
1289.0
1317.0
1338.66666667
1312.0
1327.33333333
1317.33333333
1312.33333333
SEC 14
1432.33333333
1430.33333333
1424.66666667
1463.33333333
1437.0
1428.66666667
1420.33333333
1434.0
1442.33333333
1411.33333333
1431.0
1432.66666667
1417.33333333
1428.66666667
1468.33333333
1423.33333333
1427.0
1415.33333333
1433.33333333
1421.0
1437.0
1427.66666667
1429.0
1438.66666667
1416.0
1409.66666667
1433.33333333
1438.33333333
1446.0
1447.33333333
1432.0
1422.33333333
SEC 15
1543.33333333
1539.0
1549.33333333
1580.0
1550.33333333
1547.0
1535.33333333
1556.33333333
1553.66666667
1522.0
1547.66666667
1549.66666667
1552.66666667
1538.33333333
1588.33333333
1537.0
1548.0
1537.33333333
1553.66666667
1537.33333333
1556.66666667
1548.33333333
1535.66666667
1556.33333333
1535.0
1521.0
1556.0
1573.33333333
1540.66666667
1567.66666667
1547.33333333
1549.33333333
SEC 16
1688.66666667
1653.33333333
1639.66666667
1695.33333333
1677.0
1665.66666667
1674.0
1665.0
1675.0
1641.33333333
1663.0
1668.0
1661.66666667
1661.33333333
1713.0
1651.0
1674.33333333
1673.33333333
1655.0
1658.33333333
1677.0
1667.66666667
1655.33333333
1676.33333333
1652.33333333
1635.0
1668.0
1673.66666667
1674.0
1690.33333333
1668.33333333
1664.66666667
SEC 17
1753.0
1784.66666667
1792.66666667
1815.66666667
1799.33333333
1790.33333333
1783.0
1789.0
1789.0
1767.33333333
1786.66666667
1782.33333333
1783.66666667
1768.33333333
1829.66666667
1779.0
1799.66666667
1778.66666667
1791.0
1778.0
1800.0
1792.0
1769.66666667
1794.33333333
1770.66666667
1753.33333333
1788.33333333
1800.33333333
1772.33333333
1801.66666667
1783.0
1792.66666667
SEC 18
1901.66666667
1892.33333333
1897.0
1936.66666667
1920.33333333
1904.66666667
1885.66666667
1917.0
1916.33333333
1888.33333333
1902.66666667
1899.66666667
1883.0
1890.0
1936.66666667
1894.66666667
1919.66666667
1899.66666667
1903.33333333
1897.33333333
1918.33333333
1888.33333333
1913.66666667
1907.0
1885.66666667
1868.33333333
1902.33333333
1896.33333333
1923.0
1918.33333333
1915.33333333
1898.33333333
SEC 19
1984.66666667
2038.0
2009.0
2049.33333333
2036.33333333
2017.33333333
2039.0
1996.33333333
2030.33333333
2001.66666667
2008.33333333
2008.0
2007.66666667
1996.33333333
2048.0
2012.66666667
2040.33333333
2017.66666667
2013.0
2012.33333333
2028.33333333
2029.33333333
2004.66666667
2019.66666667
2000.0
1989.0
2014.66666667
2004.33333333
2038.66666667
2031.66666667
2028.0
2015.33333333
SEC 20
2128.66666667
2148.66666667
2089.66666667
2159.33333333
2154.66666667
2135.33333333
2122.33333333
2133.33333333
2139.33333333
2111.0
2119.33333333
2124.66666667
2115.66666667
2112.0
2160.33333333
2124.66666667
2152.66666667
2137.33333333
2118.0
2126.33333333
2137.33333333
2114.0
2144.0
2131.0
2114.33333333
2106.33333333
2128.33333333
2132.33333333
2141.66666667
2153.33333333
2134.0
2145.66666667
SEC 21
2260.66666667
2208.66666667
2226.33333333
2264.33333333
2266.33333333
2248.66666667
2259.0
2217.66666667
2255.0
2219.0
2231.66666667
2239.66666667
2223.66666667
2236.0
2272.33333333
2233.33333333
2263.66666667
2239.66666667
2243.66666667
2235.0
2254.33333333
2238.33333333
2250.33333333
2241.66666667
2230.0
2226.0
2237.0
2267.66666667
2228.66666667
2270.33333333
2254.0
2246.33333333
SEC 22
2335.66666667
2341.0
2353.33333333
2370.66666667
2375.66666667
2366.33333333
2353.33333333
2343.66666667
2367.66666667
2335.0
2350.33333333
2346.0
2352.66666667
2329.0
2388.33333333
2337.0
2375.66666667
2366.66666667
2354.33333333
2341.0
2368.66666667
2377.0
2340.66666667
2349.66666667
2341.33333333
2336.33333333
2354.66666667
2381.33333333
2343.0
2370.33333333
2361.0
2365.0
SEC 23
2472.0
2437.33333333
2435.33333333
2472.0
2475.0
2470.0
2441.66666667
2471.33333333
2474.0
2440.33333333
2451.33333333
2451.33333333
2448.33333333
2445.0
2502.66666667
2445.33333333
2481.33333333
2466.0
2457.0
2446.66666667
2479.66666667
2457.33333333
2476.66666667
2458.33333333
2442.66666667
2439.33333333
2461.33333333
2474.0
2472.33333333
2468.33333333
2478.66666667
2461.0
SEC 24
2556.0
2591.66666667
2501.66666667
2574.33333333
2571.0
2569.66666667
2542.33333333
2567.0
2578.0
2542.33333333
2557.0
2556.33333333
2553.66666667
2541.33333333
2597.0
2542.33333333
2586.66666667
2576.33333333
2544.66666667
2545.0
2579.66666667
2566.0
2561.0
2563.0
2537.33333333
2538.33333333
2565.0
2589.0
2564.33333333
2567.66666667
2570.0
2572.33333333
SEC 25
2691.0
2671.0
2625.66666667
2681.33333333
2677.66666667
2682.0
2659.0
2679.33333333
2691.66666667
2649.33333333
2668.33333333
2662.33333333
2662.33333333
2658.66666667
2705.0
2650.66666667
2701.33333333
2661.66666667
2678.0
2661.0
2689.0
2695.33333333
2653.66666667
2682.33333333
2653.66666667
2652.33333333
2667.0
2695.66666667
2690.0
2678.0
2678.0
2691.66666667
SEC 26
2772.0
2805.0
2747.66666667
2791.66666667
2789.33333333
2800.33333333
2775.0
2780.0
2809.66666667
2761.33333333
2780.33333333
2775.33333333
2777.0
2766.66666667
2821.33333333
2761.0
2811.66666667
2785.66666667
2784.66666667
2777.0
2804.66666667
2768.33333333
2806.0
2788.66666667
2769.66666667
2767.66666667
2785.0
2815.33333333
2797.33333333
2796.33333333
2785.66666667
2807.66666667
SEC 27
2882.0
2861.66666667
2908.33333333
2901.33333333
2895.0
2902.0
2876.33333333
2906.66666667
2919.0
2871.66666667
2889.0
2889.0
2868.33333333
2884.66666667
2936.0
2867.66666667
2921.33333333
2905.33333333
2884.0
2891.33333333
2911.33333333
2899.33333333
2892.33333333
2899.66666667
2881.0
2880.33333333
2900.33333333
2907.0
2921.33333333
2910.0
2907.66666667
2890.66666667
SEC 28
3025.0
3018.66666667
2951.0
3017.33333333
3012.0
3019.33333333
3019.33333333
2995.66666667
3029.0
2996.0
3007.66666667
3004.33333333
2980.33333333
3005.66666667
3050.0
2981.0
3041.33333333
3029.33333333
3001.0
3015.33333333
3023.66666667
3033.33333333
2992.0
3023.0
2998.33333333
3002.0
3017.66666667
3004.0
3064.66666667
3031.0
3017.33333333
3014.0
SEC 29
3066.0
3170.0
3106.66666667
3136.66666667
3124.0
3136.66666667
3111.33333333
3139.0
3143.66666667
3114.66666667
3122.33333333
3114.33333333
3116.0
3112.0
3169.0
3097.0
3153.0
3129.0
3133.33333333
3129.0
3139.66666667
3122.33333333
3130.33333333
3140.66666667
3117.0
3114.33333333
3133.66666667
3161.0
3129.33333333
3146.66666667
3119.66666667
3128.0
SEC 30
3183.0
3238.66666667
3247.66666667
3245.66666667
3233.33333333
3250.66666667
3241.33333333
3226.33333333
3255.33333333
3226.33333333
3237.66666667
3230.0
3219.0
3236.33333333
3279.33333333
3204.33333333
3259.33333333
3253.66666667
3223.66666667
3241.33333333
3256.33333333
3256.66666667
3217.0
3250.33333333
3228.0
3226.0
3244.0
3236.33333333
3267.0
3254.33333333
3227.33333333
3230.66666667
SEC 31
3336.33333333
3355.33333333
3329.66666667
3360.33333333
3349.66666667
3374.33333333
3364.33333333
3323.0
3371.66666667
3346.33333333
3357.66666667
3350.33333333
3356.33333333
3339.33333333
3400.66666667
3327.0
3374.33333333
3334.66666667
3371.33333333
3356.66666667
3378.0
3358.66666667
3345.66666667
3367.33333333
3349.33333333
3346.0
3360.0
3386.0
3357.0
3372.0
3342.66666667
3358.33333333
SEC 32
3466.0
3420.66666667
3454.66666667
3473.33333333
3461.0
3485.33333333
3451.33333333
3458.0
3482.0
3462.66666667
3465.66666667
3463.33333333
3459.66666667
3453.66666667
3515.0
3438.33333333
3481.0
3447.0
3479.66666667
3467.33333333
3484.0
3446.0
3467.66666667
3481.0
3460.33333333
3451.33333333
3470.33333333
3488.0
3472.0
3478.33333333
3462.0
3455.66666667
SEC 33
3571.33333333
3557.33333333
3547.66666667
3585.0
3578.33333333
3596.33333333
3571.0
3562.33333333
3588.33333333
3571.66666667
3577.66666667
3573.66666667
3564.0
3569.33333333
3628.0
3545.33333333
3594.33333333
3592.0
3557.66666667
3579.0
3592.0
3553.33333333
3580.0
3590.33333333
3576.66666667
3561.0
3582.66666667
3624.33333333
3560.66666667
3598.33333333
3568.66666667
3569.0
SEC 34
3691.66666667
3615.66666667
3696.66666667
3697.66666667
3682.66666667
3703.66666667
3687.33333333
3670.66666667
3701.66666667
3684.0
3685.66666667
3692.33333333
3681.0
3684.66666667
3732.33333333
3649.33333333
3701.66666667
3691.33333333
3685.33333333
3685.66666667
3700.0
3670.66666667
3685.0
3701.33333333
3685.33333333
3669.33333333
3693.66666667
3668.33333333
3738.33333333
3711.0
3684.0
3673.0
SEC 35
3817.0
3748.33333333
3777.0
3817.0
3795.0
3819.0
3813.66666667
3771.33333333
3814.33333333
3797.0
3792.66666667
3804.0
3793.33333333
3808.0
3846.0
3766.33333333
3813.0
3818.66666667
3783.66666667
3798.0
3813.66666667
3772.33333333
3812.66666667
3818.66666667
3801.66666667
3783.66666667
3803.66666667
3778.33333333
3849.0
3826.66666667
3801.33333333
3789.33333333
SEC 36
3890.66666667
3916.0
3896.66666667
3934.66666667
3912.66666667
3938.33333333
3886.66666667
3946.0
3933.66666667
3920.33333333
3907.66666667
3928.0
3912.0
3944.0
3968.33333333
3886.0
3932.0
3907.66666667
3938.33333333
3913.66666667
3931.33333333
3892.66666667
3943.0
3943.66666667
3926.33333333
3909.66666667
3923.33333333
3932.33333333
3941.33333333
3946.33333333
3909.0
3928.0
SEC 37
4033.66666667
4040.0
3993.0
4058.0
4031.66666667
4058.66666667
4039.66666667
4025.66666667
4055.66666667
4040.33333333
4023.33333333
4040.66666667
4057.33333333
4038.0
4085.33333333
3999.33333333
4046.66666667
4023.33333333
4056.0
4036.0
4051.33333333
4043.66666667
4034.66666667
4058.66666667
4046.0
4028.66666667
4043.33333333
4019.0
4090.33333333
4071.33333333
4047.33333333
4030.66666667
SEC 38
4168.66666667
4080.0
4143.33333333
4166.33333333
4146.0
4162.0
4119.0
4168.0
4160.33333333
4145.66666667
4132.0
4154.66666667
4142.0
4169.66666667
4198.33333333
4109.66666667
4157.0
4159.0
4147.0
4140.33333333
4153.66666667
4138.66666667
4158.66666667
4169.66666667
4154.33333333
4140.66666667
4154.0
4185.0
4136.33333333
4177.33333333
4155.33333333
4144.33333333
SEC 39
4277.33333333
4192.66666667
4247.33333333
4275.33333333
4251.66666667
4274.66666667
4275.66666667
4234.66666667
4267.0
4255.0
4236.66666667
4253.66666667
4260.0
4273.33333333
4303.66666667
4226.66666667
4259.0
4256.0
4281.33333333
4251.33333333
4261.66666667
4245.0
4268.33333333
4283.0
4266.66666667
4243.66666667
4265.66666667
4265.0
4273.66666667
4284.0
4257.0
4260.66666667
SEC 40
4365.66666667
4364.66666667
4331.66666667
4393.33333333
4357.33333333
4385.66666667
4394.0
4343.66666667
4383.66666667
4373.33333333
4351.66666667
4366.33333333
4385.33333333
4375.0
4423.66666667
4342.0
4372.66666667
4399.0
4366.33333333
4367.0
4381.0
4342.33333333
4406.33333333
4399.33333333
4378.0
4360.66666667
4380.0
4381.66666667
4371.0
4402.33333333
4372.66666667
4375.33333333
SEC 41
4497.0
4414.0
4476.0
4501.33333333
4465.33333333
4493.0
4466.33333333
4486.66666667
4494.0
4481.0
4453.0
4478.0
4478.33333333
4498.0
4531.0
4445.0
4485.0
4493.0
4494.33333333
4472.0
4485.0
4449.33333333
4516.66666667
4504.33333333
4486.0
4470.33333333
4495.0
4451.0
4516.33333333
4508.0
4479.66666667
4488.0
SEC 42
4512.0
4585.33333333
4615.0
4616.33333333
4581.0
4601.66666667
4573.66666667
4588.33333333
4603.33333333
4589.0
4563.33333333
4589.33333333
4596.0
4606.33333333
4649.33333333
4554.66666667
4591.66666667
4597.33333333
4612.33333333
4581.33333333
4595.0
4628.0
4555.66666667
4614.0
4591.66666667
4577.33333333
4601.0
4559.66666667
4618.66666667
4613.0
4594.33333333
4588.66666667
SEC 43
4636.66666667
4690.33333333
4736.66666667
4738.66666667
4694.66666667
4719.0
4687.0
4708.0
4726.66666667
4708.66666667
4690.0
4704.0
4708.33333333
4742.33333333
4774.33333333
4685.66666667
4717.0
4729.0
4721.33333333
4699.0
4720.66666667
4744.33333333
4673.33333333
4733.66666667
4717.0
4695.33333333
4722.66666667
4704.0
4716.0
4727.33333333
4714.66666667
4707.66666667
SEC 44
4813.0
4812.66666667
4790.0
4860.66666667
4809.66666667
4841.33333333
4806.66666667
4826.0
4845.66666667
4832.0
4810.0
4829.0
4836.33333333
4852.0
4893.66666667
4797.33333333
4832.33333333
4844.33333333
4843.33333333
4819.0
4841.0
4826.66666667
4831.33333333
4854.0
4837.33333333
4814.0
4837.66666667
4838.0
4820.0
4846.0
4846.33333333
4814.0
SEC 45
4867.66666667
4969.0
4925.33333333
4984.33333333
4925.66666667
4962.33333333
4924.33333333
4945.66666667
4965.0
4948.0
4930.33333333
4947.0
4966.0
4962.33333333
5015.66666667
4929.66666667
4950.0
4985.33333333
4947.66666667
4937.33333333
4967.0
4955.0
4945.66666667
4980.66666667
4957.0
4935.33333333
4955.33333333
4980.33333333
4903.0
4965.0
4948.33333333
4951.0
SEC 46
5011.33333333
5057.0
5051.0
5104.33333333
5047.0
5089.33333333
5072.33333333
5048.33333333
5088.0
5065.66666667
5054.33333333
5073.0
5083.0
5088.33333333
5135.66666667
5049.33333333
5073.0
5076.0
5109.66666667
5060.33333333
5087.0
5072.0
5070.66666667
5098.0
5079.66666667
5057.33333333
5076.66666667
5023.0
5104.33333333
5079.0
5085.66666667
5050.0
SEC 47
5126.0
5197.33333333
5140.33333333
5222.66666667
5159.33333333
5207.66666667
5151.0
5209.66666667
5211.33333333
5180.0
5163.0
5189.66666667
5197.0
5198.33333333
5250.66666667
5164.0
5188.66666667
5197.66666667
5222.66666667
5175.66666667
5202.0
5238.33333333
5142.33333333
5208.33333333
5192.0
5167.0
5193.0
5161.66666667
5207.33333333
5194.33333333
5186.0
5178.0
SEC 48
5247.33333333
5213.33333333
5339.0
5328.33333333
5267.33333333
5312.66666667
5275.0
5306.0
5326.66666667
5279.66666667
5278.0
5300.0
5298.0
5315.0
5360.0
5269.0
5300.0
5307.66666667
5326.33333333
5284.0
5315.66666667
5294.66666667
5306.33333333
5315.0
5296.66666667
5282.0
5299.33333333
5277.0
5317.0
5301.66666667
5285.33333333
5296.0
SEC 49
5323.66666667
5450.33333333
5358.0
5440.33333333
5368.0
5424.33333333
5409.66666667
5392.33333333
5434.66666667
5387.33333333
5382.66666667
5403.33333333
5409.33333333
5419.33333333
5466.33333333
5372.0
5402.66666667
5433.33333333
5416.0
5385.0
5419.0
5405.33333333
5418.0
5422.66666667
5404.0
5386.0
5402.66666667
5409.33333333
5403.66666667
5410.0
5367.66666667
5426.33333333
SEC 50
5468.66666667
5536.33333333
5467.33333333
5549.66666667
5479.0
5541.33333333
5522.33333333
5498.66666667
5548.33333333
5501.66666667
5497.0
5511.66666667
5530.0
5533.66666667
5580.0
5490.66666667
5515.66666667
5546.33333333
5536.66666667
5496.0
5532.66666667
5485.33333333
5560.66666667
5532.0
5514.33333333
5496.0
5516.33333333
5496.66666667
5537.0
5521.66666667
5541.0
5483.66666667
SEC 51
5612.66666667
5612.66666667
5583.66666667
5659.33333333
5595.33333333
5659.0
5643.33333333
5608.33333333
5664.33333333
5611.66666667
5605.66666667
5630.33333333
5646.33333333
5647.66666667
5694.33333333
5605.66666667
5632.33333333
5648.0
5661.33333333
5611.33333333
5645.66666667
5693.66666667
5586.66666667
5650.66666667
5627.0
5605.33333333
5630.0
5606.0
5654.66666667
5636.0
5648.33333333
5603.0
SEC 52
5749.66666667
5695.66666667
5692.33333333
5765.66666667
5705.0
5768.33333333
5775.33333333
5692.66666667
5775.66666667
5719.0
5709.66666667
5743.0
5768.33333333
5752.66666667
5797.66666667
5714.0
5741.0
5764.33333333
5747.66666667
5720.66666667
5748.0
5737.0
5757.33333333
5759.33333333
5738.33333333
5712.33333333
5740.0
5739.66666667
5735.66666667
5746.33333333
5733.66666667
5738.0
SEC 53
5808.0
5861.33333333
5813.66666667
5874.0
5825.0
5880.0
5866.33333333
5831.66666667
5894.66666667
5834.0
5829.66666667
5856.66666667
5868.0
5880.33333333
5911.0
5824.0
5855.33333333
5871.66666667
5868.66666667
5831.66666667
5862.33333333
5893.33333333
5818.0
5877.66666667
5856.33333333
5823.66666667
5856.33333333
5812.33333333
5897.33333333
5863.0
5877.33333333
5824.0
SEC 54
5968.0
5900.66666667
5949.66666667
5988.0
5933.0
5994.0
5979.33333333
5941.0
6009.33333333
5946.0
5943.66666667
5965.33333333
5989.33333333
5983.66666667
6021.0
5933.66666667
5965.33333333
5993.33333333
5968.33333333
5943.66666667
5975.33333333
5933.0
5999.33333333
5983.66666667
5972.33333333
5933.66666667
5963.66666667
5984.66666667
5936.66666667
5976.0
5963.66666667
5964.33333333
SEC 55
6024.0
6006.66666667
6099.33333333
6094.33333333
6038.33333333
6102.33333333
6025.33333333
6101.66666667
6110.0
6056.0
6043.66666667
6067.0
6090.0
6098.66666667
6118.33333333
6039.33333333
6071.33333333
6098.66666667
6084.0
6042.66666667
6073.66666667
6038.33333333
6106.33333333
6086.0
6073.66666667
6033.33333333
6073.33333333
6094.0
6041.0
6077.0
6069.0
6077.66666667
SEC 56
6162.0
6192.66666667
6113.0
6216.33333333
6158.0
6215.33333333
6206.66666667
6153.66666667
6223.66666667
6171.33333333
6153.0
6183.33333333
6215.33333333
6204.33333333
6232.33333333
6156.0
6183.66666667
6197.66666667
6211.33333333
6157.33333333
6185.0
6182.33333333
6176.33333333
6190.66666667
6186.0
6146.0
6189.33333333
6182.0
6180.66666667
6186.33333333
6190.66666667
6180.66666667
SEC 57
6244.33333333
6298.0
6242.0
6319.66666667
6264.0
6324.0
6252.66666667
6311.66666667
6330.33333333
6284.0
6263.66666667
6286.33333333
6317.33333333
6323.33333333
6340.33333333
6262.33333333
6296.0
6334.66666667
6296.0
6261.33333333
6292.0
6257.66666667
6322.0
6299.0
6296.33333333
6249.66666667
6289.66666667
6306.33333333
6271.0
6295.33333333
6261.0
6321.33333333
SEC 58
6380.33333333
6397.33333333
6375.66666667
6429.66666667
6387.66666667
6444.0
6377.33333333
6434.33333333
6445.66666667
6399.33333333
6385.33333333
6406.66666667
6444.66666667
6444.33333333
6455.33333333
6387.0
6413.66666667
6428.33333333
6448.33333333
6375.66666667
6414.66666667
6411.0
6415.66666667
6420.66666667
6411.66666667
6374.66666667
6409.33333333
6364.33333333
6458.66666667
6408.0
6408.66666667
6408.66666667
SEC 59
6474.66666667
6495.33333333
6538.33333333
6550.66666667
6508.66666667
6557.66666667
6484.33333333
6558.33333333
6558.0
6515.33333333
6502.33333333
6522.0
6559.66666667
6564.33333333
6572.0
6497.0
6524.66666667
6559.33333333
6551.66666667
6492.0
6528.66666667
6545.66666667
6523.66666667
6530.0
6528.66666667
6483.33333333
6523.33333333
6532.0
6530.0
6522.0
6511.66666667
6535.0
SEC 60
6580.0
6630.66666667
6638.66666667
6663.66666667
6620.66666667
6673.0
6591.0
6674.66666667
6673.33333333
6633.0
6612.0
6629.66666667
6674.66666667
6664.33333333
6686.66666667
6608.66666667
6630.33333333
6682.66666667
6644.0
6598.0
6642.66666667
6690.33333333
6604.66666667
6640.33333333
6641.0
6595.66666667
6636.33333333
6676.0
6605.66666667
6640.0
6640.66666667
6632.0
SEC 61
6693.33333333
6745.33333333
6743.0
6776.66666667
6730.66666667
6782.33333333
6779.0
6718.33333333
6786.33333333
6742.33333333
6729.33333333
6740.66666667
6772.66666667
6790.0
6796.66666667
6719.33333333
6745.33333333
6797.33333333
6755.66666667
6710.0
6754.0
6759.0
6763.0
6749.33333333
6754.66666667
6705.66666667
6753.0
6800.66666667
6706.33333333
6750.33333333
6754.66666667
6744.33333333
SEC 62
6805.0
6882.33333333
6851.33333333
6903.33333333
6837.0
6899.33333333
6863.66666667
6888.66666667
6902.66666667
6861.33333333
6848.33333333
6855.66666667
6906.33333333
6892.33333333
6916.33333333
6837.66666667
6862.66666667
6895.66666667
6885.66666667
6832.33333333
6871.0
6876.0
6883.0
6871.66666667
6870.66666667
6819.33333333
6872.0
6904.0
6834.33333333
6866.66666667
6840.33333333
6883.33333333
SEC 63
7011.0
6928.33333333
6939.33333333
7018.33333333
6957.66666667
7012.33333333
7040.66666667
6952.33333333
7029.33333333
6974.66666667
6967.66666667
6971.33333333
7006.33333333
7021.33333333
7031.0
6951.33333333
6984.66666667
6987.33333333
7028.66666667
6947.0
6987.33333333
7030.33333333
6959.0
6989.66666667
6987.0
6936.0
6987.33333333
6951.0
7024.66666667
6984.33333333
6972.0
6988.66666667
SEC 64
7066.66666667
7054.0
7098.33333333
7140.33333333
7079.0
7125.66666667
7086.66666667
7129.66666667
7153.33333333
7094.33333333
7082.0
7086.33333333
7124.33333333
7138.0
7142.0
7067.0
7092.33333333
7107.0
7145.66666667
7070.0
7096.66666667
7096.0
7124.33333333
7097.0
7096.33333333
7059.0
7099.66666667
7106.33333333
7096.0
7099.33333333
7073.0
7115.0
SEC 65
7191.0
7147.0
7206.66666667
7243.33333333
7187.66666667
7234.0
7236.0
7195.33333333
7255.66666667
7195.33333333
7187.66666667
7191.66666667
7240.0
7234.0
7253.66666667
7166.33333333
7199.66666667
7210.0
7256.66666667
7176.0
7202.66666667
7254.33333333
7180.66666667
7202.66666667
7201.0
7159.33333333
7207.0
7206.66666667
7210.0
7202.0
7238.66666667
7169.33333333
SEC 66
7353.33333333
7268.66666667
7288.33333333
7366.33333333
7307.0
7356.0
7337.66666667
7337.0
7372.0
7320.0
7318.33333333
7312.33333333
7336.0
7380.33333333
7370.0
7286.66666667
7322.33333333
7337.66666667
7381.33333333
7297.33333333
7335.66666667
7292.66666667
7398.33333333
7324.66666667
7324.33333333
7286.0
7325.66666667
7331.66666667
7337.33333333
7331.66666667
7341.66666667
7312.33333333
SEC 67
7433.66666667
7429.0
7407.0
7483.0
7429.0
7472.33333333
7416.66666667
7508.33333333
7492.66666667
7440.33333333
7435.0
7432.0
7451.0
7500.33333333
7488.0
7398.66666667
7445.0
7484.0
7475.66666667
7414.0
7458.66666667
7523.33333333
7407.0
7438.66666667
7445.0
7407.33333333
7449.33333333
7487.33333333
7422.33333333
7460.0
7412.66666667
7484.66666667
SEC 68
7526.66666667
7518.66666667
7563.33333333
7596.66666667
7538.0
7590.66666667
7580.33333333
7575.66666667
7604.0
7544.66666667
7553.33333333
7538.0
7565.66666667
7613.33333333
7604.0
7512.33333333
7556.33333333
7581.0
7605.33333333
7535.0
7571.66666667
7572.66666667
7591.66666667
7544.33333333
7560.33333333
7518.0
7563.0
7530.66666667
7597.66666667
7571.33333333
7560.0
7562.66666667
SEC 69
7643.0
7699.0
7609.33333333
7719.66666667
7651.0
7703.33333333
7646.33333333
7742.66666667
7717.66666667
7661.33333333
7664.33333333
7647.33333333
7681.33333333
7727.66666667
7713.66666667
7628.0
7675.66666667
7704.66666667
7709.33333333
7648.33333333
7688.0
7635.0
7756.33333333
7668.33333333
7667.66666667
7630.0
7674.33333333
7682.66666667
7674.0
7690.0
7678.0
7674.66666667
SEC 70
7736.33333333
7823.0
7733.0
7833.33333333
7766.66666667
7811.0
7828.0
7789.66666667
7829.33333333
7771.33333333
7775.66666667
7759.66666667
7843.33333333
7796.0
7825.66666667
7744.66666667
7788.33333333
7807.66666667
7828.66666667
7763.0
7806.66666667
7796.0
7822.66666667
7777.33333333
7778.0
7742.66666667
7789.66666667
7784.66666667
7800.33333333
7803.0
7767.66666667
7811.66666667
SEC 71
7838.0
7907.33333333
7855.66666667
7932.66666667
7868.33333333
7915.0
7880.33333333
7940.33333333
7935.33333333
7874.33333333
7879.66666667
7859.66666667
7935.0
7906.66666667
7928.33333333
7847.0
7896.33333333
7937.66666667
7898.0
7861.0
7905.0
7894.66666667
7923.66666667
7883.66666667
7877.66666667
7839.0
7894.0
7858.66666667
7927.33333333
7903.66666667
7908.0
7871.33333333
SEC 72
7927.33333333
7969.66666667
8033.66666667
8045.0
7982.0
8031.33333333
8009.66666667
8034.33333333
8051.33333333
7985.33333333
7990.66666667
7978.66666667
8020.0
8065.33333333
8038.0
7962.33333333
8004.66666667
8016.33333333
8051.0
7969.33333333
8018.33333333
7955.33333333
8084.0
7986.66666667
7981.66666667
7945.66666667
8010.0
8011.66666667
8001.33333333
8019.0
8035.33333333
7964.0
SEC 73
8095.66666667
8100.33333333
8092.0
8161.33333333
8100.33333333
8142.66666667
8168.66666667
8109.66666667
8170.0
8108.66666667
8115.0
8093.66666667
8143.66666667
8172.33333333
8158.33333333
8080.33333333
8125.0
8149.66666667
8165.66666667
8090.66666667
8141.0
8130.0
8148.0
8109.66666667
8101.0
8064.66666667
8125.0
8116.66666667
8128.33333333
8141.66666667
8102.33333333
8138.33333333
SEC 74
8251.66666667
8200.0
8200.0
8276.0
8226.66666667
8264.0
8223.66666667
8306.0
8304.66666667
8227.33333333
8241.33333333
8220.33333333
8301.33333333
8257.66666667
8286.33333333
8202.33333333
8253.66666667
8279.66666667
8278.66666667
8213.33333333
8267.0
8242.66666667
8281.33333333
8233.33333333
8222.66666667
8187.66666667
8244.0
8273.66666667
8210.33333333
8264.66666667
8205.66666667
8279.33333333
SEC 75
8328.33333333
8303.66666667
8379.33333333
8388.0
8343.66666667
8384.66666667
8384.0
8371.33333333
8420.33333333
8349.0
8358.33333333
8338.66666667
8369.0
8419.66666667
8399.66666667
8314.66666667
8369.0
8394.66666667
8392.33333333
8326.0
8377.66666667
8306.0
8449.0
8350.0
8341.66666667
8304.66666667
8362.33333333
8356.33333333
8363.33333333
8383.0
8333.0
8390.0
SEC 76
8507.33333333
8452.33333333
8418.66666667
8503.33333333
8458.66666667
8502.0
8460.33333333
8529.0
8540.66666667
8467.0
8475.33333333
8458.33333333
8528.33333333
8500.66666667
8520.66666667
8435.0
8488.0
8507.0
8520.66666667
8448.0
8496.0
8515.66666667
8476.66666667
8468.33333333
8457.33333333
8420.33333333
8473.66666667
8506.33333333
8451.0
8503.66666667
8461.66666667
8490.33333333
SEC 77
8636.33333333
8560.33333333
8526.33333333
8609.0
8569.66666667
8618.66666667
8646.33333333
8578.0
8649.66666667
8578.0
8589.0
8573.66666667
8599.0
8653.33333333
8628.0
8547.66666667
8600.33333333
8635.0
8620.33333333
8559.0
8609.0
8611.66666667
8595.66666667
8585.33333333
8576.66666667
8527.0
8584.66666667
8614.66666667
8559.0
8620.66666667
8598.33333333
8579.66666667
SEC 78
8672.0
8746.33333333
8646.33333333
8718.0
8678.33333333
8741.0
8679.0
8761.66666667
8766.66666667
8692.66666667
8698.0
8688.0
8711.33333333
8765.66666667
8744.66666667
8660.33333333
8713.33333333
8743.33333333
8736.66666667
8669.66666667
8718.0
8724.66666667
8703.66666667
8694.66666667
8693.66666667
8635.0
8704.66666667
8700.0
8704.0
8734.66666667
8660.66666667
8746.66666667
SEC 79
8789.66666667
8793.33333333
8809.33333333
8830.0
8785.66666667
8857.0
8827.33333333
8837.33333333
8871.66666667
8804.33333333
8802.0
8802.0
8823.0
8872.0
8852.66666667
8778.0
8814.66666667
8847.0
8853.66666667
8772.33333333
8834.0
8815.66666667
8839.0
8808.0
8807.0
8745.66666667
8815.66666667
8841.0
8788.66666667
8840.33333333
8833.66666667
8787.66666667
SEC 80
8906.66666667
8911.66666667
8894.0
8936.0
8895.33333333
8964.33333333
8940.0
8951.0
8980.66666667
8908.66666667
8912.0
8918.66666667
8978.33333333
8933.66666667
8964.33333333
8891.66666667
8916.66666667
8967.66666667
8955.66666667
8883.33333333
8944.66666667
8931.33333333
8956.0
8918.66666667
8915.0
8855.0
8927.33333333
8932.66666667
8922.66666667
8953.33333333
8947.0
8889.33333333
