WT0
42.6666666667
77.0000000003
79.333333333
84.333333333
102.0
101.0
110.666666667
115.0
138.666666667
110.0
88.000000003
132.66666666
80.66666667
136.0
78.0
117.0
130.33333333
105.33333334
122.33333333
92.33333333
112.66666667
136.33333333
100.66666667
87.66666667
159.33333333
81.0
135.66666667
119.33333333
99.33333333
75.66666667
143.66666667
71.66666666
166.66666667
83.66666667
92.33333333
117.66666667
113.33333333
107.66666667
145.66666666
108.66666667
92.33333333
98.66666667
116.33333333
87.33333334
106.0
71.66666666
145.66666667
93.0
117.33333333
87.33333334
96.0
123.33333333
122.33333333
99.0
126.0
105.0
115.33333334
90.0
128.0
73.33333333
119.66666667
88.33333333
123.66666667
105.0
89.0
142.0
90.66666666
111.33333334
121.0
103.0
82.33333333
147.66666667
103.66666666
100.66666667
114.33333333
90.33333334
120.66666666
107.0
73.0
WT1
42.3333333333
81.6666666667
78.0
91.333333333
98.0
91.333333334
125.666666666
112.0
109.666666667
111.333333333
137.999999997
104.0
104.0
93.0
133.0
118.0
88.33333334
100.0
115.0
126.0
117.33333333
120.66666667
103.33333333
123.66666667
80.0
145.0
93.0
86.0
155.0
108.33333333
107.33333333
121.0
96.0
103.33333334
125.0
92.0
133.66666666
97.66666667
103.66666667
78.66666666
122.66666667
93.66666667
130.66666666
125.33333334
83.0
100.33333333
101.66666667
131.0
90.0
124.66666666
93.66666667
114.0
96.66666667
127.0
61.66666666
156.33333334
77.0
94.33333333
108.0
138.0
69.0
150.0
98.66666667
74.0
134.33333333
88.0
132.33333333
101.0
122.66666667
92.0
129.0
68.0
136.66666667
75.33333333
138.33333333
89.0
100.33333334
127.0
126.33333333
WT2
43.3333333333
79.9999999997
82.0
93.666666667
88.0
117.666666667
89.0
143.0
98.0
128.666666666
101.333333337
98.33333333
118.33333333
109.0
130.0
82.66666667
124.0
113.66666667
92.0
112.33333333
115.66666667
88.33333333
136.33333333
129.66666667
106.33333333
109.0
99.33333334
136.0
89.33333333
145.33333333
79.33333334
131.66666666
65.0
123.0
109.33333334
128.33333333
98.33333333
137.0
80.66666667
116.0
98.66666667
133.33333333
79.0
103.66666667
99.66666666
143.0
79.0
90.66666667
121.0
97.66666667
143.66666666
91.33333334
114.0
113.0
138.33333333
49.66666667
123.66666666
125.33333334
101.33333333
106.0
125.0
82.66666667
80.33333333
125.66666667
108.33333333
104.33333333
115.33333334
104.33333333
90.66666667
134.66666666
106.0
107.66666667
90.33333333
139.0
65.0
136.0
114.66666667
85.0
111.0
WT3
41.3333333333
83.3333333337
89.0
82.0
98.666666666
101.0
112.0
114.0
117.333333334
113.333333333
115.66666667
113.33333333
104.0
114.0
113.33333333
101.33333334
111.33333333
107.66666667
105.0
105.0
117.33333333
117.33333333
115.0
117.66666667
117.33333333
109.33333334
112.33333333
111.0
118.33333333
110.0
105.66666667
111.0
107.66666667
104.0
104.33333333
118.0
115.33333333
113.0
109.33333334
101.0
105.33333333
103.66666667
109.33333333
111.33333333
99.66666667
106.0
109.33333333
114.0
111.66666667
108.33333333
111.66666667
116.0
102.66666667
114.0
112.66666666
104.0
109.0
105.33333334
110.33333333
111.66666667
109.0
114.33333333
100.66666667
103.33333333
111.66666667
115.33333333
117.33333333
116.66666667
119.66666667
111.66666666
101.66666667
106.0
107.66666667
118.33333333
101.66666667
104.33333333
111.0
107.0
102.0
WT4
44.6666666667
77.0000000003
82.666666666
85.333333334
96.666666666
101.666666667
114.666666667
123.0
119.666666666
116.666666667
107.33333333
106.66666667
106.33333333
113.0
114.33333334
104.33333333
106.0
105.33333333
101.0
111.0
119.33333334
110.66666666
116.66666667
120.33333333
114.66666667
112.33333333
111.33333334
108.33333333
113.33333333
114.66666667
108.66666667
110.0
98.0
107.66666666
110.66666667
120.33333333
120.66666667
112.0
110.33333333
100.66666667
108.66666667
105.66666666
113.33333334
106.0
100.66666666
103.0
109.66666667
108.0
103.66666667
102.33333333
113.33333333
118.0
108.33333334
113.66666666
107.66666667
101.0
106.66666667
105.66666666
104.66666667
113.33333333
105.66666667
107.33333333
105.66666667
106.0
111.0
117.66666667
109.33333333
102.66666667
106.0
107.33333333
103.0
103.0
117.66666667
104.66666666
103.0
104.33333334
108.33333333
100.0
107.33333333
WT5
40.6666666667
83.0000000003
87.0
83.333333333
103.0
103.666666667
107.333333333
115.333333333
116.333333334
114.0
110.666666663
112.33333334
103.66666666
119.33333334
112.0
102.66666666
112.0
110.66666667
103.33333333
112.33333334
113.66666666
114.33333334
105.0
113.33333333
107.0
107.66666667
111.66666666
118.0
111.33333334
107.66666666
105.33333334
114.33333333
106.33333333
107.0
111.66666667
113.0
119.0
115.66666667
103.0
101.33333333
107.33333333
111.0
108.33333334
107.33333333
107.33333333
101.0
105.66666667
111.0
108.33333333
106.0
117.33333334
111.66666666
110.66666667
109.0
113.33333333
101.0
107.66666667
101.66666667
114.0
107.33333333
101.33333333
105.33333334
96.0
103.33333333
107.66666667
124.66666666
113.66666667
105.0
107.0
112.33333333
105.33333334
108.66666666
116.0
109.66666667
103.0
105.0
106.33333333
103.66666667
102.33333333
WT6
40.3333333333
88.6666666667
81.666666667
77.666666666
106.333333334
101.333333333
100.333333333
139.333333334
95.666666666
114.0
119.999999997
127.33333334
93.33333333
107.66666667
126.66666666
95.66666667
95.0
128.33333333
88.0
120.0
122.33333334
116.0
95.66666666
127.66666667
105.66666667
110.0
128.33333333
114.33333333
82.0
114.0
119.0
128.0
113.0
104.33333334
107.0
99.33333333
129.0
103.0
116.33333333
102.33333334
99.33333333
117.66666667
84.66666666
127.0
89.66666667
104.66666667
120.33333333
98.33333333
100.33333334
123.0
108.0
121.33333333
101.0
144.33333333
84.0
138.66666667
89.0
105.33333333
118.0
86.0
108.66666667
106.0
131.33333333
106.0
107.66666667
69.66666667
136.0
116.33333333
89.66666667
119.0
112.33333333
110.33333333
95.66666667
116.33333333
90.66666667
123.66666667
101.33333333
93.66666667
117.33333333
WT7
40.6666666667
77.3333333333
84.666666667
93.0
85.0
105.0
118.666666666
104.333333334
135.0
120.666666666
118.666666667
102.66666667
105.33333333
116.33333333
103.33333334
102.66666666
123.33333334
80.33333333
129.33333333
99.33333334
105.66666666
116.33333334
134.0
99.66666666
123.33333334
101.66666666
92.66666667
115.0
148.66666667
112.66666666
105.66666667
95.0
96.66666667
107.0
112.0
129.33333333
112.33333333
125.0
98.0
103.33333334
106.33333333
96.0
134.66666667
90.66666666
111.66666667
109.33333333
93.66666667
114.33333333
115.0
94.33333334
118.66666666
105.0
120.0
93.0
144.33333334
65.66666666
126.33333334
115.0
97.33333333
137.0
107.66666667
108.0
65.33333333
102.0
112.0
157.0
85.0
94.66666667
135.66666666
94.33333334
98.0
109.0
126.0
101.0
125.66666666
79.66666667
116.0
104.66666667
92.66666666
WT8
42.3333333333
74.6666666667
86.666666667
86.666666666
103.0
106.666666667
105.333333333
120.666666667
121.666666667
119.333333333
113.0
110.33333333
95.33333334
111.33333333
114.33333333
97.0
110.66666667
114.0
105.0
108.0
120.0
110.33333333
117.66666667
119.33333333
114.66666667
107.66666667
109.66666666
116.33333334
113.66666666
104.0
109.33333334
111.33333333
109.66666667
111.66666666
103.33333334
117.0
123.0
113.0
110.0
101.33333333
102.66666667
108.33333333
107.66666667
106.33333333
99.33333333
106.0
107.0
107.0
105.66666667
104.0
105.0
114.0
105.33333333
114.33333334
109.0
101.0
106.0
105.66666666
102.66666667
111.0
104.33333333
108.66666667
104.33333333
105.33333334
108.33333333
114.33333333
109.66666667
100.66666667
111.66666666
109.33333334
103.66666666
102.0
113.33333334
112.0
106.0
104.66666666
102.66666667
98.66666667
110.66666666
WT9
41.6666666667
81.6666666663
79.666666667
89.666666667
100.0
103.0
113.0
123.666666666
119.666666667
117.666666667
110.333333333
118.0
102.0
117.0
111.66666667
98.66666666
108.33333334
107.0
103.0
114.0
115.33333333
110.33333333
108.33333334
116.66666666
107.66666667
108.33333333
104.33333334
119.0
108.0
115.0
107.33333333
106.0
109.66666667
109.66666666
111.33333334
114.66666666
121.33333334
111.33333333
111.0
104.33333333
103.66666667
108.0
102.0
103.66666667
91.33333333
108.33333333
108.66666667
109.66666667
110.33333333
110.66666667
113.0
113.66666666
101.0
115.33333334
106.33333333
103.0
106.33333333
108.66666667
108.0
108.66666667
110.0
115.66666666
101.33333334
108.33333333
112.0
111.0
119.0
107.66666667
109.66666666
108.66666667
106.66666667
101.33333333
113.0
109.33333333
102.33333334
100.66666666
104.33333334
109.33333333
105.33333333
WT10
40.6666666667
77.0000000003
84.666666666
86.333333334
96.666666666
101.0
106.666666667
112.666666667
116.333333333
110.333333333
114.333333337
109.66666666
100.66666667
115.0
113.33333333
99.66666667
103.66666667
106.33333333
108.33333333
118.66666667
112.0
104.0
112.0
114.66666667
113.33333333
107.66666667
112.0
114.66666666
113.66666667
113.0
110.33333333
107.0
111.66666667
106.66666667
113.33333333
121.0
113.66666667
107.0
115.33333333
101.66666667
106.66666666
102.66666667
115.33333333
102.33333334
91.0
106.66666666
109.33333334
105.0
106.66666666
106.0
109.0
118.0
112.0
114.66666667
99.0
103.33333333
104.33333334
101.33333333
110.33333333
110.66666667
106.33333333
102.33333334
100.0
105.66666666
112.66666667
116.33333333
113.0
107.33333334
103.33333333
105.0
112.0
115.66666667
111.66666666
105.66666667
110.33333333
107.33333334
107.33333333
104.0
101.0
WT11
40.6666666667
77.6666666663
83.0
83.333333334
95.333333333
101.666666667
110.666666666
123.0
118.333333334
112.333333333
114.33333333
113.0
104.33333334
118.0
110.33333333
99.0
116.0
102.66666667
106.66666666
113.0
117.0
114.66666667
120.33333333
108.0
112.33333334
117.0
111.33333333
118.66666667
110.66666666
115.33333334
103.66666666
110.66666667
105.0
108.0
104.66666667
113.66666666
114.0
127.66666667
104.33333333
110.33333334
97.66666666
104.0
109.0
101.66666667
95.0
111.0
109.66666667
107.66666666
110.33333334
108.33333333
116.33333333
114.66666667
109.33333333
112.0
111.66666667
98.66666667
103.0
111.0
108.66666666
109.0
102.33333334
106.33333333
101.66666667
102.66666666
116.0
111.33333334
112.0
104.33333333
113.33333333
118.66666667
111.33333333
105.66666667
113.33333333
106.0
106.66666667
105.0
109.66666667
106.33333333
104.66666667
WT12
38.6666666667
84.3333333333
78.666666667
90.0
91.333333333
105.666666667
111.666666666
123.0
123.333333334
104.0
127.333333333
87.66666667
104.33333333
128.66666667
106.33333333
94.33333333
124.66666667
109.66666667
125.0
94.66666666
101.33333334
109.66666666
130.0
107.66666667
122.0
112.33333333
98.33333334
94.33333333
134.33333333
100.33333334
114.33333333
108.33333333
110.0
103.66666667
89.0
132.33333333
113.0
127.33333334
110.33333333
76.66666667
105.33333333
111.66666667
131.66666666
113.33333334
94.0
108.0
124.0
94.0
94.66666666
114.0
106.33333334
131.33333333
104.33333333
118.0
94.33333334
86.0
117.0
115.0
104.33333333
121.0
97.66666667
120.33333333
77.33333333
113.33333334
103.33333333
101.66666667
141.66666666
79.33333334
146.66666666
79.66666667
125.0
92.33333333
134.33333334
63.33333333
150.33333333
91.0
93.33333334
106.0
128.33333333
WT13
35.6666666667
79.3333333333
88.333333333
84.333333334
103.666666666
101.333333334
111.0
123.0
111.0
123.0
102.000000003
132.33333333
98.0
105.66666667
112.33333333
112.0
92.0
122.66666667
93.0
124.33333333
126.66666667
113.33333333
106.33333333
111.0
98.66666667
96.66666667
121.66666666
125.0
93.33333334
120.66666666
110.0
107.66666667
105.66666667
101.66666666
125.66666667
104.0
122.0
104.33333333
118.0
117.66666667
108.33333333
106.33333334
103.33333333
105.0
98.33333333
107.0
86.66666667
123.33333333
110.33333334
104.66666666
118.0
105.33333334
110.66666666
104.0
119.33333334
116.33333333
93.0
96.66666667
121.0
93.33333333
115.66666667
93.66666666
130.66666667
89.33333333
111.66666667
129.33333333
89.0
133.33333334
76.33333333
144.66666667
91.66666666
124.0
85.66666667
153.0
67.0
119.0
122.0
103.0
81.33333333
WT14
42.3333333333
78.3333333337
77.666666666
87.0
101.333333334
108.333333333
110.666666667
121.0
117.0
114.0
110.666666663
113.33333334
97.66666666
117.66666667
116.33333333
111.0
102.0
110.33333334
106.66666666
108.66666667
114.0
107.33333333
112.33333334
108.0
120.66666666
119.66666667
105.33333333
114.33333334
119.0
112.66666666
111.33333334
108.66666666
105.66666667
107.66666667
105.66666666
113.66666667
115.66666667
115.33333333
108.33333333
105.33333334
102.66666666
110.66666667
117.33333333
106.33333334
98.66666666
105.0
108.0
107.33333334
105.33333333
106.0
113.33333333
112.0
109.0
109.0
106.0
97.0
99.0
110.66666667
102.66666667
106.66666666
100.33333334
107.66666666
100.66666667
100.0
109.0
109.33333333
111.66666667
114.33333333
112.0
115.33333334
104.0
111.66666666
105.0
108.0
106.0
108.0
110.66666667
105.33333333
109.0
WT15
43.6666666667
78.0000000003
80.333333333
85.333333333
99.0
100.333333334
101.0
124.0
120.0
117.666666666
111.666666667
108.66666667
107.66666666
110.0
110.66666667
100.0
106.66666667
114.0
100.66666666
109.0
119.33333334
116.66666666
110.33333334
113.66666666
116.66666667
104.33333333
112.33333334
115.66666666
112.33333334
110.0
110.0
113.33333333
112.0
110.0
112.0
117.0
117.0
111.66666667
108.0
102.33333333
100.33333333
116.33333334
113.33333333
112.33333333
99.0
111.0
108.0
104.66666667
102.33333333
101.0
116.33333334
118.33333333
113.0
110.0
100.33333333
102.66666667
108.66666667
112.0
115.66666666
105.33333334
107.33333333
109.0
105.33333333
102.66666667
106.66666667
113.66666666
117.0
106.0
113.0
110.0
105.33333334
113.0
109.66666666
108.0
109.66666667
104.66666667
114.33333333
106.33333333
99.66666667
WT16
43.0
75.333333333
85.666666667
85.0
98.666666667
106.333333333
112.333333333
118.0
117.666666667
113.666666667
110.666666663
109.66666667
100.0
113.33333333
116.33333334
103.33333333
103.66666667
109.66666666
107.33333334
110.66666666
113.33333334
117.0
112.33333333
117.33333333
117.33333334
104.0
114.33333333
111.0
112.66666667
110.66666666
107.0
115.0
111.33333334
108.0
110.0
116.0
116.0
110.66666666
114.0
101.33333334
106.0
105.33333333
116.33333333
106.0
99.33333334
103.33333333
110.0
103.66666667
110.66666666
107.0
106.66666667
110.66666667
114.0
114.0
107.0
106.33333333
105.0
107.33333333
115.0
105.66666667
113.33333333
105.66666667
100.33333333
102.66666667
107.0
120.0
113.66666667
104.0
106.0
105.0
107.0
101.33333333
114.33333333
106.66666667
104.33333333
102.66666667
110.66666667
102.66666666
99.66666667
WT17
41.3333333333
84.6666666667
78.333333333
84.333333334
102.333333333
111.333333333
96.333333334
122.666666666
101.666666667
114.333333333
117.333333337
109.0
99.33333333
116.0
121.0
95.66666667
118.33333333
74.33333333
90.66666667
126.33333333
144.66666667
129.33333333
109.0
78.66666667
110.0
145.33333333
64.66666667
163.33333333
120.66666667
109.0
106.33333333
69.33333334
87.33333333
123.0
139.33333333
74.33333334
137.66666666
78.0
165.66666667
81.33333333
70.66666667
152.0
112.66666667
97.33333333
114.0
78.33333333
90.33333334
119.66666666
89.0
124.66666667
112.0
119.66666667
105.33333333
113.0
130.0
95.66666667
106.0
121.0
98.0
146.0
83.0
106.66666666
109.0
100.66666667
89.0
131.0
119.33333333
87.33333334
86.0
135.33333333
136.0
128.33333333
63.0
109.33333334
104.33333333
105.0
138.33333333
97.33333334
106.66666666
WT18
40.6666666667
78.0000000003
80.0
87.0
102.666666666
106.333333334
107.666666666
110.0
130.666666667
113.0
108.0
108.66666667
107.0
112.33333333
100.0
94.33333333
88.66666667
140.66666667
119.66666666
100.33333334
93.0
98.66666666
118.0
144.66666667
116.66666667
74.0
154.0
67.33333333
101.33333333
109.33333334
104.33333333
144.66666667
121.33333333
89.33333333
74.33333334
151.66666666
95.66666667
157.33333333
58.0
116.66666667
142.33333333
61.33333334
115.33333333
107.66666667
89.66666666
124.33333334
117.66666666
94.33333334
129.0
86.0
121.66666666
114.33333334
115.0
115.66666666
85.66666667
119.33333333
109.0
92.0
133.66666667
78.0
131.33333333
103.66666667
98.66666667
107.33333333
127.33333333
101.0
103.0
132.0
137.33333334
88.66666666
78.33333334
88.66666666
165.33333334
115.66666666
96.66666667
104.33333333
78.66666667
108.0
100.0
WT19
45.0
80.333333333
89.0
83.666666667
104.333333333
104.666666667
112.333333333
127.666666667
121.666666667
113.0
111.333333333
106.66666667
102.66666666
108.33333334
112.33333333
105.33333333
111.33333334
106.66666666
107.0
111.33333334
114.33333333
110.0
108.0
113.66666667
115.0
109.0
102.0
114.0
116.0
118.0
110.66666666
104.66666667
112.33333333
113.33333334
106.33333333
114.33333333
111.0
113.66666667
107.33333333
103.33333334
103.0
108.66666666
113.66666667
107.33333333
98.66666667
109.0
106.66666667
108.0
108.0
110.66666666
113.33333334
111.66666666
104.66666667
113.66666667
109.66666666
99.66666667
111.0
106.0
112.66666667
115.66666666
99.66666667
104.33333333
100.66666667
106.0
109.33333333
119.66666667
108.66666667
109.0
105.33333333
114.0
102.66666667
113.66666666
111.33333334
110.0
107.0
111.0
110.33333333
108.0
96.66666667
WT20
39.3333333333
84.3333333337
78.666666666
85.0
104.0
109.333333334
118.333333333
120.0
119.0
114.333333333
118.666666667
117.33333333
101.33333334
114.33333333
116.66666667
107.0
108.0
106.66666666
106.66666667
118.0
115.66666667
107.33333333
113.33333333
115.66666667
122.0
106.33333333
114.66666667
120.0
110.66666667
106.33333333
106.0
114.0
108.0
98.66666667
104.66666666
108.66666667
121.0
119.66666667
102.0
98.66666666
108.33333334
110.66666666
107.0
105.66666667
96.0
111.33333333
109.33333334
110.66666666
106.33333334
109.66666666
111.66666667
119.33333333
107.0
105.0
105.0
106.33333334
108.66666666
110.0
113.0
110.0
105.33333334
110.0
99.66666666
105.0
109.66666667
119.0
108.33333333
106.66666667
113.0
108.33333333
107.33333334
113.66666666
111.33333334
106.66666666
108.66666667
105.66666667
116.33333333
108.33333333
105.33333334
WT21
42.0
76.333333333
84.666666667
95.666666667
93.333333333
99.333333333
99.0
128.333333334
124.333333333
110.333333333
108.999999997
110.33333334
119.0
115.66666666
125.33333334
67.66666666
117.33333334
109.66666666
106.0
121.66666667
102.66666667
126.33333333
92.66666667
121.66666666
114.66666667
93.66666667
129.33333333
101.33333333
113.0
133.0
120.33333334
69.66666666
144.0
91.33333334
108.33333333
136.0
105.66666667
97.66666666
124.0
83.66666667
123.0
86.66666667
126.66666666
101.33333334
93.0
95.33333333
112.0
123.0
114.0
92.0
97.0
124.33333333
92.33333334
124.0
119.66666666
101.0
101.33333334
109.66666666
119.66666667
90.66666667
115.33333333
79.66666667
128.33333333
124.66666667
78.66666666
119.33333334
116.66666666
120.66666667
110.66666667
89.0
126.66666666
101.33333334
87.0
124.66666666
89.0
106.66666667
139.66666667
92.33333333
102.0
WT22
41.6666666667
80.0000000003
80.0
82.333333333
106.333333333
101.333333334
118.333333333
116.0
107.666666667
113.666666666
113.333333337
118.33333333
96.0
129.33333333
96.33333334
130.66666666
101.66666667
109.0
104.0
102.33333333
124.33333334
90.0
135.66666666
106.33333334
112.33333333
122.66666667
95.33333333
135.66666667
118.0
90.66666666
86.66666667
145.0
73.0
129.0
104.0
99.66666667
117.0
134.33333333
97.33333333
123.66666667
89.0
125.33333333
95.0
109.66666667
100.33333333
116.0
104.0
80.66666667
99.33333333
113.33333334
131.33333333
94.66666667
123.33333333
101.0
99.0
114.33333333
104.33333334
102.66666666
105.66666667
128.66666667
99.33333333
128.0
82.0
79.66666667
139.66666666
107.0
108.0
86.66666667
113.0
126.0
92.33333333
108.0
140.66666667
98.0
122.0
95.66666667
80.66666666
122.66666667
102.0
WT23
41.3333333333
79.9999999997
86.0
87.0
98.0
104.0
108.0
119.333333334
116.0
118.333333333
115.0
113.66666667
108.0
110.33333333
116.66666667
103.0
116.66666666
107.0
105.66666667
111.66666667
112.66666666
109.0
114.0
117.33333334
110.33333333
108.33333333
114.66666667
109.33333333
122.0
116.0
106.33333334
102.66666666
106.33333334
109.66666666
117.0
117.0
109.33333334
115.66666666
111.66666667
101.33333333
102.0
109.33333334
116.33333333
112.33333333
92.66666667
108.33333333
106.0
109.33333334
109.66666666
112.33333334
110.0
109.33333333
105.66666667
118.33333333
106.0
106.33333333
103.33333334
108.33333333
109.66666667
98.33333333
107.66666667
112.66666666
104.66666667
102.33333333
112.0
114.33333334
116.33333333
107.0
108.66666667
107.66666666
103.0
109.33333334
116.66666666
110.0
106.33333334
101.0
110.66666666
110.66666667
108.0
WT24
38.6666666667
81.3333333333
81.0
80.666666667
94.333333333
99.666666667
108.0
124.0
117.333333333
117.666666667
107.666666663
116.66666667
103.33333333
120.33333334
108.0
101.0
109.0
112.0
112.33333333
111.0
107.33333333
108.66666667
113.0
111.0
112.66666667
103.66666666
108.33333334
112.66666666
112.66666667
104.0
111.33333333
109.0
109.33333334
103.0
114.33333333
116.33333333
115.33333334
113.0
103.33333333
100.33333333
102.33333334
109.33333333
108.66666667
110.33333333
96.33333333
106.33333334
106.66666666
105.0
110.0
108.0
108.66666667
116.0
107.66666667
108.33333333
110.33333333
105.66666667
111.33333333
108.66666667
109.0
103.66666667
111.0
97.0
100.0
109.0
111.0
109.66666666
106.33333334
100.33333333
104.0
110.66666667
103.33333333
103.66666667
111.0
107.0
103.66666666
104.0
109.0
104.66666667
96.0
WT25
41.6666666667
78.6666666663
83.333333334
90.333333333
98.0
99.333333333
112.0
122.0
115.333333334
115.0
117.666666663
107.66666667
104.66666667
114.66666666
113.0
101.66666667
106.66666667
115.66666666
105.0
110.0
112.0
109.66666667
115.0
117.33333333
112.33333334
105.66666666
109.66666667
111.66666667
112.33333333
111.66666667
106.33333333
112.0
109.0
113.66666667
111.33333333
119.0
117.66666667
117.33333333
104.0
99.66666667
106.66666666
104.66666667
115.66666667
101.66666666
98.33333334
107.66666666
110.0
111.0
107.66666667
104.66666667
111.0
118.33333333
108.0
110.66666667
108.0
102.0
111.33333333
106.66666667
112.0
105.0
105.0
108.33333333
102.66666667
103.0
106.0
112.66666666
110.0
112.0
110.0
110.0
97.66666667
105.66666667
110.66666666
109.33333334
108.0
105.66666666
107.0
101.33333334
99.0
WT26
40.3333333333
75.3333333337
78.333333333
84.666666667
96.333333333
110.666666667
112.0
125.333333333
116.333333333
112.0
109.333333337
112.0
102.0
113.0
110.33333333
103.66666667
109.0
104.66666666
108.66666667
107.33333333
116.33333334
115.0
111.0
117.33333333
119.33333333
110.66666667
111.0
107.66666667
107.33333333
109.0
114.0
108.33333333
108.0
103.66666667
108.66666667
117.0
116.66666666
119.33333334
106.66666666
104.33333334
105.33333333
114.0
103.33333333
101.0
90.66666667
104.0
107.66666667
108.33333333
106.66666667
106.33333333
114.33333333
113.0
108.33333334
112.0
97.33333333
100.66666667
106.66666666
112.0
113.0
104.66666667
110.0
110.0
97.66666667
107.0
115.66666666
109.66666667
110.33333333
110.33333334
112.33333333
112.33333333
106.66666667
107.33333333
110.33333334
108.66666666
104.33333334
107.66666666
109.0
108.33333334
103.66666666
WT27
43.0
75.666666667
81.333333333
87.333333333
90.666666667
116.0
104.0
124.333333333
102.666666667
116.666666667
122.333333333
112.0
103.66666667
123.66666666
114.0
87.33333334
112.0
123.0
100.33333333
100.66666667
121.33333333
108.0
114.33333333
113.66666667
123.33333333
112.66666667
102.33333333
126.0
99.0
109.33333334
122.0
105.0
94.33333333
129.0
93.0
127.33333333
103.33333334
137.66666666
98.33333334
106.66666666
96.66666667
130.0
93.0
104.66666667
115.33333333
109.33333333
117.66666667
92.66666667
70.33333333
135.66666667
106.0
104.0
102.66666666
121.66666667
63.0
121.66666667
151.33333333
139.33333333
38.0
90.33333334
131.33333333
75.0
188.0
111.0
97.33333333
47.0
173.33333334
85.66666666
71.66666667
116.33333333
171.0
90.66666667
96.33333333
95.33333334
117.0
125.0
58.33333333
130.0
86.66666667
WT28
41.3333333333
81.9999999997
80.666666667
80.0
103.333333333
87.333333334
115.666666666
112.333333334
136.333333333
109.0
103.66666667
108.33333333
108.66666667
113.0
124.66666666
115.66666667
106.33333333
92.0
111.66666667
122.33333333
104.33333334
110.33333333
116.33333333
116.66666667
111.33333333
108.0
121.0
107.66666667
127.33333333
106.33333334
93.0
113.33333333
121.33333333
86.66666667
124.66666667
102.66666666
136.0
94.66666667
115.33333333
95.33333334
114.0
95.0
132.0
111.33333333
79.66666667
98.0
92.33333333
119.33333333
142.33333334
87.66666666
113.33333334
118.33333333
118.33333333
102.66666667
149.0
89.66666667
50.66666666
84.33333334
192.33333333
131.33333333
85.0
132.66666667
20.33333333
108.33333334
123.66666666
181.33333334
42.33333333
119.66666667
142.0
110.33333333
42.33333333
119.66666667
129.66666667
121.0
89.33333333
83.0
154.66666667
79.66666666
121.0
WT29
42.6666666667
77.3333333333
80.333333333
90.333333334
102.666666666
101.666666667
106.0
120.0
116.0
114.0
116.0
110.66666667
104.66666666
115.0
118.33333334
101.0
111.33333333
112.66666667
106.33333333
111.0
117.66666667
116.0
116.0
119.66666666
113.66666667
101.66666667
107.66666666
116.33333334
109.66666666
110.33333334
103.66666666
109.33333334
108.33333333
107.33333333
109.33333334
119.33333333
125.0
122.33333333
108.33333334
99.66666666
103.66666667
111.33333333
114.0
108.33333334
96.66666666
107.0
104.66666667
106.33333333
109.33333334
105.33333333
112.66666667
109.66666666
109.33333334
116.0
101.0
104.33333333
103.33333333
106.0
109.66666667
102.33333333
113.33333334
109.66666666
107.33333334
99.33333333
106.33333333
118.66666667
107.0
101.0
108.33333333
112.33333334
106.33333333
109.0
114.33333333
106.33333334
104.66666666
104.33333334
113.0
106.0
101.66666666
WT30
39.3333333333
83.3333333337
83.666666666
90.333333334
84.333333333
105.0
119.333333333
103.333333334
123.333333333
113.0
113.66666667
107.66666666
108.0
118.66666667
107.33333333
88.66666667
121.33333333
112.0
80.33333334
113.33333333
118.33333333
116.33333334
108.0
125.0
101.66666666
105.33333334
145.0
98.33333333
100.0
150.66666667
94.0
109.66666666
77.33333334
132.66666666
98.33333334
110.33333333
145.33333333
87.0
136.33333334
61.0
136.66666666
114.66666667
104.66666667
133.33333333
36.0
146.66666667
70.0
163.0
100.0
99.33333333
76.66666667
151.33333333
122.0
109.0
117.66666667
127.66666666
99.66666667
101.0
109.0
103.66666667
49.66666666
122.0
157.33333334
36.33333333
112.33333333
194.66666667
107.33333333
109.0
116.66666667
18.0
120.0
115.0
189.66666667
104.33333333
102.0
126.66666667
35.33333333
94.0
148.0
WT31
40.0
77.0
79.333333333
82.666666667
116.0
98.333333333
104.0
131.666666667
105.333333333
120.333333334
115.000000003
108.33333333
88.0
115.66666667
112.66666666
112.66666667
93.66666667
98.33333333
123.33333333
111.33333334
108.33333333
112.33333333
113.66666667
97.66666667
141.33333333
106.66666667
82.33333333
141.0
129.33333333
70.0
134.33333334
106.66666666
141.0
88.66666667
118.33333333
122.66666667
90.66666667
141.33333333
83.66666667
138.66666666
69.66666667
100.33333333
121.33333334
81.0
154.0
68.33333333
142.0
58.0
111.0
111.66666667
138.0
74.66666666
103.0
124.0
110.66666667
85.33333333
118.66666667
122.33333333
111.0
111.0
166.33333334
88.66666666
53.0
166.66666667
112.33333333
45.33333334
122.66666666
104.0
104.33333334
209.66666666
88.66666667
113.66666667
33.0
110.33333333
101.33333333
81.33333334
178.66666666
127.33333334
63.0
