SEC 1
81.3333333333
81.6666666667
86.0
82.6666666667
80.6666666667
82.0
82.3333333333
82.3333333333
SEC 2
199.0
200.333333333
202.0
202.0
195.333333333
197.0
199.0
194.666666667
SEC 3
245.0
241.666666667
246.666666667
246.333333333
241.666666667
241.666666667
245.0
241.666666667
SEC 4
365.333333333
362.0
367.333333333
366.666666667
361.333333333
359.666666667
364.333333333
362.333333333
SEC 5
485.333333333
481.666666667
486.666666667
488.666666667
482.666666667
479.666666667
485.333333333
482.0
SEC 6
604.666666667
599.0
607.333333333
605.0
600.666666667
599.333333333
606.0
596.666666667
SEC 7
736.666666667
726.666666667
742.0
737.666666667
733.666666667
730.333333333
738.666666667
726.666666667
SEC 8
880.0
865.666666667
884.666666667
879.666666667
875.666666667
871.333333333
881.333333333
869.666666667
SEC 9
1024.33333333
1013.33333333
1028.0
1024.33333333
1022.33333333
1018.33333333
1024.66666667
1013.0
SEC 10
1165.66666667
1155.66666667
1169.66666667
1164.66666667
1165.66666667
1160.0
1164.66666667
1155.33333333
SEC 11
1313.0
1302.33333333
1315.66666667
1312.0
1312.66666667
1309.0
1311.33333333
1303.33333333
SEC 12
1452.0
1445.0
1457.66666667
1453.66666667
1455.33333333
1451.0
1452.33333333
1445.66666667
SEC 13
1593.66666667
1586.0
1600.0
1595.33333333
1600.33333333
1593.66666667
1592.0
1585.66666667
SEC 14
1733.66666667
1725.0
1737.66666667
1734.33333333
1740.66666667
1732.33333333
1732.0
1723.66666667
SEC 15
1877.66666667
1868.0
1880.66666667
1876.0
1883.66666667
1878.0
1876.0
1865.0
SEC 16
2029.0
2022.0
2032.33333333
2024.66666667
2032.0
2028.66666667
2027.0
2012.66666667
SEC 17
2177.33333333
2171.33333333
2181.66666667
2176.0
2182.0
2174.0
2176.0
2161.0
SEC 18
2325.33333333
2318.33333333
2330.33333333
2326.0
2329.33333333
2329.0
2324.33333333
2307.66666667
SEC 19
2479.66666667
2470.33333333
2481.0
2477.33333333
2483.0
2482.0
2477.66666667
2458.66666667
SEC 20
2621.66666667
2616.33333333
2623.33333333
2620.33333333
2625.0
2627.66666667
2617.66666667
2601.33333333
SEC 21
2767.0
2760.33333333
2772.33333333
2765.33333333
2771.66666667
2776.33333333
2764.66666667
2747.0
SEC 22
2906.0
2897.33333333
2910.66666667
2906.0
2912.0
2913.0
2903.66666667
2885.33333333
SEC 23
3061.66666667
3049.66666667
3064.66666667
3058.66666667
3067.66666667
3065.0
3058.66666667
3038.33333333
SEC 24
3221.66666667
3207.0
3222.0
3219.33333333
3226.33333333
3225.0
3218.33333333
3195.66666667
SEC 25
3382.33333333
3366.33333333
3384.33333333
3379.66666667
3389.0
3384.66666667
3380.66666667
3356.0
SEC 26
3534.66666667
3518.66666667
3536.33333333
3532.66666667
3542.66666667
3539.0
3530.66666667
3509.66666667
SEC 27
3680.0
3664.66666667
3680.33333333
3680.66666667
3688.33333333
3687.66666667
3677.33333333
3658.0
SEC 28
3831.33333333
3814.0
3831.0
3835.0
3841.0
3840.0
3828.0
3807.33333333
SEC 29
3975.33333333
3955.0
3970.33333333
3975.33333333
3981.0
3980.66666667
3968.33333333
3949.0
SEC 30
4119.0
4102.0
4121.33333333
4122.33333333
4125.0
4125.66666667
4115.66666667
4092.33333333
SEC 31
4274.0
4255.66666667
4273.66666667
4275.66666667
4278.66666667
4276.33333333
4268.33333333
4246.33333333
SEC 32
4430.0
4410.33333333
4428.33333333
4428.66666667
4429.66666667
4430.33333333
4423.33333333
4402.0
SEC 33
4575.33333333
4555.0
4573.0
4574.66666667
4575.0
4573.66666667
4568.66666667
4545.33333333
SEC 34
4732.66666667
4709.66666667
4728.33333333
4727.0
4727.0
4725.33333333
4721.0
4696.0
SEC 35
4877.33333333
4858.0
4872.66666667
4871.33333333
4869.66666667
4870.33333333
4864.66666667
4839.0
SEC 36
5024.66666667
5001.66666667
5016.66666667
5015.0
5015.0
5015.0
5012.33333333
4982.33333333
SEC 37
5172.66666667
5147.66666667
5162.0
5159.66666667
5161.33333333
5163.66666667
5154.33333333
5124.33333333
SEC 38
5323.0
5296.33333333
5312.0
5308.33333333
5312.0
5310.33333333
5304.0
5275.0
SEC 39
5471.66666667
5444.33333333
5459.33333333
5456.33333333
5464.0
5461.33333333
5455.33333333
5427.66666667
SEC 40
5629.33333333
5600.33333333
5617.66666667
5614.0
5621.66666667
5617.33333333
5610.66666667
5585.0
SEC 41
5780.66666667
5751.66666667
5773.66666667
5766.0
5775.66666667
5770.0
5764.33333333
5737.66666667
SEC 42
5928.33333333
5898.0
5921.0
5915.33333333
5922.66666667
5916.66666667
5910.0
5882.0
SEC 43
6076.33333333
6049.0
6071.33333333
6065.66666667
6074.33333333
6067.33333333
6059.66666667
6033.33333333
SEC 44
6219.66666667
6191.0
6214.66666667
6208.0
6214.0
6210.33333333
6201.66666667
6174.66666667
SEC 45
6375.0
6341.66666667
6367.0
6360.0
6365.33333333
6361.0
6353.0
6328.66666667
SEC 46
6526.33333333
6494.33333333
6525.33333333
6517.66666667
6523.66666667
6517.0
6508.66666667
6481.66666667
SEC 47
6684.66666667
6652.66666667
6683.0
6676.0
6681.66666667
6674.0
6669.0
6642.0
SEC 48
6834.0
6803.0
6833.0
6820.66666667
6835.66666667
6820.0
6815.66666667
6789.0
SEC 49
6984.66666667
6956.0
6983.33333333
6971.33333333
6985.66666667
6971.33333333
6963.66666667
6938.66666667
SEC 50
7136.33333333
7107.66666667
7138.0
7127.0
7136.33333333
7122.66666667
7116.66666667
7089.66666667
SEC 51
7289.66666667
7255.66666667
7284.33333333
7278.33333333
7285.66666667
7276.0
7268.33333333
7238.33333333
SEC 52
7434.33333333
7405.66666667
7431.0
7425.0
7432.66666667
7419.33333333
7413.66666667
7386.33333333
SEC 53
7583.0
7553.66666667
7580.33333333
7579.0
7581.33333333
7568.0
7563.33333333
7535.66666667
SEC 54
7734.66666667
7709.33333333
7733.0
7728.66666667
7731.0
7720.33333333
7716.33333333
7687.33333333
SEC 55
7886.66666667
7861.33333333
7884.0
7880.33333333
7881.66666667
7871.66666667
7870.0
7839.0
SEC 56
8043.33333333
8020.66666667
8042.0
8038.33333333
8038.33333333
8026.33333333
8027.0
7995.66666667
SEC 57
8188.66666667
8169.0
8188.33333333
8185.66666667
8187.0
8172.33333333
8173.33333333
8141.33333333
SEC 58
8339.0
8318.0
8336.33333333
8331.0
8335.33333333
8321.66666667
8320.66666667
8291.0
SEC 59
8481.66666667
8459.33333333
8479.66666667
8472.33333333
8477.33333333
8462.66666667
8463.0
8431.66666667
SEC 60
8626.33333333
8606.33333333
8624.0
8615.33333333
8622.0
8609.33333333
8610.33333333
8577.33333333
SEC 61
8775.66666667
8754.0
8773.33333333
8765.0
8770.0
8757.33333333
8758.0
8726.0
SEC 62
8922.0
8899.0
8921.66666667
8912.33333333
8915.66666667
8903.33333333
8905.33333333
8872.33333333
SEC 63
9073.66666667
9055.0
9074.33333333
9067.66666667
9069.33333333
9057.33333333
9058.33333333
9026.0
SEC 64
9229.33333333
9211.66666667
9229.33333333
9221.66666667
9221.0
9210.33333333
9216.33333333
9185.0
SEC 65
9370.0
9349.66666667
9368.66666667
9360.0
9360.66666667
9347.66666667
9356.0
9321.66666667
SEC 66
9524.66666667
9503.0
9522.0
9510.66666667
9517.66666667
9499.33333333
9506.33333333
9475.0
SEC 67
9672.66666667
9648.33333333
9670.0
9660.0
9669.0
9646.66666667
9656.0
9623.0
SEC 68
9829.0
9805.33333333
9827.66666667
9814.33333333
9827.0
9803.0
9813.33333333
9781.0
SEC 69
9994.0
9970.66666667
9996.66666667
9981.0
9992.66666667
9970.33333333
9979.0
9949.33333333
SEC 70
10150.0
10124.6666667
10153.3333333
10135.6666667
10152.3333333
10127.3333333
10137.0
10105.3333333
SEC 71
10306.0
10280.6666667
10310.0
10291.3333333
10307.0
10283.0
10293.6666667
10262.6666667
SEC 72
10449.3333333
10424.3333333
10450.6666667
10433.3333333
10451.3333333
10426.3333333
10436.6666667
10403.6666667
SEC 73
10597.6666667
10572.0
10601.0
10580.3333333
10598.6666667
10573.0
10588.0
10552.0
SEC 74
10743.3333333
10718.6666667
10748.0
10726.3333333
10746.0
10720.0
10733.6666667
10700.6666667
SEC 75
10897.3333333
10869.6666667
10903.0
10882.3333333
10902.3333333
10873.6666667
10888.0
10854.6666667
SEC 76
11055.0
11029.6666667
11064.0
11039.6666667
11062.0
11029.3333333
11045.6666667
11009.6666667
SEC 77
11210.6666667
11189.3333333
11222.0
11199.3333333
11216.6666667
11187.0
11199.3333333
11165.0
SEC 78
11359.6666667
11342.0
11374.0
11349.0
11364.3333333
11341.0
11348.3333333
11314.3333333
SEC 79
11508.0
11490.6666667
11522.6666667
11498.3333333
11509.6666667
11490.6666667
11500.0
11462.0
SEC 80
11663.6666667
11647.6666667
11678.0
11651.6666667
11662.0
11647.0
11657.3333333
11614.0
