SEC 1
91.3333333333
91.0
87.3333333333
90.0
94.6666666667
89.0
83.3333333333
88.3333333333
90.3333333333
86.0
92.6666666667
89.0
87.6666666667
89.0
83.3333333333
89.0
SEC 2
267.333333333
271.333333333
270.0
259.0
263.0
264.333333333
262.0
270.666666667
270.333333333
260.0
263.333333333
265.333333333
259.666666667
255.666666667
272.333333333
262.333333333
SEC 3
451.0
463.333333333
458.333333333
447.0
454.666666667
455.333333333
442.666666667
458.0
459.0
440.666666667
457.333333333
448.0
442.666666667
452.0
457.666666667
452.666666667
SEC 4
651.0
637.0
644.666666667
639.0
645.333333333
645.333333333
633.0
650.0
659.333333333
631.0
646.333333333
638.0
631.666666667
637.666666667
647.0
638.0
SEC 5
856.666666667
854.333333333
858.666666667
855.333333333
854.0
859.0
845.666666667
857.0
869.666666667
867.666666667
841.666666667
847.0
847.333333333
856.0
847.333333333
853.333333333
SEC 6
1065.66666667
1090.33333333
1070.33333333
1070.33333333
1074.66666667
1085.0
1060.0
1070.66666667
1099.33333333
1063.0
1082.66666667
1070.0
1072.0
1069.33333333
1087.33333333
1087.33333333
SEC 7
1309.33333333
1339.0
1291.33333333
1301.33333333
1314.0
1318.33333333
1290.66666667
1314.33333333
1337.33333333
1291.33333333
1327.33333333
1302.66666667
1306.0
1315.33333333
1303.33333333
1325.33333333
SEC 8
1531.66666667
1554.66666667
1508.66666667
1530.33333333
1530.0
1542.0
1519.33333333
1530.0
1553.66666667
1543.66666667
1520.33333333
1527.33333333
1526.66666667
1554.0
1520.33333333
1561.0
SEC 9
1733.33333333
1753.66666667
1708.0
1732.33333333
1724.66666667
1735.33333333
1711.0
1722.33333333
1755.66666667
1764.33333333
1706.33333333
1731.33333333
1720.66666667
1726.66666667
1752.33333333
1748.0
SEC 10
1973.0
1952.66666667
1923.66666667
1951.0
1936.66666667
1963.0
1940.33333333
1944.0
1973.66666667
1957.0
1968.33333333
1955.33333333
1936.66666667
1976.66666667
1948.33333333
1967.33333333
SEC 11
2170.66666667
2196.66666667
2140.33333333
2167.33333333
2171.33333333
2193.0
2165.33333333
2168.33333333
2195.66666667
2221.33333333
2168.33333333
2172.0
2165.33333333
2183.33333333
2180.0
2195.33333333
SEC 12
2408.33333333
2417.0
2371.66666667
2390.33333333
2398.0
2411.66666667
2384.33333333
2391.33333333
2416.33333333
2429.33333333
2404.33333333
2393.33333333
2397.66666667
2387.0
2418.0
2423.0
SEC 13
2637.66666667
2656.33333333
2593.33333333
2616.66666667
2630.33333333
2643.33333333
2609.33333333
2622.0
2652.66666667
2655.0
2652.66666667
2622.0
2622.0
2636.66666667
2630.33333333
2644.66666667
SEC 14
2891.66666667
2883.66666667
2840.66666667
2852.66666667
2879.0
2892.0
2850.0
2866.0
2896.0
2920.0
2874.66666667
2869.0
2872.0
2880.0
2875.0
2889.66666667
SEC 15
3114.33333333
3128.33333333
3076.0
3075.33333333
3118.66666667
3113.66666667
3082.66666667
3096.33333333
3141.33333333
3121.0
3139.0
3104.33333333
3112.0
3110.66666667
3102.0
3126.66666667
SEC 16
3347.33333333
3344.0
3298.0
3303.66666667
3344.33333333
3341.0
3308.33333333
3335.66666667
3363.33333333
3363.33333333
3337.0
3336.66666667
3341.33333333
3340.33333333
3320.0
3358.0
SEC 17
3570.33333333
3623.33333333
3541.66666667
3540.33333333
3590.0
3582.0
3544.66666667
3565.33333333
3596.66666667
3583.33333333
3606.33333333
3584.0
3580.33333333
3552.0
3577.66666667
3602.0
SEC 18
3834.66666667
3834.66666667
3787.33333333
3778.33333333
3833.66666667
3814.0
3793.66666667
3810.0
3828.33333333
3808.0
3856.66666667
3827.33333333
3816.33333333
3796.33333333
3807.66666667
3843.33333333
SEC 19
4085.0
4025.66666667
3998.33333333
3998.0
4049.66666667
4026.0
4015.66666667
4025.66666667
4046.33333333
4060.33333333
4039.33333333
4039.66666667
4036.66666667
3988.66666667
4049.0
4063.0
SEC 20
4267.66666667
4252.33333333
4209.0
4204.66666667
4269.0
4236.0
4219.0
4234.0
4252.0
4267.0
4260.33333333
4249.66666667
4260.33333333
4197.33333333
4249.33333333
4274.33333333
SEC 21
4528.33333333
4450.0
4441.66666667
4435.66666667
4499.33333333
4468.0
4443.66666667
4464.0
4484.0
4496.33333333
4500.0
4487.66666667
4487.33333333
4453.33333333
4465.33333333
4503.66666667
SEC 22
4724.0
4698.66666667
4668.33333333
4673.0
4731.33333333
4680.0
4678.0
4689.0
4710.0
4700.33333333
4760.0
4714.33333333
4710.66666667
4707.66666667
4677.0
4741.0
SEC 23
4920.33333333
4989.66666667
4913.0
4918.66666667
4975.66666667
4935.0
4914.66666667
4931.33333333
4955.0
4964.66666667
4975.33333333
4973.66666667
4956.0
4911.33333333
4952.0
4980.66666667
SEC 24
5227.66666667
5167.0
5146.66666667
5154.33333333
5214.0
5177.33333333
5148.0
5164.33333333
5189.0
5202.66666667
5202.66666667
5201.33333333
5200.66666667
5146.0
5188.0
5217.0
SEC 25
5469.0
5396.33333333
5386.33333333
5379.33333333
5447.66666667
5398.0
5387.66666667
5402.33333333
5420.66666667
5435.0
5437.33333333
5439.66666667
5436.33333333
5380.66666667
5414.0
5443.66666667
SEC 26
5673.66666667
5607.33333333
5593.0
5584.66666667
5661.66666667
5604.33333333
5591.33333333
5618.33333333
5622.66666667
5654.33333333
5646.66666667
5654.0
5651.33333333
5627.33333333
5567.66666667
5652.66666667
SEC 27
5864.66666667
5822.66666667
5802.0
5788.0
5872.66666667
5817.66666667
5793.66666667
5839.66666667
5825.0
5897.0
5835.33333333
5869.0
5860.0
5810.0
5796.66666667
5859.66666667
SEC 28
6024.66666667
6097.0
6015.33333333
6004.0
6103.33333333
6034.33333333
6006.33333333
6061.66666667
6044.0
6094.33333333
6078.66666667
6086.33333333
6082.33333333
6032.66666667
6020.33333333
6077.0
SEC 29
6316.33333333
6294.33333333
6260.66666667
6254.33333333
6353.66666667
6277.33333333
6254.0
6307.66666667
6290.66666667
6326.0
6346.33333333
6330.66666667
6329.66666667
6262.0
6279.0
6312.33333333
SEC 30
6570.33333333
6533.33333333
6507.0
6501.33333333
6601.0
6520.66666667
6487.33333333
6549.0
6532.66666667
6605.33333333
6557.0
6576.33333333
6579.33333333
6521.66666667
6522.0
6562.0
SEC 31
6825.0
6754.66666667
6747.0
6737.66666667
6831.0
6752.0
6729.33333333
6785.0
6772.0
6814.33333333
6849.0
6815.0
6814.0
6752.0
6767.66666667
6784.0
SEC 32
6993.66666667
7047.0
6987.0
6971.66666667
7073.66666667
6984.66666667
6973.33333333
7016.0
7022.66666667
7080.66666667
7049.66666667
7045.33333333
7052.66666667
6988.0
6990.0
7023.66666667
SEC 33
7192.0
7274.66666667
7189.0
7185.0
7278.66666667
7188.0
7188.0
7220.66666667
7236.66666667
7295.33333333
7253.66666667
7254.66666667
7260.0
7210.0
7190.0
7225.33333333
SEC 34
7447.33333333
7497.0
7421.0
7425.0
7508.0
7420.66666667
7419.0
7464.66666667
7470.66666667
7532.33333333
7493.66666667
7497.33333333
7499.66666667
7430.33333333
7441.0
7463.33333333
SEC 35
7658.33333333
7734.33333333
7634.33333333
7657.0
7722.33333333
7639.33333333
7632.66666667
7683.33333333
7692.66666667
7709.33333333
7753.66666667
7716.66666667
7728.0
7656.0
7638.33333333
7691.33333333
SEC 36
7902.0
7975.33333333
7871.66666667
7897.0
7955.33333333
7873.66666667
7870.66666667
7923.66666667
7929.66666667
7948.33333333
8003.0
7943.0
7972.0
7907.66666667
7867.66666667
7929.33333333
SEC 37
8206.33333333
8136.33333333
8102.33333333
8132.0
8202.33333333
8104.33333333
8112.33333333
8160.33333333
8168.66666667
8231.33333333
8190.66666667
8171.33333333
8224.33333333
8128.33333333
8121.0
8156.66666667
SEC 38
8360.33333333
8431.0
8335.66666667
8361.0
8428.0
8337.0
8334.66666667
8390.0
8388.0
8407.0
8469.66666667
8389.33333333
8456.66666667
8354.0
8347.33333333
8381.0
SEC 39
8591.0
8645.33333333
8563.33333333
8590.0
8649.66666667
8570.33333333
8557.66666667
8625.66666667
8618.0
8634.0
8684.66666667
8609.0
8694.0
8570.66666667
8592.0
8603.0
SEC 40
8826.33333333
8868.66666667
8791.33333333
8825.0
8878.66666667
8798.66666667
8791.33333333
8853.0
8843.0
8877.33333333
8905.0
8838.0
8920.33333333
8804.66666667
8844.0
8837.33333333
SEC 41
9124.0
9027.33333333
9014.0
9060.0
9114.33333333
9023.0
9022.33333333
9077.33333333
9078.33333333
9148.0
9098.33333333
9064.0
9153.0
9054.33333333
9060.0
9059.0
SEC 42
9254.66666667
9352.0
9241.33333333
9278.0
9346.0
9243.66666667
9238.0
9305.33333333
9303.66666667
9363.66666667
9324.0
9292.33333333
9372.66666667
9279.66666667
9285.0
9279.66666667
SEC 43
9515.33333333
9572.66666667
9467.66666667
9514.33333333
9580.66666667
9475.66666667
9471.33333333
9536.0
9537.33333333
9568.33333333
9578.66666667
9515.0
9605.0
9514.0
9527.0
9504.66666667
SEC 44
9739.66666667
9824.33333333
9717.66666667
9765.0
9834.0
9723.66666667
9714.0
9800.66666667
9780.0
9834.33333333
9793.0
9753.66666667
9850.33333333
9768.33333333
9766.33333333
9747.0
SEC 45
9998.33333333
10062.3333333
9955.33333333
10003.0
10065.6666667
9966.33333333
9955.0
10036.6666667
10015.3333333
10045.3333333
10067.6666667
9996.0
10088.3333333
10007.6666667
10011.3333333
9997.66666667
SEC 46
10306.3333333
10240.6666667
10200.3333333
10248.6666667
10319.0
10213.6666667
10201.3333333
10279.6666667
10273.3333333
10259.6666667
10343.6666667
10243.3333333
10335.6666667
10289.0
10237.6666667
10241.0
SEC 47
10538.0
10478.6666667
10437.0
10487.0
10553.0
10462.0
10445.0
10518.6666667
10517.0
10581.0
10493.6666667
10482.3333333
10578.0
10510.0
10500.6666667
10479.6666667
SEC 48
10710.3333333
10779.6666667
10680.3333333
10718.3333333
10786.6666667
10698.0
10679.0
10756.6666667
10758.3333333
10770.0
10772.0
10719.0
10831.6666667
10737.0
10744.3333333
10711.0
SEC 49
10925.6666667
10993.0
10895.3333333
10937.0
11000.0
10914.0
10904.0
10975.0
10981.0
10998.3333333
10981.0
10938.3333333
11047.6666667
10999.3333333
10924.6666667
10923.0
SEC 50
11220.0
11154.0
11128.0
11161.0
11216.3333333
11145.3333333
11137.6666667
11195.3333333
11196.3333333
11205.6666667
11204.6666667
11161.0
11271.3333333
11219.6666667
11153.6666667
11139.3333333
SEC 51
11389.6666667
11442.0
11361.6666667
11383.0
11447.6666667
11379.3333333
11371.0
11438.3333333
11423.6666667
11456.0
11425.0
11386.3333333
11508.3333333
11395.6666667
11454.6666667
11364.0
SEC 52
11681.6666667
11630.3333333
11600.6666667
11618.3333333
11693.3333333
11622.0
11611.6666667
11681.6666667
11665.0
11637.3333333
11715.0
11630.6666667
11743.0
11691.0
11647.0
11603.0
SEC 53
11864.6666667
11925.3333333
11830.6666667
11848.3333333
11917.3333333
11854.3333333
11839.6666667
11903.6666667
11898.6666667
11948.0
11866.3333333
11864.3333333
11981.6666667
11918.6666667
11871.3333333
11829.0
SEC 54
12148.3333333
12101.6666667
12060.6666667
12074.6666667
12148.6666667
12089.3333333
12073.6666667
12146.3333333
12129.6666667
12133.6666667
12127.0
12098.3333333
12216.3333333
12110.3333333
12145.3333333
12066.3333333
SEC 55
12317.0
12389.0
12286.3333333
12294.6666667
12373.6666667
12310.6666667
12308.6666667
12362.0
12352.0
12328.0
12383.6666667
12316.6666667
12440.0
12364.3333333
12330.0
12292.6666667
SEC 56
12547.6666667
12621.0
12508.6666667
12524.6666667
12611.0
12534.3333333
12549.3333333
12585.0
12583.6666667
12601.6666667
12574.0
12546.0
12668.0
12562.0
12601.3333333
12517.3333333
SEC 57
12842.0
12761.6666667
12726.0
12747.3333333
12840.0
12756.6666667
12770.3333333
12800.6666667
12794.3333333
12822.6666667
12787.6666667
12757.6666667
12897.6666667
12783.6666667
12820.0
12733.3333333
SEC 58
13069.6666667
12992.0
12962.0
12982.6666667
13074.6666667
12984.3333333
13003.6666667
13033.6666667
13023.6666667
13044.3333333
13030.0
12988.0
13124.3333333
13049.0
13017.3333333
12972.0
SEC 59
13314.0
13237.3333333
13210.3333333
13234.6666667
13322.6666667
13219.6666667
13254.0
13281.6666667
13268.3333333
13270.3333333
13298.6666667
13233.6666667
13375.0
13260.3333333
13293.0
13224.3333333
SEC 60
13546.3333333
13463.0
13446.6666667
13452.3333333
13545.0
13440.6666667
13475.3333333
13512.0
13494.3333333
13509.3333333
13503.6666667
13455.6666667
13593.3333333
13487.6666667
13516.3333333
13439.0
SEC 61
13687.0
13780.0
13681.3333333
13685.3333333
13783.3333333
13671.6666667
13702.0
13751.0
13727.6666667
13710.3333333
13757.6666667
13693.3333333
13826.0
13745.6666667
13722.3333333
13672.6666667
SEC 62
14023.3333333
13935.6666667
13921.6666667
13936.6666667
14029.3333333
13909.3333333
13945.6666667
13987.0
13971.6666667
13999.3333333
13955.6666667
13931.6666667
14086.0
13947.0
13999.6666667
13914.3333333
SEC 63
14191.3333333
14260.0
14162.3333333
14190.3333333
14269.0
14158.3333333
14188.3333333
14243.6666667
14218.6666667
14238.6666667
14198.6666667
14171.3333333
14335.6666667
14235.6666667
14211.3333333
14158.0
SEC 64
14392.3333333
14516.3333333
14394.6666667
14424.0
14494.6666667
14388.0
14416.0
14474.3333333
14452.3333333
14422.0
14464.3333333
14399.3333333
14566.3333333
14470.6666667
14433.6666667
14385.0
SEC 65
14732.3333333
14639.3333333
14626.3333333
14658.6666667
14723.6666667
14621.0
14651.3333333
14708.0
14693.3333333
14675.6666667
14676.3333333
14645.3333333
14806.0
14676.0
14692.0
14617.3333333
SEC 66
14962.0
14863.6666667
14865.0
14881.0
14948.0
14847.0
14880.0
14940.0
14911.6666667
14886.6666667
14915.6666667
14873.3333333
15034.3333333
14916.3333333
14903.0
14847.0
SEC 67
15107.0
15205.6666667
15118.3333333
15114.6666667
15182.3333333
15067.6666667
15114.3333333
15175.0
15143.6666667
15120.3333333
15163.6666667
15108.6666667
15273.6666667
15139.3333333
15157.6666667
15078.3333333
SEC 68
15354.0
15431.6666667
15351.6666667
15336.0
15405.6666667
15308.0
15351.6666667
15406.6666667
15373.3333333
15400.0
15347.0
15336.0
15500.3333333
15384.0
15375.0
15309.0
SEC 69
15661.6666667
15578.3333333
15574.3333333
15563.0
15642.0
15531.3333333
15569.3333333
15621.6666667
15600.3333333
15601.3333333
15594.6666667
15555.6666667
15729.0
15571.6666667
15642.6666667
15525.6666667
SEC 70
15878.0
15808.6666667
15802.0
15788.6666667
15864.3333333
15750.0
15802.3333333
15852.0
15819.3333333
15875.6666667
15780.0
15789.3333333
15964.0
15830.6666667
15835.6666667
15751.6666667
SEC 71
16121.6666667
16025.6666667
16034.6666667
16024.3333333
16100.3333333
15985.0
16034.0
16083.3333333
16049.0
16054.3333333
16061.0
16016.0
16195.0
16093.0
16023.0
15993.3333333
SEC 72
16322.6666667
16261.6666667
16254.6666667
16243.3333333
16321.0
16210.0
16258.3333333
16312.3333333
16275.3333333
16262.3333333
16310.3333333
16239.0
16414.0
16315.3333333
16242.0
16221.0
SEC 73
16585.6666667
16442.0
16464.3333333
16452.0
16551.3333333
16421.3333333
16476.3333333
16534.3333333
16500.3333333
16529.0
16486.0
16449.0
16630.6666667
16463.3333333
16539.3333333
16433.3333333
SEC 74
16694.0
16806.3333333
16706.3333333
16694.0
16793.0
16662.3333333
16711.6666667
16771.0
16743.6666667
16749.6666667
16759.3333333
16692.3333333
16864.6666667
16746.0
16730.6666667
16669.3333333
SEC 75
17027.6666667
16954.3333333
16944.0
16946.3333333
17038.0
16917.0
16950.3333333
17020.6666667
16997.3333333
17007.6666667
16985.3333333
16931.6666667
17107.3333333
16973.3333333
16984.6666667
16908.6666667
SEC 76
17179.6666667
17248.3333333
17186.3333333
17183.3333333
17261.0
17152.6666667
17176.0
17257.0
17231.0
17215.3333333
17247.3333333
17165.6666667
17326.6666667
17244.3333333
17169.6666667
17132.0
SEC 77
17395.0
17499.6666667
17424.0
17415.6666667
17493.0
17386.6666667
17412.0
17495.3333333
17452.0
17459.6666667
17471.3333333
17391.3333333
17564.3333333
17443.0
17457.6666667
17370.6666667
SEC 78
17637.0
17731.3333333
17654.6666667
17648.3333333
17728.3333333
17622.0
17637.6666667
17720.0
17684.6666667
17686.3333333
17702.0
17619.0
17800.3333333
17712.0
17658.6666667
17607.0
SEC 79
17867.6666667
17974.3333333
17887.3333333
17884.3333333
17957.3333333
17842.3333333
17875.3333333
17950.3333333
17916.0
17917.0
17928.0
17860.3333333
18027.6666667
17910.6666667
17911.3333333
17841.0
SEC 80
18118.0
18161.6666667
18097.3333333
18104.3333333
18171.0
18066.6666667
18100.0
18155.3333333
18146.3333333
18136.0
18138.3333333
18078.6666667
18238.6666667
18103.0
18149.6666667
18066.0
