r=1, k6
803996
278857
88762
75050
87397
107645
92195
80390
108025
101035
93280
90376
101461
80686
172530
72043
70981
66799
2766140
116713
83186
74211
172591
60210
75599
61244
88859
65285
81120
75269
144650
74361
88295
47455
97089
132508
45780
69881
90728
86711
73640
81901
125149
91301
83888
83499
69067
79554
76094
77404
82275
91069
124131
78594
78259
72649
97331
92797
70157
76084
60536
69913
83452
125018
61471
104029
70871
81044
88016
85868
119380
121444
76594
110491
73137
86774
174745
101954
90541
55573
57033
AVG: 126172.0

r=2, k6
1201830
206910
148075
105427
112695
95924
123142
82227
178923
88838
79070
76254
105897
71083
92470
62824
99686
124605
75679
130740
39065
58740
73207
83427
53605
50210
103252
51439
94251
48335
119360
93802
60157
87171
67111
78647
70428
66627
78401
93254
87072
64870
70590
199397
463187
195575
102424
515188
79057
111513
82046
68709
87738
87320
99934
106760
86527
57804
64925
97427
67065
113654
65616
64144
229897
95130
85965
75082
90286
75096
112656
97260
77377
82414
69331
65744
62048
133258
61031
173944
39058
AVG: 101241.24285

r=3, k6
1100183
123992
118296
116645
81538
79269
88715
89101
62439
103908
86765
128448
84577
300940
85999
82502
74854
80497
63672
62640
83182
84855
79863
92752
59345
69337
64864
78791
101254
55830
79837
56288
72094
92599
92913
92238
90050
154500
97646
83184
101475
97382
86198
78160
65567
80197
50052
66903
102903
83831
100366
68130
61704
75060
57708
58639
92534
83422
108253
62969
89819
84266
90632
65470
67516
62064
51799
72681
78848
61739
73657
79208
130237
58004
82069
113264
68893
67992
134065
91539
AVG: 84074.4285714

