r=1, wt=8
733
1107
1117
1104
1274
1026
1346
1196
1276
1197
1268
1218
1457
1317
1047
1242
1214
1275
1255
1149
1585
1283
1372
1148
1322
1186
1182
1419
1138
1219
1209
1209
1239
1244
1206
1030
1029
1127
1124
1186
1184
1241
1237
1145
1174
1271
1260
1137
1159
1202
1059
1019
1320
1039
1205
1206
1233
1198
1183
1119
1257
1125
1555
1236
1174
1208
987
1135
1078
1238
1062
1153
1395
1201
1127
1063
1246
1291
1283
1224
71
AVG: 1204.57746479

r=2, wt=8
935
937
1184
1251
1098
1195
1187
1332
1490
1253
1118
1035
1155
1202
1227
1341
1231
1145
1034
1211
1415
1210
1096
1070
1024
1113
1142
1139
1101
1268
1167
1195
1225
1195
1166
1278
1316
1161
1070
1250
1303
1089
1094
1154
1216
1187
1275
1158
1295
1194
1235
1412
931
1517
1312
1287
1208
1110
1350
1310
1315
1029
1077
1563
1282
1191
1353
1015
1159
1205
1250
1109
1332
1205
1238
1290
1038
1179
1321
1194
123
AVG: 1211.36619718

r=3, wt=8
807
940
1201
1228
1089
1154
1019
1207
1251
1170
1046
1115
1129
1134
1194
1238
1234
1136
1179
1116
1269
1113
1275
1353
1077
1094
1490
1464
1139
1149
1102
1141
1292
1294
1192
1233
1039
1221
1181
1055
1063
1097
1093
1108
1220
1258
1238
1250
1243
1244
1356
1395
1256
1296
1148
1139
1082
1260
1064
1184
1136
1093
1297
1407
1296
1256
1314
1349
1270
1142
1217
1139
1528
1145
1146
1061
1253
1098
1174
1196
75
AVG: 1201.1971831

